0
0
0
0
0
0
0
0
0
0
0
0
0
0
0
0
0
0
0
0
0
0
0
0
0
0
0
0
0
0
0
0
0
0
0
0
0
0
0
0
0
0
0
0
0
0
0
0
0
0
0
0
0
0
0
0
0
0
0
0
0
0
0
0
0
0
0
0
0
0
0
0
0
0
0
0
0
0
0
0
0
0
0
0
0
0
0
0
0
0
0
0
0
0
0
0
0
0
0
0
0
0
0
0
0
0
0
0
0
0
0
0
0
0
0
0
0
0
0
0
0
0
0
0
0
0
0
0
0
0
0
0
0
0
0
0
0
0
0
0
0
0
0
0
0
0
0
0
0
0
0
0
0
0
0
0
0
0
0
0
0
0
0
0
0
0
0
0
0
0
0
0
0
0
0
0
0
0
0
0
0
0
0
0
0
0
0
0
0
0
0
0
0
0
0
0
0
0
0
0
0
0
0
0
0
0
0
0
0
0
0
0
0
0
0
0
0
0
0
0
0
0
0
0
0
0
0
0
0
0
0
0
0
0
0
0
0
0
0
0
0
0
0
0
0
0
0
0
0
0
0
0
0
0
0
0
0
0
0
0
0
0
0
0
0
0
0
0
0
0
0
0
0
0
0
0
0
0
0
0
0
0
0
0
0
0
0
0
0
0
0
0
0
0
0
0
0
0
0
0
0
0
0
0
0
0
0
0
0
0
0
0
0
0
0
0
0
0
0
0
0
0
0
0
0
0
0
0
0
0
0
0
0
0
0
0
0
0
0
0
0
0
0
0
0
0
0
0
0
0
0
0
0
0
0
0
0
0
0
0
0
0
0
0
0
0
0
0
0
0
0
0
0
0
0
0
0
0
0
0
0
0
0
0
0
0
0
0
0
0
0
0
0
0
0
0
0
0
0
0
0
0
0
0
0
0
0
0
0
0
0
0
0
0
0
0
0
0
0
0
0
0
0
0
0
0
0
0
0
0
0
0
0
0
0
0
0
0
0
0
0
0
0
0
0
0
0
0
0
0
0
0
0
0
0
0
0
0
0
0
0
0
0
0
0
0
0
0
0
0
0
0
0
0
0
0
0
0
0
0
0
0
0
0
0
0
0
0
0
0
0
0
0
0
0
0
0
0
0
0
0
0
0
0
0
0
0
0
0
0
0
0
0
0
0
0
0
0
0
0
0
0
0
0
0
0
0
0
0
0
0
0
0
0
0
0
0
0
0
0
0
0
0
0
0
0
0
0
0
0
0
0
0
0
0
0
0
0
0
0
0
0
0
0
0
0
0
0
0
0
0
0
0
0
0
0
0
0
0
0
0
0
0
0
0
0
0
0
0
0
0
0
0
0
0
0
0
0
0
0
0
0
0
0
0
0
0
0
0
0
0
0
0
0
0
0
0
0
0
0
0
0
0
0
0
0
0
0
0
0
0
0
0
0
0
0
0
0
0
0
0
0
0
0
0
0
0
0
0
0
0
0
0
0
0
0
0
0
0
0
0
0
0
0
0
0
0
0
0
0
0
0
0
0
0
0
0
0
0
0
0
0
0
0
0
0
0
0
0
0
0
0
0
0
0
0
0
0
0
0
0
0
0
0
0
0
0
0
0
0
0
0
0
0
0
0
0
0
0
0
0
0
0
0
0
0
0
0
0
0
0
0
0
0
0
0
0
0
0
0
0
0
0
0
0
0
0
0
0
0
0
0
0
0
0
0
0
0
0
0
0
0
0
0
0
0
0
0
0
0
0
0
0
0
0
0
0
0
0
0
0
0
0
0
0
0
0
0
0
0
0
0
0
0
0
0
0
0
0
0
0
0
0
0
0
0
0
0
0
0
0
0
0
0
0
0
0
0
0
0
0
0
0
0
0
0
0
0
0
0
0
0
0
0
0
0
0
0
0
0
0
0
0
0
0
0
0
0
0
0
0
0
0
0
0
0
0
0
0
0
0
0
0
0
0
0
0
0
0
0
0
0
0
0
0
0
0
0
0
0
0
0
0
0
0
0
0
0
0
0
0
0
0
0
0
0
0
0
0
0
0
0
0
0
0
0
0
0
0
0
0
0
0
0
0
0
0
0
0
0
0
0
0
0
0
0
0
0
0
0
0
0
0
0
0
0
0
0
0
0
0
0
0
0
0
0
0
0
0
0
0
0
0
0
0
0
0
0
0
0
0
0
0
0
0
0
0
0
0
0
0
0
0
0
0
0
0
0
0
0
0
0
0
0
0
0
0
0
0
0
0
0
0
0
0
0
0
0
0
0
0
0
0
0
0
0
0
0
0
0
0
0
0
0
0
0
0
0
0
0
0
0
0
0
0
0
0
0
0
0
0
0
0
0
0
0
0
0
0
0
0
0
0
0
0
0
0
0
0
0
0
0
0
0
0
0
0
0
0
0
0
0
0
0
0
0
0
0
0
0
0
0
0
0
0
0
0
0
0
0
0
0
0
0
0
0
0
0
0
0
0
0
0
0
0
0
0
0
0
0
0
0
0
0
0
0
0
0
0
0
0
0
0
0
0
0
0
0
0
0
0
0
0
0
0
0
0
0
0
0
0
0
0
0
0
0
0
0
0
0
0
0
0
0
0
0
0
0
0
0
0
0
0
0
0
0
0
0
0
0
0
0
0
0
0
0
0
0
0
0
0
0
0
0
0
0
0
0
0
0
0
0
0
0
0
0
0
0
0
0
0
0
0
0
0
0
0
0
0
0
0
0
0
0
0
0
0
0
0
0
0
0
0
0
0
0
0
0
0
0
0
0
0
0
0
0
0
0
0
0
0
0
0
0
0
0
0
0
0
0
0
0
0
0
0
0
0
0
0
0
0
0
0
0
0
0
0
0
0
0
0
0
0
0
0
0
0
0
0
0
0
0
0
0
0
0
0
0
0
0
0
0
0
0
0
0
0
0
0
0
0
0
0
0
0
0
0
0
0
0
0
0
0
0
0
0
0
0
0
0
0
0
0
0
0
0
0
0
0
0
0
0
0
0
0
0
0
2.802596928649634e-45
1.401298464324817e-44
3.503246160812043e-44
6.305843089461677e-44
1.121038771459854e-43
2.031882773270985e-43
3.615350037958028e-43
6.305843089461677e-43
1.078999817530109e-42
1.842707480587134e-42
3.155724141659488e-42
5.390795192257571e-42
9.184110135184851e-42
1.561607008643576e-41
2.650135655731094e-41
4.488919500618119e-41
7.590693651401102e-41
1.281193172947537e-40
2.158644232353808e-40
3.630918463896677e-40
6.09748402080122e-40
1.022318695946635e-39
1.711281098916574e-39
2.859957679988306e-39
4.771984593008661e-39
7.949547971234651e-39
1.322181713548424e-38
2.195564242993374e-38
3.640063617934553e-38
6.025329481314978e-38
9.95778831707524e-38
1.643071326711284e-37
2.706840038869076e-37
4.452281263073759e-37
7.311687055674876e-37
1.198860655192885e-36
1.962624459871585e-36
3.207924729112355e-36
5.235168912996344e-36
8.530175216410887e-36
1.387736513936723e-35
2.254130664804518e-35
3.655738930435906e-35
5.919656389271611e-35
9.570706256670875e-35
1.544965426638305e-34
2.490129350639769e-34
4.007324067623008e-34
6.43898520169009e-34
1.033027374238503e-33
1.654774438050236e-33
2.646666856849651e-33
4.226630263019664e-33
6.739454414729728e-33
1.072980370107839e-32
1.705675069948168e-32
2.707317773577274e-32
4.290635195737968e-32
6.78960188535657e-32
1.072774247173422e-31
1.692445263065328e-31
2.66602424395026e-31
4.193316547405849e-31
6.585611180142839e-31
1.03271504538949e-30
1.61700607933012e-30
2.528077771951885e-30
3.946550942829254e-30
6.151689571638492e-30
9.574614769142545e-30
1.487987618581608e-29
2.309028104834346e-29
3.57776545113448e-29
5.535387475536269e-29
8.551427472220707e-29
1.319120215313101e-28
2.031823591260722e-28
3.1249595202418e-28
4.799106383726973e-28
7.3592667255128e-28
1.126854291927183e-27
1.722902839288806e-27
2.630354614172411e-27
4.009858559180134e-27
6.103877506137666e-27
9.277804661883986e-27
1.408147222549825e-26
2.134100938736932e-26
3.229583911874387e-26
4.880267652329577e-26
7.363882197365225e-26
1.109524358286719e-25
1.66929931707445e-25
2.507839107580304e-25
3.762130165553009e-25
5.635563635369083e-25
8.429672969883106e-25
1.259083930313795e-24
1.877888512474503e-24
2.796769274878815e-24
4.159257684294659e-24
6.176576967336523e-24
9.15911213855744e-24
1.356228443145508e-23
2.005334908169746e-23
2.960847412784128e-23
4.365367238420188e-23
6.42690217519969e-23
9.448420564660004e-23
1.387055644263043e-22
2.033322304691794e-22
2.976436818884233e-22
4.350765549282292e-22
6.350585751744692e-22
9.256383295118877e-22
1.347252146366292e-21
1.958108771891168e-21
2.841879160828228e-21
4.118657074007618e-21
5.960563327654816e-21
8.613923664796947e-21
1.243074584523759e-20
1.791332317904607e-20
2.577735511198184e-20
3.704111874955617e-20
5.31512915908132e-20
7.616014104723969e-20
1.089748676986614e-19
1.557075996275811e-19
2.221664436661767e-19
3.16542995269955e-19
4.503734771530984e-19
6.398807105853619e-19
9.078447843473613e-19
1.28620701929889e-18
1.819688780161263e-18
2.570813237317337e-18
3.626864385606131e-18
5.109515736845672e-18
7.188131694275581e-18
1.009811586610957e-17
1.416618763710352e-17
1.984513326685978e-17
2.7761551168374e-17
3.878128437602993e-17
5.40990480465114e-17
7.536091836390913e-17
1.048315239394912e-16
1.456219969361879e-16
2.020000863889605e-16
2.798115901832845e-16
3.870521022945466e-16
5.346418494114348e-16
7.374731530543376e-16
1.015826073093111e-15
1.397276772977245e-15
1.919267391228049e-15
2.63256082413271e-15
3.605881089866706e-15
4.932127585711337e-15
6.736700363134049e-15
9.188616799946439e-15
1.251534717061718e-14
1.702258566581034e-14
2.312053848341992e-14
3.135885038511692e-14
4.247290859944394e-14
5.744515106653747e-14
7.758615798436619e-14
1.046416168233762e-13
1.409333533122087e-13
1.895449536258934e-13
2.545654930342228e-13
3.414094907391169e-13
4.572357032925356e-13
6.114951752421438e-13
8.166464466469181e-13
1.089088021155593e-12
1.450372591124682e-12
1.928783738627815e-12
2.561383613888801e-12
3.396663809593359e-12
4.497975342881988e-12
5.947956537022403e-12
7.854245032135054e-12
1.035682650751824e-11
1.363748003413434e-11
1.793190249066434e-11
2.354523867542646e-11
3.087193695128221e-11
4.042111090285516e-11
5.284888152101708e-11
6.899952137429111e-11
8.99577634605464e-11
1.171151370327195e-10
1.522539871956496e-10
1.97653768352346e-10
2.562251522064685e-10
3.316790453400387e-10
4.287394050894733e-10
5.534103730830964e-10
7.133112989166079e-10
9.180960436339092e-10
1.17997767112854e-09
1.514381842149248e-09
1.940761995555818e-09
2.483611760695226e-09
3.173722395999334e-09
4.04974098699995e-09
5.160097238388062e-09
6.565382459911007e-09
8.341284107871161e-09
1.058219289973295e-08
1.340563837715081e-08
1.69577205610949e-08
2.141976196412543e-08
2.701644241653867e-08
3.402569959121138e-08
4.279079846014611e-08
5.373498268568255e-08
6.737925417610313e-08
8.43639114123107e-08
1.054744984685385e-07
1.316731896849888e-07
1.641365798832339e-07
2.043009033059207e-07
2.539164825066109e-07
3.15112799853523e-07
3.90476117217986e-07
4.83142173379747e-07
5.969062613075948e-07
7.363540817095782e-07
9.070168971447856e-07
1.115554255193274e-06
1.369970732412185e-06
1.679869910731213e-06
2.056754055956844e-06
2.514373818485183e-06
3.069139211220318e-06
3.740597321666428e-06
4.551990969048347e-06
5.530904218176147e-06
6.710016350552905e-06
8.127967703330796e-06
9.830362614593469e-06
1.187092038890114e-05
1.431280634278664e-05
1.723013701848686e-05
2.070972914225422e-05
2.485305230948143e-05
2.977848998853005e-05
3.562387792044319e-05
4.254937084624544e-05
5.074068758403882e-05
6.041275264578871e-05
7.181375985965133e-05
8.522974530933425e-05
0.0001009896368486807
0.0001194708966067992
0.0001411057310178876
0.0001663879520492628
0.0001958804932655767
0.0002302236389368773
0.0002701440243981779
0.0003164643130730838
0.000370113761164248
0.0004321394371800125
0.0005037183873355389
0.0005861704703420401
0.0006809718906879425
0.00078976945951581
0.0009143955539911985
0.001056883600540459
0.001219484256580472
0.001404680660925806
0.001615205663256347
0.001854057773016393
0.002124516293406487
0.002430157503113151
0.002774868858978152
0.003162860637530684
0.00359867955558002
0.004087214823812246
0.004633707925677299
0.005243753083050251
0.005923299118876457
0.006678642705082893
0.007516421377658844
0.008443595841526985
0.009467430412769318
0.01059546694159508
0.01183548010885715
0.01319544576108456
0.01468348223716021
0.01630779169499874
0.01807658188045025
0.01999800838530064
0.02208005636930466
0.02433045208454132
0.02675656229257584
0.02936526946723461
0.03216283768415451
0.0351547934114933
0.03834576904773712
0.04173935949802399
0.045337975025177
0.04914268851280212
0.05315310135483742
0.05736716836690903
0.06178105995059013
0.0663890540599823
0.07118339836597443
0.07615423202514648
0.08128944784402847
0.08657471090555191
0.09199334681034088
0.09752641618251801
0.1031527146697044
0.1088488474488258
0.1145893111824989
0.1203467175364494
0.1260919272899628
0.1317943334579468
0.1374221295118332
0.1429426223039627
0.1483226716518402
0.1535289883613586
0.158528670668602
0.1632896661758423
0.1677812188863754
0.1719743460416794
0.1758424341678619
0.1793617159128189
0.1825116574764252
0.1852755844593048
0.1876409351825714
0.1895997524261475
0.1911489069461823
0.1922903954982758
0.1930314898490906
0.1933847963809967
0.1933681964874268
0.1930047571659088
0.1923225224018097
0.1913540810346603
0.1901362538337708
0.1887094527482986
0.1871170848608017
0.1854048520326614
0.1836199164390564
0.1818100661039352
0.1800228208303452
0.1783045679330826
0.1766995638608932
0.1752491444349289
0.1739907413721085
0.172957181930542
0.1721758246421814
0.1716681718826294
0.1714491695165634
0.1715269684791565
0.171902671456337
0.1725702732801437
0.1735167950391769
0.1747225970029831
0.1761617809534073
0.1778028756380081
0.179609552025795
0.1815415769815445
0.1835557818412781
0.1856071054935455
0.1876498907804489
0.1896388977766037
0.1915305405855179
0.1932840943336487
0.1948626190423965
0.1962340176105499
0.197371780872345
0.1982555985450745
0.198871910572052
0.1992140859365463
0.1992825418710709
0.1990844756364822
0.198633536696434
0.1979492157697678
0.1970560401678085
0.1959826648235321
0.1947607845067978
0.1934239864349365
0.1920065134763718
0.1905420124530792
0.1890623569488525
0.187596470117569
0.1861693263053894
0.1848010718822479
0.1835063248872757
0.1822936236858368
0.1811652481555939
0.1801171749830246
0.1791392415761948
0.1782156825065613
0.1773257702589035
0.1764446794986725
0.1755444705486298
0.1745952963829041
0.1735665798187256
0.1724284440279007
0.171152800321579
0.1697147041559219
0.1680933237075806
0.1662729978561401
0.1642439216375351
0.162002757191658
0.1595529317855835
0.1569046974182129
0.1540749371051788
0.1510867774486542
0.1479688733816147
0.1447545737028122
0.1414808928966522
0.1381873786449432
0.134914830327034
0.1317040473222733
0.1285946071147919
0.1256235986948013
0.1228245943784714
0.12022665143013
0.1178536340594292
0.1157234981656075
0.1138480305671692
0.1122326925396919
0.1108766943216324
0.1097732856869698
0.1089102327823639
0.108270451426506
0.1078327596187592
0.1075727865099907
0.1074638515710831
0.1074778884649277
0.1075863912701607
0.1077612116932869
0.1079753339290619
0.1082035899162292
0.108423113822937
0.1086137816309929
0.108758419752121
0.1088429689407349
0.1088564544916153
0.1087908744812012
0.1086410209536552
0.1084041893482208
0.1080799028277397
0.1076695621013641
0.1071761399507523
0.1066038906574249
0.1059580594301224
0.1052447259426117
0.1044705808162689
0.1036428362131119
0.102769173681736
0.1018577069044113
0.1009169295430183
0.09995577484369278
0.09898354113101959
0.09800989180803299
0.09704480320215225
0.096098393201828
0.09518085420131683
0.09430213272571564
0.09347172826528549
0.09269841015338898
0.09198983758687973
0.09135227650403976
0.09079029411077499
0.09030643850564957
0.08990102261304855
0.08957201242446899
0.08931492269039154
0.08912285417318344
0.08898668736219406
0.08889533579349518
0.08883609622716904
0.08879514038562775
0.08875802159309387
0.08871026337146759
0.08863802999258041
0.08852864056825638
0.08837119489908218
0.0881570503115654
0.08788023144006729
0.0875377282500267
0.08712957799434662
0.08665893971920013
0.08613188564777374
0.08555710315704346
0.08494549989700317
0.08430963754653931
0.08366311341524124
0.0830199122428894
0.08239369094371796
0.08179713785648346
0.08124132454395294
0.08073524385690689
0.08028534054756165
0.0798952654004097
0.07956574112176895
0.0792945995926857
0.07907696068286896
0.07890556752681732
0.07877121120691299
0.07866326719522476
0.07857031375169754
0.07848073542118073
0.07838331162929535
0.0782678946852684
0.07812583446502686
0.07795039564371109
0.07773708552122116
0.07748377323150635
0.07719075679779053
0.07686060667037964
0.07649794220924377
0.07610911875963211
0.0757017508149147
0.07528426498174667
0.07486536353826523
0.07445351034402847
0.0740564689040184
0.07368089258670807
0.07333198934793472
0.07301328331232071
0.07272648811340332
0.07247146964073181
0.07224640250205994
0.0720478892326355
0.071871317923069
0.07171111553907394
0.07156120240688324
0.07141531258821487
0.07126744091510773
0.07111215591430664
0.0709448829293251
0.07076220214366913
0.07056193053722382
0.07034318149089813
0.07010640949010849
0.06985324621200562
0.06958635151386261
0.06930919736623764
0.06902576982975006
0.06874030828475952
0.06845702975988388
0.06817983090877533
0.06791209429502487
0.06765646487474442
0.06741473823785782
0.06718777865171432
0.06697556376457214
0.06677719950675964
0.0665910467505455
0.06641484051942825
0.06624593585729599
0.06608148664236069
0.06591860204935074
0.06575459241867065
0.0655871257185936
0.06541432440280914
0.06523491442203522
0.06504823267459869
0.06485425680875778
0.06465353816747665
0.06444715708494186
0.06423658132553101
0.06402356177568436
0.06380996108055115
0.0635976642370224
0.0633884072303772
0.06318366527557373
0.06298458576202393
0.06279189884662628
0.06260593980550766
0.06242659315466881
0.06225339695811272
0.06208553537726402
0.06192195042967796
0.06176143139600754
0.06160272657871246
0.06144460663199425
0.06128597259521484
0.06112593039870262
0.06096382439136505
0.06079927831888199
0.06063219904899597
0.06046275421977043
0.0602913573384285
0.06011861935257912
0.05994526296854019
0.05977208912372589
0.05959988757967949
0.05942940339446068
0.05926124751567841
0.05909588187932968
0.05893360078334808
0.05877450108528137
0.05861849337816238
0.05846534296870232
0.05831465870141983
0.05816597864031792
0.058018758893013
0.0578724704682827
0.05772662907838821
0.05758079513907433
0.05743464082479477
0.05728796124458313
0.05714066699147224
0.0569927990436554
0.05684448406100273
0.05669596046209335
0.05654751881957054
0.05639948695898056
0.05625219643115997
0.05610594898462296
0.0559610016644001
0.05581755191087723
0.0556756891310215
0.0555354580283165
0.05539679899811745
0.05525959655642509
0.05512369051575661
0.05498886480927467
0.05485488474369049
0.05472151935100555
0.05458856374025345
0.05445584282279015
0.0543232150375843
0.05419059842824936
0.05405794829130173
0.0539252795279026
0.05379263684153557
0.05366009473800659
0.05352773144841194
0.05339564383029938
0.05326389521360397
0.0531325452029705
0.05300160497426987
0.05287104099988937
0.05274077132344246
0.05261067301034927
0.05248058214783669
0.05235027521848679
0.05221951380372047
0.05208802595734596
0.05195550620555878
0.05182161554694176
0.05168601870536804
0.05154834687709808
0.05140821635723114
0.05126522853970528
0.05111893266439438
0.05096885934472084
0.05081447958946228
0.05065519735217094
0.05049034580588341
0.05031916871666908
0.05014080554246902
0.04995429143309593
0.04975854232907295
0.04955233260989189
0.04933428764343262
0.04910290241241455
0.04885649308562279
0.04859322309494019
0.04831108450889587
0.04800788685679436
0.04768124595284462
0.04732859134674072
0.04694713279604912
0.04653388634324074
0.04608562216162682
0.04559888318181038
0.04506997019052505
0.04449493438005447
0.04386955872178078
0.04318937286734581
0.04244963452219963
0.041645348072052
0.0407712459564209
0.03982183337211609
0.03879136964678764
0.03767390176653862
0.03646327555179596
0.03515318408608437
0.0337371714413166
0.03220869973301888
0.03056117333471775
0.02878798544406891
0.0268825851380825
0.0248385276645422
0.02264954708516598
0.02030961588025093
0.01781303808093071
0.0151545125991106
0.01232922729104757
0.009332949295639992
0.006162113510072231
0.002813928294926882
-0.0007135376799851656
-0.004421248566359282
-0.008309103548526764
-0.01237584371119738
-0.01661895401775837
-0.02103457786142826
-0.02561743929982185
-0.0303607601672411
-0.03525621816515923
-0.04029387608170509
-0.04546215012669563
-0.05074780806899071
-0.05613594874739647
-0.06161003187298775
-0.06715192645788193
-0.07274197041988373
-0.07835902273654938
-0.08398066461086273
-0.08958324044942856
-0.09514207392930984
-0.1006316468119621
-0.1060257852077484
-0.1112979575991631
-0.1164214834570885
-0.1213698238134384
-0.1261168718338013
-0.1306372880935669
-0.1349068135023117
-0.1389025747776031
-0.1426034718751907
-0.1459904313087463
-0.1490467935800552
-0.1517585813999176
-0.1541148126125336
-0.1561077684164047
-0.1577331721782684
-0.1589903831481934
-0.1598826348781586
-0.1604170203208923
-0.1606046259403229
-0.1604604125022888
-0.1600031554698944
-0.1592553853988647
-0.1582430750131607
-0.1569953709840775
-0.1555442810058594
-0.1539241969585419
-0.1521715074777603
-0.1503239572048187
-0.1484201550483704
-0.1464989185333252
-0.1445986330509186
-0.1427566111087799
-0.1410083770751953
-0.1393870860338211
-0.1379228085279465
-0.1366419345140457
-0.1355667114257812
-0.1347146928310394
-0.1340982913970947
-0.1337245255708694
-0.1335948407649994
-0.1337049156427383
-0.1340446770191193
-0.134598508477211
-0.1353454291820526
-0.136259451508522
-0.1373100727796555
-0.1384628415107727
-0.1396800726652145
-0.1409215927124023
-0.1421455591917038
-0.1433093547821045
-0.144370511174202
-0.1452876031398773
-0.1460212022066116
-0.1465347111225128
-0.1467951834201813
-0.1467741727828979
-0.1464482396841049
-0.1457996964454651
-0.1448168009519577
-0.143494188785553
-0.1418330073356628
-0.1398408561944962
-0.137531578540802
-0.1349250674247742
-0.1320466101169586
-0.1289264857769012
-0.1255991607904434
-0.1221024468541145
-0.1184766590595245
-0.1147636622190475
-0.111005887389183
-0.1072453483939171
-0.1035227254033089
-0.09987644851207733
-0.09634187817573547
-0.09295060485601425
-0.08972986042499542
-0.08670204132795334
-0.08388441056013107
-0.08128893375396729
-0.07892230898141861
-0.0767861008644104
-0.0748770534992218
-0.07318750768899918
-0.07170601189136505
-0.07041788101196289
-0.06930595636367798
-0.06835134327411652
-0.0675342008471489
-0.066834457218647
-0.06623252481222153
-0.06570997089147568
-0.06525004655122757
-0.06483811885118484
-0.06446202099323273
-0.06411221623420715
-0.06378189474344254
-0.06346683949232101
-0.06316527724266052
-0.06287755072116852
-0.06260572373867035
-0.06235305219888687
-0.06212352216243744
-0.06192123889923096
-0.06174993515014648
-0.06161240860819817
-0.06151009351015091
-0.06144268065690994
-0.06140781939029694
-0.06140099093317986
-0.06141545623540878
-0.06144236773252487
-0.06147096306085587
-0.06148891896009445
-0.06148282065987587
-0.0614386647939682
-0.06134246662259102
-0.06118090078234673
-0.06094192340970039
-0.06061539426445961
-0.06019365042448044
-0.05967196077108383
-0.05904891341924667
-0.05832666903734207
-0.05751104652881622
-0.05661148205399513
-0.05564082786440849
-0.05461497977375984
-0.05355240032076836
-0.05247348174452782
-0.0513998419046402
-0.0503535307943821
-0.04935619607567787
-0.04842826351523399
-0.04758812487125397
-0.04685141518712044
-0.04623035714030266
-0.04573326930403709
-0.04536421224474907
-0.04512277990579605
-0.04500409588217735
-0.04499899968504906
-0.04509435221552849
-0.04527359083294868
-0.04551733657717705
-0.04580416902899742
-0.04611148312687874
-0.04641636088490486
-0.0466965064406395
-0.04693108424544334
-0.04710154980421066
-0.04719235375523567
-0.04719153046607971
-0.04709110409021378
-0.0468873530626297
-0.04658089205622673
-0.04617654904723167
-0.04568308219313622
-0.04511274397373199
-0.04448067024350166
-0.04380419850349426
-0.04310208186507225
-0.04239366203546524
-0.04169801995158195
-0.04103320464491844
-0.0404154509305954
-0.03985855355858803
-0.03937334567308426
-0.038967315107584
-0.03864437341690063
-0.03840482607483864
-0.03824546188116074
-0.0381597988307476
-0.03813851624727249
-0.03816994652152061
-0.03824067860841751
-0.03833625093102455
-0.03844180703163147
-0.03854280337691307
-0.03862565010786057
-0.03867829218506813
-0.03869069367647171
-0.03865522146224976
-0.03856690227985382
-0.03842350840568542
-0.03822557255625725
-0.03797623515129089
-0.03768096119165421
-0.03734718263149261
-0.03698385506868362
-0.03660097718238831
-0.03620902821421623
-0.03581846505403519
-0.03543921187520027
-0.03508021309971809
-0.03474903106689453
-0.03445154055953026
-0.03419175371527672
-0.03397167846560478
-0.03379136323928833
-0.03364895656704903
-0.03354091569781303
-0.0334622710943222
-0.03340693935751915
-0.03336810693144798
-0.03333859145641327
-0.03331123292446136
-0.03327926248311996
-0.03323660045862198
-0.03317815065383911
-0.03309999778866768
-0.03299955278635025
-0.03287559002637863
-0.03272824734449387
-0.03255893290042877
-0.0323701836168766
-0.03216545283794403
-0.03194889426231384
-0.03172507882118225
-0.0314987525343895
-0.03127455338835716
-0.03105677291750908
-0.03084915317595005
-0.03065472468733788
-0.03047566674649715
-0.03031326271593571
-0.03016787022352219
-0.03003895841538906
-0.02992519550025463
-0.02982457168400288
-0.02973454818129539
-0.02965221926569939
-0.02957450784742832
-0.02949833683669567
-0.02942080609500408
-0.02933933585882187
-0.02925179153680801
-0.02915656939148903
-0.02905266359448433
-0.02893967367708683
-0.02881778962910175
-0.02868774719536304
-0.02855075150728226
-0.02840837463736534
-0.02826243452727795
-0.02811489067971706
-0.02796771004796028
-0.02782275527715683
-0.02768168784677982
-0.0275458786636591
-0.02741634845733643
-0.0272937323898077
-0.02717826887965202
-0.02706980146467686
-0.02696782536804676
-0.02687152847647667
-0.02677986584603786
-0.02669163420796394
-0.02660554833710194
-0.02652033232152462
-0.02643478475511074
-0.02634785138070583
-0.02625867910683155
-0.02616664953529835
-0.02607141248881817
-0.02597286738455296
-0.02587117999792099
-0.02576672844588757
-0.02566008269786835
-0.02555195614695549
-0.02544314041733742
-0.02533446066081524
-0.02522671967744827
-0.02512064948678017
-0.02501686476171017
-0.02491584047675133
-0.02481788024306297
-0.0247231125831604
-0.02463149465620518
-0.02454282715916634
-0.02445677109062672
-0.0243728831410408
-0.02429064735770226
-0.0242095161229372
-0.02412894554436207
-0.02404842339456081
-0.02396751567721367
-0.02388587407767773
-0.02380325645208359
-0.02371954545378685
-0.02363473363220692
-0.02354893088340759
-0.02346233837306499
-0.02337523177266121
-0.02328794449567795
-0.02320082671940327
-0.02311423420906067
-0.02302850037813187
-0.02294390276074409
-0.02286066487431526
-0.02277893386781216
-0.0226987786591053
-0.02262018620967865
-0.02254307270050049
-0.02246728539466858
-0.0223926305770874
-0.02231888100504875
-0.02224578894674778
-0.02217311225831509
-0.02210062742233276
-0.02202814817428589
-0.02195553481578827
-0.02188269421458244
-0.02180959098041058
-0.02173624001443386
-0.02166270650923252
-0.02158909663558006
-0.02151554636657238
-0.02144220843911171
-0.02136923931539059
-0.0212967898696661
-0.02122499234974384
-0.02115394920110703
-0.02108373679220676
-0.02101438865065575
-0.02094589918851852
-0.02087823674082756
-0.02081133238971233
-0.02074509859085083
-0.02067942731082439
-0.02061421051621437
-0.0205493401736021
-0.02048471570014954
-0.02042026072740555
-0.02035591565072536
-0.0202916469424963
-0.02022744342684746
-0.02016331627964973
-0.02009930275380611
-0.02003545127809048
-0.0199718251824379
-0.01990848779678345
-0.01984550431370735
-0.01978293992578983
-0.01972084306180477
-0.01965925097465515
-0.01959818415343761
-0.01953764818608761
-0.01947763003408909
-0.01941810548305511
-0.0193590372800827
-0.01930037885904312
-0.01924207620322704
-0.01918408088386059
-0.01912634819746017
-0.01906884275376797
-0.01901153288781643
-0.01895440928637981
-0.01889746263623238
-0.01884070225059986
-0.01878413930535316
-0.01872779428958893
-0.01867169886827469
-0.01861587725579739
-0.01856035925447941
-0.0185051690787077
-0.01845032721757889
-0.01839584298431873
-0.01834172010421753
-0.01828795857727528
-0.01823454909026623
-0.01818147487938404
-0.01812871918082237
-0.01807625778019428
-0.01802407391369343
-0.01797214522957802
-0.01792045123875141
-0.01786898262798786
-0.01781772822141647
-0.0177666824311018
-0.01771584339439869
-0.01766521483659744
-0.01761480420827866
-0.01756462268531322
-0.01751467771828175
-0.01746498607099056
-0.01741555146872997
-0.01736638136208057
-0.01731748506426811
-0.01726886630058289
-0.0172205213457346
-0.01717244647443295
-0.01712463423609734
-0.01707707718014717
-0.01702976226806641
-0.0169826801866293
-0.01693582162261009
-0.01688917726278305
-0.01684274338185787
-0.01679651252925396
-0.01675048470497131
-0.01670465618371964
-0.01665902882814407
-0.01661361008882523
-0.01656839996576309
-0.01652340032160282
-0.01647861860692501
-0.01643405295908451
-0.01638970896601677
-0.01634558476507664
-0.01630168408155441
-0.01625800132751465
-0.01621453650295734
-0.01617128401994705
-0.01612824015319347
-0.01608540117740631
-0.01604275777935982
-0.01600030623376369
-0.01595804654061794
-0.01591597497463226
-0.01587408967316151
-0.01583239063620567
-0.01579087413847446
-0.01574954390525818
-0.01570840179920197
-0.01566744595766068
-0.01562667824327946
-0.01558609865605831
-0.01554570533335209
-0.01550550013780594
-0.01546548120677471
-0.01542564667761326
-0.015385995618999
-0.0153465261682868
-0.01530723739415407
-0.01526812557131052
-0.01522918976843357
-0.01519042626023293
-0.01515183225274086
-0.01511340774595737
-0.01507514901459217
-0.01503705605864525
-0.01499912701547146
-0.0149613618850708
-0.01492376159876585
-0.01488632522523403
-0.01484905183315277
-0.01481194142252207
-0.01477499399334192
-0.01473820954561234
-0.01470158621668816
-0.01466512307524681
-0.01462882105261087
-0.01459267642349005
-0.01455669011920691
-0.01452085562050343
-0.01448517385870218
-0.01444964203983545
-0.01441425736993551
-0.01437902264297009
-0.0143439369276166
-0.01430900022387505
-0.01427421066910028
-0.01423956919461489
-0.0142050739377737
-0.01417072582989931
-0.01413652393966913
-0.01410246826708317
-0.01406855694949627
-0.01403478719294071
-0.0140011589974165
-0.0139676732942462
-0.01393432728946209
-0.01390111725777388
-0.01386804413050413
-0.01383510790765285
-0.01380230486392975
-0.01376963686197996
-0.01373710483312607
-0.01370470691472292
-0.01367244124412537
-0.01364030875265598
-0.01360830571502447
-0.01357643213123083
-0.01354468800127506
-0.01351307146251202
-0.01348158065229654
-0.01345021743327379
-0.01341897994279861
-0.01338786724954844
-0.01335688028484583
-0.01332601718604565
-0.01329528074711561
-0.0132646718993783
-0.01323418691754341
-0.0132038239389658
-0.01317358296364546
-0.01314346119761467
-0.01311345770955086
-0.01308357436209917
-0.01305380556732416
-0.01302415411919355
-0.0129946181550622
-0.0129651976749301
-0.0129358908161521
-0.01290669851005077
-0.01287761889398098
-0.01284865383058786
-0.01281980238854885
-0.01279106270521879
-0.01276243478059769
-0.01273391768336296
-0.01270551141351461
-0.01267721503973007
-0.01264903042465448
-0.01262095384299755
-0.01259298529475927
-0.01256512384861708
-0.01253736764192581
-0.01250971667468548
-0.01248216908425093
-0.01245472580194473
-0.01242738496512175
-0.01240014936774969
-0.01237301621586084
-0.01234598644077778
-0.01231905911117792
-0.01229223236441612
-0.01226550899446011
-0.0122388880699873
-0.01221236772835255
-0.01218594610691071
-0.01215962413698435
-0.01213339902460575
-0.01210727170109749
-0.01208124123513699
-0.01205530669540167
-0.01202946901321411
-0.01200372632592916
-0.0119780795648694
-0.01195252779871225
-0.01192707102745771
-0.01190170738846064
-0.01187643688172102
-0.01185126043856144
-0.01182617526501417
-0.01180118136107922
-0.011776277795434
-0.01175146363675594
-0.01172673981636763
-0.0117021044716239
-0.01167755760252476
-0.01165309827774763
-0.01162872649729252
-0.01160444226115942
-0.01158024743199348
-0.01155614107847214
-0.0115321222692728
-0.01150819100439548
-0.0114843463525176
-0.01146058645099401
-0.01143691223114729
-0.01141332183033228
-0.01138981338590384
-0.01136638876050711
-0.01134304609149694
-0.0113197872415185
-0.01129661034792662
-0.01127351354807615
-0.01125049777328968
-0.01122756209224463
-0.01120470557361841
-0.01118192821741104
-0.01115923002362251
-0.0111366119235754
-0.01111407205462456
-0.01109161041676998
-0.01106922701001167
-0.01104691904038191
-0.01102468930184841
-0.01100253593176603
-0.01098045986145735
-0.01095846015959978
-0.01093653682619333
-0.01091469079256058
-0.01089292019605637
-0.0108712250366807
-0.01084960624575615
-0.01082806382328272
-0.01080659404397011
-0.01078519877046347
-0.01076387707144022
-0.01074262801557779
-0.01072145160287619
-0.01070034597069025
-0.01067931018769741
-0.01065834239125252
-0.01063744444400072
-0.01061661448329687
-0.01059585344046354
-0.01057516224682331
-0.0105545399710536
-0.01053398754447699
-0.01051350589841604
-0.01049309223890305
-0.01047274749726057
-0.01045247167348862
-0.01043226197361946
-0.01041211932897568
-0.01039204373955727
-0.01037203520536423
-0.01035209372639656
-0.01033221744000912
-0.0103124063462019
-0.0102926604449749
-0.01027297973632812
-0.010253363288939
-0.01023381017148495
-0.01021432038396597
-0.01019489392638206
-0.01017553079873323
-0.01015623286366463
-0.01013699639588594
-0.01011782325804234
-0.01009871251881123
-0.01007966231554747
-0.01006067264825106
-0.010041743516922
-0.01002287585288286
-0.01000406872481108
-0.009985321201384068
-0.009966632351279259
-0.0099480040371418
-0.009929436258971691
-0.009910929948091507
-0.009892481379210949
-0.009874091483652592
-0.009855760261416435
-0.00983748771250248
-0.009819273836910725
-0.009801117703318596
-0.009783019311726093
-0.009764978662133217
-0.009746993891894817
-0.009729065932333469
-0.009711193852126598
-0.009693378582596779
-0.009675620123744011
-0.009657918475568295
-0.00964027363806963
-0.009622684679925442
-0.009605148807168007
-0.009587667882442474
-0.009570241905748844
-0.009552869014441967
-0.009535549208521843
-0.009518280625343323
-0.009501066990196705
-0.00948390644043684
-0.009466798044741154
-0.009449741803109646
-0.009432738646864891
-0.009415787644684315
-0.009398887865245342
-0.009382039308547974
-0.009365242905914783
-0.009348498657345772
-0.009331805631518364
-0.009315164759755135
-0.009298575110733509
-0.009282037615776062
-0.009265550412237644
-0.009249112568795681
-0.009232725016772747
-0.009216385893523693
-0.009200096130371094
-0.009183855727314949
-0.009167663753032684
-0.009151521138846874
-0.009135428816080093
-0.009119383059442043
-0.009103383868932724
-0.009087431244552135
-0.009071525186300278
-0.009055666625499725
-0.009039854630827904
-0.009024089202284813
-0.009008371271193027
-0.008992699906229973
-0.008977075107395649
-0.00896149780601263
-0.008945968002080917
-0.00893048383295536
-0.008915046229958534
-0.00889965333044529
-0.008884306997060776
-0.008869005367159843
-0.008853747509419918
-0.008838535286486149
-0.008823366835713387
-0.008808242157101631
-0.008793161250650883
-0.008778124116361141
-0.008763131685554981
-0.008748183026909828
-0.008733279071748257
-0.008718418888747692
-0.008703603409230709
-0.008688830770552158
-0.008674101904034615
-0.008659416809678078
-0.008644773624837399
-0.008630174212157726
-0.008615615777671337
-0.008601099252700806
-0.008586623705923557
-0.008572188206017017
-0.008557793684303761
-0.008543438278138638
-0.008529121987521648
-0.008514845743775368
-0.008500607684254646
-0.008486408740282059
-0.008472250774502754
-0.008458133786916733
-0.008444055914878845
-0.008430019952356815
-0.008416024968028069
-0.008402070961892605
-0.008388158865272999
-0.008374287746846676
-0.008360454812645912
-0.008346661925315857
-0.008332908153533936
-0.008319193497300148
-0.008305516093969345
-0.008291875012218952
-0.008278270252048969
-0.008264702744781971
-0.008251173421740532
-0.008237681351602077
-0.008224226534366608
-0.008210808970034122
-0.008197429589927197
-0.008184086531400681
-0.008170779794454575
-0.008157511241734028
-0.008144281804561615
-0.008131089620292187
-0.008117934688925743
-0.008104816079139709
-0.00809173472225666
-0.008078688755631447
-0.008065676316618919
-0.008052697405219078
-0.008039753884077072
-0.008026844821870327
-0.008013967424631119
-0.008001125417649746
-0.007988316938281059
-0.007975542917847633
-0.007962805218994617
-0.007950101979076862
-0.007937435060739517
-0.007924803532660007
-0.007912207394838333
-0.007899644784629345
-0.007887116633355618
-0.007874622941017151
-0.007862163707613945
-0.007849738001823425
-0.007837345823645592
-0.007824987173080444
-0.007812661118805408
-0.007800367195159197
-0.007788105867803097
-0.007775877136737108
-0.007763680536299944
-0.007751515600830317
-0.007739382795989513
-0.007727282121777534
-0.007715214975178242
-0.007703179493546486
-0.007691175676882267
-0.007679202128201723
-0.007667261175811291
-0.007655350957065821
-0.007643472403287888
-0.007631625048816204
-0.007619807962328196
-0.007608021143823862
-0.007596265058964491
-0.007584539707750082
-0.007572845555841923
-0.007561181206256151
-0.007549547590315342
-0.007537945173680782
-0.007526373956352472
-0.007514833007007837
-0.007503323256969452
-0.007491843309253454
-0.007480393629521132
-0.007468974217772484
-0.007457584608346224
-0.007446224801242352
-0.007434893865138292
-0.007423591800034046
-0.007412318605929613
-0.007401073351502419
-0.007389856968075037
-0.007378669455647469
-0.007367510814219713
-0.007356381043791771
-0.007345280144363642
-0.007334208581596613
-0.007323164492845535
-0.007312149275094271
-0.007301161531358957
-0.007290200795978308
-0.007279267068952322
-0.007268359418958426
-0.007257478311657906
-0.007246623747050762
-0.007235797122120857
-0.007224997039884329
-0.007214224897325039
-0.007203479763120413
-0.007192762568593025
-0.007182073779404163
-0.007171412464231253
-0.00716077908873558
-0.007150172721594572
-0.00713959289714694
-0.007129039149731398
-0.007118511945009232
-0.007108011282980442
-0.007097535766661167
-0.007087085861712694
-0.00707666203379631
-0.007066263817250729
-0.007055891677737236
-0.007045545615255833
-0.007035226095467806
-0.007024931255728006
-0.007014662027359009
-0.007004417944699526
-0.006994199007749557
-0.006984005216509104
-0.006973836570978165
-0.00696369307115674
-0.00695357471704483
-0.006943481974303722
-0.006933414842933416
-0.006923373322933912
-0.006913356948643923
-0.006903365720063448
-0.006893398705869913
-0.006883455906063318
-0.006873537786304951
-0.006863643415272236
-0.006853772327303886
-0.006843924056738615
-0.006834099069237709
-0.006824296433478594
-0.006814516149461269
-0.006804759614169598
-0.006795024964958429
-0.006785313598811626
-0.006775625050067902
-0.006765960715711117
-0.006756320595741272
-0.006746705155819654
-0.006737114395946264
-0.006727545987814665
-0.006718000862747431
-0.006708479486405849
-0.006698979996144772
-0.006689502857625484
-0.006680047605186701
-0.006670615635812283
-0.006661206018179655
-0.006651818752288818
-0.006642454769462347
-0.006633112672716379
-0.006623792927712202
-0.006614496000111103
-0.006605220958590508
-0.006595968268811703
-0.006586737465113401
-0.006577528081834316
-0.006568340584635735
-0.006559174042195082
-0.006550028920173645
-0.006540905218571424
-0.00653180293738842
-0.006522722076624632
-0.00651366263628006
-0.006504624150693417
-0.006495606154203415
-0.006486608181148767
-0.006477631162852049
-0.006468674633651972
-0.006459738593548536
-0.006450823042541742
-0.00644192798063159
-0.006433054339140654
-0.006424200721085072
-0.006415368523448706
-0.006406556814908981
-0.006397766061127186
-0.006388997193425894
-0.006380249746143818
-0.006371523253619671
-0.006362817250192165
-0.006354130804538727
-0.00634546484798193
-0.0063368184491992
-0.006328191608190536
-0.006319583859294653
-0.006310995668172836
-0.006302426569163799
-0.006293876562267542
-0.006285344716161489
-0.006276831496506929
-0.006268337368965149
-0.006259862333536148
-0.006251406855881214
-0.006242970936000347
-0.006234553642570972
-0.006226155441254377
-0.006217776797711849
-0.006209417711943388
-0.006201078649610281
-0.006192759610712528
-0.006184459663927555
-0.006176179740577936
-0.00616791844367981
-0.006159676238894463
-0.006151453126221895
-0.006143247243016958
-0.006135059986263514
-0.006126889958977699
-0.006118736695498228
-0.006110601127147675
-0.006102482322603464
-0.006094380281865597
-0.006086296401917934
-0.00607823021709919
-0.00607018219307065
-0.006062152329832315
-0.006054140627384186
-0.006046147085726261
-0.006038171239197254
-0.006030213553458452
-0.006022273562848568
-0.006014352198690176
-0.006006448995321989
-0.005998563021421432
-0.005990695208311081
-0.00598284462466836
-0.005975012201815844
-0.005967197008430958
-0.005959399044513702
-0.005951618775725365
-0.005943856202065945
-0.005936110392212868
-0.005928381811827421
-0.005920670460909605
-0.005912975873798132
-0.005905297584831715
-0.005897636990994215
-0.005889992695301771
-0.005882364697754383
-0.005874752998352051
-0.005867157597094774
-0.005859578959643841
-0.005852016620337963
-0.005844470579177141
-0.005836941301822662
-0.005829428322613239
-0.005821931641548872
-0.005814450327306986
-0.005806984379887581
-0.005799534264951944
-0.005792098585516214
-0.005784678272902966
-0.005777273327112198
-0.005769884213805199
-0.005762510467320681
-0.005755152087658644
-0.005747809074819088
-0.005740482360124588
-0.005733171943575144
-0.005725876893848181
-0.005718597676604986
-0.00571133429184556
-0.005704086739569902
-0.005696854554116726
-0.005689638201147318
-0.005682437680661678
-0.005675252992659807
-0.005668084137141705
-0.005660930648446083
-0.005653792526572943
-0.005646669771522284
-0.005639562848955393
-0.005632471758872271
-0.005625396035611629
-0.00561833567917347
-0.005611290223896503
-0.005604259669780731
-0.005597244016826153
-0.005590243265032768
-0.005583257414400578
-0.005576285067945719
-0.005569327156990767
-0.005562383681535721
-0.005555453710258007
-0.005548537243157625
-0.005541634745895863
-0.005534746218472719
-0.005527871660888195
-0.00552101107314229
-0.005514163989573717
-0.005507330875843763
-0.005500511266291142
-0.005493707023561001
-0.005486916285008192
-0.005480140447616577
-0.005473378580063581
-0.005466631148010492
-0.005459897685796022
-0.005453178193420172
-0.005446473136544228
-0.005439781583845615
-0.00543310446664691
-0.005426440853625536
-0.005419791210442781
-0.005413155537098646
-0.005406532902270555
-0.005399924237281084
-0.005393329542130232
-0.005386748351156712
-0.005380181595683098
-0.005373629275709391
-0.005367090459913015
-0.005360565148293972
-0.005354053340852261
-0.005347554571926594
-0.005341067910194397
-0.005334593821316957
-0.005328131839632988
-0.005321681965142488
-0.005315244197845459
-0.005308818537741899
-0.00530240498483181
-0.005296004004776478
-0.00528961606323719
-0.00528324069455266
-0.005276879295706749
-0.005270530004054308
-0.005264193285256624
-0.005257869604974985
-0.005251559428870678
-0.005245262756943703
-0.005238978657871485
-0.005232708062976599
-0.005226451437920332
-0.005220208317041397
-0.005213978700339794
-0.005207762122154236
-0.005201558116823435
-0.005195367615669966
-0.005189189221709967
-0.005183022934943438
-0.005176867824047804
-0.00517072482034564
-0.005164592992514372
-0.005158472340553999
-0.005152363330125809
-0.005146265029907227
-0.005140178836882114
-0.005134104285389185
-0.005128041841089725
-0.005121991038322449
-0.005115951877087355
-0.005109924823045731
-0.005103910341858864
-0.005097908433526754
-0.005091919098049402
-0.005085941404104233
-0.005079975817352533
-0.005074020940810442
-0.005068078171461821
-0.005062146577984095
-0.005056226160377264
-0.005050317384302616
-0.005044419784098864
-0.005038534291088581
-0.005032660439610481
-0.005026798229664564
-0.005020947195589542
-0.005015107803046703
-0.005009279120713472
-0.005003461148589849
-0.004997653886675835
-0.004991856869310141
-0.004986071027815342
-0.004980296827852726
-0.004974533803761005
-0.004968782421201468
-0.004963042680174112
-0.004957315512001514
-0.004951599519699812
-0.004945894703269005
-0.004940201062709093
-0.004934518598020077
-0.004928846843540668
-0.004923185799270868
-0.004917535465210676
-0.004911895841360092
-0.004906267859041691
-0.00490065012127161
-0.004895043093711138
-0.004889447242021561
-0.004883862100541592
-0.004878286737948656
-0.004872722551226616
-0.004867168609052896
-0.004861625377088785
-0.004856092389672995
-0.004850569646805525
-0.004845057148486376
-0.00483955442905426
-0.004834061954170465
-0.004828578792512417
-0.004823105409741402
-0.004817642737179995
-0.004812189843505621
-0.004806747194379568
-0.004801315255463123
-0.004795894026756287
-0.004790483508259058
-0.004785084165632725
-0.004779695533216
-0.004774317145347595
-0.004768949002027512
-0.004763591568917036
-0.004758244380354881
-0.004752907436341047
-0.004747580736875534
-0.004742264281958342
-0.004736957140266895
-0.00473166024312377
-0.00472637265920639
-0.004721095319837332
-0.004715827759355307
-0.004710569512099028
-0.004705320578068495
-0.004700080491602421
-0.004694848787039518
-0.004689626395702362
-0.004684413783252239
-0.004679210484027863
-0.004674016498029232
-0.004668832290917635
-0.004663658328354359
-0.004658493213355541
-0.004653338808566332
-0.004648195113986731
-0.004643061198294163
-0.004637937527149916
-0.004632824100553989
-0.004627720452845097
-0.00462262611836195
-0.004617541097104549
-0.004612465389072895
-0.0046073985286057
-0.004602340050041676
-0.004597289953380823
-0.004592248238623142
-0.004587214905768633
-0.004582190420478582
-0.004577174782752991
-0.004572168458253145
-0.004567171446979046
-0.004562183283269405
-0.004557203967124224
-0.004552234895527363
-0.004547274205833673
-0.004542323295027018
-0.004537380766123533
-0.004532447084784508
-0.004527521785348654
-0.004522605799138546
-0.004517699591815472
-0.004512803163379431
-0.004507916979491711
-0.004503040574491024
-0.004498173482716084
-0.004493314772844315
-0.004488464444875717
-0.004483623430132866
-0.004478789865970612
-0.004473964683711529
-0.00446914741769433
-0.004464337602257729
-0.004459535703063011
-0.004454741254448891
-0.004449954722076654
-0.004445177037268877
-0.004440407734364271
-0.004435646813362837
-0.004430894739925861
-0.004426152911037207
-0.004421419929713011
-0.004416695795953274
-0.004411980975419283
-0.004407275002449751
-0.004402577877044678
-0.004397889599204063
-0.004393209703266621
-0.004388538189232349
-0.004383874591439962
-0.00437921890988946
-0.004374570213258266
-0.004369929898530245
-0.004365296103060246
-0.004360669292509556
-0.004356049932539463
-0.004351438023149967
-0.004346833564341068
-0.004342237021774054
-0.00433764886111021
-0.004333068616688251
-0.004328496754169464
-0.004323933739215136
-0.004319379106163979
-0.004314832855015993
-0.004310295451432467
-0.004305767361074686
-0.004301247652620077
-0.004296735860407352
-0.004292232450097799
-0.00428773695603013
-0.004283249843865633
-0.004278771113604307
-0.004274299833923578
-0.004269836004823446
-0.004265379626303911
-0.004260930698364973
-0.004256489221006632
-0.0042520547285676
-0.004247628152370453
-0.00424320949241519
-0.004238798283040524
-0.004234394989907742
-0.004229999147355556
-0.004225610289722681
-0.004221228417009115
-0.004216853994876146
-0.004212487023323774
-0.004208126571029425
-0.004203774034976959
-0.004199428949505091
-0.004195091314613819
-0.004190761130303144
-0.004186437465250492
-0.004182121250778437
-0.004177812486886978
-0.004173510242253542
-0.00416921591386199
-0.004164929036051035
-0.004160649608820677
-0.004156377166509628
-0.004152112174779177
-0.004147854167968035
-0.00414360361173749
-0.004139360506087542
-0.00413512485101819
-0.004130896646529436
-0.004126676358282566
-0.004122463520616293
-0.004118258133530617
-0.004114060197025537
-0.004109869711101055
-0.00410568667575717
-0.004101510625332594
-0.004097341559827328
-0.004093179479241371
-0.004089024383574724
-0.004084875341504812
-0.004080731887370348
-0.004076594952493906
-0.004072464536875486
-0.004068341106176376
-0.004064224194735289
-0.004060114268213511
-0.004056010860949755
-0.004051914438605309
-0.004047825001180172
-0.004043743014335632
-0.00403966847807169
-0.004035601858049631
-0.00403154268860817
-0.004027490504086018
-0.004023445770144463
-0.004019408486783504
-0.004015378654003143
-0.004011356271803379
-0.004007340874522924
-0.004003332462161779
-0.003999331500381231
-0.003995336126536131
-0.00399134773761034
-0.003987365867942572
-0.003983389120548964
-0.003979418892413378
-0.00397545425221324
-0.003971494734287262
-0.003967540338635445
-0.003963591530919075
-0.003959648311138153
-0.003955710679292679
-0.00395177910104394
-0.003947853576391935
-0.003943933639675379
-0.003940020222216845
-0.003936114255338907
-0.003932214807718992
-0.0039283218793571
-0.003924436401575804
-0.00392055744305253
-0.003916685469448566
-0.0039128209464252
-0.003908962476998568
-0.003905110526829958
-0.003901265095919371
-0.003897426649928093
-0.003893594956025481
-0.003889770247042179
-0.003885951591655612
-0.00388213898986578
-0.003878332441672683
-0.003874532179906964
-0.003870737738907337
-0.003866949118673801
-0.003863166784867644
-0.003859390271827579
-0.003855619812384248
-0.003851855639368296
-0.003848097752779722
-0.003844346152618527
-0.003840600838884711
-0.003836861811578274
-0.003833129070699215
-0.003829402383416891
-0.003825681749731302
-0.003821966936811805
-0.003818257478997111
-0.003814553609117866
-0.003810855327174067
-0.003807162400335073
-0.00380347459577024
-0.003799792379140854
-0.003796115750446916
-0.003792444942519069
-0.0037887804210186
-0.003785121953114867
-0.003781469538807869
-0.003777822712436318
-0.003774181706830859
-0.003770546754822135
-0.003766917390748858
-0.003763294080272317
-0.003759676357731223
-0.003756064921617508
-0.003752459306269884
-0.003748859977349639
-0.003745266934856772
-0.003741679945960641
-0.003738099243491888
-0.00373452459461987
-0.003730955999344587
-0.003727392526343465
-0.003723835106939077
-0.003720283042639494
-0.003716736333444715
-0.003713194746524096
-0.003709657583385706
-0.003706125309690833
-0.003702597692608833
-0.003699075197800994
-0.003695558058097959
-0.003692046273499727
-0.003688540076836944
-0.003685039933770895
-0.003681545378640294
-0.003678057109937072
-0.003674574894830585
-0.003671098966151476
-0.003667628858238459
-0.003664164338260889
-0.00366070494055748
-0.003657250432297587
-0.003653800580650568
-0.003650355385616422
-0.003646914847195148
-0.003643478732556105
-0.003640047274529934
-0.00363662070594728
-0.00363319949246943
-0.003629784099757671
-0.003626374527812004
-0.003622971242293715
-0.003619574476033449
-0.003616184229031205
-0.00361280026845634
-0.003609422594308853
-0.003606050740927458
-0.003602684242650867
-0.003599322633817792
-0.00359596568159759
-0.003592613153159618
-0.003589265048503876
-0.003585921134799719
-0.003582581179216504
-0.003579245414584875
-0.003575913840904832
-0.003572586691007018
-0.003569264430552721
-0.003565947525203228
-0.003562635509297252
-0.003559328615665436
-0.003556027309969068
-0.003552731359377503
-0.003549440996721387
-0.003546155523508787
-0.003542875405400991
-0.003539600409567356
-0.003536330768838525
-0.003533066483214498
-0.003529806854203343
-0.003526552580296993
-0.003523303428664804
-0.00352005916647613
-0.003516820026561618
-0.003513586241751909
-0.003510357579216361
-0.003507134504616261
-0.003503916785120964
-0.003500704653561115
-0.003497497411444783
-0.003494295058771968
-0.003491097362712026
-0.003487904323264956
-0.003484715241938829
-0.003481530817225575
-0.003478350350633264
-0.003475174074992537
-0.003472002223134041
-0.003468835027888417
-0.00346567272208631
-0.003462515072897077
-0.003459362080320716
-0.003456213977187872
-0.003453070065006614
-0.003449931042268872
-0.003446796676144004
-0.003443666733801365
-0.003440541448071599
-0.003437420818954706
-0.003434304846450686
-0.003431193297728896
-0.003428086405619979
-0.003424985101446509
-0.003421888453885913
-0.003418796928599477
-0.003415710292756557
-0.003412628546357155
-0.003409551689401269
-0.003406479256227612
-0.003403411712497473
-0.003400348592549562
-0.003397290362045169
-0.003394236322492361
-0.003391186939552426
-0.003388141980394721
-0.003385101445019245
-0.003382065566256642
-0.003379033645614982
-0.003376006614416838
-0.003372984007000923
-0.003369965823367238
-0.003366951830685139
-0.003363942261785269
-0.003360937349498272
-0.003357936860993505
-0.003354940563440323
-0.003351948224008083
-0.003348959609866142
-0.0033459747210145
-0.003342994255945086
-0.003340017981827259
-0.003337045665830374
-0.003334078006446362
-0.003331114770844579
-0.003328155959025025
-0.003325201803818345
-0.003322251606732607
-0.003319305833429098
-0.003316364018246531
-0.003313426394015551
-0.003310492727905512
-0.003307563252747059
-0.003304638434201479
-0.003301717806607485
-0.003298801369965076
-0.003295889589935541
-0.003292982466518879
-0.00329007999971509
-0.003287182189524174
-0.003284288803115487
-0.00328139984048903
-0.003278515301644802
-0.003275635186582804
-0.003272759262472391
-0.003269887529313564
-0.003267019521445036
-0.003264155704528093
-0.003261295845732093
-0.003258439945057034
-0.003255587769672275
-0.003252740018069744
-0.003249895991757512
-0.003247056156396866
-0.003244220744818449
-0.003241389291360974
-0.003238561796024442
-0.003235738025978208
-0.003232917748391628
-0.003230101428925991
-0.003227288601920009
-0.003224479267373681
-0.003221673425287008
-0.003218871308490634
-0.003216073149815202
-0.003213278949260712
-0.003210488706827164
-0.003207702655345201
-0.003204921027645469
-0.003202144056558609
-0.003199371276423335
-0.003196602920070291
-0.003193838987499475
-0.003191079013049603
-0.003188323229551315
-0.003185571171343327
-0.003182823304086924
-0.003180079627782106
-0.003177339909598231
-0.003174604149535298
-0.003171873046085238
-0.003169146133586764
-0.003166423412039876
-0.003163705114275217
-0.003160991473123431
-0.003158281790092587
-0.00315557629801333
-0.003152874065563083
-0.003150175558403134
-0.003147480543702841
-0.003144788322970271
-0.003142098663374782
-0.003139412263408303
-0.003136728657409549
-0.003134048311039805
-0.003131370525807142
-0.00312869600020349
-0.003126024967059493
-0.003123357892036438
-0.003120694076642394
-0.003118034452199936
-0.003115378553047776
-0.003112726612016559
-0.003110078629106283
-0.00310743460431695
-0.003104794770479202
-0.00310215842910111
-0.003099525813013315
-0.003096896689385176
-0.003094271058216691
-0.003091649152338505
-0.003089030971750617
-0.003086416516453028
-0.003083806019276381
-0.003081199945881963
-0.003078597830608487
-0.003075999906286597
-0.003073406405746937
-0.003070817096158862
-0.00306823174469173
-0.003065650351345539
-0.003063072450459003
-0.003060497809201479
-0.003057926427572966
-0.00305535807274282
-0.003052792511880398
-0.0030502297449857
-0.003047670004889369
-0.003045112825930119
-0.003042558906599879
-0.003040008479729295
-0.003037461778149009
-0.003034918569028378
-0.003032379085198045
-0.003029843559488654
-0.003027311526238918
-0.003024783451110125
-0.003022259334102273
-0.003019738476723433
-0.003017221111804247
-0.003014707006514072
-0.003012196393683553
-0.003009689040482044
-0.003007184946909547
-0.003004683880135417
-0.003002186072990298
-0.002999691525474191
-0.002997200237587094
-0.002994712674990296
-0.002992228604853153
-0.002989747794345021
-0.0029872702434659
-0.002984796185046434
-0.002982325153425336
-0.002979858312755823
-0.002977394731715322
-0.002974934643134475
-0.002972478279843926
-0.002970026340335608
-0.002967578126117587
-0.002965133870020509
-0.002962693106383085
-0.002960255602374673
-0.002957821823656559
-0.002955390838906169
-0.002952962648123503
-0.002950537018477917
-0.002948113717138767
-0.002945692511275411
-0.002943273633718491
-0.002940857550129294
-0.002938444260507822
-0.00293603353202343
-0.002933625830337405
-0.002931221388280392
-0.002928820205852389
-0.002926422748714685
-0.00292402901686728
-0.002921639010310173
-0.002919252263382077
-0.002916869008913636
-0.00291448924690485
-0.002912112046033144
-0.002909737406298518
-0.002907365560531616
-0.002904996275901794
-0.002902628388255835
-0.002900262363255024
-0.002897897735238075
-0.002895534038543701
-0.002893171506002545
-0.002890809904783964
-0.002888449002057314
-0.002886088797822595
-0.002883728593587875
-0.002881367690861225
-0.002879006089642644
-0.002876643324270844
-0.002874278929084539
-0.002871911972761154
-0.002869541756808758
-0.002867167582735419
-0.00286478828638792
-0.002862402237951756
-0.002860008738934994
-0.002857606159523129
-0.002855193335562944
-0.002852768404409289
-0.002850329037755728
-0.002847872907295823
-0.002845397684723139
-0.002842900808900595
-0.002840378787368536
-0.002837828593328595
-0.002835246501490474
-0.002832627622410655
-0.002829967997968197
-0.002827262040227652
-0.002824504626914859
-0.002821689238771796
-0.002818810055032372
-0.002815859857946634
-0.002812830964103341
-0.002809714991599321
-0.002806502860039473
-0.002803185023367405
-0.00279975077137351
-0.00279618869535625
-0.00279248645529151
-0.002788631012663245
-0.002784607699140906
-0.002780402079224586
-0.002775998087599874
-0.002771378727629781
-0.002766526769846678
-0.002761423587799072
-0.002756050089374185
-0.002750386251136661
-0.002744411118328571
-0.002738102804869413
-0.002731438726186752
-0.00272439606487751
-0.002716951305046678
-0.002709080232307315
-0.002700758399441838
-0.002691960427910089
-0.002682661637663841
-0.00267283758148551
-0.002662463812157512
-0.002651515882462263
-0.002639970276504755
-0.002627805108204484
-0.002614999189972878
-0.002601533196866512
-0.002587389200925827
-0.002572551602497697
-0.002557007363066077
-0.002540746005252004
-0.002523760078474879
-0.002506044693291187
-0.002487599849700928
-0.002468429272994399
-0.002448539715260267
-0.002427943982183933
-0.002406658604741096
-0.002384705003350973
-0.002362110186368227
-0.002338906517252326
-0.002315131481736898
-0.002290827222168446
-0.002266042632982135
-0.002240830333903432
-0.002215248998254538
-0.0021893628872931
-0.002163240453228354
-0.002136954106390476
-0.002110580448061228
-0.002084200037643313
-0.002057895762845874
-0.002031752839684486
-0.002005858579650521
-0.001980300759896636
-0.001955166924744844
-0.00193054333794862
-0.001906515099108219
-0.001883163815364242
-0.001860567484982312
-0.001838799216784537
-0.001817926182411611
-0.001798008801415563
-0.001779099460691214
-0.001761242281645536
-0.00174447160679847
-0.001728811883367598
-0.00171427708119154
-0.001700869528576732
-0.001688580028712749
-0.00167738797608763
-0.001667260308749974
-0.001658152439631522
-0.001650008489377797
-0.001642761402763426
-0.001636333996430039
-0.001630639308132231
-0.001625582342967391
-0.001621060422621667
-0.001616964931599796
-0.001613183529116213
-0.001609600498341024
-0.001606098958291113
-0.00160256284289062
-0.001598878530785441
-0.001594936475157738
-0.001590633532032371
-0.00158587412443012
-0.001580571988597512
-0.001574651920236647
-0.001568050938658416
-0.001560719450935721
-0.001552622066810727
-0.001543738762848079
-0.001534064649604261
-0.001523611019365489
-0.00151240429840982
-0.001500485930591822
-0.001487912028096616
-0.001474751275964081
-0.001461084699258208
-0.001447002869099379
-0.001432605087757111
-0.001417996594682336
-0.001403287169523537
-0.001388587988913059
-0.00137400918174535
-0.001359658665023744
-0.001345638185739517
-0.001332041923888028
-0.001318954979069531
-0.001306450576521456
-0.001294588902965188
-0.001283415476791561
-0.001272960682399571
-0.00126323860604316
-0.001254247035831213
-0.001245967694558203
-0.001238366356119514
-0.001231394126079977
-0.001224988489411771
-0.001219075289554894
-0.001213569776155055
-0.00120837998110801
-0.001203408581204712
-0.001198555110022426
-0.001193718868307769
-0.001188801601529121
-0.001183709944598377
-0.001178357983008027
-0.001172669464722276
-0.001166579662822187
-0.001160036539658904
-0.001153002958744764
-0.001145456917583942
-0.001137392246164382
-0.001128818257711828
-0.001119759515859187
-0.001110254554077983
-0.001100355060771108
-0.001090123667381704
-0.001079632551409304
-0.001068960409611464
-0.001058190828189254
-0.001047409139573574
-0.001036699628457427
-0.001026143552735448
-0.001015816465951502
-0.001005785772576928
-0.0009961087489500642
-0.0009868313791230321
-0.0009779866086319089
-0.000969593646004796
-0.0009616578463464975
-0.0009541705367155373
-0.0009471095982007682
-0.0009404405718669295
-0.0009341179393231869
-0.0009280870435759425
-0.0009222858934663236
-0.0009166474337689579
-0.0009111021645367146
-0.0009055802365764976
-0.00090001430362463
-0.0008943414431996644
-0.0008885053102858365
-0.0008824582910165191
-0.0008761627832427621
-0.0008695925353094935
-0.0008627334609627724
-0.0008555836975574493
-0.0008481537224724889
-0.0008404655964113772
-0.0008325522067025304
-0.0008244562777690589
-0.0008162279846146703
-0.0008079233812168241
-0.0007996026542969048
-0.0007913276203908026
-0.0007831597467884421
-0.0007751583470962942
-0.0007673781365156174
-0.0007598681841045618
-0.0007526704575866461
-0.0007458181353285909
-0.0007393357227556407
-0.0007332387613132596
-0.0007275337702594697
-0.0007222187705338001
-0.0007172843907028437
-0.0007127152639441192
-0.0007084910175763071
-0.0007045883685350418
-0.0007009830442257226
-0.0006976516451686621
-0.0006945730419829488
-0.0006917308201082051
-0.000689114211127162
-0.0006867199554108083
-0.000684552825987339
-0.0006826266762800515
-0.0006809644983150065
-0.0006795983645133674
-0.0006785693694837391
-0.0006779263494536281
-0.0006777251837775111
-0.0006780273979529738
-0.0006788980681449175
-0.0006804045406170189
-0.0006826146272942424
-0.000685594801325351
-0.0006894080433994532
-0.0006941123865544796
-0.000699759810231626
-0.000706394319422543
-0.0007140513625927269
-0.000722757016774267
-0.0007325278711505234
-0.0007433703867718577
-0.0007552808965556324
-0.000768246769439429
-0.0007822460611350834
-0.0007972489111125469
-0.0008132178336381912
-0.0008301092311739922
-0.0008478735690005124
-0.0008664564229547977
-0.0008857995271682739
-0.0009058408904820681
-0.0009265155531466007
-0.0009477557032369077
-0.0009694908512756228
-0.0009916481794789433
-0.001014151959680021
-0.001036923262290657
-0.001059880014508963
-0.001082936534658074
-0.001106003182940185
-0.001128986477851868
-0.001151788630522788
-0.001174308592453599
-0.001196441357024014
-0.001218079356476665
-0.001239113160409033
-0.001259432756341994
-0.001278928830288351
-0.001297494280152023
-0.001315025961957872
-0.001331427600234747
-0.001346610370092094
-0.001360496156848967
-0.001373019302263856
-0.001384128117933869
-0.001393787446431816
-0.001401978661306202
-0.001408702577464283
-0.001413978869095445
-0.001417847000993788
-0.001420365995727479
-0.00142161431722343
-0.001421688357368112
-0.001420701504684985
-0.00141878193244338
-0.00141607120167464
-0.001412721117958426
-0.001408891286700964
-0.001404746784828603
-0.001400454086251557
-0.001396178966388106
-0.001392082893289626
-0.001388320000842214
-0.001385034760460258
-0.001382358837872744
-0.001380408881232142
-0.001379284192807972
-0.001379065797664225
-0.001379813766106963
-0.001381567330099642
-0.001384343719109893
-0.001388138392940164
-0.001392925390973687
-0.001398657797835767
-0.001405269256792963
-0.001412675017490983
-0.001420774264261127
-0.001429452211596072
-0.001438582548871636
-0.001448030001483858
-0.001457653939723969
-0.001467311172746122
-0.001476858742535114
-0.001486157649196684
-0.001495076110586524
-0.001503492007032037
-0.001511296140961349
-0.001518395263701677
-0.001524713239632547
-0.001530194072984159
-0.001534802955575287
-0.001538526616059244
-0.001541374600492418
-0.001543378690257668
-0.001544591621495783
-0.00154508650302887
-0.001544954371638596
-0.001544301863759756
-0.001543248072266579
-0.001541920937597752
-0.001540454337373376
-0.001538983779028058
-0.001537641859613359
-0.001536555355414748
-0.001535840914584696
-0.001535601099021733
-0.00153592205606401
-0.001536870724521577
-0.001538492739200592
-0.001540810684673488
-0.001543824444524944
-0.001547510852105916
-0.001551824505440891
-0.001556699513457716
-0.00156205240637064
-0.001567784114740789
-0.001573784160427749
-0.001579933799803257
-0.001586110680364072
-0.001592193148098886
-0.00159806408919394
-0.001603615004569292
-0.001608749269507825
-0.00161338597536087
-0.001617462141439319
-0.001620934810489416
-0.001623782562091947
-0.001626005512662232
-0.001627625431865454
-0.001628684345632792
-0.001629243022762239
-0.00162937818095088
-0.001629179459996521
-0.001628746627829969
-0.001628184807486832
-0.001627600751817226
-0.001627099351026118
-0.001626779441721737
-0.001626730198040605
-0.001627028570510447
-0.001627735793590546
-0.001628896337933838
-0.001630536164157093
-0.001632662839256227
-0.001635265070945024
-0.001638314570300281
-0.001641767332330346
-0.001645566080696881
-0.001649642712436616
-0.001653922256082296
-0.0016583256656304
-0.001662773545831442
-0.001667189877480268
-0.001671504811383784
-0.001675657811574638
-0.001679600565694273
-0.001683298614807427
-0.001686732517555356
-0.001689898665063083
-0.001692809397354722
-0.001695492304861546
-0.00169798918068409
-0.001700353575870395
-0.0017026491696015
-0.001704946393147111
-0.001707320101559162
-0.00170984654687345
-0.001712600351311266
-0.001715651829726994
-0.001719064544886351
-0.001722892979159951
-0.00172718137037009
-0.001731962664052844
-0.001737257931381464
-0.001743076834827662
-0.001749418210238218
-0.001756270998157561
-0.001763616572134197
-0.001771430135704577
-0.001779683050699532
-0.001788345747627318
-0.001797389821149409
-0.001806789310649037
-0.001816524076275527
-0.001826580381020904
-0.001836952404119074
-0.001847643172368407
-0.001858664094470441
-0.001870034961029887
-0.001881783362478018
-0.001893942360766232
-0.001906549907289445
-0.001919646165333688
-0.001933271531015635
-0.001947464421391487
-0.001962259178981185
-0.001977682812139392
-0.001993754878640175
-0.002010485855862498
-0.002027874579653144
-0.002045908477157354
-0.002064564032480121
-0.002083806321024895
-0.002103590173646808
-0.00212386017665267
-0.002144553465768695
-0.002165600191801786
-0.002186927245929837
-0.002208458259701729
-0.002230115467682481
-0.002251822501420975
-0.002273505320772529
-0.002295092912390828
-0.002316519385203719
-0.002337723504751921
-0.002358648693189025
-0.002379244659096003
-0.002399464603513479
-0.002419266849756241
-0.002438612747937441
-0.0024574666749686
-0.002475793939083815
-0.00249356240965426
-0.002510739723220468
-0.002527293981984258
-0.002543192822486162
-0.002558404579758644
-0.002572898520156741
-0.002586644375696778
-0.002599614439532161
-0.002611784730106592
-0.002623134991154075
-0.002633650787174702
-0.002643325133249164
-0.002652158727869391
-0.002660161815583706
-0.002667354885488749
-0.002673768438398838
-0.002679443452507257
-0.002684431616216898
-0.002688795560970902
-0.002692606532946229
-0.002695944858714938
-0.002698896918445826
-0.002701554447412491
-0.002704012673348188
-0.002706367988139391
-0.002708717016503215
-0.002711153356358409
-0.002713767113164067
-0.002716642804443836
-0.002719856798648834
-0.002723477547988296
-0.002727564191445708
-0.002732166321948171
-0.002737322589382529
-0.002743060933426023
-0.002749398117884994
-0.002756341127678752
-0.002763886004686356
-0.002772019011899829
-0.002780716866254807
-0.002789947902783751
-0.002799671608954668
-0.002809840720146894
-0.002820401219651103
-0.0028312923386693
-0.002842448651790619
-0.002853801241144538
-0.002865277230739594
-0.002876802114769816
-0.002888300223276019
-0.002899695886299014
-0.002910915296524763
-0.002921886974945664
-0.002932543633505702
-0.002942823572084308
-0.002952671144157648
-0.002962038852274418
-0.002970888512209058
-0.002979191252961755
-0.002986929146572948
-0.002994095673784614
-0.00300069572404027
-0.003006745129823685
-0.003012272296473384
-0.003017315408214927
-0.003021922893822193
-0.003026152262464166
-0.003030068008229136
-0.003033740445971489
-0.003037244081497192
-0.003040655050426722
-0.003044049954041839
-0.003047503530979156
-0.00305108679458499
-0.003054864937439561
-0.003058896865695715
-0.00306323217228055
-0.003067911369726062
-0.003072964493185282
-0.003078410169109702
-0.003084256779402494
-0.003090501297265291
-0.003097128821536899
-0.00310411537066102
-0.003111427184194326
-0.003119021421298385
-0.003126849420368671
-0.003134856466203928
-0.003142982488498092
-0.003151166019961238
-0.003159343963488936
-0.003167454386129975
-0.003175436984747648
-0.003183235181495547
-0.003190797287970781
-0.003198077436536551
-0.003205037675797939
-0.003211647504940629
-0.003217884805053473
-0.003223736537620425
-0.003229198046028614
-0.003234274219721556
-0.003238978097215295
-0.003243330167606473
-0.003247357904911041
-0.003251094371080399
-0.003254577284678817
-0.003257847391068935
-0.003260947065427899
-0.003263918682932854
-0.003266802756115794
-0.003269636770710349
-0.003272453788667917
-0.003275280818343163
-0.003278137417510152
-0.003281035926192999
-0.003283978439867496
-0.00328695890493691
-0.003289960790425539
-0.003292959183454514
-0.003295919857919216
-0.003298800904303789
-0.003301552496850491
-0.003304119221866131
-0.00330644054338336
-0.003308453131467104
-0.003310092259198427
-0.003311292035505176
-0.003311988199129701
-0.003312119515612721
-0.003311628475785255
-0.003310463624075055
-0.003308579092845321
-0.003305935766547918
-0.003302502678707242
-0.003298256313428283
-0.003293180838227272
-0.003287268802523613
-0.003280519274994731
-0.003272938774898648
-0.003264539176598191
-0.00325533770956099
-0.003245356027036905
-0.003234618343412876
-0.003223152132704854
-0.003210985800251365
-0.003198148915544152
-0.003184670815244317
-0.003170579671859741
-0.003155904356390238
-0.003140671411529183
-0.003124907612800598
-0.003108638571575284
-0.003091889666393399
-0.003074687672778964
-0.003057059599086642
-0.003039034781977534
-0.003020645584911108
-0.003001926932483912
-0.002982919802889228
-0.002963669132441282
-0.002944225911051035
-0.002924647415056825
-0.002904998138546944
-0.002885348163545132
-0.002865774556994438
-0.002846359740942717
-0.002827191725373268
-0.00280836271122098
-0.002789967693388462
-0.002772103529423475
-0.002754866611212492
-0.002738352632150054
-0.002722653560340405
-0.002707855775952339
-0.0026940384414047
-0.002681271871551871
-0.002669615438207984
-0.002659116871654987
-0.002649810630828142
-0.002641716273501515
-0.002634838921949267
-0.002629168564453721
-0.0026246786583215
-0.002621327759698033
-0.002619059523567557
-0.002617803867906332
-0.002617477206513286
-0.002617984544485807
-0.002619220409542322
-0.002621071645990014
-0.002623418578878045
-0.002626136410981417
-0.002629098249599338
-0.002632176969200373
-0.002635246608406305
-0.002638184698298573
-0.002640874590724707
-0.002643206156790257
-0.002645078347995877
-0.0026464001275599
-0.00264709210023284
-0.002647086745128036
-0.002646330278366804
-0.002644782653078437
-0.002642417792230844
-0.002639224054291844
-0.002635204698890448
-0.002630376955494285
-0.002624772721901536
-0.00261843646876514
-0.002611425705254078
-0.002603809349238873
-0.002595666563138366
-0.002587086288258433
-0.002578163985162973
-0.002569002564996481
-0.002559707500040531
-0.00255038752220571
-0.002541151363402605
-0.002532105660066009
-0.002523353323340416
-0.002514991676434875
-0.002507110126316547
-0.002499788301065564
-0.002493095118552446
-0.00248708575963974
-0.002481801202520728
-0.002477267757058144
-0.002473494969308376
-0.002470477018505335
-0.002468191087245941
-0.002466599689796567
-0.002465649275109172
-0.00246527255512774
-0.002465389901772141
-0.002465912140905857
-0.002466741250827909
-0.002467774553224444
-0.002468905644491315
-0.002470028819516301
-0.002471040934324265
-0.002471843967214227
-0.002472348045557737
-0.00247247377410531
-0.002472154796123505
-0.002471338724717498
-0.002469988772645593
-0.002468085382133722
-0.002465625759214163
-0.002462623873725533
-0.00245911069214344
-0.002455131849274039
-0.002450746716931462
-0.002446026541292667
-0.002441051881760359
-0.002435909351333976
-0.002430690452456474
-0.002425486454740167
-0.002420387696474791
-0.00241547916084528
-0.002410838380455971
-0.002406533341854811
-0.002402619924396276
-0.002399140037596226
-0.002396121853962541
-0.00239357678219676
-0.002391501795500517
-0.002389877336099744
-0.002388670807704329
-0.002387835877016187
-0.002387314569205046
-0.00238703959621489
-0.002386936917901039
-0.002386928303167224
-0.002386934123933315
-0.002386875217780471
-0.002386676613241434
-0.002386270323768258
-0.00238559627905488
-0.002384605351835489
-0.002383259823545814
-0.002381535712629557
-0.002379422774538398
-0.002376924036070704
-0.002374056493863463
-0.002370849484577775
-0.002367343753576279
-0.002363590523600578
-0.002359647769480944
-0.002355579286813736
-0.00235145166516304
-0.00234733265824616
-0.002343287691473961
-0.002339379163458943
-0.00233566272072494
-0.002332186792045832
-0.002328989095985889
-0.002326097572222352
-0.002323528518900275
-0.002321287523955107
-0.002319367602467537
-0.002317751292139292
-0.00231641111895442
-0.002315311226993799
-0.002314408076927066
