0
0
0
0
0
0
0
0
0
0
0
0
0
0
0
0
0
0
0
0
0
0
0
0
0
0
0
0
0
0
0
0
0
0
0
0
0
0
0
0
0
0
0
0
0
0
0
0
0
0
0
0
0
0
0
0
0
0
0
0
0
0
0
0
0
0
0
0
0
0
0
0
0
0
0
0
0
0
0
0
0
0
0
0
0
0
0
0
0
0
0
0
0
0
0
0
0
0
0
0
0
0
0
0
0
0
0
0
0
0
0
0
0
0
0
0
0
0
0
0
0
0
0
0
0
0
0
0
0
0
0
0
0
0
0
0
0
0
0
0
0
0
0
0
0
0
0
0
0
0
0
0
0
0
0
0
0
0
0
0
0
0
0
0
0
0
0
0
0
0
0
0
0
0
0
0
0
0
0
0
0
0
0
0
0
0
0
0
0
0
0
0
0
0
0
0
0
0
0
0
0
0
0
0
0
0
0
0
0
0
0
0
0
0
0
0
0
0
0
0
0
0
0
0
0
0
0
0
0
0
0
0
0
0
0
0
0
0
0
0
0
0
0
0
0
0
0
0
0
0
0
0
0
0
0
0
0
0
0
0
0
0
0
0
0
0
0
0
0
0
0
0
0
0
0
0
0
0
0
0
0
0
0
0
0
0
0
0
0
0
0
0
0
0
0
0
0
0
0
0
0
0
0
0
0
0
0
0
0
0
0
0
0
0
0
0
0
0
0
0
0
0
0
0
0
0
0
0
0
0
0
0
0
0
0
0
0
0
0
0
0
0
0
0
0
0
0
0
0
0
0
0
0
0
0
0
0
0
0
0
0
0
0
0
0
0
0
0
0
0
0
0
0
0
0
0
0
0
0
0
0
0
0
0
0
0
0
0
0
0
0
0
0
0
0
0
0
0
0
0
0
0
0
0
0
0
0
0
0
0
0
0
0
0
0
0
0
0
0
0
0
0
0
0
0
0
0
0
0
0
0
0
0
0
0
0
0
0
0
0
0
0
0
0
0
0
0
0
0
0
0
0
0
0
0
0
0
0
0
0
0
0
0
0
0
0
0
0
0
0
0
0
0
0
0
0
0
0
0
0
0
0
0
0
0
0
0
0
0
0
0
0
0
0
0
0
0
0
0
0
0
0
0
0
0
0
0
0
0
0
0
0
0
0
0
0
0
0
0
0
0
0
0
0
0
0
0
0
0
0
0
0
0
0
0
0
0
0
0
0
0
0
0
0
0
0
0
0
0
0
0
0
0
0
0
0
0
0
0
0
0
0
0
0
0
0
0
0
0
0
0
0
0
0
0
0
0
0
0
0
0
0
0
0
0
0
0
0
0
0
0
0
0
0
0
0
0
0
0
0
0
0
0
0
0
0
0
0
0
0
0
0
0
0
0
0
0
0
0
0
0
0
0
0
0
0
0
0
0
0
0
0
0
0
0
0
0
0
0
0
0
0
0
0
0
0
0
0
0
0
0
0
0
0
0
0
0
0
0
0
0
0
0
0
0
0
0
0
0
0
0
0
0
0
0
0
0
0
0
0
0
0
0
0
0
0
0
0
0
0
0
0
0
0
0
0
0
0
0
0
0
0
0
0
0
0
0
0
0
0
0
0
0
0
0
0
0
0
0
0
0
0
0
0
0
0
0
0
0
0
0
0
0
0
0
0
0
0
0
0
0
0
0
0
0
0
0
0
0
0
0
0
0
0
0
0
0
0
0
0
0
0
0
0
0
0
0
0
0
0
0
0
0
0
0
0
0
0
0
0
0
0
0
0
0
0
0
0
0
0
0
0
0
0
0
0
0
0
0
0
0
0
0
0
0
0
0
0
0
0
0
0
0
0
0
0
0
0
0
0
0
0
0
0
0
0
0
0
0
0
0
0
0
0
0
0
0
0
0
0
0
0
0
0
0
0
0
0
0
0
0
0
0
0
0
0
0
0
0
0
0
0
0
0
0
0
0
0
0
0
0
0
0
0
0
0
0
0
0
0
0
0
0
0
0
0
0
0
0
0
0
0
0
0
0
0
0
0
0
0
0
0
0
0
0
0
0
0
0
0
0
0
0
0
0
0
0
0
0
0
0
0
0
0
0
0
0
0
0
0
0
0
0
0
0
0
0
0
0
0
0
0
0
0
0
0
0
0
0
0
0
0
0
0
0
0
0
0
0
0
0
0
0
0
0
0
0
0
0
0
0
0
0
0
0
0
0
0
0
0
0
0
0
0
0
0
0
0
0
0
0
0
0
0
0
0
0
0
0
0
0
0
0
0
0
0
0
0
0
0
0
0
0
0
0
0
0
0
0
0
0
0
0
0
0
0
0
0
0
0
0
0
0
0
0
0
0
0
0
0
0
0
0
0
0
0
0
0
0
0
0
0
0
0
0
0
0
0
0
0
0
0
0
0
0
0
0
0
0
0
0
0
0
0
0
0
0
0
0
0
0
0
0
0
0
0
0
0
0
0
0
0
0
0
0
0
0
0
0
0
0
0
0
0
0
0
0
0
0
0
0
0
0
0
0
0
0
0
0
0
0
0
0
0
0
0
0
0
0
0
0
0
0
0
0
0
0
0
0
0
0
0
0
0
0
0
0
0
0
0
0
0
0
0
0
0
0
0
0
0
0
0
0
0
0
0
0
0
0
0
0
0
0
0
0
0
0
0
0
0
0
0
0
0
0
0
0
0
0
0
0
0
0
0
0
0
0
0
0
0
0
0
0
0
0
0
0
0
0
0
0
0
0
0
0
0
0
0
0
0
0
0
0
0
0
0
0
0
0
0
0
0
0
0
0
0
0
0
0
0
0
0
0
0
0
0
0
0
0
0
0
0
0
0
0
0
0
0
0
0
0
0
0
0
0
0
0
0
0
0
0
0
0
0
0
0
0
0
0
0
0
0
0
0
0
0
0
0
0
0
0
0
0
0
0
0
0
0
0
0
0
0
0
0
0
0
2.802596928649634e-45
1.401298464324817e-44
3.503246160812043e-44
6.726232628759122e-44
1.163077725389598e-43
2.073921727200729e-43
3.545285114741787e-43
6.067622350526458e-43
1.031355669743065e-42
1.734807498834124e-42
2.928713790438868e-42
4.935373191352006e-42
8.323712878089413e-42
1.401298464324817e-41
2.354882069297855e-41
3.952782708167444e-41
6.62393784086341e-41
1.108258929465211e-40
1.851367505096662e-40
3.088083464786529e-40
5.143017597795657e-40
8.552404787467224e-40
1.420045035180554e-39
2.354293523942839e-39
3.897330525337182e-39
6.441997452150869e-39
1.063217413315958e-38
1.752155293562772e-38
2.88319008748804e-38
4.737237996287263e-38
7.771935352699331e-38
1.273169337940813e-37
2.082557313065039e-37
3.40143767953539e-37
5.547325387501002e-37
9.033611128531874e-37
1.468914680131783e-36
2.385008910083618e-36
3.866719575168352e-36
6.259728397291311e-36
1.011880589599617e-35
1.633295590606538e-35
2.632467080242148e-35
4.236670477102499e-35
6.808489108695984e-35
1.092551630140385e-34
1.750649502177728e-34
2.801065284765274e-34
4.475225461370492e-34
7.139619324043521e-34
1.137376834280463e-33
1.809271497288732e-33
2.873914894118555e-33
4.558434114690394e-33
7.219876751858889e-33
1.141870804284955e-32
1.803341752770207e-32
2.843895817337026e-32
4.478419242787478e-32
7.042257351397734e-32
1.105798115267683e-31
1.733873092921922e-31
2.714794564170396e-31
4.244588789802275e-31
6.626953786658999e-31
1.033171889513993e-30
1.608467288365747e-30
2.500539042617205e-30
3.881838192065074e-30
6.017612121746413e-30
9.315253695577115e-30
1.439957032254467e-29
2.222743283596983e-29
3.426216130296525e-29
5.27383415202633e-29
8.106343858366602e-29
1.244259799857255e-28
1.907151645946974e-28
2.919093738850089e-28
4.461697901944912e-28
6.809922653378049e-28
1.037945758270988e-27
1.579785636970429e-27
2.401116758088837e-27
3.64435364840438e-27
5.523577865710281e-27
8.360143724958178e-27
1.263574209786486e-26
1.907137798510674e-26
2.8744729368597e-26
4.326430905635655e-26
6.502751772464653e-26
9.760249958878593e-26
1.462923196988285e-25
2.189674001653336e-25
3.272919307775363e-25
4.88527901448951e-25
7.281859645187771e-25
1.08391302757449e-24
1.611187755231828e-24
2.39165212358528e-24
3.545279353152093e-24
5.248121997340769e-24
7.758159857479151e-24
1.145289719216487e-23
1.688395840000911e-23
2.485625928337593e-23
3.654267192526071e-23
5.364981800801856e-23
7.865745969910641e-23
1.151637462039747e-22
1.683821961363567e-22
2.458563139905336e-22
3.584856078782143e-22
5.219966573445909e-22
7.59048526326389e-22
1.102243611724268e-21
1.598424650795095e-21
2.314800522692684e-21
3.347665572229417e-21
4.83479434388037e-21
6.973031589626155e-21
1.004322633200966e-20
1.444551709493382e-20
2.074920366484615e-20
2.976312489356861e-20
4.263483393789225e-20
6.099017206324854e-20
8.712938961265392e-20
1.243022788800246e-19
1.770938244525597e-19
2.519635831312623e-19
3.57999529812311e-19
5.079694428197063e-19
7.197859958664664e-19
1.018544504568955e-18
1.439353822846372e-18
2.031263176083698e-18
2.862702321225302e-18
4.029002376301848e-18
5.662788724441565e-18
7.948310677211814e-18
1.114117738364913e-17
1.559549452422982e-17
2.180113582850065e-17
3.043484670691267e-17
4.243020966857285e-17
5.907331520371128e-17
8.213338352857069e-17
1.140408234840646e-16
1.581295898378103e-16
2.18966831301844e-16
3.027999320228683e-16
4.181628812933682e-16
5.766967176052556e-16
7.942582418382659e-16
1.092416380370621e-15
1.500468679358868e-15
2.058153689523442e-15
2.819296860651446e-15
3.85669982752644e-15
5.268691045105149e-15
7.187891944246839e-15
9.792918056604916e-15
1.332399173766896e-14
1.810373004935625e-14
2.456479911519018e-14
3.328661266977298e-14
4.504401951259396e-14
6.087171782256928e-14
8.214945650814043e-14
1.107144771369563e-13
1.490096837152705e-13
2.002786906587714e-13
2.688220739760494e-13
3.603336162436022e-13
4.823408382773064e-13
6.447813745598385e-13
8.607554773110149e-13
1.147507869975195e-12
1.527706672103946e-12
2.031104234453962e-12
2.696696815504551e-12
3.57552117254134e-12
4.734275905332597e-12
6.260000330604587e-12
8.266114355504062e-12
1.090019567662193e-11
1.435398761656659e-11
1.887625646068702e-11
2.478926959537109e-11
3.250990449066293e-11
4.257663666074052e-11
5.568396091448768e-11
7.272631802335283e-11
9.485390944918848e-11
1.235436614122065e-10
1.60689211936571e-10
2.087149619800499e-10
2.70719974215794e-10
3.506601120584207e-10
4.535772035740848e-10
5.858874496666999e-10
7.557438008731765e-10
9.734907324698838e-10
1.252232761927985e-09
1.60854718433967e-09
2.063370363458716e-09
2.643106178368271e-09
3.380999924473826e-09
4.318850166384891e-09
5.509127376512879e-09
7.017594949587647e-09
8.926551942067817e-09
1.133883120729706e-08
1.43827225684845e-08
1.821802442236731e-08
2.30434711312455e-08
2.910583063453487e-08
3.671103598890113e-08
4.623775495815607e-08
5.815397940978073e-08
7.303712123984951e-08
9.159846570128138e-08
1.147128614320536e-07
1.434545282563704e-07
1.791403718698348e-07
2.233822584685186e-07
2.781497414616751e-07
3.45845535321132e-07
4.293959818824078e-07
5.323591949490947e-07
6.5905447854675e-07
8.147160315274959e-07
1.005676267595845e-06
1.239583525602939e-06
1.525659513390565e-06
1.875004386420187e-06
2.30095565711963e-06
2.819512019414105e-06
3.449831638135947e-06
4.214814907754771e-06
5.141787823959021e-06
6.263299383135745e-06
7.618049949087435e-06
9.251974915969186e-06
1.121949480875628e-05
1.358496319880942e-05
1.642434835957829e-05
1.982715730264317e-05
2.389865949226078e-05
2.876241342164576e-05
3.456319245742634e-05
4.147028084844351e-05
4.968126086168922e-05
5.942628922639415e-05
7.097294292179868e-05
8.463168342132121e-05
0.0001007619866868481
0.0001197792735183612
0.0001421626366209239
0.0001684634626144543
0.000199314919882454
0.0002354426105739549
0.0002776763867586851
0.000326963112456724
0.0003843808372039348
0.0004511541628744453
0.0005286711966618896
0.0006185013917274773
0.0007224155124276876
0.0008424065890721977
0.0009807118913158774
0.001139837549999356
0.001322582946158946
0.001532067079097033
0.001771756797097623
0.002045494271442294
0.002357525983825326
0.002712532645091414
0.003115658182650805
0.003572539426386356
0.004089332185685635
0.004672740586102009
0.005330041982233524
0.00606910465285182
0.006898411083966494
0.007827069610357285
0.00886482372879982
0.01002205535769463
0.0113097783178091
0.01273962389677763
0.01432381849735975
0.01607514917850494
0.01800691522657871
0.02013286948204041
0.02246714383363724
0.02502415329217911
0.02781849727034569
0.03086481988430023
0.03417767584323883
0.03777136281132698
0.04165973886847496
0.04585601761937141
0.05037255212664604
0.0552205890417099
0.06041001155972481
0.06594907492399216
0.07184410840272903
0.07809922844171524
0.08471605181694031
0.09169334918260574
0.09902679920196533
0.1067086607217789
0.1147275120019913
0.1230679750442505
0.1317105293273926
0.1406312584877014
0.1498017460107803
0.1591889560222626
0.1687551885843277
0.1784581542015076
0.1882510036230087
0.1980826109647751
0.207897737622261
0.2176374047994614
0.2272393852472305
0.2366387695074081
0.2457685470581055
0.2545603811740875
0.2629453837871552
0.2708550095558167
0.2782221138477325
0.28498175740242
0.2910724282264709
0.2964371144771576
0.3010242581367493
0.3047888875007629
0.3076936304569244
0.3097096085548401
0.3108173012733459
0.3110073208808899
0.3102808594703674
0.3086503446102142
0.3061395287513733
0.3027835786342621
0.2986288964748383
0.2937328219413757
0.2881629765033722
0.2819963991641998
0.2753186225891113
0.2682223320007324
0.2608059346675873
0.2531720101833344
0.2454254776239395
0.2376717180013657
0.2300147414207458
0.2225551009178162
0.2153879702091217
0.208601176738739
0.2022733986377716
0.1964724957942963
0.1912539303302765
0.1866595596075058
0.1827166229486465
0.1794371008872986
0.1768172532320023
0.174837738275528
0.1734639406204224
0.1726467162370682
0.1723235845565796
0.1724202334880829
0.1728523373603821
0.1735278069972992
0.1743490248918533
0.1752156168222427
0.1760270744562149
0.1766856908798218
0.1770991832017899
0.1771834790706635
0.1768652200698853
0.1760840117931366
0.1747942566871643
0.1729668229818344
0.1705899089574814
0.1676697432994843
0.1642305105924606
0.1603138446807861
0.1559777706861496
0.1512949913740158
0.1463509649038315
0.1412412375211716
0.1360686272382736
0.1309401392936707
0.1259635835886002
0.1212441474199295
0.1168810725212097
0.11296446621418
0.1095723137259483
0.1067678704857826
0.1045975238084793
0.1030891463160515
0.1022510826587677
0.1020717620849609
0.1025198996067047
0.1035454869270325
0.1050813272595406
0.1070451587438583
0.1093423888087273
0.1118691861629486
0.1145159155130386
0.1171708703041077
0.1197239607572556
0.1220705211162567
0.1241147890686989
0.125773087143898
0.1269766837358475
0.1276739537715912
0.1278320252895355
0.1274377256631851
0.126497745513916
0.1250380724668503
0.1231028288602829
0.1207522600889206
0.118060290813446
0.1151115596294403
0.11199801415205
0.1088153272867203
0.1056592389941216
0.1026219427585602
0.09978862851858139
0.0972343385219574
0.09502138942480087
0.09319723397493362
0.09179303795099258
0.09082284569740295
0.09028352051973343
0.09015537798404694
0.09040343016386032
0.09097927063703537
0.09182348847389221
0.09286845475435257
0.09404131770133972
0.09526725858449936
0.09647268056869507
0.09758827090263367
0.09855175763368607
0.09931031614542007
0.09982247650623322
0.1000595465302467
0.1000062674283981
0.0996609553694725
0.09903509169816971
0.09815219789743423
0.09704628586769104
0.09575987607240677
0.09434173256158829
0.09284431487321854
0.0913211852312088
0.08982453495264053
0.08840280026197433
0.08709856867790222
0.08594685047864914
0.0849737748503685
0.0841958075761795
0.0836193859577179
0.08324113488197327
0.08304855227470398
0.08302102237939835
0.08313128352165222
0.08334711194038391
0.08363314718008041
0.08395283669233322
0.08427034318447113
0.08455225825309753
0.08476923406124115
0.08489718288183212
0.08491823822259903
0.08482132107019424
0.08460229635238647
0.08426380157470703
0.08381471782922745
0.08326931297779083
0.08264613896608353
0.08196683973073959
0.08125472068786621
0.0805334597826004
0.07982577383518219
0.07915227860212326
0.07853040844202042
0.07797376066446304
0.07749152928590775
0.07708831131458282
0.07676412910223007
0.07651474326848984
0.07633217424154282
0.07620537281036377
0.07612110674381256
0.076064832508564
0.07602159678936005
0.07597697526216507
0.07591783255338669
0.07583298534154892
0.07571375370025635
0.07555424422025681
0.07535151392221451
0.07510554790496826
0.07481901347637177
0.07449693232774734
0.07414615899324417
0.07377485185861588
0.07339188456535339
0.07300623506307602
0.07262644916772842
0.07226011157035828
0.07191348820924759
0.07159122079610825
0.07129615545272827
0.07102933526039124
0.07079006731510162
0.07057609409093857
0.07038388401269913
0.07020890712738037
0.07004605978727341
0.06989002972841263
0.06973563879728317
0.06957816332578659
0.06941360980272293
0.06923890858888626
0.06905205547809601
0.06885208934545517
0.0686391294002533
0.06841422617435455
0.06817923486232758
0.06793661415576935
0.06768917292356491
0.06743989884853363
0.0671917125582695
0.06694725900888443
0.06670879572629929
0.06647802144289017
0.0662560760974884
0.0660434290766716
0.06584000587463379
0.06564515084028244
0.06545780599117279
0.06527658551931381
0.06509988754987717
0.06492606550455093
0.06475352495908737
0.06458085030317307
0.0644068568944931
0.06423068791627884
0.0640517994761467
0.06387000530958176
0.06368542462587357
0.06349845230579376
0.0633096843957901
0.06311988830566406
0.06292988359928131
0.0627404972910881
0.06255249679088593
0.06236652284860611
0.06218309700489044
0.06200256571173668
0.06182509660720825
0.06165067106485367
0.06147913262248039
0.06131021305918694
0.06114355102181435
0.06097873672842979
0.06081533804535866
0.0606529638171196
0.06049127504229546
0.06032998114824295
0.06016889587044716
0.06000790372490883
0.05984697863459587
0.05968616530299187
0.05952556058764458
0.05936530977487564
0.059205561876297
0.05904649198055267
0.0588882640004158
0.05873101949691772
0.0585748553276062
0.0584198385477066
0.05826601386070251
0.05811337381601334
0.05796189606189728
0.05781152471899986
0.05766219645738602
0.05751383677124977
0.05736638605594635
0.05721976235508919
0.0570739284157753
0.0569288395345211
0.05678446963429451
0.05664081126451492
0.05649786442518234
0.05635561794042587
0.05621408298611641
0.05607326701283455
0.05593316629528999
0.05579379200935364
0.05565512925386429
0.05551717802882195
0.05537992343306541
0.0552433505654335
0.05510745942592621
0.05497223138809204
0.0548376590013504
0.05470374971628189
0.05457048863172531
0.05443788319826126
0.05430595204234123
0.05417469516396523
0.05404413491487503
0.05391427502036095
0.05378511548042297
0.05365666747093201
0.05352892354130745
0.0534018762409687
0.05327550321817398
0.05314978957176208
0.05302470177412033
0.05290021374821663
0.05277629941701889
0.05265292897820473
0.05253008380532265
0.05240774154663086
0.05228589102625847
0.05216452106833458
0.05204362794756889
0.05192321538925171
0.05180328339338303
0.05168384313583374
0.05156490206718445
0.05144644901156425
0.05132848024368286
0.05121096968650818
0.05109390243887901
0.05097723752260208
0.0508609302341938
0.05074492841959
0.05062916129827499
0.05051355436444283
0.05039802938699722
0.05028248950839043
0.05016683042049408
0.05005095154047012
0.04993471875786781
0.049818005412817
0.04970065504312515
0.04958248883485794
0.04946330934762955
0.04934289306402206
0.0492209829390049
0.04909727722406387
0.04897144064307213
0.04884307458996773
0.04871172457933426
0.04857689142227173
0.04843798652291298
0.04829434677958488
0.04814521968364716
0.04798975959420204
0.04782702773809433
0.04765595868229866
0.04747538268566132
0.04728397354483604
0.04708026722073555
0.0468626357614994
0.04662927612662315
0.04637818410992622
0.04610714688897133
0.04581372812390327
0.04549524933099747
0.04514875262975693
0.04477102309465408
0.04435852915048599
0.04390741139650345
0.04341348633170128
0.04287220910191536
0.04227866977453232
0.04162756353616714
0.04091319441795349
0.04012944549322128
0.03926979005336761
0.03832728415727615
0.03729454427957535
0.03616375476121902
0.03492670133709908
0.03357474133372307
0.03209883347153664
0.03048956766724586
0.02873720042407513
0.02683167718350887
0.02476268820464611
0.02251970954239368
0.0200920794159174
0.01746906340122223
0.01463994570076466
0.01159411761909723
0.008321180939674377
0.004811068065464497
0.00105415761936456
-0.00295858271420002
-0.007235458120703697
-0.01178388949483633
-0.01661025360226631
-0.02171971835196018
-0.0271160677075386
-0.03280152380466461
-0.03877658024430275
-0.04503979906439781
-0.05158766359090805
-0.05841437727212906
-0.06551174819469452
-0.07286898791790009
-0.08047260344028473
-0.0883062556385994
-0.09635069221258163
-0.1045836210250854
-0.1129797101020813
-0.1215105354785919
-0.1301446259021759
-0.1388474851846695
-0.1475817263126373
-0.1563071310520172
-0.1649809330701828
-0.1735579371452332
-0.1819908171892166
-0.1902305036783218
-0.1982265561819077
-0.205927386879921
-0.2132809460163116
-0.220235139131546
-0.2267383337020874
-0.2327399849891663
-0.2381911873817444
-0.243045374751091
-0.2472589015960693
-0.2507917582988739
-0.2536081373691559
-0.2556771636009216
-0.2569734156131744
-0.2574777007102966
-0.2571772933006287
-0.2560667097568512
-0.2541478872299194
-0.2514306902885437
-0.247933104634285
-0.2436812818050385
-0.2387096285820007
-0.2330606579780579
-0.226784735918045
-0.2199397534132004
-0.2125906199216843
-0.2048085927963257
-0.1966703832149506
-0.1882573515176773
-0.179654449224472
-0.1709489822387695
-0.1622294932603836
-0.1535844057798386
-0.1451005935668945
-0.1368620693683624
-0.1289485394954681
-0.1214341595768929
-0.1143861413002014
-0.1078636571764946
-0.1019167080521584
-0.0965852290391922
-0.09189833700656891
-0.08787379413843155
-0.084517702460289
-0.0818244144320488
-0.07977666705846786
-0.07834599912166595
-0.07749340683221817
-0.0771702378988266
-0.07731921970844269
-0.07787585258483887
-0.07876984030008316
-0.07992669939994812
-0.08126949518918991
-0.08272060751914978
-0.08420358598232269
-0.08564485609531403
-0.08697547018527985
-0.08813274651765823
-0.08906164020299911
-0.08971606940031052
-0.09005989879369736
-0.09006774425506592
-0.08972539752721786
-0.08903003484010696
-0.08799008280038834
-0.08662480115890503
-0.08496349304914474
-0.08304454386234283
-0.08091406524181366
-0.07862444967031479
-0.07623261213302612
-0.07379822432994843
-0.07138177007436752
-0.0690426379442215
-0.06683718413114548
-0.06481697410345078
-0.06302711367607117
-0.06150481104850769
-0.06027817353606224
-0.05936535447835922
-0.0587739609181881
-0.05850083753466606
-0.0585322193801403
-0.05884422361850739
-0.05940369516611099
-0.06016938760876656
-0.06109337508678436
-0.06212273985147476
-0.06320140510797501
-0.06427212804555893
-0.06527846306562424
-0.06616676598787308
-0.06688807159662247
-0.06739983707666397
-0.06766741722822189
-0.06766532361507416
-0.06737805902957916
-0.06680068373680115
-0.06593901664018631
-0.06480929255485535
-0.06343764066696167
-0.06185907870531082
-0.06011616811156273
-0.05825744196772575
-0.05633559450507164
-0.05440548807382584
-0.05252209678292274
-0.05073847249150276
-0.04910371080040932
-0.04766115918755531
-0.0464467778801918
-0.04548782110214233
-0.04480185732245445
-0.04439613223075867
-0.04426740109920502
-0.0444021001458168
-0.04477697238326073
-0.04536005109548569
-0.04611199349164963
-0.04698767885565758
-0.04793806374073029
-0.04891214519739151
-0.04985900595784187
-0.05072984471917152
-0.05147988721728325
-0.05207013338804245
-0.05246884375810623
-0.05265272781252861
-0.05260775610804558
-0.05232958495616913
-0.05182359740138054
-0.05110449716448784
-0.05019555985927582
-0.0491274856030941
-0.04793701693415642
-0.046665258705616
-0.04535587131977081
-0.04405315220355988
-0.04280015453696251
-0.04163684695959091
-0.04059846699237823
-0.03971410915255547
-0.03900557011365891
-0.03848658502101898
-0.03816239535808563
-0.03802971914410591
-0.03807708621025085
-0.03828556835651398
-0.03862979635596275
-0.03907924517989159
-0.03959975391626358
-0.04015516489744186
-0.0407089963555336
-0.04122614488005638
-0.0416744127869606
-0.04202593490481377
-0.04225832968950272
-0.04235556349158287
-0.04230852425098419
-0.0421152301132679
-0.04178071022033691
-0.04131654277443886
-0.04074010252952576
-0.04007356241345406
-0.03934264928102493
-0.03857531026005745
-0.03780029341578484
-0.03704570978879929
-0.03633769229054451
-0.03569919243454933
-0.03514893725514412
-0.03470069915056229
-0.03436274081468582
-0.03413762152194977
-0.03402228280901909
-0.03400839120149612
-0.03408296033740044
-0.03422917425632477
-0.03442737832665443
-0.03465621918439865
-0.03489376232028008
-0.03511867299675941
-0.0353112630546093
-0.03545447811484337
-0.03553464636206627
-0.0355420708656311
-0.03547137230634689
-0.03532158210873604
-0.03509603440761566
-0.03480198234319687
-0.03445005416870117
-0.03405354544520378
-0.03362759202718735
-0.03318826481699944
-0.0327516533434391
-0.03233301639556885
-0.03194595500826836
-0.03160176053643227
-0.03130888938903809
-0.03107262589037418
-0.03089493326842785
-0.03077450580894947
-0.03070698119699955
-0.03068532608449459
-0.03070036321878433
-0.03074138611555099
-0.0307968333363533
-0.03085499070584774
-0.03090466186404228
-0.03093578293919563
-0.03093994967639446
-0.0309108067303896
-0.03084432706236839
-0.03073891624808311
-0.03059539757668972
-0.0304168239235878
-0.03020819649100304
-0.02997606806457043
-0.02972806990146637
-0.02947241254150867
-0.02921736054122448
-0.02897073328495026
-0.02873947657644749
-0.02852926775813103
-0.02834426052868366
-0.02818690426647663
-0.02805789187550545
-0.02795620262622833
-0.02787926606833935
-0.02782319486141205
-0.0277831070125103
-0.02775346674025059
-0.02772847190499306
-0.02770243212580681
-0.02767010591924191
-0.02762700617313385
-0.02756963483989239
-0.02749565802514553
-0.02740397304296494
-0.0272947158664465
-0.02716917358338833
-0.02702963538467884
-0.0268791988492012
-0.02672150544822216
-0.02656049467623234
-0.0264001190662384
-0.02624408900737762
-0.02609564550220966
-0.02595738135278225
-0.02583111077547073
-0.02571779116988182
-0.02561751753091812
-0.02552957087755203
-0.02545250207185745
-0.02538428269326687
-0.02532247826457024
-0.02526441961526871
-0.02520740777254105
-0.02514889277517796
-0.02508662827312946
-0.02501881681382656
-0.02494419179856777
-0.02486207522451878
-0.02477238327264786
-0.02467559650540352
-0.02457267977297306
-0.02446500025689602
-0.02435420081019402
-0.02424206212162971
-0.02413037791848183
-0.0240208338946104
-0.02391488663852215
-0.02381368167698383
-0.02371799573302269
-0.02362820506095886
-0.02354427985846996
-0.02346582524478436
-0.02339211665093899
-0.02332218363881111
-0.02325489744544029
-0.02318905480206013
-0.02312346547842026
-0.02305704727768898
-0.02298888750374317
-0.02291830256581306
-0.02284486219286919
-0.02276840806007385
-0.02268905192613602
-0.02260714210569859
-0.02252321690320969
-0.02243795618414879
-0.02235212735831738
-0.02226651459932327
-0.02218186669051647
-0.02209883742034435
-0.02201794274151325
-0.02193954586982727
-0.02186381816864014
-0.02179075963795185
-0.02172020263969898
-0.02165183797478676
-0.02158524468541145
-0.02151993475854397
-0.02145539037883282
-0.02139110676944256
-0.02132662385702133
-0.02126156724989414
-0.0211956650018692
-0.02112876065075397
-0.02106081880629063
-0.02099190838634968
-0.02092220261693001
-0.02085195295512676
-0.02078146114945412
-0.02071106061339378
-0.02064106985926628
-0.02057178877294064
-0.02050346508622169
-0.02043627947568893
-0.02037033997476101
-0.02030567824840546
-0.02024224959313869
-0.02017994411289692
-0.02011859975755215
-0.02005802281200886
-0.01999799348413944
-0.01993829943239689
-0.01987874321639538
-0.01981916278600693
-0.01975943520665169
-0.01969948410987854
-0.01963929086923599
-0.01957887224853039
-0.0195182953029871
-0.01945766434073448
-0.01939709857106209
-0.01933673210442066
-0.01927669532597065
-0.01921710930764675
-0.01915807276964188
-0.0190996527671814
-0.0190418902784586
-0.01898479089140892
-0.01892833411693573
-0.01887246780097485
-0.0188171248883009
-0.01876222155988216
-0.01870766654610634
-0.01865337416529655
-0.01859926991164684
-0.01854528859257698
-0.01849138736724854
-0.01843754202127457
-0.01838375255465508
-0.01833003386855125
-0.01827641949057579
-0.01822295598685741
-0.01816968806087971
-0.01811667159199715
-0.01806395128369331
-0.01801157183945179
-0.01795956492424011
-0.01790794730186462
-0.01785672828555107
-0.0178059060126543
-0.01775545440614223
-0.01770535111427307
-0.01765556074678898
-0.01760604977607727
-0.01755678467452526
-0.01750773005187511
-0.01745886541903019
-0.01741017214953899
-0.01736163347959518
-0.01731324754655361
-0.01726502180099487
-0.01721696369349957
-0.01716908812522888
-0.01712141744792461
-0.01707396470010281
-0.0170267540961504
-0.01697979494929314
-0.01693310402333736
-0.01688668690621853
-0.01684054546058178
-0.01679467782378197
-0.01674907654523849
-0.01670372858643532
-0.01665862090885639
-0.01661374047398567
-0.01656906865537167
-0.01652459427714348
-0.01648030430078506
-0.01643619686365128
-0.01639226078987122
-0.01634849794209003
-0.01630491390824318
-0.01626150868833065
-0.01621828973293304
-0.01617526449263096
-0.01613243855535984
-0.01608981750905514
-0.01604740135371685
-0.01600519753992558
-0.01596320420503616
-0.01592141948640347
-0.01587984152138233
-0.01583846472203732
-0.01579728722572327
-0.01575630344450474
-0.01571550779044628
-0.0156748965382576
-0.01563446782529354
-0.01559421233832836
-0.01555412914603949
-0.01551421545445919
-0.0154744703322649
-0.01543489471077919
-0.01539548672735691
-0.01535625010728836
-0.01531718485057354
-0.0152782928198576
-0.01523957401514053
-0.01520103123039007
-0.01516266446560621
-0.01512447185814381
-0.01508645247668028
-0.01504860632121563
-0.01501092966645956
-0.01497341878712177
-0.01493607182055712
-0.01489888597279787
-0.01486186217516661
-0.01482499483972788
-0.01478828396648169
-0.0147517267614603
-0.01471532508730888
-0.0146790761500597
-0.01464298088103533
-0.01460703834891319
-0.01457125041633844
-0.01453561428934336
-0.01450013089925051
-0.01446480024605989
-0.01442962232977152
-0.01439459528774023
-0.01435971725732088
-0.01432499010115862
-0.01429040916264057
-0.01425597351044416
-0.0142216831445694
-0.01418753620237112
-0.01415353175252676
-0.01411966700106859
-0.01408594008535147
-0.01405235007405281
-0.01401889882981777
-0.01398558542132378
-0.01395240891724825
-0.01391936931759119
-0.01388646475970745
-0.01385369710624218
-0.01382106263190508
-0.01378856040537357
-0.01375619135797024
-0.01372395735234022
-0.0136918555945158
-0.01365988422185183
-0.01362804416567087
-0.01359633170068264
-0.01356474682688713
-0.01353328861296177
-0.01350195426493883
-0.01347074285149574
-0.0134396543726325
-0.01340869255363941
-0.01337785366922617
-0.01334713865071535
-0.01331654563546181
-0.01328607369214296
-0.01325572375208139
-0.01322549395263195
-0.01319538429379463
-0.01316539291292429
-0.01313551981002092
-0.01310576312243938
-0.01307612378150225
-0.01304660085588694
-0.01301719341427088
-0.01298790145665407
-0.01295872498303652
-0.01292966119945049
-0.01290070824325085
-0.0128718689084053
-0.01284314319491386
-0.0128145283088088
-0.0127860251814127
-0.01275763008743525
-0.01272934395819902
-0.01270116586238146
-0.01267309486865997
-0.01264513004571199
-0.01261727046221495
-0.01258951611816883
-0.01256186608225107
-0.01253432128578424
-0.0125068798661232
-0.01247954182326794
-0.01245230901986361
-0.01242517866194248
-0.01239814981818199
-0.01237122341990471
-0.01234439946711063
-0.01231767609715462
-0.01229105424135923
-0.01226453110575676
-0.01223810855299234
-0.01221178472042084
-0.01218555681407452
-0.0121594276279211
-0.0121333934366703
-0.01210745703428984
-0.01208161562681198
-0.01205586921423674
-0.0120302177965641
-0.01200466137379408
-0.01197919901460409
-0.01195382792502642
-0.01192854903638363
-0.01190336141735315
-0.01187826413661242
-0.01185325719416142
-0.01182834152132273
-0.01180351618677378
-0.01177877932786942
-0.01175413280725479
-0.01172957569360733
-0.01170510798692703
-0.01168072689324617
-0.0116564342752099
-0.01163223013281822
-0.01160811353474855
-0.01158408261835575
-0.01156014017760754
-0.01153628341853619
-0.0115125123411417
-0.01148882601410151
-0.01146522257477045
-0.01144170109182596
-0.01141826249659061
-0.01139490585774183
-0.01137162931263447
-0.01134843379259109
-0.01132531836628914
-0.01130228210240602
-0.0112793231382966
-0.01125644333660603
-0.01123364176601171
-0.01121091935783625
-0.01118827704340219
-0.01116571482270956
-0.01114323269575834
-0.01112082973122597
-0.01109850592911243
-0.01107626035809517
-0.01105409301817417
-0.01103200204670429
-0.01100998744368553
-0.01098805014044046
-0.01096618827432394
-0.01094440091401339
-0.01092268619686365
-0.01090104598551989
-0.01087947934865952
-0.01085798442363739
-0.01083656121045351
-0.01081521064043045
-0.01079393085092306
-0.01077272370457649
-0.01075158733874559
-0.01073052268475294
-0.01070952881127596
-0.01068860664963722
-0.01066775526851416
-0.01064697373658419
-0.01062626112252474
-0.01060561649501324
-0.01058504078537226
-0.01056453306227922
-0.01054409239441156
-0.01052371878176928
-0.01050341222435236
-0.01048317458480597
-0.01046300213783979
-0.010442896746099
-0.01042285840958357
-0.01040288619697094
-0.01038298010826111
-0.01036314014345407
-0.01034336537122726
-0.01032365579158068
-0.01030401140451431
-0.0102844312787056
-0.01026491448283195
-0.01024546101689339
-0.01022606808692217
-0.0102067394182086
-0.01018747128546238
-0.01016826462000608
-0.01014912035316229
-0.01013003755360842
-0.01011101715266705
-0.01009205915033817
-0.01007316168397665
-0.01005432475358248
-0.0100355502218008
-0.01001683622598648
-0.009998182766139507
-0.009979588910937309
-0.009961054660379887
-0.009942579083144665
-0.009924163110554218
-0.009905806742608547
-0.009887506254017353
-0.009869263507425785
-0.009851076640188694
-0.00983294565230608
-0.009814869612455368
-0.009796849451959133
-0.00977888610213995
-0.009760977700352669
-0.009743126109242439
-0.009725327603518963
-0.009707585908472538
-0.009689899161458015
-0.00967226829379797
-0.00965469516813755
-0.009637176059186459
-0.009619714692234993
-0.009602309204638004
-0.009584959596395493
-0.009567663073539734
-0.009550420567393303
-0.009533231146633625
-0.0095160948112607
-0.009499009698629379
-0.009481973946094513
-0.009464988484978676
-0.009448054246604443
-0.009431172162294388
-0.009414343163371086
-0.009397564455866814
-0.00938083603978157
-0.009364158846437931
-0.009347531013190746
-0.009330953471362591
-0.009314426220953465
-0.009297950193285942
-0.009281524457037449
-0.009265149012207985
-0.009248821996152401
-0.009232543408870697
-0.009216313250362873
-0.009200130589306355
-0.009183996357023716
-0.009167910553514957
-0.00915186945348978
-0.009135877713561058
-0.009119934402406216
-0.009104039520025253
-0.009088193066418171
-0.009072395972907543
-0.009056647308170795
-0.009040946140885353
-0.009025290608406067
-0.009009680710732937
-0.008994117379188538
-0.008978597819805145
-0.008963122963905334
-0.00894769374281168
-0.008932309225201607
-0.008916969411075115
-0.008901674300432205
-0.008886424824595451
-0.008871220052242279
-0.008856059983372688
-0.008840943686664104
-0.008825872093439102
-0.008810845203697681
-0.008795861154794693
-0.008780920878052711
-0.008766023442149162
-0.008751167915761471
-0.008736355230212212
-0.008721587248146534
-0.008706862106919289
-0.008692179806530476
-0.008677537553012371
-0.008662937209010124
-0.008648378774523735
-0.008633861318230629
-0.008619384840130806
-0.008604951202869415
-0.008590557612478733
-0.008576205000281334
-0.008561893366277218
-0.008547620847821236
-0.008533388376235962
-0.008519196882843971
-0.008505045436322689
-0.008490934036672115
-0.008476861752569675
-0.008462828584015369
-0.008448837324976921
-0.008434885181486607
-0.008420972153544426
-0.008407099172472954
-0.008393264375627041
-0.008379469625651836
-0.008365712128579617
-0.008351993747055531
-0.008338313549757004
-0.008324672468006611
-0.008311067707836628
-0.00829750020056963
-0.008283969014883041
-0.008270474150776863
-0.008257016539573669
-0.008243597112596035
-0.008230214938521385
-0.008216870948672295
-0.008203565143048763
-0.008190296590328217
-0.008177065290510654
-0.008163869380950928
-0.008150708861649036
-0.00813758373260498
-0.00812449399381876
-0.008111440576612949
-0.008098423480987549
-0.008085440844297409
-0.008072494529187679
-0.00805958267301321
-0.008046704344451427
-0.008033859543502331
-0.008021049201488495
-0.008008274249732494
-0.00799553282558918
-0.007982825860381126
-0.007970152422785759
-0.007957513444125652
-0.007944907993078232
-0.007932337000966072
-0.007919800467789173
-0.007907298393547535
-0.007894830778241158
-0.007882395759224892
-0.007869995199143887
-0.007857629097998142
-0.007845297455787659
-0.007832998409867287
-0.007820732891559601
-0.007808499038219452
-0.007796298712491989
-0.007784131448715925
-0.007771996315568686
-0.007759892847388983
-0.007747821509838104
-0.007735780905932188
-0.007723771035671234
-0.00771179236471653
-0.007699844427406788
-0.007687927223742008
-0.007676039822399616
-0.007664183154702187
-0.007652356289327145
-0.007640560623258352
-0.007628795690834522
-0.007617061026394367
-0.007605357561260462
-0.007593685761094093
-0.007582043297588825
-0.007570432033389807
-0.007558851037174463
-0.007547299843281507
-0.007535778451710939
-0.007524287328124046
-0.007512826472520828
-0.007501395419239998
-0.007489993236958981
-0.007478620857000351
-0.007467278279364109
-0.007455965504050255
-0.007444681134074926
-0.007433426566421986
-0.007422201335430145
-0.007411005441099405
-0.007399838417768478
-0.007388700265437365
-0.007377590984106064
-0.007366510108113289
-0.007355457171797752
-0.00734443124383688
-0.007333432789891958
-0.007322461344301701
-0.007311516907066107
-0.00730059901252389
-0.007289707195013762
-0.007278841454535723
-0.007268001791089773
-0.007257187739014626
-0.007246401160955429
-0.007235641591250896
-0.007224909495562315
-0.007214204408228397
-0.007203527726233006
-0.007192879915237427
-0.007182260043919086
-0.007171668112277985
-0.007161104585975409
-0.007150569465011358
-0.00714005995541811
-0.007129577454179525
-0.00711912102997303
-0.007108689751476049
-0.007098283153027296
-0.007087900768965483
-0.007077543064951897
-0.007067210040986538
-0.007056900765746832
-0.007046615239232779
-0.007036353927105665
-0.007026117295026779
-0.007015905808657408
-0.007005719933658838
-0.006995559204369783
-0.006985424552112818
-0.006975315511226654
-0.006965231616050005
-0.00695517286658287
-0.006945139728486538
-0.00693513173609972
-0.006925147958099842
-0.006915188860148191
-0.006905253510922194
-0.00689534330740571
-0.00688545685261488
-0.006875595077872276
-0.006865758914500475
-0.006855946034193039
-0.006846156902611256
-0.006836391985416412
-0.006826650816947222
-0.006816932000219822
-0.0068072360008955
-0.006797561887651682
-0.006787910126149654
-0.006778279785066843
-0.00676867226138711
-0.006759087089449167
-0.006749525666236877
-0.006739986594766378
-0.006730470340698957
-0.006720976904034615
-0.00671150628477335
-0.006702058482915163
-0.006692633032798767
-0.006683229468762875
-0.006673848256468773
-0.006664489395916462
-0.00665515149012208
-0.006645835470408201
-0.006636541336774826
-0.006627269554883242
-0.006618020124733448
-0.006608792580664158
-0.006599587388336658
-0.006590404082089663
-0.006581243127584457
-0.006572104524821043
-0.006562987342476845
-0.00655389204621315
-0.006544818170368671
-0.006535765249282122
-0.006526733282953501
-0.006517721805721521
-0.006508731283247471
-0.006499761715531349
-0.006490812636911869
-0.006481883581727743
-0.006472974549978971
-0.006464086007326841
-0.006455217488110065
-0.006446368992328644
-0.006437541451305151
-0.006428733468055725
-0.006419946905225515
-0.00641118036583066
-0.006402434781193733
-0.006393710151314735
-0.006385006010532379
-0.006376322358846664
-0.006367658730596304
-0.00635901466012001
-0.006350389681756496
-0.006341783795505762
-0.006333197001367807
-0.00632462976500392
-0.006316081620752811
-0.006307552102953196
-0.006299042608588934
-0.006290551740676165
-0.00628208089619875
-0.006273630075156689
-0.006265199277549982
-0.00625678850337863
-0.00624839635565877
-0.006240022834390402
-0.006231668405234814
-0.006223332602530718
-0.006215014029294252
-0.006206714082509279
-0.006198431830853224
-0.006190166808664799
-0.006181919947266579
-0.006173690315335989
-0.006165479309856892
-0.006157287396490574
-0.006149114109575748
-0.006140959449112415
-0.006132823880761862
-0.006124707404524088
-0.006116610486060381
-0.006108531728386879
-0.006100470200181007
-0.006092426367104053
-0.00608439976349473
-0.006076390855014324
-0.006068398244678974
-0.006060423329472542
-0.00605246564373374
-0.006044525187462568
-0.006036602426320314
-0.006028696428984404
-0.006020808126777411
-0.006012937985360622
-0.006005085539072752
-0.005997249856591225
-0.005989431869238615
-0.005981630645692348
-0.005973847117275
-0.005966080818325281
-0.005958331748843193
-0.005950600374490023
-0.005942886229604483
-0.00593518977984786
-0.005927510093897581
-0.00591984810307622
-0.005912202876061201
-0.005904573481529951
-0.005896960385143757
-0.005889362655580044
-0.005881781224161386
-0.005874214693903923
-0.005866663530468941
-0.005859128665179014
-0.005851610098034143
-0.005844107829034328
-0.005836621858179569
-0.00582915311679244
-0.005821700673550367
-0.00581426452845335
-0.005806845147162676
-0.00579944159835577
-0.005792053882032633
-0.005784681532531977
-0.005777325481176376
-0.005769983865320683
-0.00576265761628747
-0.005755346734076738
-0.005748050287365913
-0.005740767810493708
-0.005733499769121408
-0.005726247560232878
-0.005719009786844254
-0.005711787380278111
-0.005704580806195736
-0.00569739006459713
-0.005690214224159718
-0.005683055147528648
-0.00567591143772006
-0.005668784026056528
-0.005661672912538052
-0.005654578562825918
-0.005647499579936266
-0.005640435498207808
-0.005633386317640543
-0.005626352038234472
-0.005619331728667021
-0.005612325388938189
-0.005605333019047976
-0.005598355084657669
-0.005591391585767269
-0.005584442988038063
-0.005577507894486189
-0.005570588167756796
-0.005563681945204735
-0.00555679015815258
-0.005549912806600332
-0.005543049890547991
-0.005536201409995556
-0.00552936689928174
-0.005522546824067831
-0.005515740718692541
-0.00550894858315587
-0.005502170883119106
-0.005495406687259674
-0.005488656926900148
-0.005481921136379242
-0.005475199315696955
-0.005468490533530712
-0.005461794789880514
-0.005455112084746361
-0.005448441952466965
-0.005441784393042326
-0.005435138940811157
-0.005428506527096033
-0.005421887151896954
-0.005415281280875206
-0.00540868891403079
-0.005402110982686281
-0.005395547486841679
-0.00538899889215827
-0.005382463801652193
-0.005375942215323448
-0.005369433667510748
-0.005362939089536667
-0.005356458015739918
-0.005349990446120501
-0.005343535449355841
-0.005337093025445938
-0.005330664105713367
-0.005324248224496841
-0.00531784538179636
-0.005311455577611923
-0.005305078811943531
-0.005298715084791183
-0.005292364861816168
-0.005286026746034622
-0.005279702600091696
-0.005273391958326101
-0.00526709295809269
-0.005260806530714035
-0.005254532210528851
-0.005248269997537136
-0.005242019891738892
-0.00523578142747283
-0.005229555536061525
-0.005223342683166265
-0.005217142403125763
-0.00521095423027873
-0.005204778164625168
-0.005198614206165075
-0.005192461423575878
-0.005186321213841438
-0.005180193111300468
-0.005174077115952969
-0.005167972762137651
-0.005161880049854517
-0.005155798047780991
-0.005149726755917072
-0.005143667571246624
-0.005137620493769646
-0.00513158505782485
-0.005125562194734812
-0.005119551438838243
-0.005113553255796432
-0.005107567645609379
-0.005101593676954508
-0.005095632281154394
-0.005089682061225176
-0.005083743948489428
-0.005077817011624575
-0.005071902181953192
-0.005065998528152704
-0.005060106050223112
-0.005054225213825703
-0.005048356018960476
-0.005042497999966145
-0.005036650691181421
-0.005030814558267593
-0.005024990066885948
-0.005019174888730049
-0.005013371352106333
-0.005007578060030937
-0.005001796409487724
-0.004996025934815407
-0.004990266636013985
-0.004984518047422171
-0.004978781100362539
-0.004973054863512516
-0.004967340733855963
-0.004961638245731592
-0.004955946933478117
-0.004950267262756824
-0.004944599233567715
-0.004938941914588213
-0.004933294374495745
-0.004927657544612885
-0.00492203189060092
-0.004916416481137276
-0.004910811316221952
-0.004905216861516237
-0.004899632185697556
-0.004894058220088482
-0.004888494964689016
-0.004882941488176584
-0.004877397790551186
-0.004871865268796682
-0.004866343922913074
-0.004860833287239075
-0.00485533382743597
-0.004849846009165049
-0.004844368901103735
-0.004838902503252029
-0.00483344541862607
-0.004827998112887144
-0.004822560586035252
-0.004817133769392967
-0.004811716265976429
-0.004806308075785637
-0.004800909198820591
-0.004795519635081291
-0.004790139384567738
-0.004784769378602505
-0.004779408685863018
-0.004774058703333139
-0.00476871756836772
-0.004763385746628046
-0.004758063703775406
-0.004752751905471087
-0.004747449886053801
-0.004742157645523548
-0.004736875649541616
-0.004731603898108006
-0.004726342856884003
-0.004721091128885746
-0.004715850111097097
-0.004710619803518057
-0.00470539927482605
-0.004700188525021076
-0.004694987088441849
-0.004689793568104506
-0.004684607964009047
-0.004679429344832897
-0.004674257710576057
-0.004669092129915953
-0.004663931671530008
-0.004658776801079512
-0.004653626121580601
-0.00464848056435585
-0.004643339198082685
-0.004638202022761106
-0.004633068107068539
-0.00462793605402112
-0.004622804932296276
-0.004617673344910145
-0.004612539429217577
-0.004607401322573423
-0.004602257162332535
-0.004597104620188475
-0.004591940436512232
-0.004586761351674795
-0.004581564106047153
-0.004576345440000296
-0.004571100696921349
-0.004565824754536152
-0.004560511093586683
-0.004555154126137495
-0.004549747798591852
-0.004544283263385296
-0.004538752604275942
-0.004533146973699331
-0.004527454730123281
-0.004521664697676897
-0.004515763372182846
-0.004509738180786371
-0.004503573291003704
-0.004497253801673651
-0.00449075922369957
-0.004484072327613831
-0.004477171692997217
-0.004470034036785364
-0.004462635610252619
-0.004454949870705605
-0.00444694934412837
-0.004438605159521103
-0.004429885186254978
-0.004420756362378597
-0.004411183763295412
-0.004401131998747587
-0.004390562884509563
-0.004379438702017069
-0.004367718938738108
-0.004355362616479397
-0.004342327825725079
-0.004328572191298008
-0.004314055200666189
-0.00429873401299119
-0.004282567650079727
-0.00426551653072238
-0.004247542005032301
-0.004228607751429081
-0.004208680707961321
-0.004187730606645346
-0.004165730904787779
-0.004142660647630692
-0.004118503537029028
-0.004093249328434467
-0.004066893830895424
-0.004039441235363483
-0.004010902252048254
-0.00398129690438509
-0.003950653597712517
-0.003919010981917381
-0.003886416787281632
-0.00385292898863554
-0.003818615106865764
-0.003783553373068571
-0.003747833194211125
-0.003711552591994405
-0.003674819832667708
-0.003637751331552863
-0.003600472817197442
-0.003563116304576397
-0.003525819862261415
-0.003488726681098342
-0.003451983677223325
-0.003415738698095083
-0.003380140522494912
-0.003345335833728313
-0.003311467124149203
-0.003278672229498625
-0.00324708060361445
-0.003216810990124941
-0.003187971189618111
-0.003160653868690133
-0.00313493562862277
-0.003110876074060798
-0.003088514553382993
-0.003067870857194066
-0.003048942657187581
-0.003031704807654023
-0.003016110742464662
-0.003002090146765113
-0.002989551750943065
-0.002978382399305701
-0.002968449145555496
-0.002959602512419224
-0.002951676025986671
-0.002944489708170295
-0.00293785473331809
-0.002931574825197458
-0.002925450447946787
-0.00291928299702704
-0.002912877593189478
-0.002906048437580466
-0.002898620441555977
-0.002890434814617038
-0.0028813520912081
-0.002871254459023476
-0.002860049018636346
-0.002847669180482626
-0.002834077691659331
-0.00281926617026329
-0.002803256968036294
-0.002786100842058659
-0.002767877420410514
-0.002748692641034722
-0.002728675957769156
-0.002707978477701545
-0.002686767838895321
-0.002665224485099316
-0.002643537009134889
-0.002621896797791123
-0.00260049314238131
-0.002579509280622005
-0.002559115644544363
-0.002539466600865126
-0.002520695794373751
-0.002502911956980824
-0.00248619681224227
-0.002470602281391621
-0.002456149319186807
-0.00244282721541822
-0.002430594526231289
-0.002419379539787769
-0.002409083768725395
-0.002399584976956248
-0.002390739973634481
-0.002382390201091766
-0.002374366391450167
-0.002366493921726942
-0.002358599565923214
-0.002350514987483621
-0.002342084422707558
-0.002333167707547545
-0.002323646331205964
-0.002313425997272134
-0.002302439883351326
-0.002290649805217981
-0.002278049476444721
-0.002264662180095911
-0.002250539371743798
-0.002235759282484651
-0.002220423426479101
-0.002204652410000563
-0.002188581274822354
-0.002172354608774185
-0.002156120026484132
-0.002140024211257696
-0.002124205697327852
-0.002108791843056679
-0.002093891846016049
-0.002079593949019909
-0.002065962878987193
-0.002053037052974105
-0.002040827414020896
-0.002029318595305085
-0.002018468920141459
-0.002008212963119149
-0.001998465042561293
-0.001989122945815325
-0.001980072120204568
-0.001971191260963678
-0.001962357433512807
-0.001953450264409184
-0.001944358111359179
-0.00193498213775456
-0.001925240736454725
-0.00191507232375443
-0.001904436969198287
-0.00189331837464124
-0.001881723292171955
-0.001869681058451533
-0.00185724173206836
-0.001844473415985703
-0.001831457600928843
-0.001818286487832665
-0.001805057399906218
-0.001791868475265801
-0.001778814592398703
-0.001765982247889042
-0.001753445481881499
-0.001741264131851494
-0.001729479874484241
-0.001718116458505392
-0.001707177143543959
-0.00169664656277746
-0.001686492003500462
-0.001676664338447154
-0.00166710268240422
-0.001657736022025347
-0.001648488570936024
-0.00163928244728595
-0.001630042213946581
-0.001620698487386107
-0.001611191662959754
-0.001601473893970251
-0.001591511769220233
-0.001581287244334817
-0.001570798340253532
-0.00156005856115371
-0.001549094915390015
-0.001537947566248477
-0.00152666587382555
-0.001515305950306356
-0.001503927865996957
-0.001492591574788094
-0.001481354120187461
-0.001470266608521342
-0.001459371531382203
-0.00144870113581419
-0.001438275910913944
-0.001428104122169316
-0.001418182044290006
-0.001408493844792247
-0.001399014261551201
-0.001389709999784827
-0.0013805425260216
-0.001371470163576305
-0.001362451002933085
-0.001353445695713162
-0.001344420248642564
-0.00133534730412066
-0.001326208584941924
-0.001316995592787862
-0.001307710655964911
-0.001298366696573794
-0.001288986532017589
-0.001279602060094476
-0.001270252512767911
-0.001260982477106154
-0.001251840614713728
-0.001242877333424985
-0.001234142458997667
-0.001225683721713722
-0.001217545825056732
-0.001209769048728049
-0.001202388084493577
-0.001195432734675705
-0.001188927562907338
-0.001182893407531083
-0.001177347730845213
-0.001172306365333498
-0.001167784910649061
-0.001163800712674856
-0.001160374144092202
-0.001157530001364648
-0.001155298785306513
-0.001153717050328851
-0.001152828685007989
-0.001152683631516993
-0.001153338933363557
-0.001154857221990824
-0.001157304737716913
-0.001160750980488956
-0.001165266381576657
-0.001170920440927148
-0.001177779631689191
-0.001185905653983355
-0.001195353339426219
-0.001206169137731194
-0.001218390068970621
-0.0012320417445153
-0.001247137901373208
-0.001263679936528206
-0.001281655975617468
-0.001301040989346802
-0.00132179690990597
-0.001343872747384012
-0.001367204822599888
-0.001391717349179089
-0.001417322317138314
-0.001443919842131436
-0.001471399096772075
-0.001499638077802956
-0.001528504188172519
-0.001557854237034917
-0.001587535603903234
-0.001617386122234166
-0.001647235476411879
-0.001676905550993979
-0.001706212060526013
-0.001734966528601944
-0.001762977917678654
-0.00179005553945899
-0.001816011383198202
-0.00184066325891763
-0.001863838057033718
-0.001885375007987022
-0.001905128825455904
-0.001922974362969398
-0.001938808942213655
-0.001952555845491588
-0.001964166294783354
-0.001973623409867287
-0.00198094081133604
-0.001986166695132852
-0.001989383017644286
-0.001990704098716378
-0.00199027662165463
-0.00198827707208693
-0.001984908943995833
-0.001980399014428258
-0.001974993385374546
-0.00196895282715559
-0.001962547656148672
-0.001956051681190729
-0.001949737314134836
-0.001943868701346219
-0.001938696019351482
-0.001934450818225741
-0.001931339036673307
-0.001929537393152714
-0.001929188030771911
-0.001930396188981831
-0.001933226129040122
-0.001937700202688575
-0.001943797804415226
-0.001951455138623714
-0.001960567431524396
-0.001970990793779492
-0.001982545247301459
-0.001995020778849721
-0.002008182462304831
-0.002021776279434562
-0.002035535871982574
-0.002049190923571587
-0.002062475541606545
-0.00207513477653265
-0.002086933236569166
-0.002097661839798093
-0.00210714410059154
-0.002115243347361684
-0.002121864818036556
-0.002126960782334208
-0.002130531473085284
-0.002132624853402376
-0.002133335452526808
-0.002132800174877048
-0.002131195273250341
-0.002128728898242116
-0.002125635277479887
-0.002122164936736226
-0.002118576550856233
-0.002115127397701144
-0.002112064277753234
-0.002109613735228777
-0.002107975538820028
-0.002107314066961408
-0.00210775388404727
-0.002109373454004526
-0.002112204441800714
-0.002116229850798845
-0.002121386583894491
-0.002127567073330283
-0.00213462533429265
-0.002142383484169841
-0.00215063919313252
-0.002159173833206296
-0.002167763654142618
-0.002176187699660659
-0.002184238051995635
-0.002191729145124555
-0.002198506146669388
-0.002204449381679296
-0.002209480619058013
-0.002213567262515426
-0.002216721652075648
-0.002219001762568951
-0.002220506779849529
-0.00222137407399714
-0.002221771283075213
-0.002221890492364764
-0.00222193798981607
-0.002222125884145498
-0.00222266255877912
-0.002223744755610824
-0.002225548028945923
-0.002228219993412495
-0.002231875201687217
-0.002236590720713139
-0.002242404967546463
-0.002249316778033972
-0.002257288666442037
-0.00226625008508563
-0.002276102313771844
-0.002286727540194988
-0.002297993749380112
-0.002309765899553895
-0.002321912441402674
-0.002334314398467541
-0.002346872119233012
-0.002359511330723763
-0.002372188493609428
-0.002384892432019114
-0.002397645730525255
-0.002410504035651684
-0.002423552330583334
-0.00243690051138401
-0.002450677566230297
-0.002465024590492249
-0.002480087103322148
-0.002496006200090051
-0.002512910403311253
-0.002530910074710846
-0.002550089498981833
-0.00257050315849483
-0.002592171775177121
-0.002615080447867513
-0.002639180049300194
-0.002664388157427311
-0.00269059301353991
-0.002717658644542098
-0.002745430450886488
-0.002773741725832224
-0.002802421106025577
-0.002831298625096679
-0.002860212465748191
-0.0028890126850456
-0.002917567035183311
-0.002945762826129794
-0.002973507856950164
-0.003000730415806174
-0.00302737788297236
-0.003053413704037666
-0.003078813664615154
-0.003103561932221055
-0.00312764709815383
-0.003151055658236146
-0.003173770615831017
-0.003195767058059573
-0.003217009594663978
-0.003237453289330006
-0.003257042495533824
-0.003275712952017784
-0.00329339480958879
-0.003310015657916665
-0.003325505647808313
-0.003339802147820592
-0.003352854633703828
-0.003364629577845335
-0.003375115105882287
-0.003384323325008154
-0.003392292885109782
-0.003399091307073832
-0.003404811723157763
-0.003409573342651129
-0.003413517959415913
-0.003416805528104305
-0.003419609973207116
-0.003422112902626395
-0.003424498019739985
-0.003426945768296719
-0.003429627045989037
-0.003432699711993337
-0.003436303231865168
-0.003440556582063437
-0.003445555921643972
-0.003451372962445021
-0.003458056133240461
-0.003465629881247878
-0.003474097931757569
-0.003483444452285767
-0.003493636380881071
-0.003504626918584108
-0.003516357392072678
-0.003528758650645614
-0.003541754791513085
-0.00355526409111917
-0.003569200169295073
-0.003583471989259124
-0.003597986651584506
-0.003612647764384747
-0.003627357073128223
-0.003642014926299453
-0.003656520508229733
-0.00367077300325036
-0.003684672759845853
-0.003698124317452312
-0.003711037104949355
-0.003723329631611705
-0.003734929952770472
-0.003745779860764742
-0.003755836980417371
-0.003765077330172062
-0.003773496253415942
-0.003781109815463424
-0.003787956433370709
-0.003794095478951931
-0.003799605416134
-0.003804583102464676
-0.003809139365330338
-0.003813396906480193
-0.00381748448126018
-0.003821533638983965
-0.003825673367828131
-0.003830026369541883
-0.003834704635664821
-0.003839805256575346
-0.003845407860353589
-0.0038515729829669
-0.003858338575810194
-0.003865721402689815
-0.003873716341331601
-0.003882297081872821
-0.003891419619321823
-0.003901021322235465
-0.003911026753485203
-0.003921350464224815
-0.003931897692382336
-0.003942571114748716
-0.003953271079808474
-0.003963901195675135
-0.0039743697270751
-0.003984591457992792
-0.003994490951299667
-0.004004005342721939
-0.004013084806501865
-0.004021693486720324
-0.00402980949729681
-0.004037426318973303
-0.004044550936669111
-0.004051207099109888
-0.004057430196553469
-0.004063268192112446
-0.00406877975910902
-0.004074031952768564
-0.004079097881913185
-0.004084055777639151
-0.004088983871042728
-0.004093959461897612
-0.004099056590348482
-0.004104341380298138
-0.00410987064242363
-0.004115693271160126
-0.004121840931475163
-0.004128334112465382
-0.004135177936404943
-0.004142360761761665
-0.00414985790848732
-0.004157632123678923
-0.004165633581578732
-0.004173803608864546
-0.004182077012956142
-0.004190385807305574
-0.004198659211397171
-0.004206828307360411
-0.004214830696582794
-0.00422260956838727
-0.004230119753628969
-0.004237326327711344
-0.004244206473231316
-0.004250749945640564
-0.004256959538906813
-0.004262849688529968
-0.004268445074558258
-0.004273779690265656
-0.004278895445168018
-0.00428383843973279
-0.004288656171411276
-0.004293396603316069
-0.004298106301575899
-0.004302825313061476
-0.00430758623406291
-0.004312415141612291
-0.004317326936870813
-0.004322325810790062
-0.004327404778450727
-0.00433254661038518
-0.004337724763900042
-0.004342901054769754
-0.004348029848188162
-0.004353058524429798
-0.004357929341495037
-0.004362580366432667
-0.004366950131952763
-0.004370975773781538
-0.004374597687274218
-0.004377758130431175
-0.004380405880510807
-0.00438249297440052
-0.004383979830890894
-0.004384831991046667
-0.004385021515190601
-0.004384526982903481
-0.004383329767733812
-0.004381418693810701
-0.00437878305092454
-0.004375414457172155
-0.004371305927634239
-0.00436644721776247
-0.004360828083008528
-0.004354435484856367
-0.004347250796854496
-0.004339252598583698
-0.004330415278673172
-0.004320708103477955
-0.004310099873691797
-0.004298555664718151
-0.004286040551960468
-0.004272520076483488
-0.004257963970303535
-0.004242346156388521
-0.004225647076964378
-0.004207856021821499
-0.004188971593976021
-0.004169005434960127
-0.00414798129349947
-0.004125938285142183
-0.004102928563952446
-0.004079017322510481
-0.004054286982864141
-0.004028831142932177
-0.004002755973488092
-0.003976180218160152
-0.003949231933802366
-0.003922045696526766
-0.003894764464348555
-0.003867534920573235
-0.003840504912659526
-0.003813824383541942
-0.003787640715017915
-0.003762098494917154
-0.003737337188795209
-0.003713489975780249
-0.003690682351589203
-0.003669029800221324
-0.003648638026788831
-0.003629601094871759
-0.003611999563872814
-0.003595900954678655
-0.003581356722861528
-0.003568404354155064
-0.003557063173502684
-0.003547336207702756
-0.003539208322763443
-0.003532645292580128
-0.003527595428749919
-0.003523986786603928
-0.003521729726344347
-0.003520715748891234
-0.003520819591358304
-0.003521899227052927
-0.003523798426613212
-0.003526347689330578
-0.0035293682012707
-0.003532673232257366
-0.003536072326824069
-0.003539373865351081
-0.003542389022186399
-0.003544934559613466
-0.003546839114278555
-0.003547944594174623
-0.003548110602423549
-0.003547218395397067
-0.003545173211023211
-0.003541907062754035
-0.003537380369380116
-0.003531583584845066
-0.003524537198245525
-0.003516291966661811
-0.003506927751004696
-0.00349655095487833
-0.003485293360427022
-0.003473307937383652
-0.003460765583440661
-0.003447850933298469
-0.003434756537899375
-0.003421677742153406
-0.003408809890970588
-0.003396340645849705
-0.00338444672524929
-0.00337328715249896
-0.003363001858815551
-0.003353705862537026
-0.003345486940816045
-0.003338403766974807
-0.003332482883706689
-0.003327720332890749
-0.003324080258607864
-0.003321497235447168
-0.003319877665489912
-0.003319103503599763
-0.003319034120067954
-0.003319512819871306
-0.003320369636639953
-0.00332142855040729
-0.003322510747238994
-0.003323441604152322
-0.00332405511289835
-0.003324199933558702
-0.003323743119835854
-0.003322573844343424
-0.003320608288049698
-0.003317790571600199
-0.003314094850793481
-0.003309525782242417
-0.003304118057712913
-0.003297934774309397
-0.003291065571829677
-0.003283621976152062
-0.003275735070928931
-0.003267548978328705
-0.003259217133745551
-0.003250895068049431
-0.003242736682295799
-0.003234886331483722
-0.003227476729080081
-0.003220620797947049
-0.003214410971850157
-0.003208913840353489
-0.00320416921749711
-0.003200188046321273
-0.003196952631697059
-0.003194418735802174
-0.003192516276612878
-0.003191153518855572
-0.00319021986797452
-0.003189591225236654
-0.003189136506989598
-0.003188719972968102
-0.003188209841027856
-0.00318748177960515
-0.003186425194144249
-0.003184946021065116
-0.003182971617206931
-0.003180453553795815
-0.00317736784927547
-0.003173717064782977
-0.003169528441503644
-0.003164852736517787
-0.003159761428833008
-0.003154342994093895
-0.003148698946461082
-0.003142938949167728
-0.003137174993753433
-0.003131517674773932
-0.003126069903373718
-0.003120922949165106
-0.003116152947768569
-0.003111817175522447
-0.003107951022684574
-0.003104569623246789
-0.003101664828136563
-0.003099207999184728
-0.003097150474786758
-0.003095428226515651
-0.003093963023275137
-0.003092668950557709
-0.00309145450592041
-0.003090229351073503
-0.003088908037170768
-0.003087413031607866
-0.003085679607465863
-0.003083657938987017
-0.003081315197050571
-0.003078636480495334
-0.003075625980272889
-0.00307230488397181
-0.003068711375817657
-0.003064896212890744
-0.003060921793803573
-0.003056856570765376
-0.0030527722556144
-0.003048740327358246
-0.003044827608391643
-0.003041092539206147
-0.003037583315744996
-0.003034334629774094
-0.003031367901712656
-0.003028687788173556
-0.003026285208761692
-0.003024136880412698
-0.003022206481546164
-0.003020449075847864
-0.003018810879439116
-0.003017235081642866
-0.00301566394045949
-0.003014041343703866
-0.003012317232787609
-0.003010448766872287
-0.003008404048159719
-0.003006161889061332
-0.003003713209182024
-0.00300106150098145
-0.002998221199959517
-0.002995216753333807
-0.00299208122305572
-0.002988852793350816
-0.002985574072226882
-0.002982288366183639
-0.00297903548926115
-0.002975852927193046
-0.002972770249471068
-0.002969810273498297
-0.002966986270621419
-0.002964302198961377
-0.002961752004921436
-0.002959321485832334
-0.002956988988444209
-0.002954727504402399
-0.002952505834400654
-0.002950290916487575
-0.002948050620034337
-0.002945754677057266
-0.00294337747618556
-0.002940899925306439
-0.002938308985903859
-0.002935599768534303
-0.002932774601504207
-0.002929843729361892
-0.002926822984591126
-0.002923734253272414
-0.00292060268111527
-0.002917456207796931
-0.002914323005825281
-0.002911229617893696
-0.002908200258389115
-0.002905255183577538
-0.002902409760281444
-0.002899672137573361
-0.002897046040743589
-0.002894528908655047
-0.002892113523557782
-0.002889788011088967
-0.002887537004426122
-0.002885343506932259
-0.00288318982347846
-0.002881058724597096
-0.002878934610635042
-0.002876804675906897
-0.002874660072848201
-0.002872495679184794
-0.002870310330763459
-0.002868106588721275
-0.002865890739485621
-0.002863671397790313
-0.002861459273844957
-0.002859266009181738
-0.002857103012502193
-0.002854980994015932
-0.002852907637134194
-0.002850888529792428
-0.002848926233127713
-0.002847019815817475
-0.002845164621248841
-0.002843353431671858
-0.002841575769707561
-0.002839819760993123
-0.002838072134181857
-0.0028363186866045
-0.00283454661257565
-0.002832743804901838
-0.002830900484696031
-0.002829008502885699
-0.002827063668519258
-0.002825063886120915
-0.002823009854182601
-0.002820905763655901
-0.002818756736814976
-0.002816569991409779
-0.002814354142174125
-0.002812118269503117
-0.002809870755299926
-0.00280761974863708
-0.002805372234433889
-0.002803134033456445
-0.002800908638164401
-0.002798699308186769
-0.002796506742015481
-0.002794331638142467
-0.002792172133922577
-0.002790027530863881
-0.002787895500659943
-0.002785774413496256
-0.002783663338050246
-0.002781561808660626
-0.002779470523819327
-0.002777391346171498
-0.002775326604023576
-0.002773279789835215
-0.002771254628896713
-0.00276925484649837
-0.002767284633591771
-0.002765347016975284
-0.002763444790616632
-0.002761579817160964
-0.002759752562269568
-0.002757961628958583
-0.002756205387413502
-0.002754479879513383
-0.002752780448645353
-0.002751101972535253
-0.002749438630416989
-0.002747783670201898
-0.002746130572631955
-0.002744473516941071
-0.002742806216701865
-0.002741124480962753
-0.002739423885941505
-0.002737702336162329
-0.002735957503318787
-0.002734188921749592
-0.002732396824285388
-0.002730582375079393
-0.002728747436776757
-0.00272689457051456
-0.002725026337429881
-0.002723145531490445
-0.002721254713833332
-0.002719357376918197
-0.002717456081882119
-0.002715553622692823
-0.002713651861995459
-0.002711752895265818
-0.002709858352318406
-0.002707970561459661
-0.00270609138533473
-0.002704222220927477
-0.002702364465221763
-0.002700520446524024
-0.002698691561818123
-0.002696880139410496
-0.002695087343454361
-0.002693314803764224
-0.002691563684493303
-0.002689835149794817
-0.002688129432499409
-0.002686446066945791
-0.002684784587472677
-0.002683144295588136
-0.00268152286298573
-0.002679917961359024
-0.002678327029570937
-0.002676746342331171
-0.002675172872841358
-0.002673602662980556
-0.002672031754627824
-0.002670457353815436
-0.002668876899406314
-0.002667287830263376
-0.00266568805091083
-0.002664075931534171
-0.002662451006472111
-0.002660813042894006
-0.002659162040799856
-0.00265749916434288
-0.002655825577676296
-0.002654142444953322
-0.002652452094480395
-0.002650755923241377
-0.002649056725203991
-0.002647356130182743
-0.002645656233653426
-0.00264395959675312
-0.002642268082126975
-0.002640584018081427
-0.00263890833593905
-0.002637243364006281
-0.002635590266436338
-0.002633950440213084
-0.002632325049489737
-0.002630714559927583
-0.002629119204357266
-0.002627539215609431
-0.00262597412802279
-0.002624423475936055
-0.002622885862365365
-0.002621360588818789
-0.002619845792651176
-0.002618339378386736
-0.002616840181872249
-0.002615345874801278
-0.002613854361698031
-0.002612364012748003
-0.0026108727324754
-0.002609378658235073
-0.002607880858704448
-0.002606377471238375
-0.002604867797344923
-0.002603351371362805
-0.002601827960461378
-0.002600298030301929
-0.002598761348053813
-0.00259721907787025
-0.002595672849565744
-0.002594123594462872
-0.002592572709545493
-0.002591021824628115
-0.002589473035186529
-0.002587927738204598
-0.002586387097835541
-0.002584853209555149
-0.002583326771855354
-0.002581808948889375
-0.002580300206318498
-0.002578801242634654
-0.002577312290668488
-0.002575833583250642
-0.002574364189058542
-0.002572904108092189
-0.002571452641859651
-0.002570008859038353
-0.002568571595475078
-0.002567139687016606
-0.002565712202340364
-0.002564288210123777
-0.002562866779044271
-0.002561446512117982
-0.002560027176514268
-0.00255860760807991
-0.002557186875492334
-0.002555764745920897
-0.002554340753704309
-0.002552914898842573
-0.002551486948505044
-0.002550056669861078
-0.002548624062910676
-0.002547190058976412
-0.002545755356550217
-0.002544319955632091
-0.002542885486036539
-0.002541452180594206
-0.002540020970627666
-0.002538593020290136
-0.002537169260904193
-0.002535750158131123
-0.002534336410462856
-0.002532928716391325
-0.002531527075916529
-0.002530132187530398
-0.002528744051232934
-0.002527362434193492
-0.002525986870750785
-0.002524617128074169
-0.002523252507671714
-0.002521892311051488
-0.002520536305382848
-0.002519183792173862
-0.002517833840101957
-0.002516485750675201
-0.00251513859257102
-0.002513791434466839
-0.002512444742023945
-0.002511098049581051
-0.002509750425815582
-0.002508402103558183
-0.002507052617147565
-0.002505702432245016
-0.002504351548850536
-0.0025030008982867
-0.002501650247722864
-0.00250030099414289
-0.002498953370377421
-0.002497608540579677
-0.002496266504749656
-0.00249492796137929
-0.002493593376129866
-0.002492262749001384
-0.002490936079993844
-0.00248961360193789
-0.002488295314833522
-0.002486980985850096
-0.002485670614987612
-0.00248436420224607
-0.002483061281964183
-0.002481761388480663
-0.002480464754626155
-0.00247917091473937
-0.002477879635989666
-0.002476590918377042
-0.002475304529070854
-0.002474019769579172
-0.002472737105563283
-0.002471455838531256
-0.002470176201313734
-0.002468897495418787
-0.002467619720846415
-0.002466342411935329
-0.002465065801516175
-0.002463789889588952
-0.002462514210492373
-0.00246123899705708
-0.002459964714944363
-0.00245869136415422
-0.002457419643178582
-0.002456149319186807
-0.002454881323501468
-0.002453615888953209
-0.002452353248372674
-0.00245109386742115
-0.002449837746098638
-0.00244858511723578
-0.002447335515171289
-0.002446088707074523
-0.002444845158606768
-0.002443604869768023
-0.00244236714206636
-0.002441132208332419
-0.002439899370074272
-0.002438668627291918
-0.002437439514324069
-0.002436211798340082
-0.00243498501367867
-0.002433759393170476
-0.002432534238323569
-0.002431309316307306
-0.002430084859952331
-0.002428861102089286
-0.002427637344226241
-0.002426414284855127
-0.002425192389637232
-0.002423971425741911
-0.002422751625999808
-0.00242153275758028
-0.002420315518975258
-0.002419100143015385
-0.002417886629700661
-0.002416674746200442
-0.002415464725345373
-0.002414257032796741
-0.002413050970062613
-0.002411846071481705
-0.002410642569884658
-0.002409439999610186
-0.002408237429335713
-0.002407035091891885
-0.002405833220109344
-0.002404630882665515
-0.002403428079560399
-0.002402224577963352
-0.002401020610705018
-0.002399816177785397
-0.002398611279204488
-0.002397404983639717
-0.002396197989583015
-0.002394989831373096
-0.002393780741840601
-0.002392570488154888
-0.002391358371824026
-0.002390144625678658
-0.002388928784057498
-0.002387710614129901
-0.002386490581557155
-0.002385268220677972
-0.002384043065831065
-0.002382815117016435
-0.002381584141403437
-0.002380350138992071
-0.002379113109782338
-0.00237787258811295
-0.002376629039645195
-0.002375382231548429
-0.002374132396653295
-0.002372879302129149
-0.002371622482314706
-0.002370361937209964
-0.00236909743398428
-0.00236782873980701
-0.002366555389016867
-0.002365277614444494
-0.002363995648920536
-0.002362709026783705
-0.002361417515203357
-0.002360121812671423
-0.002358821453526616
-0.002357517136260867
-0.002356208395212889
-0.002354896394535899
-0.002353581599891186
-0.002352264942601323
-0.002350946422666311
-0.002349626505747437
-0.00234830635599792
-0.002346986439079046
-0.002345666754990816
-0.002344348235055804
-0.002343031344935298
-0.002341716783121228
-0.002340405015274882
-0.002339097205549479
-0.002337793121114373
-0.002336493926122785
-0.002335199853405356
-0.002333912299945951
-0.002332631731405854
-0.002331359311938286
-0.00233009597286582
-0.002328842412680387
-0.002327599795535207
-0.002326369052752852
-0.002325150882825255
-0.002323946449905634
-0.002322756219655275
-0.002321581356227398
-0.002320422325283289
-0.002319279359653592
-0.002318153856322169
-0.002317046280950308
-0.002315957099199295
-0.002314886078238487
-0.002313833916559815
-0.00231280061416328
-0.002311786403879523
-0.00231079151853919
-0.002309815492480993
-0.002308858325704932
-0.002307919086888433
-0.00230699754320085
-0.002306092996150255
-0.002305204747244716
-0.002304331166669726
-0.002303471090272069
-0.002302624052390456
-0.002301787724718451
-0.002300960943102837
-0.002300142077729106
-0.002299329498782754
-0.002298520877957344
-0.002297714818269014
-0.002296909457072616
-0.002296102233231068
-0.002295291284099221
-0.002294474514201283
-0.002293650060892105
-0.00229281559586525
-0.002291969256475568
-0.002291108714416623
-0.002290232107043266
-0.002289337804540992
-0.002288423711434007
-0.002287488430738449
-0.002286531031131744
-0.002285550348460674
-0.002284545684233308
-0.002283515641465783
-0.0022824602201581
-0.002281379653140903
-0.002280273707583547
-0.002279142616316676
-0.002277986612170935
-0.002276806393638253
-0.002275603357702494
-0.002274378435686231
-0.002273133024573326
-0.002271869452670217
-0.002270589349791408
-0.002269294811412692
-0.002267988165840507
-0.002266672207042575
-0.002265349961817265
-0.002264023758471012
-0.002262696623802185
-0.002261372050270438
-0.002260052599012852
-0.002258741529658437
-0.002257441403344274
-0.002256155479699373
-0.002254886785522103
-0.002253636950626969
-0.002252408536151052
-0.002251202939078212
-0.002250021789222956
-0.002248866017907858
-0.002247736323624849
-0.002246633172035217
-0.002245556330308318
-0.002244505332782865
-0.002243479713797569
-0.002242478309199214
-0.002241499023512006
-0.002240540226921439
-0.002239600289613008
-0.002238676650449634
-0.002237766981124878
-0.002236868254840374
-0.002235977444797754
-0.00223509268835187
-0.002234210725873709
-0.002233328530564904
-0.002232442842796445
-0.002231550868600607
-0.002230650279670954
-0.002229737583547831
-0.002228810917586088
-0.002227867720648646
-0.002226906362921
-0.002225924981757998
-0.002224921947345138
