0
0
0
0
0
0
0
0
0
0
0
0
0
0
0
0
0
0
0
0
0
0
0
0
0
0
0
0
0
0
0
0
0
0
0
0
0
0
0
0
0
0
0
0
0
0
0
0
0
0
0
0
0
0
0
0
0
0
0
0
0
0
0
0
0
0
0
0
0
0
0
0
0
0
0
0
0
0
0
0
0
0
0
0
0
0
0
0
0
0
0
0
0
0
0
0
0
0
0
0
0
0
0
0
0
0
0
0
0
0
0
0
0
0
0
0
0
0
0
0
0
0
0
0
0
0
0
0
0
0
0
0
0
0
0
0
0
0
0
0
0
0
0
0
0
0
0
0
0
0
0
0
0
0
0
0
0
0
0
0
0
0
0
0
0
0
0
0
0
0
0
0
0
0
0
0
0
0
0
0
0
0
0
0
0
0
0
0
0
0
0
0
0
0
0
0
0
0
0
0
0
0
0
0
0
0
0
0
0
0
0
0
0
0
0
0
0
0
0
0
0
0
0
0
0
0
0
0
0
0
0
0
0
0
0
0
0
0
0
0
0
0
0
0
0
0
0
0
0
0
0
0
0
0
0
0
0
0
0
0
0
0
0
0
0
0
0
0
0
0
0
0
0
0
0
0
0
0
0
0
0
0
0
0
0
0
0
0
0
0
0
0
0
0
0
0
0
0
0
0
0
0
0
0
0
0
0
0
0
0
0
0
0
0
0
0
0
0
0
0
0
0
0
0
0
0
0
0
0
0
0
0
0
0
0
0
0
0
0
0
0
0
0
0
0
0
0
0
0
0
0
0
0
0
0
0
0
0
0
0
0
0
0
0
0
0
0
0
0
0
0
0
0
0
0
0
0
0
0
0
0
0
0
0
0
0
0
0
0
0
0
0
0
0
0
0
0
0
0
0
0
0
0
0
0
0
0
0
0
0
0
0
0
0
0
0
0
0
0
0
0
0
0
0
0
0
0
0
0
0
0
0
0
0
0
0
0
0
0
0
0
0
0
0
0
0
0
0
0
0
0
0
0
0
0
0
0
0
0
0
0
0
0
0
0
0
0
0
0
0
0
0
0
0
0
0
0
0
0
0
0
0
0
0
0
0
0
0
0
0
0
0
0
0
0
0
0
0
0
0
0
0
0
0
0
0
0
0
0
0
0
0
0
0
0
0
0
0
0
0
0
0
0
0
0
0
0
0
0
0
0
0
0
0
0
0
0
0
0
0
0
0
0
0
0
0
0
0
0
0
0
0
0
0
0
0
0
0
0
0
0
0
0
0
0
0
0
0
0
0
0
0
0
0
0
0
0
0
0
0
0
0
0
0
0
0
0
0
0
0
0
0
0
0
0
0
0
0
0
0
0
0
0
0
0
0
0
0
0
0
0
0
0
0
0
0
0
0
0
0
0
0
0
0
0
0
0
0
0
0
0
0
0
0
0
0
0
0
0
0
0
0
0
0
0
0
0
0
0
0
0
0
0
0
0
0
0
0
0
0
0
0
0
0
0
0
0
0
0
0
0
0
0
0
0
0
0
0
0
0
0
0
0
0
0
0
0
0
0
0
0
0
0
0
0
0
0
0
0
0
0
0
0
0
0
0
0
0
0
0
0
0
0
0
0
0
0
0
0
0
0
0
0
0
0
0
0
0
0
0
0
0
0
0
0
0
0
0
0
0
0
0
0
0
0
0
0
0
0
0
0
0
0
0
0
0
0
0
0
0
0
0
0
0
0
0
0
0
0
0
0
0
0
0
0
0
0
0
0
0
0
0
0
0
0
0
0
0
0
0
0
0
0
0
0
0
0
0
0
0
0
0
0
0
0
0
0
0
0
0
0
0
0
0
0
0
0
0
0
0
0
0
0
0
0
0
0
0
0
0
0
0
0
0
0
0
0
0
0
0
0
0
0
0
0
0
0
0
0
0
0
0
0
0
0
0
0
0
0
0
0
0
0
0
0
0
0
0
0
0
0
0
0
0
0
0
0
0
0
0
0
0
0
0
0
0
0
0
0
0
0
0
0
0
0
0
0
0
0
0
0
0
0
0
0
0
0
0
0
0
0
0
0
0
0
0
0
0
0
0
0
0
0
0
0
0
0
0
0
0
0
0
0
0
0
0
0
0
0
0
0
0
0
0
0
0
0
0
0
0
0
0
0
0
0
0
0
0
0
0
0
0
0
0
0
0
0
0
0
0
0
0
0
0
0
0
0
0
0
0
0
0
0
0
0
0
0
0
0
0
0
0
0
0
0
0
0
0
0
0
0
0
0
0
0
0
0
0
0
0
0
0
0
0
0
0
0
0
0
0
0
0
0
0
0
0
0
0
0
0
0
0
0
0
0
0
0
0
0
0
0
0
0
0
0
0
0
0
0
0
0
0
0
0
0
0
0
0
0
0
0
0
0
0
0
0
0
0
0
0
0
0
0
0
0
0
0
0
0
0
0
0
0
0
0
0
0
0
0
0
0
0
0
0
0
0
0
0
0
0
0
0
0
0
0
0
0
0
0
0
0
0
0
0
0
0
0
0
0
0
0
0
0
0
0
0
0
0
0
0
0
0
0
0
0
0
0
0
0
0
0
0
0
0
0
0
0
0
0
0
0
0
0
0
0
0
0
0
0
0
0
0
0
0
0
0
0
0
0
0
0
0
0
0
0
0
0
0
0
0
0
0
0
0
0
0
0
0
0
0
0
0
0
0
0
0
0
0
0
0
0
0
0
0
0
0
2.802596928649634e-45
1.401298464324817e-44
4.484155085839415e-44
1.121038771459854e-43
2.382207389352189e-43
4.652310901558393e-43
9.024362110251822e-43
1.7221958126552e-42
3.253815034162225e-42
6.105457409063228e-42
1.140236560421104e-41
2.120725095909178e-41
3.933304659513329e-41
7.273019289538666e-41
1.341463019898147e-40
2.467686595676003e-40
4.528127831649927e-40
8.288484234696288e-40
1.513413551858517e-39
2.756589497468922e-39
5.008711547780909e-39
9.078673636132123e-39
1.641596347973705e-38
2.961156932744609e-38
5.328576979922164e-38
9.565754332463101e-38
1.713123806397161e-37
3.060717002609283e-37
5.455391239931122e-37
9.700639062691676e-37
1.720876663912048e-36
3.045632035851214e-36
5.377577068944839e-36
9.472846495457882e-36
1.664800905507239e-35
2.919006455635802e-35
5.106249884757349e-35
8.911818714160943e-35
1.551782949489964e-34
2.69587070856992e-34
4.672760399363966e-34
8.080856017846158e-34
1.394291318392748e-33
2.400297383583708e-33
4.122823826266486e-33
7.065543159803554e-33
1.208148261456986e-32
2.061207156711009e-32
3.508751895679059e-32
5.959584148746602e-32
1.009983688281594e-31
1.707853290367601e-31
2.881557010645281e-31
4.851176788668399e-31
8.149156904872138e-31
1.365924623734594e-30
2.284503305399355e-30
3.812504714067134e-30
6.348704681785461e-30
1.054917519377087e-29
1.749093313842753e-29
2.893817172221532e-29
4.777439852408549e-29
7.870238087953094e-29
1.293752708679983e-28
2.122208205774544e-28
3.473763488763557e-28
5.674013987003318e-28
9.248275148418674e-28
1.504227649688726e-27
2.44146845709765e-27
3.954354413740861e-27
6.391300594736095e-27
1.03084699234827e-26
1.659177091509937e-26
2.664936381142235e-26
4.271482429503936e-26
6.832353882403129e-26
1.090596133904006e-25
1.737246618550497e-25
2.761626507627351e-25
4.381031728301253e-25
6.935819892655785e-25
1.095799485086747e-24
1.727739291572677e-24
2.718573240433556e-24
4.268953920761525e-24
6.689927018117738e-24
1.046267322999895e-23
1.63300328941374e-23
2.543644281333883e-23
3.9541438304037e-23
6.134469544368088e-23
9.497991321766644e-23
1.467636208009559e-22
2.263281821886451e-22
3.483326019965598e-22
5.350404029926606e-22
8.201957730409367e-22
1.254840865230221e-21
1.916026160175924e-21
2.919829624451414e-21
4.440771625072781e-21
6.740710563669178e-21
1.021176438181734e-20
1.54399239005418e-20
2.329916077086418e-20
3.509034252182056e-20
5.274586646191138e-20
7.913056601396322e-20
1.184831149695024e-19
1.770623915892827e-19
2.640920154652445e-19
3.931375159987101e-19
5.841107978197531e-19
8.661814546518669e-19
1.281995842800383e-18
1.893780588398557e-18
2.792152500370961e-18
4.10881248411372e-18
6.034792525421976e-18
8.84663792143114e-18
1.294390255060331e-17
1.890272143189444e-17
2.755222649692255e-17
4.00832865125231e-17
5.820298223296259e-17
8.435354291010791e-17
1.220221634831356e-16
1.761782472872438e-16
2.538896291402244e-16
3.651890437253902e-16
5.242898362465664e-16
7.512887898196473e-16
1.074546102765924e-15
1.534004513685679e-15
2.185810236762374e-15
3.10873267740945e-15
4.413062407502112e-15
6.252926812672175e-15
8.843289090647386e-15
1.24833801471878e-14
1.758892036467403e-14
2.473633853360222e-14
3.472333640237857e-14
4.865168868901232e-14
6.804017798397316e-14
9.497832614792021e-14
1.323352777186926e-13
1.840429935187626e-13
2.554794754656281e-13
3.539861004146772e-13
4.895649857727946e-13
6.758166075371275e-13
9.311979356010913e-13
1.280708286817422e-12
1.758141375540756e-12
2.409090071528452e-12
3.294945262813376e-12
4.498208229508638e-12
6.12953221165724e-12
8.337035922734159e-12
1.131860404013363e-11
1.533807802989173e-11
2.07465572499288e-11
2.801033190114044e-11
3.774745099827115e-11
5.077550532806008e-11
6.81738901442408e-11
9.136484624416852e-11
1.222186102323164e-10
1.63189642354844e-10
2.174927460352194e-10
2.893301709328e-10
3.841840734430946e-10
5.091918553468133e-10
6.736273205909526e-10
8.895162939559498e-10
1.172421604245244e-09
1.542442729096649e-09
2.025485557055617e-09
2.654873876295483e-09
3.473383802798935e-09
4.535815278927657e-09
5.912228040472201e-09
7.692006143145136e-09
9.988958993289998e-09
1.294769091941816e-08
1.675156191538463e-08
2.163258727705397e-08
2.788374864337584e-08
3.587423336171014e-08
4.606829051567729e-08
5.904847810711544e-08
7.554427838840638e-08
9.646724663525674e-08
1.229540060876388e-07
1.564188067959549e-07
1.986175703905246e-07
2.517257939871342e-07
3.184330239491828e-07
4.020569406293362e-07
5.066814310339396e-07
6.373222163347236e-07
8.001262585821678e-07
1.002610019895656e-06
1.253944219570258e-06
1.565292791383399e-06
1.950215846591163e-06
2.425146703899372e-06
3.00995407087612e-06
3.728607907760306e-06
4.609956249623792e-06
5.688639248546679e-06
7.006154646660434e-06
8.612096280558035e-06
1.056559358403319e-05
1.293697641813196e-05
1.580969728820492e-05
1.928253550431691e-05
2.347211557207629e-05
2.851580939022824e-05
3.457500133663416e-05
4.183881173958071e-05
5.0528298743302e-05
6.090118040447123e-05
7.325712067540735e-05
8.79436411196366e-05
0.0001053626911016181
0.0001259778364328668
0.0001503223029430956
0.0001790077076293528
0.0002127335756085813
0.0002522976719774306
0.0002986070176120847
0.0003526899963617325
0.0004157086659688503
0.0004889724659733474
0.0005739519256167114
0.0006722933030687273
0.000785833050031215
0.0009166133240796626
0.001066897064447403
0.001239182194694877
0.00143621617462486
0.001661009853705764
0.001916848705150187
0.002207303885370493
0.002536240965127945
0.00290782330557704
0.003326517762616277
0.003797089215368032
0.004324597772210836
0.004914386197924614
0.005572062917053699
0.006303478963673115
0.007114696782082319
0.008011952973902225
0.009001611731946468
0.0100901098921895
0.01128389127552509
0.01258933544158936
0.01401267573237419
0.0155599070712924
0.01723668351769447
0.01904820650815964
0.02099912241101265
0.02309338934719563
0.02533414959907532
0.02772360295057297
0.03026287816464901
0.03295190259814262
0.03578928112983704
0.03877217322587967
0.04189617186784744
0.04515523836016655
0.04854162037372589
0.05204577744007111
0.05565637722611427
0.05936026945710182
0.06314253062009811
0.06698651611804962
0.07087396830320358
0.07478515803813934
0.07869904488325119
0.08259350806474686
0.08644559979438782
0.09023182839155197
0.0939284935593605
0.09751203656196594
0.1009594202041626
0.1042485311627388
0.1073585823178291
0.1102705225348473
0.11296746134758
0.1154350489377975
0.1176617816090584
0.1196393743157387
0.1213630735874176
0.1228317841887474
0.1240482479333878
0.1250191330909729
0.1257550269365311
0.1262703090906143
0.1265829503536224
0.1267143040895462
0.126688688993454
0.1265329271554947
0.1262758523225784
0.1259476840496063
0.1255794167518616
0.1252021193504333
0.1248462274670601
0.1245408430695534
0.1243130043148994
0.1241870746016502
0.1241841018199921
0.1243212819099426
0.1246115788817406
0.1250633299350739
0.1256800442934036
0.1264603585004807
0.1273980885744095
0.128482386469841
0.1296981573104858
0.1310265064239502
0.1324452459812164
0.1339296996593475
0.1354534178972244
0.1369890421628952
0.1385091543197632
0.139987125992775
0.1413981020450592
0.142719641327858
0.1439325213432312
0.1450212895870209
0.1459748148918152
0.1467865109443665
0.147454634308815
0.1479821354150772
0.1483765542507172
0.148649737238884
0.1488171964883804
0.1488976031541824
0.1489119529724121
0.1488827764987946
0.148833304643631
0.1487865000963211
0.1487641930580139
0.148786336183548
0.148870125412941
0.1490295231342316
0.1492746770381927
0.1496117115020752
0.1500425040721893
0.1505647748708725
0.1511722058057785
0.1518549025058746
0.1525999307632446
0.15339195728302
0.1542139500379562
0.1550479829311371
0.1558761149644852
0.1566811352968216
0.1574473083019257
0.1581611335277557
0.1588118225336075
0.1593916565179825
0.1598963886499405
0.1603252291679382
0.160680815577507
0.1609689295291901
0.161198154091835
0.1613792926073074
0.1615248620510101
0.1616483330726624
0.1617634892463684
0.1618836969137192
0.1620212495326996
0.1621867567300797
0.1623887866735458
0.1626333743333817
0.1629238575696945
0.163260817527771
0.1636421382427216
0.1640632450580597
0.164517417550087
0.1649962514638901
0.165490135550499
0.1659888625144958
0.1664820611476898
0.1669599413871765
0.1674136370420456
0.1678356379270554
0.1682201772928238
0.1685633659362793
0.1688632518053055
0.1691198498010635
0.1693349033594131
0.1695116758346558
0.1696545779705048
0.169768750667572
0.1698596179485321
0.1699323505163193
0.1699915528297424
0.1700407564640045
0.1700821071863174
0.1701161712408066
0.170141726732254
0.1701557487249374
0.1701533794403076
0.1701281070709229
0.1700720936059952
0.1699763089418411
0.1698309630155563
0.1696258783340454
0.1693508327007294
0.1689959615468979
0.1685520261526108
0.1680107563734055
0.1673650294542313
0.1666090190410614
0.1657383292913437
0.1647499948740005
0.163642480969429
0.1624155789613724
0.1610703468322754
0.15960893034935
0.1580344587564468
0.1563510447740555
0.1545635610818863
0.1526776552200317
0.1506997793912888
0.1486371010541916
0.1464975923299789
0.1442901939153671
0.1420247703790665
0.1397122591733932
0.1373647451400757
0.1349954903125763
0.1326188892126083
0.1302504539489746
0.1279066205024719
0.1256045997142792
0.1233621016144753
0.1211969777941704
0.1191268041729927
0.1171684339642525
0.1153375282883644
0.1136480569839478
0.1121118441224098
0.1107380911707878
0.1095330193638802
0.1084994971752167
0.107636883854866
0.1069408431649208
0.1064034029841423
0.1060130372643471
0.1057549268007278
0.1056113317608833
0.1055620238184929
0.1055849120020866
0.105656623840332
0.1057532206177711
0.1058509200811386
0.1059268414974213
0.1059596464037895
0.1059302538633347
0.1058224141597748
0.1056231632828712
0.1053232252597809
0.1049172878265381
0.1044041067361832
0.1037864536046982
0.103070966899395
0.1022678315639496
0.1013903543353081
0.1004544273018837
0.0994778648018837
0.09847971051931381
0.09747948497533798
0.09649641811847687
0.09554868191480637
0.09465271234512329
0.09382256865501404
0.09306939691305161
0.09240103513002396
0.09182174503803253
0.09133210033178329
0.09092904627323151
0.09060610830783844
0.09035377204418182
0.09015993773937225
0.09001056849956512
0.08989036828279495
0.08978348970413208
0.08967434614896774
0.08954831212759018
0.08939239382743835
0.08919583261013031
0.08895058184862137
0.08865159004926682
0.08829698711633682
0.08788804709911346
0.08742905408143997
0.08692697435617447
0.0863908976316452
0.08583158254623413
0.0852607786655426
0.08469048142433167
0.08413231372833252
0.08359688520431519
0.08309323340654373
0.08262830972671509
0.08220671862363815
0.08183051645755768
0.08149919658899307
0.08120983093976974
0.0809573158621788
0.08073482662439346
0.08053425699472427
0.08034680783748627
0.08016353845596313
0.07997590303421021
0.07977630198001862
0.07955851405858994
0.07931797951459885
0.07905205339193344
0.0787600502371788
0.07844319194555283
0.07810444384813309
0.07774820178747177
0.07737995684146881
0.07700581103563309
0.076632060110569
0.07626477628946304
0.07590936124324799
0.0755702406167984
0.07525059580802917
0.07495219260454178
0.07467535138130188
0.07441903650760651
0.074180968105793
0.07395785301923752
0.0737457275390625
0.07354021817445755
0.07333692908287048
0.0731317475438118
0.07292112708091736
0.0727023109793663
0.07247349619865417
0.0722339078783989
0.07198376953601837
0.07172423601150513
0.07145725190639496
0.07118530571460724
0.07091126590967178
0.07063809037208557
0.07036858052015305
0.07010518759489059
0.06984985619783401
0.06960386037826538
0.06936779618263245
0.06914153695106506
0.06892432272434235
0.06871483474969864
0.06851136684417725
0.06831198930740356
0.06811467558145523
0.06791755557060242
0.0677189901471138
0.0675177276134491
0.06731294840574265
0.06710430979728699
0.06689195334911346
0.06667646020650864
0.06645875424146652
0.06623998284339905
0.0660213977098465
0.06580427289009094
0.06558975577354431
0.06537880003452301
0.06517209112644196
0.0649699941277504
0.06477253139019012
0.06457943469285965
0.06439019739627838
0.06420409679412842
0.0640203058719635
0.06383797526359558
0.0636562705039978
0.06347450613975525
0.06329215317964554
0.06310886889696121
0.06292452663183212
0.06273920089006424
0.06255315244197845
0.06236676871776581
0.06218050047755241
0.06199485063552856
0.06181028112769127
0.06162718310952187
0.06144583225250244
0.06126637384295464
0.06108879297971725
0.06091293692588806
0.06073852628469467
0.06056516990065575
0.06039240956306458
0.06021973118185997
0.06004662811756134
0.05987260863184929
0.0596972368657589
0.05952010676264763
0.05934087932109833
0.05915925279259682
0.05897496268153191
0.0587877444922924
0.05859730765223503
0.05840330198407173
0.05820530280470848
0.0580027736723423
0.05779504403471947
0.05758129432797432
0.05736055970191956
0.05713170394301414
0.05689345672726631
0.05664437636733055
0.05638286843895912
0.05610719323158264
0.05581547692418098
0.05550570413470268
0.05517571792006493
0.05482320860028267
0.05444572120904922
0.05404063686728477
0.05360515043139458
0.05313625186681747
0.05263074487447739
0.05208521336317062
0.0514959916472435
0.05085922032594681
0.05017079785466194
0.04942641034722328
0.04862153902649879
0.04775148630142212
0.04681139811873436
0.04579629376530647
0.04470110312104225
0.04352070018649101
0.04224996641278267
0.04088380932807922
0.03941724076867104
0.03784539923071861
0.03616364300251007
0.03436758369207382
0.03245317563414574
0.03041675873100758
0.0282551534473896
0.0259657297283411
0.0235464796423912
0.02099610678851604
0.01831410825252533
0.01550085097551346
0.01255765371024609
0.009486864320933819
0.006291921716183424
0.002977424766868353
-0.0004508235433604568
-0.003985772375017405
-0.007619101088494062
-0.01134120486676693
-0.01514120399951935
-0.01900696754455566
-0.02292516082525253
-0.02688130177557468
-0.03085985407233238
-0.03484433144330978
-0.03881740942597389
-0.04276111349463463
-0.04665695503354073
-0.05048612877726555
-0.05422971770167351
-0.05786892771720886
-0.06138532981276512
-0.06476108729839325
-0.06797922402620316
-0.07102388888597488
-0.07388061285018921
-0.07653654366731644
-0.07898073643445969
-0.08120433986186981
-0.08320082724094391
-0.08496613800525665
-0.08649888634681702
-0.08780043572187424
-0.08887496590614319
-0.08972952514886856
-0.09037396311759949
-0.09082090854644775
-0.09108559787273407
-0.09118570387363434
-0.09114113450050354
-0.09097371995449066
-0.09070686250925064
-0.09036516398191452
-0.08997407555580139
-0.08955937623977661
-0.08914671838283539
-0.08876122534275055
-0.08842691779136658
-0.08816628903150558
-0.08799983561038971
-0.08794566243886948
-0.08801906555891037
-0.08823223412036896
-0.088593989610672
-0.08910955488681793
-0.08978047966957092
-0.09060456603765488
-0.09157595038414001
-0.092685267329216
-0.09391983598470688
-0.09526396542787552
-0.09669940173625946
-0.09820573776960373
-0.09976093471050262
-0.1013419106602669
-0.102925106883049
-0.1044871062040329
-0.1060052737593651
-0.1074582934379578
-0.1088267862796783
-0.1100937947630882
-0.1112452372908592
-0.112270250916481
-0.1131614744663239
-0.1139152497053146
-0.114531621336937
-0.1150143891572952
-0.1153708919882774
-0.115611769258976
-0.1157505661249161
-0.1158033236861229
-0.1157880425453186
-0.115724116563797
-0.1156316548585892
-0.1155308559536934
-0.1154413893818855
-0.1153817474842072
-0.1153686419129372
-0.1154164671897888
-0.1155368909239769
-0.1157384365797043
-0.1160262823104858
-0.1164021119475365
-0.1168640926480293
-0.117406964302063
-0.1180222779512405
-0.1186987012624741
-0.1194224432110786
-0.1201777309179306
-0.1209473758935928
-0.1217133775353432
-0.1224575191736221
-0.1231619641184807
-0.1238098293542862
-0.124385729432106
-0.1248761788010597
-0.1252700090408325
-0.1255585998296738
-0.1257360428571701
-0.1257991790771484
-0.1257475167512894
-0.1255830824375153
-0.1253101080656052
-0.1249347254633904
-0.1244644373655319
-0.123907744884491
-0.1232735738158226
-0.1225707978010178
-0.1218077167868614
-0.1209916621446609
-0.1201286017894745
-0.1192228049039841
-0.1182766854763031
-0.1172906830906868
-0.1162632554769516
-0.1151910200715065
-0.1140689551830292
-0.1128906980156898
-0.1116489693522453
-0.1103360503911972
-0.1089442074298859
-0.1074662730097771
-0.1058961451053619
-0.1042292565107346
-0.1024630218744278
-0.1005972102284431
-0.09863420575857162
-0.09657920897006989
-0.09444031864404678
-0.09222845733165741
-0.08995724469423294
-0.08764272928237915
-0.08530304580926895
-0.08295796066522598
-0.08062836527824402
-0.07833574712276459
-0.07610158622264862
-0.07394678145647049
-0.07189110666513443
-0.06995266675949097
-0.0681474506855011
-0.06648891419172287
-0.06498768925666809
-0.06365133821964264
-0.0624842531979084
-0.0614875890314579
-0.06065935268998146
-0.05999452620744705
-0.05948528274893761
-0.05912128090858459
-0.0588899739086628
-0.05877697840332985
-0.05876646935939789
-0.05884156376123428
-0.05898471176624298
-0.05917805805802345
-0.05940382927656174
-0.05964464694261551
-0.05988382548093796
-0.06010564416646957
-0.06029557436704636
-0.06044049933552742
-0.06052885949611664
-0.06055082008242607
-0.06049837917089462
-0.06036544218659401
-0.06014790758490562
-0.05984373390674591
-0.05945292115211487
-0.05897752195596695
-0.05842159688472748
-0.05779113620519638
-0.05709393694996834
-0.05633946880698204
-0.05553867295384407
-0.0547037199139595
-0.05384771525859833
-0.05298436060547829
-0.05212762951850891
-0.05129135772585869
-0.05048883706331253
-0.04973245039582253
-0.04903321713209152
-0.04840048402547836
-0.04784156009554863
-0.04736147448420525
-0.04696276783943176
-0.0466453954577446
-0.04640669748187065
-0.04624148085713387
-0.04614219814538956
-0.04609919711947441
-0.04610110446810722
-0.04613522067666054
-0.04618803784251213
-0.04624574258923531
-0.04629476368427277
-0.0463222935795784
-0.04631682485342026
-0.04626857116818428
-0.04616985470056534
-0.04601538181304932
-0.04580244421958923
-0.04553095996379852
-0.04520346596837044
-0.04482491686940193
-0.04440243169665337
-0.04394495487213135
-0.04346277192234993
-0.0429670549929142
-0.042469322681427
-0.04198089614510536
-0.04151240736246109
-0.04107329621911049
-0.04067144170403481
-0.04031281918287277
-0.0400012843310833
-0.03973845392465591
-0.03952369093894958
-0.03935422748327255
-0.03922536969184875
-0.03913078084588051
-0.03906283900141716
-0.0390130877494812
-0.03897265717387199
-0.03893272578716278
-0.0388849601149559
-0.03882190212607384
-0.03873732686042786
-0.03862649574875832
-0.03848633542656898
-0.03831552341580391
-0.03811448067426682
-0.03788527846336365
-0.03763144835829735
-0.03735773265361786
-0.03706977516412735
-0.03677378967404366
-0.03647619485855103
-0.03618325665593147
-0.03590075671672821
-0.03563369065523148
-0.03538605570793152
-0.03516066074371338
-0.03495903313159943
-0.03478138148784637
-0.03462666645646095
-0.03449270874261856
-0.03437637910246849
-0.03427380323410034
-0.03418062999844551
-0.03409228473901749
-0.03400426730513573
-0.03391239047050476
-0.03381301835179329
-0.03370323032140732
-0.0335809662938118
-0.0334450975060463
-0.03329544514417648
-0.03313273191452026
-0.0329585000872612
-0.03277497366070747
-0.03258487582206726
-0.0323912501335144
-0.032197255641222
-0.03200595453381538
-0.03182012960314751
-0.03164214640855789
-0.03147380799055099
-0.03131628781557083
-0.03117007203400135
-0.03103498928248882
-0.03091023489832878
-0.03079447522759438
-0.03068595193326473
-0.030582619830966
-0.03048229403793812
-0.03038279339671135
-0.03028209134936333
-0.03017843514680862
-0.03007042966783047
-0.02995713241398335
-0.02983807027339935
-0.02971325442194939
-0.02958313748240471
-0.02944856882095337
-0.02931069396436214
-0.02917088754475117
-0.02903062105178833
-0.02889136970043182
-0.02875450253486633
-0.02862119488418102
-0.02849236689507961
-0.02836861833930016
-0.02825022675096989
-0.02813712507486343
-0.02802894450724125
-0.02792505174875259
-0.02782460860908031
-0.02772664092481136
-0.02763013169169426
-0.02753407321870327
-0.02743755653500557
-0.02733981795608997
-0.02724029868841171
-0.02713865973055363
-0.02703479304909706
-0.02692881599068642
-0.02682105265557766
-0.02671198546886444
-0.02660221792757511
-0.0264924168586731
-0.02638325467705727
-0.02627537027001381
-0.0261693000793457
-0.02606546692550182
-0.02596414089202881
-0.02586543560028076
-0.0257693026214838
-0.02567554824054241
-0.02558386139571667
-0.02549384906888008
-0.02540505863726139
-0.02531702816486359
-0.0252293162047863
-0.02514153718948364
-0.02505338937044144
-0.02496466971933842
-0.02487528324127197
-0.02478524297475815
-0.0246946606785059
-0.02460372447967529
-0.02451269142329693
-0.02442184463143349
-0.02433148212730885
-0.02424188144505024
-0.02415328472852707
-0.02406587824225426
-0.02397978119552135
-0.02389504015445709
-0.02381163276731968
-0.0237294640392065
-0.02364839613437653
-0.02356824837625027
-0.02348882146179676
-0.02340991236269474
-0.02333133667707443
-0.0232529304921627
-0.02317458018660545
-0.02309621311724186
-0.02301780693233013
-0.02293938398361206
-0.02286100573837757
-0.02278276719152927
-0.02270478382706642
-0.02262717857956886
-0.0225500725209713
-0.02247357368469238
-0.02239776588976383
-0.02232271060347557
-0.02224843204021454
-0.02217492274940014
-0.02210214734077454
-0.0220300480723381
-0.02195854857563972
-0.02188756316900253
-0.02181700803339481
-0.0217467974871397
-0.02167686820030212
-0.0216071642935276
-0.02153765968978405
-0.02146834507584572
-0.02139922976493835
-0.0213303416967392
-0.02126171998679638
-0.02119341492652893
-0.02112547680735588
-0.02105795219540596
-0.0209908802062273
-0.02092429250478745
-0.02085820399224758
-0.02079261839389801
-0.02072752453386784
-0.02066290192306042
-0.02059872448444366
-0.02053495496511459
-0.02047155797481537
-0.02040849812328815
-0.02034574560821056
-0.02028327807784081
-0.02022107690572739
-0.02015913464128971
-0.02009744942188263
-0.02003602869808674
-0.01997488364577293
-0.01991403475403786
-0.0198534969240427
-0.01979328691959381
-0.01973342150449753
-0.0196739174425602
-0.01961477473378181
-0.01955599896609783
-0.01949758641421795
-0.01943952776491642
-0.01938180811703205
-0.0193244144320488
-0.01926732994616032
-0.01921053789556026
-0.0191540289670229
-0.01909778825938702
-0.01904180832207203
-0.01898608729243279
-0.01893062330782413
-0.01887542009353638
-0.01882048323750496
-0.01876582019031048
-0.01871143840253353
-0.01865733973681927
-0.01860352791845798
-0.01855000481009483
-0.01849677227437496
-0.01844382844865322
-0.01839117333292961
-0.01833879388868809
-0.0182866882532835
-0.0182348471134901
-0.01818326860666275
-0.01813194341957569
-0.01808086223900318
-0.01803002506494522
-0.01797942817211151
-0.0179290734231472
-0.01787895709276199
-0.01782907918095589
-0.01777943968772888
-0.01773003861308098
-0.01768088154494762
-0.01763196475803852
-0.01758329011499882
-0.01753485947847366
-0.01748667098581791
-0.01743871904909611
-0.01739100553095341
-0.01734352484345436
-0.01729627326130867
-0.01724924705922604
-0.01720244623720646
-0.01715586706995964
-0.01710950396955013
-0.01706335879862309
-0.01701742969453335
-0.01697171106934547
-0.01692620664834976
-0.01688091643154621
-0.01683583669364452
-0.01679096557199955
-0.01674630679190159
-0.01670185662806034
-0.01665761880576611
-0.01661358773708344
-0.01656976155936718
-0.01652614213526249
-0.01648272760212421
-0.01643951050937176
-0.01639649085700512
-0.01635366678237915
-0.016311040148139
-0.01626860350370407
-0.01622635684907436
-0.01618429832160473
-0.01614242978394032
-0.01610074751079082
-0.01605925150215626
-0.01601794362068176
-0.01597682572901249
-0.01593589223921299
-0.01589514687657356
-0.01585459150373936
-0.01581421867012978
-0.01577402651309967
-0.01573401130735874
-0.01569417119026184
-0.01565450802445412
-0.01561501808464527
-0.01557570230215788
-0.01553655974566936
-0.01549758668988943
-0.0154587822034955
-0.01542014628648758
-0.01538167707622051
-0.01534337550401688
-0.01530523970723152
-0.01526727061718702
-0.01522946637123823
-0.01519182696938515
-0.01515434868633747
-0.01511703338474035
-0.01507987827062607
-0.01504288055002689
-0.01500603929162025
-0.01496935449540615
-0.01493282336741686
-0.01489644683897495
-0.01486022397875786
-0.01482415571808815
-0.01478824019432068
-0.01475247740745544
-0.01471686363220215
-0.01468139979988337
-0.01464608404785395
-0.01461091730743647
-0.01457589771598577
-0.0145410243421793
-0.01450629439204931
-0.01447170879691839
-0.01443726662546396
-0.0144029688090086
-0.01436881348490715
-0.01433479972183704
-0.01430092751979828
-0.01426719408482313
-0.01423360127955675
-0.01420014537870884
-0.0141668263822794
-0.01413364242762327
-0.01410059258341789
-0.01406767498701811
-0.01403488963842392
-0.01400223653763533
-0.0139697128906846
-0.0139373205602169
-0.01390505861490965
-0.01387292519211769
-0.0138409212231636
-0.01380904670804739
-0.0137772997841239
-0.01374567952007055
-0.01371418684720993
-0.01368281990289688
-0.0136515786871314
-0.01362046040594578
-0.01358946505934
-0.0135585917159915
-0.01352784130722284
-0.01349721010774374
-0.01346669811755419
-0.01343630626797676
-0.01340603362768888
-0.01337587833404541
-0.01334583852440119
-0.01331591606140137
-0.01328610721975565
-0.01325641199946404
-0.01322683040052652
-0.01319736428558826
-0.01316801086068153
-0.01313877105712891
-0.01310964487493038
-0.01308063138276339
-0.01305172964930534
-0.0130229415372014
-0.01299426332116127
-0.01296569686383009
-0.01293723937124014
-0.01290889084339142
-0.01288064941763878
-0.01285251323133707
-0.01282448321580887
-0.01279655657708645
-0.01276873331516981
-0.01274101249873638
-0.01271339599043131
-0.01268588192760944
-0.01265847031027079
-0.01263116113841534
-0.01260395161807537
-0.01257684454321861
-0.01254983898252249
-0.01252293400466442
-0.01249612774699926
-0.01246942207217216
-0.01244281511753798
-0.01241630502045155
-0.01238989271223545
-0.01236357539892197
-0.01233735401183367
-0.01231122761964798
-0.0122851962223649
-0.01225925981998444
-0.01223341934382915
-0.01220767386257648
-0.01218202337622643
-0.01215646602213383
-0.01213100273162127
-0.01210563164204359
-0.01208035368472338
-0.01205516792833805
-0.01203006971627474
-0.01200506184250116
-0.0119801415130496
-0.0119553105905652
-0.01193056907504797
-0.01190591603517532
-0.01188134867697954
-0.01185687072575092
-0.01183247845619917
-0.01180817373096943
-0.01178395468741655
-0.01175982039421797
-0.01173577271401882
-0.01171180699020624
-0.0116879241541028
-0.01166412606835365
-0.01164040993899107
-0.0116167776286602
-0.01159322820603848
-0.01156976073980331
-0.01154637616127729
-0.01152307167649269
-0.01149984821677208
-0.01147670671343803
-0.01145364530384541
-0.01143066398799419
-0.01140776183456182
-0.01138493791222572
-0.01136219408363104
-0.01133952662348747
-0.01131693553179502
-0.01129442173987627
-0.01127198524773121
-0.01124962419271469
-0.01122733857482672
-0.01120512839406729
-0.01118299551308155
-0.01116093713790178
-0.01113895513117313
-0.01111704763025045
-0.01109521370381117
-0.01107345335185528
-0.01105176657438278
-0.01103014964610338
-0.0110086053609848
-0.01098713371902704
-0.01096573378890753
-0.01094440650194883
-0.01092314999550581
-0.01090196333825588
-0.01088084746152163
-0.01085980422794819
-0.01083883084356785
-0.0108179273083806
-0.01079709082841873
-0.01077632326632738
-0.01075562369078398
-0.01073499210178852
-0.01071442849934101
-0.01069393195211887
-0.01067350059747696
-0.01065313443541527
-0.01063283625990152
-0.010612603276968
-0.0105924354866147
-0.01057233568280935
-0.01055230293422937
-0.01053233537822962
-0.01051243394613266
-0.01049259770661592
-0.01047282572835684
-0.01045311894267797
-0.01043347548693419
-0.01041389442980289
-0.01039437390863895
-0.01037491392344236
-0.01035551447421312
-0.01033617556095123
-0.01031689718365669
-0.01029768027365208
-0.01027852483093739
-0.01025943178683519
-0.0102404011413455
-0.01022143475711346
-0.01020252890884876
-0.01018368545919657
-0.01016490068286657
-0.01014617644250393
-0.01012750994414091
-0.01010890118777752
-0.0100903483107686
-0.01007185410708189
-0.0100534176453948
-0.01003503799438477
-0.01001671608537436
-0.009998451918363571
-0.009980244562029839
-0.009962094947695732
-0.009944001212716103
-0.009925964288413525
-0.009907984174787998
-0.009890059940516949
-0.009872188791632652
-0.009854371659457684
-0.009836608543992043
-0.009818900376558304
-0.009801248088479042
-0.009783650748431683
-0.009766106493771076
-0.009748616255819798
-0.009731178171932697
-0.009713794104754925
-0.00969646405428648
-0.009679188020527363
-0.009661964140832424
-0.009644792415201664
-0.009627671912312508
-0.009610601700842381
-0.009593581780791283
-0.009576613083481789
-0.009559694677591324
-0.009542826563119888
-0.009526009671390057
-0.009509244002401829
-0.009492529556155205
-0.009475864470005035
-0.009459248743951321
-0.009442683309316635
-0.009426168166100979
-0.009409702382981777
-0.009393285028636456
-0.009376917034387589
-0.009360597468912601
-0.009344327263534069
-0.009328104555606842
-0.00931192934513092
-0.009295802563428879
-0.009279724210500717
-0.009263693355023861
-0.009247709065675735
-0.009231771342456341
-0.009215881116688251
-0.009200038388371468
-0.009184243157505989
-0.009168494492769241
-0.00915279146283865
-0.009137134999036789
-0.009121524170041084
-0.009105958044528961
-0.00909043662250042
-0.00907495804131031
-0.009059525094926357
-0.009044134989380836
-0.009028789587318897
-0.009013487957417965
-0.00899823009967804
-0.008983016014099121
-0.00896784383803606
-0.008952716365456581
-0.008937632665038109
-0.008922590874135494
-0.008907592855393887
-0.00889263954013586
-0.008877729997038841
-0.00886286236345768
-0.008848036639392376
-0.008833250962197781
-0.008818508125841618
-0.008803805336356163
-0.008789144456386566
-0.008774525485932827
-0.008759948424994946
-0.008745412342250347
-0.008730917237699032
-0.008716463111341
-0.00870204996317625
-0.008687677793204784
-0.008673344738781452
-0.008659053593873978
-0.008644803427159786
-0.008630595169961452
-0.008616426959633827
-0.00860229879617691
-0.008588208816945553
-0.008574159815907478
-0.008560149930417538
-0.008546179160475731
-0.008532248437404633
-0.008518355898559093
-0.008504501543939114
-0.008490685373544693
-0.008476908318698406
-0.008463168516755104
-0.008449465036392212
-0.008435798808932304
-0.008422167040407658
-0.008408572524785995
-0.008395015262067318
-0.008381493389606476
-0.008368006907403469
-0.008354557678103447
-0.008341142907738686
-0.008327765390276909
-0.008314426057040691
-0.008301123045384884
-0.008287855423986912
-0.008274625055491924
-0.008261431939899921
-0.008248272351920605
-0.008235150948166847
-0.008222064003348351
-0.008209011517465115
-0.008195993490517139
-0.008183010853827
-0.008170062676072121
-0.008157148025929928
-0.008144267834722996
-0.008131422102451324
-0.008118611760437489
-0.008105836808681488
-0.008093096315860748
-0.008080389350652695
-0.008067715913057327
-0.008055076934397221
-0.0080424714833498
-0.00802990049123764
-0.008017363958060741
-0.008004859089851379
-0.007992387749254704
-0.007979948073625565
-0.007967541925609112
-0.007955167442560196
-0.007942825555801392
-0.00793051440268755
-0.007918236777186394
-0.007905990816652775
-0.007893775589764118
-0.007881592959165573
-0.007869441993534565
-0.007857321761548519
-0.00784523319453001
-0.007833176292479038
-0.007821151055395603
-0.007809157948940992
-0.007797196973115206
-0.007785267662256956
-0.007773370482027531
-0.007761504501104355
-0.007749668788164854
-0.007737863343209028
-0.007726088631898165
-0.007714344188570976
-0.007702629547566175
-0.00769094517454505
-0.007679290138185024
-0.007667664904147387
-0.007656069006770849
-0.007644502446055412
-0.007632965222001076
-0.00762145733460784
-0.007609978318214417
-0.007598529569804668
-0.007587108761072159
-0.00757571728900075
-0.007564354222267866
-0.007553020492196083
-0.0075417160987854
-0.007530440576374531
-0.0075191929936409
-0.007507975213229656
-0.007496786769479513
-0.007485626265406609
-0.00747449416667223
-0.007463389076292515
-0.007452310528606176
-0.007441258523613214
-0.007430232595652342
-0.007419233676046133
-0.007408261764794588
-0.007397315930575132
-0.007386398036032915
-0.007375507615506649
-0.007364645600318909
-0.007353810593485832
-0.007343003526329994
-0.007332223933190107
-0.007321471814066172
-0.007310746237635612
-0.007300046738237143
-0.007289374712854624
-0.007278729695826769
-0.00726811122149229
-0.007257517892867327
-0.00724695110693574
-0.007236409932374954
-0.007225894834846258
-0.007215404883027077
-0.007204940542578697
-0.00719450181350112
-0.007184087298810482
-0.007173696998506784
-0.007163332309573889
-0.007152991835027933
-0.007142676971852779
-0.00713238725438714
-0.007122123148292303
-0.007111883722245693
-0.007101670373231173
-0.007091482635587454
-0.00708132004365325
-0.00707118259742856
-0.007061069365590811
-0.007050979882478714
-0.007040914613753557
-0.007030872628092766
-0.007020854391157627
-0.007010859437286854
-0.00700088869780302
-0.006990942638367414
-0.006981020793318748
-0.006971122231334448
-0.006961247883737087
-0.006951397284865379
-0.006941570434719324
-0.006931766867637634
-0.00692198658362031
-0.006912228651344776
-0.006902493070811033
-0.006892779376357794
-0.006883088499307632
-0.006873419508337975
-0.006863772869110107
-0.006854147650301456
-0.006844545248895884
-0.006834965664893389
-0.006825409363955259
-0.006815876811742783
-0.006806367542594671
-0.0067968824878335
-0.006787420250475407
-0.006777981761842966
-0.006768566090613604
-0.006759172771126032
-0.006749801803380251
-0.006740453653037548
-0.006731126457452774
-0.006721820682287216
-0.006712535861879587
-0.0067032715305686
-0.006694027688354254
-0.006684803869575262
-0.006675600539892912
-0.006666417699307203
-0.006657255813479424
-0.006648115813732147
-0.006638997700065374
-0.00662990054115653
-0.00662082526832819
-0.006611771881580353
-0.006602739449590445
-0.00659372890368104
-0.006584739778190851
-0.006575770676136017
-0.006566821131855249
-0.006557891145348549
-0.006548980716615915
-0.006540088914334774
-0.006531217135488987
-0.006522364914417267
-0.006513532716780901
-0.006504721008241177
-0.006495929323136806
-0.006487158127129078
-0.006478406954556704
-0.006469675805419683
-0.00646096421405673
-0.006452272646129131
-0.006443601101636887
-0.006434949580579996
-0.006426317617297173
-0.006417705211788416
-0.006409112364053726
-0.006400539539754391
-0.006391986273229122
-0.006383451633155346
-0.006374937016516924
-0.006366441026329994
-0.006357964128255844
-0.006349505856633186
-0.006341065745800734
-0.00633264472708106
-0.006324242800474167
-0.006315859500318766
-0.006307495292276144
-0.006299149710685015
-0.00629082228988409
-0.006282513495534658
-0.006274224258959293
-0.006265954114496708
-0.006257702130824327
-0.006249468773603439
-0.006241252645850182
-0.006233053747564554
-0.006224872078746557
-0.006216707173734903
-0.006208559032529593
-0.006200428120791912
-0.006192314438521862
-0.006184217520058155
-0.006176137831062078
-0.00616807583719492
-0.006160032004117966
-0.006152006797492504
-0.006144000217318535
-0.006136012263596058
-0.006128043401986361
-0.006120093166828156
-0.006112161092460155
-0.006104246713221073
-0.006096350029110909
-0.006088470108807087
-0.006080607883632183
-0.00607276288792491
-0.006064933259040117
-0.006057119928300381
-0.0060493228957057
-0.0060415412299335
-0.006033775862306356
-0.006026026792824268
-0.006018294021487236
-0.006010578013956547
-0.006002878304570913
-0.00599519582465291
-0.005987530574202538
-0.005979881156235933
-0.005972248502075672
-0.005964633077383041
-0.005957034416496754
-0.005949452053755522
-0.005941885523498058
-0.005934335291385651
-0.005926800891757011
-0.005919282324612141
-0.005911778658628464
-0.005904290359467268
-0.005896817427128553
-0.005889359395951033
-0.005881916265934706
-0.005874489899724722
-0.005867078900337219
-0.00585968466475606
-0.005852307192981243
-0.005844945553690195
-0.005837599746882915
-0.005830270703881979
-0.005822957493364811
-0.005815659649670124
-0.005808376707136631
-0.005801108665764332
-0.005793856456875801
-0.005786618683487177
-0.005779394879937172
-0.005772185511887074
-0.005764991044998169
-0.005757811013609171
-0.005750645417720079
-0.00574349332600832
-0.005736356135457754
-0.005729233380407095
-0.005722125060856342
-0.005715031642466784
-0.005707953590899706
-0.005700890906155109
-0.005693842656910419
-0.005686809308826923
-0.005679790861904621
-0.005672787316143513
-0.005665798205882311
-0.005658823996782303
-0.005651864688843489
-0.005644919350743294
-0.005637988913804293
-0.005631072446703911
-0.005624169949442148
-0.005617281422019005
-0.005610406864434481
-0.005603545345366001
-0.005596697796136141
-0.0055898642167449
-0.005583044607192278
-0.005576238967478275
-0.005569447763264179
-0.005562670528888702
-0.005555907264351845
-0.005549158435314894
-0.005542423576116562
-0.005535702686756849
-0.005528996232897043
-0.005522303283214569
-0.005515624303370714
-0.005508957896381617
-0.005502304527908564
-0.005495664663612843
-0.005489037372171879
-0.00548242311924696
-0.005475821904838085
-0.005469233263283968
-0.005462657660245895
-0.005456095561385155
-0.005449546501040459
-0.00544301001355052
-0.0054364874958992
-0.005429978016763926
-0.005423481576144695
-0.00541699817404151
-0.005410528276115656
-0.005404070485383272
-0.005397625733166933
-0.005391194019466639
-0.005384774878621101
-0.005378368310630322
-0.005371974781155586
-0.005365594290196896
-0.00535922683775425
-0.005352871492505074
-0.005346528254449368
-0.005340197589248419
-0.00533387903124094
-0.005327572580426931
-0.005321278236806393
-0.005314995534718037
-0.005308724939823151
-0.005302466452121735
-0.005296221468597651
-0.005289988126605749
-0.005283767823129892
-0.005277561023831367
-0.005271367263048887
-0.005265186540782452
-0.005259017925709486
-0.005252860952168703
-0.00524671608582139
-0.00524058286100626
-0.0052344617433846
-0.005228351335972548
-0.005222252104431391
-0.005216164980083704
-0.005210088565945625
-0.005204023327678442
-0.005197968799620867
-0.005191926378756762
-0.005185895599424839
-0.005179877392947674
-0.005173871293663979
-0.005167876835912466
-0.005161895416676998
-0.005155926104635
-0.005149968899786472
-0.005144022405147552
-0.005138087086379528
-0.005132163409143686
-0.005126250442117453
-0.00512034771963954
-0.005114455707371235
-0.005108574405312538
-0.005102703813463449
-0.005096845328807831
-0.00509099755436182
-0.005085161421447992
-0.00507933646440506
-0.00507352314889431
-0.00506772194057703
-0.005061931908130646
-0.005056153051555157
-0.005050385370850563
-0.005044629331678152
-0.005038884934037924
-0.005033151712268591
-0.005027428735047579
-0.005021716933697462
-0.005016016308218241
-0.00501032592728734
-0.005004646256566048
-0.004998976830393076
-0.00499331671744585
-0.004987666849046946
-0.004982026293873787
-0.004976395983248949
-0.004970775917172432
-0.004965166095644236
-0.004959565121680498
-0.004953974857926369
-0.00494839483872056
-0.004942825064063072
-0.004937265533953905
-0.004931716714054346
-0.004926179070025682
-0.004920653533190489
-0.004915139172226191
-0.004909635987132788
-0.004904143046587706
-0.004898661281913519
-0.004893190693110228
-0.004887731280177832
-0.004882282111793756
-0.004876843187958002
-0.004871415439993143
-0.00486599700525403
-0.004860587883740664
-0.00485518854111433
-0.004849798977375031
-0.00484441826120019
-0.004839047789573669
-0.004833686165511608
-0.004828334785997868
-0.004822993185371161
-0.004817660432308912
-0.004812338389456272
-0.004807024728506804
-0.004801721312105656
-0.004796427674591541
-0.004791142884641886
-0.004785867873579264
-0.004780602175742388
-0.004775345791131258
-0.0047700977884233
-0.0047648586332798
-0.004759629257023335
-0.004754409193992615
-0.004749197978526354
-0.004743996076285839
-0.004738804418593645
-0.004733623005449772
-0.004728451836854219
-0.0047232904471457
-0.004718138836324215
-0.00471299747005105
-0.004707866348326206
-0.004702745005488396
-0.004697632975876331
-0.004692530259490013
-0.004687435925006866
-0.004682350438088179
-0.004677273333072662
-0.004672203678637743
-0.004667142406105995
-0.004662089049816132
-0.00465704407542944
-0.004652007017284632
-0.004646978341042995
-0.00464195990934968
-0.004636951256543398
-0.004631952848285437
-0.004626965150237083
-0.004621988162398338
-0.004617021419107914
-0.004612065386027098
-0.004607119131833315
-0.004602182190865278
-0.004597253631800413
-0.004592332523316145
-0.004587418865412474
-0.004582512192428112
-0.00457761250436306
-0.004572720732539892
-0.004567836411297321
-0.004562960471957922
-0.004558093380182981
-0.004553234204649925
-0.004548384808003902
-0.004543545190244913
-0.004538714420050383
-0.004533893428742886
-0.004529082216322422
-0.004524280317127705
-0.004519486799836159
-0.00451470073312521
-0.004509922116994858
-0.00450515141710639
-0.004500388633459806
-0.004495632834732533
-0.004490884020924568
-0.004486143589019775
-0.00448141060769558
-0.004476686008274555
-0.004471969790756702
-0.004467262886464596
-0.004462563432753086
-0.004457873292267323
-0.004453191999346018
-0.004448520019650459
-0.00444385688751936
-0.004439202602952719
-0.004434557165950537
-0.004429920110851526
-0.0044252909719944
-0.004420669283717871
-0.004416054114699364
-0.004411446396261454
-0.004406845662742853
-0.004402252845466137
-0.004397667944431305
-0.00439309049397707
-0.004388520959764719
-0.004383958876132965
-0.004379404243081808
-0.004374857991933823
-0.004370319657027721
-0.004365789704024792
-0.004361267201602459
-0.004356752149760723
-0.004352245014160872
-0.004347745794802904
-0.004343254491686821
-0.004338771104812622
-0.00433429516851902
-0.004329826217144728
-0.004325364250689745
-0.004320910666137934
-0.004316465463489294
-0.004312027245759964
-0.004307596012949944
-0.00430317223072052
-0.004298756364732981
-0.004294348414987326
-0.004289948381483555
-0.004285556729882956
-0.00428117299452424
-0.004276796244084835
-0.004272427409887314
-0.00426806602627039
-0.004263713024556637
-0.004259367007762194
-0.00425502797588706
-0.004250696394592524
-0.004246371332556009
-0.004242052789777517
-0.00423774030059576
-0.004233433865010738
-0.004229133948683739
-0.004224841482937336
-0.004220555536448956
-0.004216277040541172
-0.004212005995213985
-0.004207742400467396
-0.004203485790640116
-0.00419923709705472
-0.004194996785372496
-0.004190764389932156
-0.004186539445072412
-0.004182321485131979
-0.004178110975772142
-0.004173906054347754
-0.004169708583503962
-0.004165517631918192
-0.004161333665251732
-0.004157157614827156
-0.004152989014983177
-0.004148826934397221
-0.004144672770053148
-0.004140525590628386
-0.00413638586178422
-0.004132252652198076
-0.004128125961869955
-0.004124006256461143
-0.004119892604649067
-0.004115785006433725
-0.004111683927476406
-0.004107588436454535
-0.004103498533368111
-0.004099415149539709
-0.004095338750630617
-0.004091269336640835
-0.004087206441909075
-0.004083150532096624
-0.004079102072864771
-0.004075061064213514
-0.00407102657482028
-0.004066998604685068
-0.004062978085130453
-0.004058963153511286
-0.004054954741150141
-0.004050952848047018
-0.004046956542879343
-0.004042965825647116
-0.004038981162011623
-0.004035002551972866
-0.004031030461192131
-0.004027064889669418
-0.004023105837404728
-0.004019153770059347
-0.004015208687633276
-0.004011270590126514
-0.004007338546216488
-0.004003413021564484
-0.003999494481831789
-0.003995581995695829
-0.003991675563156605
-0.003987775649875402
-0.003983881790190935
-0.00397999444976449
-0.00397611316293478
-0.003972238395363092
-0.003968369215726852
-0.003964506555348635
-0.003960649948567152
-0.003956799395382404
-0.003952954895794392
-0.003949115984141827
-0.003945284057408571
-0.003941457718610764
-0.003937637433409691
-0.00393382366746664
-0.003930015955120325
-0.003926214296370745
-0.003922419156879187
-0.003918629605323076
-0.003914846573024988
-0.003911070059984922
-0.003907299134880304
-0.003903534729033709
-0.003899776376783848
-0.003896024078130722
-0.003892277833074331
-0.003888537175953388
-0.003884802106767893
-0.003881072625517845
-0.003877348965033889
-0.003873631125316024
-0.003869918640702963
-0.003866211976855993
-0.003862511133775115
-0.003858815878629684
-0.003855126444250345
-0.003851442830637097
-0.003847765503451228
-0.003844093764200807
-0.003840427845716476
-0.003836767980828881
-0.003833113703876734
-0.003829465014860034
-0.003825822379440069
-0.003822185331955552
-0.003818553872406483
-0.003814928466454148
-0.003811308415606618
-0.003807693487033248
-0.003804083680734038
-0.003800479462370276
-0.003796881064772606
-0.003793287789449096
-0.003789700567722321
-0.003786119166761637
-0.003782543819397688
-0.00377897429279983
-0.003775411285459995
-0.003771854331716895
-0.003768303198739886
-0.003764758119359612
-0.00376121886074543
-0.003757685422897339
-0.003754157340154052
-0.003750634379684925
-0.003747116541489959
-0.003743603592738509
-0.003740095533430576
-0.003736592596396804
-0.003733094781637192
-0.003729602321982384
-0.003726114751771092
-0.003722632536664605
-0.003719155909493566
-0.003715684404596686
-0.003712218021973968
-0.003708756295964122
-0.003705299692228436
-0.003701848676428199
-0.003698403015732765
-0.003694962710142136
-0.003691527526825666
-0.003688097931444645
-0.003684673923999071
-0.003681255970150232
-0.003677843138575554
-0.00367443566210568
-0.003671033307909966
-0.003667636075988412
-0.003664243966341019
-0.003660855814814568
-0.00365747231990099
-0.003654093248769641
-0.003650718601420522
-0.003647348843514919
-0.00364398374222219
-0.003640623763203621
-0.003637269139289856
-0.003633919870480895
-0.003630576888099313
-0.003627239726483822
-0.003623907919973135
-0.003620581701397896
-0.003617261070758104
-0.003613945795223117
-0.00361063564196229
-0.003607329912483692
-0.003604029305279255
-0.003600733587518334
-0.003597442759200931
-0.003594156354665756
-0.003590874839574099
-0.003587597981095314
-0.003584326012060046
-0.003581059165298939
-0.003577797207981348
-0.003574540372937918
-0.003571288427338004
-0.003568041604012251
-0.003564799670130014
-0.003561562392860651
-0.003558330237865448
-0.003555102506652474
-0.003551878733560443
-0.003548659151419997
-0.003545443760231137
-0.003542232559993863
-0.003539026016369462
-0.003535823663696647
-0.003532626200467348
-0.00352943385951221
-0.003526246175169945
-0.003523064311593771
-0.003519887803122401
-0.003516717348247766
-0.003513552248477936
-0.003510392736643553
-0.003507238812744617
-0.003504089778289199
-0.003500945400446653
-0.003497805679216981
-0.003494670148938894
-0.003491538343951106
-0.003488410031422973
-0.003485285444185138
-0.003482164582237601
-0.003479046747088432
-0.003475932404398918
-0.003472822019830346
-0.003469715593382716
-0.003466613590717316
-0.003463516244664788
-0.003460424486547709
-0.003457337617874146
-0.003454256104305387
-0.003451179713010788
-0.003448108909651637
-0.003445043228566647
-0.003441982669755816
-0.003438927000388503
-0.003435876220464706
-0.003432830329984426
-0.003429788630455732
-0.003426751121878624
-0.003423717804253101
-0.003420688211917877
-0.003417663276195526
-0.00341464183293283
-0.003411624580621719
-0.003408611519262195
-0.003405602416023612
-0.003402597503736615
-0.003399597015231848
-0.003396600717678666
-0.003393608843907714
-0.003390621859580278
-0.003387639299035072
-0.003384661162272096
-0.003381687682121992
-0.003378718858584762
-0.003375754691660404
-0.003372794948518276
-0.003369839861989021
-0.003366888733580709
-0.003363942028954625
-0.003360999282449484
-0.003358060261234641
-0.003355124732479453
-0.003352193161845207
-0.003349265782162547
-0.003346342593431473
-0.003343423129990697
-0.003340507624670863
-0.003337596077471972
-0.003334688255563378
-0.003331784624606371
-0.003328885184600949
-0.003325989469885826
-0.003323097480461001
-0.003320209681987762
-0.003317325841635466
-0.003314445726573467
-0.003311569569632411
-0.003308697836473584
-0.003305830061435699
-0.003302966477349401
-0.003300107549875975
-0.003297253279015422
-0.003294403199106455
-0.003291557310149074
-0.003288715844973922
-0.003285878570750356
-0.003283045720309019
-0.003280217060819268
-0.003277392359450459
-0.003274571383371949
-0.003271754365414381
-0.003268941305577755
-0.003266132436692715
-0.003263327525928617
-0.003260526340454817
-0.003257729345932603
-0.0032549356110394
-0.003252145601436496
-0.00324935931712389
-0.003246576292440295
-0.003243797225877643
-0.003241021884605289
-0.003238250268623233
-0.003235482610762119
-0.003232719143852592
-0.003229959635064006
-0.003227204782888293
-0.003224454121664166
-0.003221707651391625
-0.003218965837731957
-0.003216227516531944
-0.00321349292062223
-0.00321076181717217
-0.003208034206181765
-0.003205310087651014
-0.003202589461579919
-0.003199871862307191
-0.003197157522663474
-0.003194446675479412
-0.003191739320755005
-0.00318903592415154
-0.00318633671849966
-0.003183641703799367
-0.003180950414389372
-0.003178263548761606
-0.003175580874085426
-0.003172901924699545
-0.003170227399095893
-0.003167556365951896
-0.003164888825267553
-0.003162225009873509
-0.003159564454108477
-0.003156906925141811
-0.003154252422973514
-0.003151601413264871
-0.003148953663185239
-0.003146309172734618
-0.003143668174743652
-0.003141030902042985
-0.003138397354632616
-0.003135767532512546
-0.003133141901344061
-0.003130519995465875
-0.003127901814877987
-0.003125287825241685
-0.003122677793726325
-0.00312007125467062
-0.00311746820807457
-0.003114868886768818
-0.003112273290753365
-0.003109681187197566
-0.003107092808932066
-0.003104507923126221
-0.003101926762610674
-0.003099349094554782
-0.003096774686127901
-0.003094203304499388
-0.003091635415330529
-0.003089071018621325
-0.003086509648710489
-0.003083952004089952
-0.003081398084759712
-0.003078847425058484
-0.003076300024986267
-0.003073755884543061
-0.003071215003728867
-0.003068677382543683
-0.003066143486648798
-0.00306361261755228
-0.003061084542423487
-0.003058559959754348
-0.003056038171052933
-0.003053519176319242
-0.003051002975553274
-0.003048489801585674
-0.003045979887247086
-0.003043472999706864
-0.003040969604626298
-0.00303846993483603
-0.003035973990336061
-0.003033482003957033
-0.003030994208529592
-0.003028510604053736
-0.003026030957698822
-0.003023555036634207
-0.003021082608029246
-0.003018614137545228
-0.003016148693859577
-0.003013686975464225
-0.00301122828386724
-0.003008772619068623
-0.00300632044672966
-0.003003871301189065
-0.003001424949616194
-0.00299898162484169
-0.002996541559696198
-0.002994104288518429
-0.002991670044139028
-0.002989239059388638
-0.002986811334267259
-0.002984386868774891
-0.002981965197250247
-0.002979546552523971
-0.002977130701765418
-0.002974717877805233
-0.002972308313474059
-0.002969902008771896
-0.002967498498037457
-0.002965098014101386
-0.002962700556963682
-0.002960306126624346
-0.002957915188744664
-0.00295552727766335
-0.002953142393380404
-0.002950761001557112
-0.002948383335024118
-0.00294600916095078
-0.002943638479337096
-0.002941271523013711
-0.002938907826319337
-0.002936547622084618
-0.002934190910309553
-0.002931836992502213
-0.002929486567154527
-0.002927139401435852
-0.002924794564023614
-0.002922452753409743
-0.002920113736763597
-0.002917776815593243
-0.002915442688390613
-0.00291311158798635
-0.002910783281549811
-0.002908457769080997
-0.002906135516241193
-0.002903815824538469
-0.002901499159634113
-0.002899185521528125
-0.00289687467738986
-0.002894567092880607
-0.002892262768000364
-0.002889961469918489
-0.002887663198634982
-0.002885367488488555
-0.002883074339479208
-0.002880784450098872
-0.002878496889024973
-0.002876211889088154
-0.002873929915949702
-0.002871650969609618
-0.002869375050067902
-0.002867102157324553
-0.002864832989871502
-0.002862566849216819
-0.002860304201021791
-0.002858045278117061
-0.002855789847671986
-0.002853537676855922
-0.002851288067176938
-0.002849041484296322
-0.002846797462552786
-0.00284455600194633
-0.002842317335307598
-0.002840081229805946
-0.002837847452610731
-0.00283561646938324
-0.002833388047292829
-0.002831162419170141
-0.002828940050676465
-0.002826720476150513
-0.002824503695592284
-0.00282228970900178
-0.002820078283548355
-0.002817869419232011
-0.00281566334888339
-0.00281345983967185
-0.002811259124428034
-0.00280906050466001
-0.002806864446029067
-0.002804671181365848
-0.002802480943500996
-0.002800293499603868
-0.002798109315335751
-0.002795928390696645
-0.00279375072568655
-0.002791576087474823
-0.00278940424323082
-0.002787235425785184
-0.002785069402307272
-0.002782906172797084
-0.002780745271593332
-0.002778586931526661
-0.002776431618258357
-0.002774278866127133
-0.002772128442302346
-0.002769981045275927
-0.002767836209386587
-0.002765694400295615
-0.002763555385172367
-0.00276141962967813
-0.002759286900982261
-0.002757156733423471
-0.002755029127001762
-0.002752904314547777
-0.002750782063230872
-0.002748662373051047
-0.002746545011177659
-0.002744429977610707
-0.002742317039519548
-0.002740205964073539
-0.002738096984103322
-0.002735990565270185
-0.002733886707574129
-0.002731785411015153
-0.002729686675593257
-0.002727590501308441
-0.002725497120991349
-0.002723406767472625
-0.002721319207921624
-0.002719234442338347
-0.002717152936384082
-0.00271507422439754
-0.002712998306378722
-0.002710924949496984
-0.002708854386582971
-0.002706786384806037
-0.002704720944166183
-0.002702657831832767
-0.002700597513467073
-0.002698539290577173
-0.002696483163163066
-0.002694429596886039
-0.002692378358915448
-0.002690329914912581
-0.002688284264877439
-0.002686241408810019
-0.002684201346710324
-0.002682164078578353
-0.002680129837244749
-0.002678098157048225
-0.002676069037988782
-0.002674042014405131
-0.002672017319127917
-0.00266999495215714
-0.002667974447831511
-0.002665955806151032
-0.002663939259946346
-0.002661925042048097
-0.00265991291962564
-0.002657902892678976
-0.002655895194038749
-0.002653889823704958
-0.002651887014508247
-0.002649886766448617
-0.002647888846695423
-0.002645893022418022
-0.002643899526447058
-0.002641908824443817
-0.002639920450747013
-0.002637935103848577
-0.002635952550917864
-0.002633973024785519
-0.002631996525451541
-0.002630022820085287
-0.002628051908686757
-0.002626084256917238
-0.002624119399115443
-0.002622157102450728
-0.002620197599753737
-0.002618240658193827
-0.002616285812109709
-0.002614332595840096
-0.002612381242215633
-0.00261043175123632
-0.002608483890071511
-0.002606537891551852
-0.002604593522846699
-0.002602651016786695
-0.00260071107186377
-0.002598773455247283
-0.002596838399767876
-0.002594906371086836
-0.002592977602034807
-0.002591051626950502
-0.002589128445833921
-0.002587207825854421
-0.002585289767012
-0.002583374036476016
-0.002581460401415825
-0.002579548629000783
-0.00257763871923089
-0.00257573020644486
-0.002573822857812047
-0.002571917371824384
-0.002570013515651226
-0.00256811105646193
-0.00256621022708714
-0.002564311726018786
-0.002562415320426226
-0.002560521475970745
-0.002558630425482988
-0.002556741936132312
-0.002554856240749359
-0.00255297333933413
-0.002551093231886625
-0.002549216151237488
-0.00254734163172543
-0.002545469906181097
-0.0025436005089432
-0.002541733672842383
-0.002539869165048003
-0.002538006519898772
-0.002536145970225334
-0.002534287748858333
-0.002532432088628411
-0.00253057898953557
-0.002528727753087878
-0.002526879077777267
-0.002525032497942448
-0.002523188479244709
-0.002521347021684051
-0.002519507193937898
-0.002517669694498181
-0.002515834057703614
-0.002514000050723553
-0.002512167440727353
-0.002510336460545659
-0.002508507343009114
-0.002506680320948362
-0.00250485516153276
-0.00250303209759295
-0.002501210896298289
-0.002499391790479422
-0.002497574780136347
-0.002495759865269065
-0.00249394727870822
-0.002492137020453811
-0.002490328857675195
-0.002488522790372372
-0.002486718818545341
-0.002484916942194104
-0.00248311716131866
-0.002481319941580296
-0.002479525050148368
-0.002477732487022877
-0.002475942252203822
-0.002474154345691204
-0.002472368767485023
-0.002470585517585278
-0.002468804595991969
-0.002467026002705097
-0.002465249504894018
-0.002463474636897445
-0.002461701165884733
-0.002459929091855884
-0.00245815864764154
-0.002456390066072345
-0.002454623114317656
-0.002452858025208116
-0.002451095031574368
-0.002449333900585771
-0.002447574865072966
-0.002445818390697241
-0.00244406471028924
-0.002442313591018319
-0.002440564800053835
-0.002438818337395787
-0.00243707443587482
-0.002435333095490932
-0.002433594083413482
-0.002431857166811824
-0.002430122112855315
-0.002428388921543956
-0.002426657592877746
-0.002424928126856685
-0.002423200756311417
-0.00242147478275001
-0.00241975043900311
-0.002418027259409428
-0.002416305476799607
-0.002414585324004292
-0.002412866801023483
-0.00241114990785718
-0.002409434877336025
-0.00240772170946002
-0.002406010404229164
-0.002404301194474101
-0.002402594313025475
-0.002400889992713928
-0.002399188233539462
-0.002397488569840789
-0.002395791234448552
-0.002394096227362752
-0.002392403082922101
-0.002390711801126599
-0.00238902191631496
-0.002387333661317825
-0.002385647036135197
-0.002383961342275143
-0.002382277278229594
-0.002380594611167908
-0.002378913573920727
-0.002377234399318695
-0.002375557087361813
-0.002373881870880723
-0.002372209215536714
-0.002370538655668497
-0.002368871122598648
-0.002367206383496523
-0.002365544438362122
-0.002363885287195444
-0.002362228697165847
-0.00236057466827333
-0.002358923200517893
-0.002357273828238249
-0.002355626318603754
-0.002353980438783765
-0.002352335955947638
-0.002350692870095372
-0.002349050948396325
-0.002347410190850496
-0.002345770830288529
-0.002344132401049137
-0.002342495135962963
-0.002340859733521938
-0.002339225495234132
-0.002337592886760831
-0.002335962140932679
-0.002334333257749677
-0.00233270600438118
-0.002331080380827188
-0.002329456387087703
-0.002327834255993366
-0.002326213521882892
-0.002324594650417566
-0.00232297764159739
-0.00232136226259172
-0.002319748746231198
-0.002318137092515826
-0.002316527301445603
-0.002314919605851173
-0.00231331423856318
-0.00231171166524291
-0.00231011095456779
-0.002308512572199106
-0.002306916518136859
-0.002305322559550405
-0.002303730463609099
-0.002302140230312943
-0.00230055209249258
-0.002298965817317367
-0.002297381171956658
-0.002295797923579812
-0.002294216305017471
-0.002292635850608349
-0.002291056793183088
-0.00228947913274169
-0.002287903102114797
-0.002286328468471766
-0.00228475546464324
-0.00228318409062922
-0.002281614346429706
-0.002280046232044697
-0.002278480213135481
-0.002276916289702058
-0.002275354461744428
-0.002273794496431947
-0.002272236626595259
-0.002270680852234364
-0.002269126940518618
-0.002267574658617377
-0.002266024006530643
-0.002264474285766482
-0.002262926194816828
-0.002261379966512322
-0.002259835368022323
-0.002258291933685541
-0.002256750129163265
-0.002255209954455495
-0.002253671176731586
-0.002252134261652827
-0.002250598976388574
-0.002249065553769469
-0.002247533993795514
-0.002246004063636065
-0.002244475996121764
-0.002242949558421969
-0.00224142475053668
-0.002239901339635253
-0.002238379325717688
-0.002236858708783984
-0.00223533995449543
-0.002233822830021381
-0.002232306869700551
-0.002230792539194226
-0.002229280071333051
-0.002227769233286381
-0.00222626025788486
-0.002224753610789776
-0.002223249292001128
-0.00222174683585763
-0.002220246475189924
-0.002218748209998012
-0.002217251574620605
-0.002215756801888347
-0.002214263426139951
-0.002212771447375417
-0.002211281098425388
-0.002209791913628578
-0.002208303892984986
-0.002206817269325256
-0.002205332042649388
-0.002203847747296095
-0.00220236461609602
-0.002200882881879807
-0.002199402544647455
-0.002197923371568322
-0.002196445595473051
-0.002194969682022929
-0.0021934958640486
-0.002192024141550064
-0.002190554281696677
-0.002189086517319083
-0.002187621081247926
-0.002186157740652561
-0.002184696728363633
-0.002183238044381142
-0.002181781223043799
-0.002180325798690319
-0.002178872236981988
-0.002177420305088162
-0.002175969537347555
-0.00217452016659081
-0.002173071959987283
-0.00217162468470633
-0.002170178340747952
-0.002168732928112149
-0.002167288679629564
-0.00216584512963891
-0.002164402510970831
-0.002162960823625326
-0.00216152030043304
-0.002160081407055259
-0.002158644143491983
-0.002157208742573857
-0.002155774738639593
-0.002154342597350478
-0.002152912085875869
-0.002151483669877052
-0.002150057582184672
-0.002148633124306798
-0.002147210761904716
-0.002145790029317141
-0.00214437092654407
-0.002142953453585505
-0.002141537610441446
-0.002140123397111893
-0.002138710347935557
-0.002137298695743084
-0.002135888440534472
-0.002134479349479079
-0.002133071189746261
-0.00213166419416666
-0.002130258595570922
-0.002128854161128402
-0.0021274508908391
-0.00212604901753366
-0.002124648308381438
-0.002123248996213078
-0.002121851313859224
-0.002120455494150519
-0.002119061537086964
-0.002117669442668557
-0.0021162792108953
-0.002114890608936548
-0.002113503869622946
-0.002112119225785136
-0.002110736444592476
-0.002109355060383677
-0.002107975305989385
-0.002106596948578954
-0.002105220220983028
-0.002103844657540321
-0.002102470258250833
-0.002101096790283918
-0.002099724719300866
-0.002098353812471032
-0.00209698430262506
-0.00209561618976295
-0.002094249008223414
-0.002092883223667741
-0.002091518836095929
-0.002090155612677336
-0.002088793786242604
-0.002087433589622378
-0.002086075022816658
-0.002084717620164156
-0.002083361847326159
-0.002082007471472025
-0.00208065495826304
-0.002079303609207273
-0.002077953424304724
-0.002076605102047324
-0.00207525840960443
-0.002073913346976042
-0.002072569681331515
-0.002071227878332138
-0.002069887239485979
-0.002068547764793038
-0.00206720968708396
-0.002065873239189386
-0.002064537955448031
-0.002063203835859895
-0.00206187111325562
-0.00206053932197392
-0.002059208694845438
-0.002057879464700818
-0.002056551398709416
-0.00205522496253252
-0.00205390015617013
-0.002052576513960958
-0.002051254734396935
-0.002049934351816773
-0.002048615366220474
-0.002047298010438681
-0.002045981818810105
-0.002044667024165392
-0.002043353393673897
-0.002042041160166264
-0.002040730323642492
-0.002039420418441296
-0.002038111677393317
-0.002036804798990488
-0.002035499317571521
-0.002034195465967059
-0.002032892778515816
-0.002031591488048434
-0.002030291594564915
-0.002028993098065257
-0.002027696231380105
-0.002026400994509459
-0.00202510692179203
-0.002023813780397177
-0.002022521570324898
-0.002021230757236481
-0.002019941341131926
-0.002018653322011232
-0.002017366467043757
-0.002016080310568213
-0.002014795085415244
-0.002013510325923562
-0.002012226730585098
-0.002010944066569209
-0.002009662799537182
-0.002008382696658373
-0.002007103990763426
-0.002005827147513628
-0.002004552166908979
-0.002003279514610767
-0.002002008724957705
-0.002000739565119147
-0.001999472035095096
-0.001998205669224262
-0.001996940700337291
-0.001995677128434181
-0.001994414953514934
-0.001993153709918261
-0.001991892931982875
-0.001990633551031351
-0.001989374635741115
-0.001988116418942809
-0.001986859133467078
-0.001985603012144566
-0.001984348287805915
-0.001983094727620482
-0.001981842331588268
-0.00198059156537056
-0.001979342661798
-0.001978095388039947
-0.001976849744096398
-0.001975605729967356
-0.001974363345652819
-0.001973122358322144
-0.001971883000805974
-0.001970644807443023
-0.001969408476725221
-0.00196817284449935
-0.00196693860925734
-0.00196570553816855
-0.00196447316557169
-0.001963241258636117
-0.001962010515853763
-0.001960780471563339
-0.00195955135859549
-0.00195832340978086
-0.001957096857950091
-0.001955871470272541
-0.00195464794524014
-0.001953426050022244
-0.001952205668203533
-0.001950986799784005
-0.001949769328348339
-0.001948553021065891
-0.001947337877936661
-0.001946123782545328
-0.001944910502061248
-0.001943697920069098
-0.001942485920153558
-0.001941274269483984
-0.001940063433721662
-0.001938853412866592
-0.00193764443974942
-0.001936436747200787
-0.001935230451636016
-0.001934025669470429
-0.00193282263353467
-0.00193162146024406
-0.001930422149598598
-0.001929224701598287
-0.00192802888341248
-0.001926834578625858
-0.001925641670823097
-0.001924450043588877
-0.001923259580507874
-0.001922070048749447
-0.001920881331898272
-0.00191969342995435
-0.001918506110087037
-0.001917319372296333
-0.001916133332997561
-0.001914948341436684
-0.001913764514029026
-0.00191258208360523
-0.001911401282995939
-0.001910221879370511
-0.001909044105559587
-0.00190786796156317
-0.001906693330965936
-0.00190552044659853
-0.001904348959214985
-0.001903178752399981
-0.001902009709738195
-0.001900841481983662
-0.001899673836305737
-0.001898506889119744
-0.001897340407595038
-0.001896174275316298
-0.001895008608698845
-0.001893843524158001
-0.001892679021693766
-0.001891515450552106
-0.001890353043563664
-0.00188919180072844
-0.001888031838461757
-0.001886873389594257
-0.001885716337710619
-0.001884560915641487
-0.001883407006971538
-0.001882254728116095
-0.001881104079075158
-0.001879954943433404
-0.001878807437606156
-0.00187766132876277
-0.00187651626765728
-0.001875372603535652
-0.001874229987151921
-0.001873088418506086
-0.001871947897598147
-0.001870808424428105
-0.001869669882580638
-0.001868532737717032
-0.001867396524176002
-0.001866261358372867
-0.001865127356722951
-0.001863994286395609
-0.001862862263806164
-0.001861731056123972
-0.001860600896179676
-0.001859471551142633
-0.001858343137428164
-0.001857215422205627
-0.001856088638305664
-0.001854962552897632
-0.001853837631642818
-0.001852713641710579
-0.001851590815931559
-0.001850469037890434
-0.001849348424002528
-0.001848229090683162
-0.001847111037932336
-0.001845994614996016
-0.001844879472628236
-0.001843765610828996
-0.001842653146013618
-0.001841541728936136
-0.001840431243181229
-0.00183932192157954
-0.001838213298469782
-0.001837105606682599
-0.001835998729802668
-0.001834892551414669
-0.001833787187933922
-0.00183268275577575
-0.001831579022109509
-0.001830476219765842
-0.00182937434874475
-0.001828273292630911
-0.001827173633500934
-0.001826075138524175
-0.001824977924115956
-0.001823881990276277
-0.00182278745342046
-0.001821694313548505
-0.001820602687075734
-0.001819512690417469
-0.001818423974327743
-0.001817336655221879
-0.001816250500269234
-0.001815165625885129
-0.00181408179923892
-0.001812998903915286
-0.001811916939914227
-0.001810835907235742
-0.001809755689464509
-0.001808676053769886
-0.001807597349397838
-0.001806519576348364
-0.001805442268960178
-0.001804366009309888
-0.001803290564566851
-0.001802216051146388
-0.0018011424690485
-0.001800069934688509
-0.001798998448066413
-0.001797927892766893
-0.001796858268789947
-0.001795789576135576
-0.001794721814803779
-0.001793654984794557
-0.001792588969692588
-0.001791523536667228
-0.00179045891854912
-0.001789394882507622
-0.001788331544958055
-0.001787269022315741
-0.001786207430996001
-0.001785147003829479
-0.001784087624400854
-0.001783029525540769
-0.001781972940079868
-0.001780917984433472
-0.00177986454218626
-0.001778812613338232
-0.001777762314304709
-0.001776713645085692
-0.001775666140019894
-0.001774619915522635
-0.001773574971593916
-0.001772531191818416
-0.001771488459780812
-0.001770446891896427
-0.001769406371749938
-0.001768366899341345
-0.001767328241840005
-0.001766290399245918
-0.00176525313872844
-0.001764216460287571
-0.001763180363923311
-0.001762145082466304
-0.001761110383085907
-0.001760076032951474
-0.001759042148478329
-0.001758008846081793
-0.001756975892931223
-0.001755943521857262
-0.00175491173285991
-0.001753880875185132
-0.001752850948832929
-0.001751822070218623
-0.001750794355757535
-0.001749767805449665
-0.001748742535710335
-0.001747718313708901
-0.001746695255860686
-0.001745673478581011
-0.001744652749039233
-0.001743633067235351
-0.001742614433169365
-0.001741596963256598
-0.001740580308251083
-0.001739564584568143
-0.001738549792207778
-0.001737535931169987
-0.001736523001454771
-0.001735511003062129
-0.001734500052407384
-0.001733490149490535
-0.001732481177896261
-0.001731473486870527
-0.001730466727167368
-0.001729461248032749
-0.001728456816636026
-0.001727453549392521
-0.001726451213471591
-0.001725449925288558
-0.001724449684843421
-0.001723450259305537
-0.001722451532259583
-0.001721453387290239
-0.001720455707982183
-0.001719458843581378
-0.001718462677672505
-0.001717467093840241
-0.001716472208499908
-0.001715478021651506
-0.001714484416879714
-0.001713491743430495
-0.001712500001303852
-0.001711509306915104
-0.001710519893094897
-0.001709531643427908
-0.001708544907160103
-0.001707559335045516
-0.00170657504349947
-0.001705592148937285
-0.001704610418528318
-0.001703629735857248
-0.001702650217339396
-0.001701671513728797
-0.001700693508610129
-0.001699716201983392
-0.001698739477433264
-0.001697763218544424
-0.00169678742531687
-0.001695811981335282
-0.001694837003014982
-0.001693862723186612
-0.001692889141850173
-0.001691916142590344
-0.001690944074653089
-0.001689972938038409
-0.001689002849161625
-0.001688034040853381
-0.001687066513113678
-0.001686100498773158
-0.001685135997831821
-0.001684172661043704
-0.001683210837654769
-0.00168224994558841
-0.001681290101259947
-0.001680331071838737
-0.001679372624494135
-0.001678414759226143
-0.001677457243204117
-0.001676500309258699
-0.001675543840974569
-0.001674587721936405
-0.001673632068559527
-0.001672677113674581
-0.001671722857281566
-0.001670769648626447
-0.001669817604124546
-0.001668866607360542
-0.001667917123995721
-0.001666969037614763
-0.001666022231802344
-0.001665076822973788
-0.00166413257829845
-0.001663189381361008
-0.00166224711574614
-0.001661305665038526
-0.001660364796407521
-0.001659424277022481
-0.001658483990468085
-0.001657544053159654
-0.001656604697927833
-0.00165566592477262
-0.001654727617278695
-0.001653789891861379
-0.001652852748520672
-0.001651916303671896
-0.001650980557315052
-0.001650045742280781
-0.001649111974984407
-0.00164817925542593
-0.001647247467190027
-0.001646316610276699
-0.001645386684685946
-0.001644457690417767
-0.00164352951105684
-0.001642602030187845
-0.001641675480641425
-0.001640749746002257
-0.001639824942685664
-0.001638900954276323
-0.001637977664358914
-0.001637055072933435
-0.001636133412830532
-0.001635212567634881
-0.00163429242093116
-0.001633373089134693
-0.0016324546886608
