0
0
0
0
0
0
0
0
0
0
0
0
0
0
0
0
0
0
0
0
0
0
0
0
0
0
0
0
0
0
0
0
0
0
0
0
0
0
0
0
0
0
0
0
0
0
0
0
0
0
0
0
0
0
0
0
0
0
0
0
0
0
0
0
0
0
0
0
0
0
0
0
0
0
0
0
0
0
0
0
0
0
0
0
0
0
0
0
0
0
0
0
0
0
0
0
0
0
0
0
0
0
0
0
0
0
0
0
0
0
0
0
0
0
0
0
0
0
0
0
0
0
0
0
0
0
0
0
0
0
0
0
0
0
0
0
0
0
0
0
0
0
0
0
0
0
0
0
0
0
0
0
0
0
0
0
0
0
0
0
0
0
0
0
0
0
0
0
0
0
0
0
0
0
0
0
0
0
0
0
0
0
0
0
0
0
0
0
0
0
0
0
0
0
0
0
0
0
0
0
0
0
0
0
0
0
0
0
0
0
0
0
0
0
0
0
0
0
0
0
0
0
0
0
0
0
0
0
0
0
0
0
0
0
0
0
0
0
0
0
0
0
0
0
0
0
0
0
0
0
0
0
0
0
0
0
0
0
0
0
0
0
0
0
0
0
0
0
0
0
0
0
0
0
0
0
0
0
0
0
0
0
0
0
0
0
0
0
0
0
0
0
0
0
0
0
0
0
0
0
0
0
0
0
0
0
0
0
0
0
0
0
0
0
0
0
0
0
0
0
0
0
0
0
0
0
0
0
2.101947696487226e-44
1.331233541108576e-43
8.155557062370435e-43
4.638297916915145e-42
2.542235673978083e-41
1.350010940530529e-40
6.956578070324835e-40
3.481259787906786e-39
1.693325140654409e-38
8.012723830940578e-38
3.691517447830588e-37
1.657084176829879e-36
7.252890545140044e-36
3.097421874698218e-35
1.29149417670122e-34
5.260825784769297e-34
2.094777401926372e-33
8.158034385146342e-33
3.109042380223615e-32
1.160060345094861e-31
4.239911262681483e-31
1.51864221668608e-30
5.332959072844441e-30
1.836871483103401e-29
6.208161147800017e-29
2.05963209372773e-28
6.709976518914073e-28
2.147398791668146e-27
6.753277972225709e-27
2.087712990096421e-26
6.346293537865709e-26
1.897564108609202e-25
5.582496962274865e-25
1.616370374163903e-24
4.607375643531791e-24
1.293250521638093e-23
3.57552783013234e-23
9.739450916346485e-23
2.614390810372605e-22
6.917508403673079e-22
1.804555696647126e-21
4.642238167946676e-21
1.177913350990538e-20
2.948612278593991e-20
7.283278764619953e-20
1.775519403402463e-19
4.272625419768556e-19
1.015113255990508e-18
2.381559896634339e-18
5.518368779754095e-18
1.263091974068979e-17
2.856308256449298e-17
6.382484578300779e-17
1.409471029862832e-16
3.076587777061149e-16
6.638848893605746e-16
1.416407435607457e-15
2.988242240662526e-15
6.234967173091542e-15
1.286768153645592e-14
2.627059302788646e-14
5.306364614203474e-14
1.060558772422206e-13
2.097656087458183e-13
4.106255537417863e-13
7.956437700525065e-13
1.526160166125112e-12
2.898256504582641e-12
5.449719234912331e-12
1.014743584298872e-11
1.871226958105598e-11
3.417643251735214e-11
6.182981904245821e-11
1.108103192537513e-10
1.967489643428522e-10
3.461247122249489e-10
6.033617494516363e-10
1.042278818808029e-09
1.784375314173303e-09
3.027740946848212e-09
5.092309685039709e-09
8.489983827075775e-09
1.403221983053982e-08
2.299344181722063e-08
3.735677722715991e-08
6.0179900174262e-08
9.613430762556163e-08
1.522920456409338e-07
2.392623628111323e-07
3.72816714389046e-07
5.761888246524904e-07
8.832969911054533e-07
1.343210328741407e-06
2.02627757062146e-06
3.032444055861561e-06
4.502421234064968e-06
6.632521944993641e-06
9.694142136140727e-06
1.405905641149729e-05
2.023188244493213e-05
2.889123607019428e-05
4.094125324627385e-05
5.757526378147304e-05
8.035340579226613e-05
0.0001112959071178921
0.0001529933797428384
0.0002087352040689439
0.0002826563722919673
0.0003799014957621694
0.0005068050813861191
0.0006710827583447099
0.0008820292423479259
0.001150713535025716
0.001490162336267531
0.001915515516884625
0.002444140845909715
0.003095688065513968
0.003892058273777366
0.004857273306697607
0.006017217878252268
0.007399236783385277
0.009031570516526699
0.010942617431283
0.01316000893712044
0.0157095231115818
0.01861384138464928
0.02189116925001144
0.02555380202829838
0.02960664592683315
0.03404582291841507
0.03885740786790848
0.04401641711592674
0.04948613420128822
0.05521786585450172
0.06115125864744186
0.06721517443656921
0.07332920283079147
0.07940584421157837
0.08535328507423401
0.09107870608568192
0.0964919775724411
0.1015096306800842
0.1060588136315346
0.1100810617208481
0.1135356575250626
0.1164022088050842
0.1186823844909668
0.1204004660248756
0.1216027736663818
0.1223558038473129
0.1227430105209351
0.1228606328368187
0.1228126212954521
0.122704841196537
0.1226392015814781
0.1227078065276146
0.1229877546429634
0.1235368028283119
0.1243903189897537
0.1255598068237305
0.1270328909158707
0.1287751495838165
0.1307334005832672
0.1328402310609818
0.1350196301937103
0.1371929198503494
0.1392849534749985
0.1412297189235687
0.1429750770330429
0.1444862335920334
0.1457476913928986
0.1467633843421936
0.147555485367775
0.1481614112854004
0.1486297994852066
0.1490156650543213
0.1493752151727676
0.1497608870267868
0.1502168923616409
0.1507759243249893
0.151456892490387
0.1522643268108368
0.1531889885663986
0.1542098522186279
0.1552970707416534
0.1564156860113144
0.1575293838977814
0.1586044132709503
0.1596127152442932
0.1605343222618103
0.1613587737083435
0.1620854735374451
0.1627228707075119
0.1632867902517319
0.1637981384992599
0.1642802506685257
0.1647561192512512
0.165245994925499
0.1657654196023941
0.1663239449262619
0.1669247001409531
0.1675647497177124
0.1682359129190445
0.1689263433218002
0.1696222722530365
0.1703098118305206
0.1709765940904617
0.1716131567955017
0.1722137629985809
0.1727766245603561
0.1733038574457169
0.1738007664680481
0.1742748618125916
0.1747347116470337
0.1751888245344162
0.1756446063518524
0.1761075407266617
0.1765807867050171
0.1770650446414948
0.1775587350130081
0.1780584752559662
0.1785597503185272
0.1790576726198196
0.1795476675033569
0.1800259649753571
0.1804901510477066
0.1809392124414444
0.1813736110925674
0.1817949563264847
0.1822058111429214
0.1826090812683105
0.1830077022314072
0.1834042221307755
0.1838004887104034
0.1841975152492523
0.1845954954624176
0.1849937736988068
0.1853911727666855
0.1857862025499344
0.1861773133277893
0.186563104391098
0.1869425624608994
0.1873151361942291
0.1876807659864426
0.1880397945642471
0.1883929669857025
0.1887412071228027
0.1890855431556702
0.1894268393516541
0.1897657662630081
0.1901027858257294
0.1904380470514297
0.1907714158296585
0.1911025494337082
0.1914310157299042
0.191756397485733
0.1920782327651978
0.1923962831497192
0.1927103847265244
0.1930205523967743
0.1933269500732422
0.1936298161745071
0.1939294338226318
0.1942261606454849
0.1945202797651291
0.194811999797821
0.1951014548540115
0.1953886747360229
0.1956736445426941
0.1959562599658966
0.1962364166975021
0.1965140253305435
0.19678895175457
0.1970611959695816
0.1973307430744171
0.1975976228713989
0.1978619247674942
0.1981237530708313
0.1983832120895386
0.1986404359340668
0.1988954991102219
0.1991484463214874
0.1993993520736694
0.1996482163667679
0.1998950093984604
0.2001397609710693
0.2003824263811111
0.200623020529747
0.2008615285158157
0.2010979950428009
0.2013324201107025
0.2015648186206818
0.2017952650785446
0.2020237594842911
0.2022503614425659
0.2024751603603363
0.2026981562376022
0.2029193788766861
0.2031388133764267
0.20335653424263
0.2035725116729736
0.2037867903709412
0.2039993703365326
0.2042102515697479
0.2044194489717484
0.2046269774436951
0.2048328518867493
0.2050371319055557
0.2052398473024368
0.205440953373909
0.2056405246257782
0.2058385908603668
0.2060351520776749
0.2062301933765411
0.2064237892627716
0.2066159099340439
0.2068066000938416
0.2069958597421646
0.2071836888790131
0.2073701322078705
0.2075551748275757
0.207738846540451
0.2079211920499802
0.2081021964550018
0.2082818895578384
0.2084602564573288
0.2086373269557953
0.2088131159543991
0.2089876383543015
0.2091609090566635
0.2093329280614853
0.209503710269928
0.209673285484314
0.2098416686058044
0.2100088596343994
0.2101748883724213
0.21033975481987
0.2105035036802292
0.2106661051511765
0.210827574133873
0.2109879106283188
0.2111471444368362
0.2113053202629089
0.2114623934030533
0.2116183638572693
0.2117732912302017
0.2119271755218506
0.2120800167322159
0.2122317999601364
0.2123825699090958
0.2125323563814163
0.2126811444759369
0.2128289341926575
0.2129757702350616
0.2131216526031494
0.2132665514945984
0.2134104669094086
0.2135534435510635
0.2136954814195633
0.2138365656137466
0.2139767408370972
0.2141159921884537
0.2142543345689774
0.2143917679786682
0.2145282328128815
0.2146637290716171
0.2147982716560364
0.2149317711591721
0.2150641977787018
0.215195432305336
0.2153254002332687
0.2154539525508881
0.2155808806419373
0.2157059460878372
0.2158287316560745
0.2159487903118134
0.2160654962062836
0.2161780595779419
0.2162855118513107
0.2163865715265274
0.216479703783989
0.2165628671646118
0.2166336625814438
0.2166890799999237
0.2167255580425262
0.216738685965538
0.2167233228683472
0.2166733592748642
0.2165816575288773
0.2164399921894073
0.2162388861179352
0.215967670083046
0.2156143635511398
0.2151657789945602
0.2146075665950775
0.2139243334531784
0.2130998373031616
0.2121172845363617
0.2109596431255341
0.2096101939678192
0.2080530077219009
0.2062735110521317
0.2042593359947205
0.2020008713006973
0.1994920670986176
0.1967313140630722
0.1937220394611359
0.190473347902298
0.1870006173849106
0.183325782418251
0.1794774085283279
0.1754906624555588
0.1714068353176117
0.1672725975513458
0.1631389558315277
0.1590598374605179
0.1550905257463455
0.1512856781482697
0.1476973295211792
0.1443727910518646
0.1413525193929672
0.1386681497097015
0.1363408416509628
0.1343799829483032
0.1327822357416153
0.1315314769744873
0.1305990070104599
0.1299446523189545
0.1295184642076492
0.1292629987001419
0.1291160136461258
0.1290136426687241
0.12889364361763
0.1286987066268921
0.1283794343471527
0.1278970539569855
0.1272253543138504
0.1263518631458282
0.1252783238887787
0.1240201219916344
0.1226048097014427
0.1210699528455734
0.1194602027535439
0.1178240403532982
0.1162101998925209
0.1146642342209816
0.1132253706455231
0.1119239032268524
0.1107792854309082
0.1097991988062859
0.1089794933795929
0.1083050966262817
0.1077517047524452
0.10728819668293
0.1068795025348663
0.1064896732568741
0.106084868311882
0.1056360304355621
0.105121061205864
0.1045262366533279
0.1038468256592751
0.1030868589878082
0.1022581681609154
0.1013786718249321
0.1004703268408775
0.09955672919750214
0.09866077452898026
0.09780245274305344
0.09699711948633194
0.09625435620546341
0.09557735174894333
0.09496305882930756
0.09440293908119202
0.09388414770364761
0.09339107573032379
0.09290704131126404
0.09241598844528198
0.09190387278795242
0.09135980904102325
0.09077668190002441
0.09015128016471863
0.08948400616645813
0.08877813816070557
0.08803877979516983
0.08727167546749115
0.08648199588060379
0.08567322045564651
0.08484628051519394
0.083998903632164
0.08312546461820602
0.08221700042486191
0.08126167953014374
0.08024536818265915
0.07915238291025162
0.07796629518270493
0.07667064666748047
0.0752495676279068
0.07368819415569305
0.07197289168834686
0.07009127736091614
0.06803212314844131
0.06578506529331207
0.06334039568901062
0.0606888085603714
0.05782128870487213
0.05472905561327934
0.05140376836061478
0.04783784598112106
0.04402490332722664
0.03996039927005768
0.03564221411943436
0.03107138909399509
0.02625269629061222
0.02119519375264645
0.01591259241104126
0.01042351312935352
0.004751548636704683
-0.001074853353202343
-0.007022647187113762
-0.01305459532886744
-0.01912979409098625
-0.02520430460572243
-0.03123185411095619
-0.03716463223099709
-0.04295411333441734
-0.04855197295546532
-0.05391101911664009
-0.05898616835474968
-0.06373549252748489
-0.06812125444412231
-0.07211092114448547
-0.07567820698022842
-0.07880397886037827
-0.08147710561752319
-0.08369509875774384
-0.08546458929777145
-0.08680155128240585
-0.0877312496304512
-0.08828787505626678
-0.08851388096809387
-0.08845901489257812
-0.0881790816783905
-0.08773437887430191
-0.0871879905462265
-0.08660389482975006
-0.08604498207569122
-0.0855710580945015
-0.08523691445589066
-0.08509054034948349
-0.08517152816057205
-0.08550972491502762
-0.08612430840730667
-0.08702318370342255
-0.08820279687643051
-0.08964842557907104
-0.09133489429950714
-0.09322764724493027
-0.09528433531522751
-0.09745660424232483
-0.09969217330217361
-0.1019371077418327
-0.1041381657123566
-0.1062450781464577
-0.1082126647233963
-0.1100028157234192
-0.1115860193967819
-0.1129425764083862
-0.1140632629394531
-0.114949531853199
-0.11561319231987
-0.1160756126046181
-0.1163663789629936
-0.1165216565132141
-0.1165821850299835
-0.116591103374958
-0.116591677069664
-0.1166250705718994
-0.1167282611131668
-0.1169322431087494
-0.11726064234972
-0.1177286356687546
-0.1183424964547157
-0.1190996021032333
-0.1199889481067657
-0.1209921017289162
-0.1220845505595207
-0.1232374161481857
-0.1244193464517593
-0.1255984306335449
-0.1267441660165787
-0.1278292238712311
-0.1288309544324875
-0.129732608795166
-0.1305240392684937
-0.1312020868062973
-0.1317704021930695
-0.13223896920681
-0.1326230764389038
-0.1329420953989029
-0.1332180202007294
-0.1334739327430725
-0.133732408285141
-0.1340140402317047
-0.1343361437320709
-0.1347118765115738
-0.1351494491100311
-0.1356519460678101
-0.136217325925827
-0.136838972568512
-0.1375063210725784
-0.138205885887146
-0.1389224380254745
-0.1396401524543762
-0.1403438448905945
-0.1410200446844101
-0.1416578143835068
-0.1422494798898697
-0.1427909433841705
-0.1432818621397018
-0.1437253206968307
-0.1441274583339691
-0.1444967687129974
-0.1448433101177216
-0.1451778411865234
-0.1455109268426895
-0.1458521485328674
-0.1462094187736511
-0.1465884298086166
-0.1469924300909042
-0.14742211997509
-0.1478757411241531
-0.1483494341373444
-0.1488377004861832
-0.1493339836597443
-0.1498312801122665
-0.1503227353096008
-0.1508022397756577
-0.151264876127243
-0.1517072916030884
-0.1521277874708176
-0.1525263786315918
-0.1529047042131424
-0.1532657146453857
-0.1536133140325546
-0.1539519727230072
-0.1542863100767136
-0.1546206027269363
-0.1549585312604904
-0.1553028225898743
-0.155655100941658
-0.1560158282518387
-0.1563843488693237
-0.1567590236663818
-0.1571374237537384
-0.1575165838003159
-0.1578933149576187
-0.1582644283771515
-0.158626988530159
-0.1589784771203995
-0.1593169122934341
-0.1596408784389496
-0.1599494218826294
-0.1602420061826706
-0.1605183184146881
-0.1607779264450073
-0.1610201746225357
-0.1612439006567001
-0.1614471226930618
-0.1616269946098328
-0.1617795675992966
-0.161899745464325
-0.1619811505079269
-0.1620163023471832
-0.1619965434074402
-0.1619122475385666
-0.1617528349161148
-0.1615070998668671
-0.161163330078125
-0.1607094705104828
-0.1601333767175674
-0.1594230830669403
-0.1585669219493866
-0.1575539708137512
-0.1563742309808731
-0.1550189405679703
-0.1534810662269592
-0.1517555713653564
-0.1498399674892426
-0.1477345824241638
-0.1454430520534515
-0.1429727822542191
-0.1403352022171021
-0.13754603266716
-0.1346254050731659
-0.1315978616476059
-0.1284921169281006
-0.1253407150506973
-0.122179388999939
-0.1190462857484818
-0.115980938076973
-0.1130231097340584
-0.1102114468812943
-0.1075821444392204
-0.1051674783229828
-0.1029944568872452
-0.1010835394263268
-0.09944755584001541
-0.09809096902608871
-0.0970093309879303
-0.09618920087814331
-0.09560845792293549
-0.09523702412843704
-0.09503798186779022
-0.09496913105249405
-0.09498476982116699
-0.09503776580095291
-0.09508173912763596
-0.09507330507040024
-0.09497410804033279
-0.09475273638963699
-0.09438618272542953
-0.09386096149682999
-0.09317357093095779
-0.09233050048351288
-0.09134762734174728
-0.09024897962808609
-0.08906512707471848
-0.087831050157547
-0.08658390492200851
-0.08536052703857422
-0.0841950848698616
-0.08311693370342255
-0.08214879035949707
-0.08130549639463425
-0.08059323579072952
-0.08000946044921875
-0.07954346388578415
-0.07917748391628265
-0.07888827472925186
-0.07864914089441299
-0.07843202352523804
-0.07820971310138702
-0.0779578760266304
-0.07765680551528931
-0.07729267328977585
-0.0768582820892334
-0.0763532817363739
-0.07578370720148087
-0.07516112178564072
-0.07450126111507416
-0.07382239401340485
-0.0731436163187027
-0.07248306274414062
-0.07185643166303635
-0.07127565890550613
-0.07074817270040512
-0.07027647644281387
-0.06985828280448914
-0.06948709487915039
-0.06915305554866791
-0.06884418427944183
-0.06854762136936188
-0.06825097650289536
-0.06794346868991852
-0.06761680543422699
-0.06726584583520889
-0.06688880175352097
-0.06648717075586319
-0.06606524437665939
-0.06562946736812592
-0.06518754363059998
-0.06474751979112625
-0.06431692838668823
-0.06390199810266495
-0.06350713968276978
-0.0631345808506012
-0.06278435885906219
-0.06245448067784309
-0.06214136257767677
-0.06184031814336777
-0.06154622510075569
-0.0612541139125824
-0.06095970049500465
-0.06065980345010757
-0.06035260111093521
-0.06003767624497414
-0.05971594899892807
-0.0593893975019455
-0.0590607188642025
-0.05873294919729233
-0.05840903520584106
-0.05809150263667107
-0.05778218433260918
-0.05748206377029419
-0.05719126388430595
-0.05690909177064896
-0.05663421750068665
-0.05636489763855934
-0.05609924346208572
-0.05583545565605164
-0.05557204037904739
-0.05530795454978943
-0.05504268407821655
-0.05477625504136086
-0.05450913310050964
-0.05424214527010918
-0.05397630855441093
-0.05371267721056938
-0.05345219001173973
-0.05319555476307869
-0.05294319614768028
-0.05269520729780197
-0.05245138332247734
-0.05221126973628998
-0.05197426304221153
-0.05173970013856888
-0.05150695517659187
-0.05127549916505814
-0.05104497447609901
-0.05081521719694138
-0.05058624967932701
-0.05035825073719025
-0.05013149604201317
-0.04990632459521294
-0.04968306794762611
-0.04946200177073479
-0.04924331977963448
-0.04902710020542145
-0.04881330952048302
-0.04860182851552963
-0.04839246720075607
-0.04818499088287354
-0.04797918349504471
-0.04777484014630318
-0.0475718230009079
-0.04737004637718201
-0.04716948047280312
-0.0469701737165451
-0.04677219316363335
-0.0465756319463253
-0.04638058692216873
-0.0461871363222599
-0.04599534347653389
-0.04580521956086159
-0.04561673849821091
-0.04542986303567886
-0.04524452239274979
-0.04506063088774681
-0.04487811028957367
-0.04469689354300499
-0.04451693221926689
-0.04433818534016609
-0.04416064545512199
-0.0439843162894249
-0.04380921646952629
-0.04363536089658737
-0.04346276819705963
-0.04329146072268486
-0.04312143102288246
-0.04295267909765244
-0.04278518259525299
-0.04261891916394234
-0.04245385527610779
-0.04228996858000755
-0.04212722554802895
-0.04196559637784958
-0.04180506989359856
-0.04164562374353409
-0.04148724675178528
-0.04132994264364243
-0.04117370024323463
-0.0410185344517231
-0.04086443409323692
-0.04071139544248581
-0.04055940359830856
-0.04040845483541489
-0.04025852680206299
-0.04010961577296257
-0.03996169939637184
-0.03981476277112961
-0.03966879099607468
-0.03952378034591675
-0.03937971591949463
-0.03923658654093742
-0.03909438475966454
-0.03895309567451477
-0.03881272673606873
-0.03867326676845551
-0.03853470459580421
-0.03839704021811485
-0.03826025873422623
-0.03812436014413834
-0.03798932954668999
-0.03785515204071999
-0.03772182390093803
-0.03758933395147324
-0.03745767846703529
-0.03732684627175331
-0.03719682618975639
-0.03706761449575424
-0.03693920373916626
-0.03681158274412155
-0.03668474778532982
-0.03655868396162987
-0.036433394998312
-0.03630886971950531
-0.03618510439991951
-0.036062091588974
-0.03593982011079788
-0.03581828996539116
-0.03569748625159264
-0.03557740151882172
-0.0354580357670784
-0.03533937782049179
-0.03522142022848129
-0.03510415181517601
-0.03498758003115654
-0.03487169370055199
-0.03475648537278175
-0.03464194387197495
-0.03452806919813156
-0.0344148613512516
-0.03430230915546417
-0.03419040516018867
-0.03407914936542511
-0.03396853059530258
-0.03385854139924049
-0.03374918550252914
-0.03364044800400734
-0.03353233635425568
-0.03342483937740326
-0.03331794962286949
-0.03321165964007378
-0.03310596570372581
-0.03300086036324501
-0.03289633616805077
-0.03279239311814308
-0.03268902748823166
-0.0325862355530262
-0.0324840135872364
-0.03238235414028168
-0.03228125348687172
-0.03218071162700653
-0.03208071365952492
-0.03198125213384628
-0.03188233077526093
-0.03178394585847855
-0.03168608248233795
-0.03158875182271004
-0.03149194642901421
-0.03139566630125046
-0.0312999002635479
-0.03120465017855167
-0.03110990673303604
-0.03101566806435585
-0.0309219267219305
-0.0308286789804697
-0.03073592111468315
-0.03064364939928055
-0.0305518601089716
-0.03046054765582085
-0.03036970645189285
-0.03027933835983276
-0.03018943592905998
-0.03009999915957451
-0.03001101687550545
-0.0299224965274334
-0.02983442880213261
-0.02974681556224823
-0.02965965121984482
-0.02957293018698692
-0.02948664873838425
-0.02940080314874649
-0.0293153952807188
-0.02923041395843029
-0.02914586290717125
-0.02906173467636108
-0.02897802740335464
-0.02889473736286163
-0.0288118664175272
-0.02872940897941589
-0.02864735946059227
-0.02856571972370148
-0.02848447673022747
-0.0284036323428154
-0.02832318656146526
-0.02824313193559647
-0.02816346660256386
-0.02808418869972229
-0.02800529450178146
-0.02792678400874138
-0.02784865349531174
-0.02777090109884739
-0.02769352309405804
-0.02761651948094368
-0.02753988467156887
-0.02746362052857876
-0.02738772518932819
-0.02731219306588173
-0.02723702043294907
-0.02716220356523991
-0.02708773873746395
-0.02701362408697605
-0.02693985402584076
-0.02686642669141293
-0.02679334208369255
-0.02672059834003448
-0.02664819359779358
-0.02657612599432468
-0.0265043918043375
-0.02643299102783203
-0.02636192180216312
-0.02629118226468563
-0.02622076869010925
-0.02615067921578884
-0.02608091570436954
-0.02601147256791592
-0.02594234794378281
-0.02587353996932507
-0.0258050449192524
-0.02573686465620995
-0.02566899172961712
-0.02560142241418362
-0.02553415670990944
-0.02546719461679459
-0.02540053054690361
-0.02533416450023651
-0.02526809275150299
-0.0252023171633482
-0.02513683401048183
-0.0250716432929039
-0.02500674314796925
-0.02494212612509727
-0.02487779408693314
-0.02481375075876713
-0.02474998869001865
-0.02468650788068771
-0.02462330274283886
-0.02456037327647209
-0.02449771761894226
-0.02443533204495907
-0.02437321841716766
-0.0243113748729229
-0.02424979582428932
-0.02418848313391209
-0.02412743680179119
-0.02406665496528149
-0.02400613389909267
-0.0239458754658699
-0.02388587407767773
-0.02382613159716129
-0.02376664243638515
-0.02370741032063961
-0.02364843152463436
-0.02358970046043396
-0.02353121899068356
-0.0234729815274477
-0.02341498993337154
-0.02335723675787449
-0.02329972572624683
-0.02324245125055313
-0.02318541519343853
-0.02312861382961273
-0.02307204715907574
-0.02301571518182755
-0.02295961789786816
-0.02290375530719757
-0.02284812182188034
-0.02279272116720676
-0.02273754775524139
-0.02268260531127453
-0.02262788452208042
-0.02257339097559452
-0.02251911908388138
-0.02246506884694099
-0.02241123840212822
-0.02235762402415276
-0.0223042257130146
-0.02225103974342346
-0.02219806984066963
-0.02214531600475311
-0.02209277637302876
-0.02204044722020626
-0.02198832668364048
-0.02193641476333141
-0.02188471332192421
-0.02183321863412857
-0.0217819269746542
-0.02173084206879139
-0.021679962053895
-0.02162928134202957
-0.02157879993319511
-0.02152851410210133
-0.02147842571139336
-0.02142853476107121
-0.02137883752584457
-0.02132933214306831
-0.02128001675009727
-0.02123089507222176
-0.02118196152150631
-0.02113321796059608
-0.02108466625213623
-0.02103630639612675
-0.02098813466727734
-0.020940151065588
-0.02089235000312328
-0.02084473520517349
-0.02079730108380318
-0.02075005136430264
-0.02070298232138157
-0.02065609022974968
-0.02060937881469727
-0.02056284435093403
-0.02051648497581482
-0.02047030255198479
-0.02042429521679878
-0.02037846110761166
-0.02033280208706856
-0.02028731629252434
-0.02024200186133385
-0.02019685879349709
-0.02015188708901405
-0.02010707929730415
-0.02006244100630283
-0.0200179684907198
-0.01997366361320019
-0.01992951892316341
-0.01988553628325462
-0.01984171941876411
-0.01979806274175644
-0.01975456811487675
-0.01971123367547989
-0.01966805942356586
-0.01962504163384438
-0.01958218030631542
-0.01953947730362415
-0.01949693076312542
-0.01945453882217407
-0.01941230148077011
-0.01937021873891354
-0.0193282887339592
-0.0192865114659071
-0.01924488507211208
-0.01920340768992901
-0.01916207931935787
-0.01912089996039867
-0.01907986588776112
-0.0190389808267355
-0.01899824663996696
-0.01895765773952007
-0.01891721598803997
-0.01887691952288151
-0.01883676648139954
-0.01879675686359406
-0.01875688694417477
-0.01871715672314167
-0.01867756806313992
-0.0186381209641695
-0.01859881170094013
-0.01855964027345181
-0.01852060295641422
-0.01848170161247253
-0.01844293996691704
-0.01840431429445744
-0.01836582459509373
-0.01832747086882591
-0.01828925311565399
-0.01825116947293282
-0.01821321807801723
-0.0181753970682621
-0.01813770644366741
-0.01810014061629772
-0.01806270517408848
-0.01802539825439453
-0.01798821613192558
-0.01795116253197193
-0.01791423745453358
-0.01787743903696537
-0.01784076727926731
-0.01780422404408455
-0.01776780560612679
-0.01773151382803917
-0.0176953487098217
-0.01765930466353893
-0.01762338168919086
-0.0175875797867775
-0.01755189709365368
-0.01751633733510971
-0.01748089306056499
-0.01744556613266468
-0.01741036027669907
-0.01737527549266815
-0.01734030991792679
-0.01730545982718468
-0.01727072894573212
-0.01723611354827881
-0.01720160990953445
-0.01716721802949905
-0.01713293977081776
-0.01709877327084541
-0.01706471480429173
-0.01703076623380184
-0.01699693128466606
-0.01696320623159409
-0.01692959293723106
-0.01689609326422215
-0.01686270721256733
-0.01682943291962147
-0.01679627038538456
-0.01676321960985661
-0.01673027686774731
-0.01669744215905666
-0.01666471734642982
-0.01663210056722164
-0.01659959182143211
-0.01656718738377094
-0.01653488911688328
-0.01650269329547882
-0.01647059991955757
-0.01643861085176468
-0.01640672236680984
-0.01637493260204792
-0.0163432452827692
-0.01631165482103825
-0.01628016121685505
-0.01624876819550991
-0.01621747575700283
-0.01618628017604351
-0.01615518145263195
-0.01612418331205845
-0.01609328389167786
-0.01606248505413532
-0.0160317849367857
-0.01600118540227413
-0.01597068272531033
-0.01594028063118458
-0.01590997353196144
-0.01587976142764091
-0.01584964618086815
-0.01581962592899799
-0.01578970067203045
-0.01575986854732037
-0.0157301276922226
-0.01570047996938229
-0.01567091792821884
-0.01564144901931286
-0.01561207138001919
-0.01558278501033783
-0.01555358804762363
-0.01552448328584433
-0.01549546699970961
-0.01546654012054205
-0.01543770078569651
-0.01540894899517298
-0.01538028568029404
-0.01535170990973711
-0.01532322354614735
-0.01529482658952475
-0.01526651903986931
-0.01523829903453588
-0.0152101656422019
-0.01518211886286736
-0.01515415869653225
-0.01512628421187401
-0.01509849354624748
-0.0150707857683301
-0.0150431590154767
-0.01501561515033245
-0.01498815137892962
-0.01496076956391335
-0.01493346504867077
-0.01490624342113733
-0.01487910188734531
-0.01485204230993986
-0.01482506468892097
-0.01479816902428865
-0.01477135624736547
-0.01474462542682886
-0.01471797563135624
-0.01469140592962503
-0.0146649181842804
-0.0146385096013546
-0.01461218018084764
-0.01458592806011438
-0.01455975323915482
-0.01453365478664637
-0.01450763363391161
-0.01448168978095055
-0.01445581950247288
-0.01443002466112375
-0.0144043043255806
-0.01437865942716599
-0.01435308903455734
-0.01432759221643209
-0.01430216897279024
-0.01427681930363178
-0.01425154320895672
-0.01422634068876505
-0.01420121174305677
-0.01417615730315447
-0.01415117550641298
-0.01412626635283232
-0.01410142984241247
-0.0140766641125083
-0.01405197102576494
-0.01402734965085983
-0.01400279812514782
-0.01397831831127405
-0.01395390741527081
-0.01392956729978323
-0.01390529610216618
-0.01388109382241964
-0.01385695952922106
-0.01383289229124784
-0.01380889397114515
-0.01378496084362268
-0.01376109477132559
-0.01373729482293129
-0.01371356286108494
-0.01368989981710911
-0.01366630289703608
-0.01364277489483356
-0.013619314879179
-0.01359592285007238
-0.01357259787619114
-0.01354933809489012
-0.01352614350616932
-0.01350301597267389
-0.01347995176911354
-0.01345695275813341
-0.01343401800841093
-0.01341114658862352
-0.01338833943009377
-0.01336559467017651
-0.01334291324019432
-0.01332029514014721
-0.01329773850739002
-0.01327524520456791
-0.01325281336903572
-0.01323044300079346
-0.01320813596248627
-0.01318588852882385
-0.01316370163112879
-0.01314157713204622
-0.01311951223760843
-0.01309750974178314
-0.0130755677819252
-0.01305368728935719
-0.01303186640143394
-0.0130101041868329
-0.01298840157687664
-0.01296675764024258
-0.01294517144560814
-0.01292364485561848
-0.01290217507630587
-0.01288076117634773
-0.01285940501838923
-0.01283810567110777
-0.01281686313450336
-0.01279567740857601
-0.01277454942464828
-0.01275348011404276
-0.01273246854543686
-0.01271151565015316
-0.01269061863422394
-0.01266977749764919
-0.01264899224042892
-0.01262826286256313
-0.01260758843272924
-0.01258696895092726
-0.01256640255451202
-0.01254589110612869
-0.01252543460577726
-0.01250503212213516
-0.01248468458652496
-0.01246439199894667
-0.01244415249675512
-0.01242396701127291
-0.01240383740514517
-0.01238375995308161
-0.0123637355864048
-0.01234376430511475
-0.01232384517788887
-0.01230397913604975
-0.01228416431695223
-0.01226440072059631
-0.012244688346982
-0.01222502626478672
-0.01220541633665562
-0.01218585763126612
-0.01216635014861822
-0.01214689388871193
-0.01212748885154724
-0.01210813503712416
-0.0120888315141201
-0.0120695773512125
-0.01205037347972393
-0.01203121803700924
-0.01201211102306843
-0.01199305430054665
-0.01197404507547617
-0.01195508521050215
-0.01193617284297943
-0.01191730983555317
-0.01189849432557821
-0.01187972910702229
-0.01186101231724024
-0.01184234395623207
-0.01182372402399778
-0.01180515252053738
-0.01178662665188313
-0.01176814828068018
-0.01174971647560596
-0.01173133216798306
-0.0117129934951663
-0.01169470138847828
-0.01167645677924156
-0.011658257804811
-0.0116401044651866
-0.0116219986230135
-0.01160393841564655
-0.01158592291176319
-0.01156795304268599
-0.01155002880841494
-0.01153214927762747
-0.01151431631296873
-0.01149652805179358
-0.011478784494102
-0.01146108657121658
-0.0114434314891696
-0.01142582111060619
-0.0114082545042038
-0.01139072980731726
-0.01137324795126915
-0.01135580893605947
-0.01133841276168823
-0.011321060359478
-0.01130375079810619
-0.01128648314625025
-0.01126925740391016
-0.01125207543373108
-0.01123493630439043
-0.01121784001588821
-0.01120078470557928
-0.01118377316743135
-0.01116680447012186
-0.01114987675100565
-0.0111329909414053
-0.01111614797264338
-0.01109934598207474
-0.01108258310705423
-0.01106586121022701
-0.01104918029159307
-0.01103254128247499
-0.0110159432515502
-0.01099938713014126
-0.01098287105560303
-0.0109663950279355
-0.01094995904713869
-0.01093356218189001
-0.01091720629483461
-0.01090089045464993
-0.01088461373001337
-0.01086837518960238
-0.01085217390209436
-0.01083600986748934
-0.01081988587975502
-0.01080379821360111
-0.01078774873167276
-0.01077173836529255
-0.01075576525181532
-0.01073983032256365
-0.01072393544018269
-0.01070807967334986
-0.01069226395338774
-0.01067648734897375
-0.0106607498601079
-0.01064505055546761
-0.01062938757240772
-0.0106137627735734
-0.01059817336499691
-0.01058261934667826
-0.01056709978729486
-0.01055161468684673
-0.01053616497665644
-0.01052075065672398
-0.01050537265837193
-0.01049003098160028
-0.01047472562640905
-0.01045945752412081
-0.01044422667473555
-0.01042903214693069
-0.01041387487202883
-0.01039875578135252
-0.0103836739435792
-0.01036862749606371
-0.01035361737012863
-0.01033864356577396
-0.01032370608299971
-0.01030880212783813
-0.01029393170028925
-0.0102790966629982
-0.01026429422199726
-0.01024952437728643
-0.01023478806018829
-0.01022008433938026
-0.0102054150775075
-0.01019078027456999
-0.01017617899924517
-0.01016160938888788
-0.01014707423746586
-0.01013257168233395
-0.01011810079216957
-0.01010366436094046
-0.01008925959467888
-0.01007488928735256
-0.01006055157631636
-0.01004624832421541
-0.01003197953104973
-0.01001774240285158
-0.01000353880226612
-0.009989368729293346
-0.009975230321288109
-0.009961124509572983
-0.009947050362825394
-0.009933007881045341
-0.009918998926877975
-0.009905019775032997
-0.009891074150800705
-0.009877159260213375
-0.009863275103271008
-0.009849422611296177
-0.009835600852966309
-0.009821808896958828
-0.00980804767459631
-0.009794318117201328
-0.009780619293451309
-0.009766950272023678
-0.009753311052918434
-0.009739703498780727
-0.009726127609610558
-0.009712580591440201
-0.009699066169559956
-0.009685583412647247
-0.009672129526734352
-0.009658708237111568
-0.009645317681133747
-0.009631957858800888
-0.009618625976145267
-0.009605324827134609
-0.009592052549123764
-0.009578811004757881
-0.009565599262714386
-0.009552416391670704
-0.00953926146030426
-0.009526134468615055
-0.009513035416603088
-0.00949996430426836
-0.009486922062933445
-0.009473905898630619
-0.009460918605327606
-0.009447958320379257
-0.009435025975108147
-0.009422123432159424
-0.009409250691533089
-0.009396406821906567
-0.009383592754602432
-0.009370807558298111
-0.009358051232993603
-0.009345324710011482
-0.009332627058029175
-0.009319959208369255
-0.009307318367063999
-0.009294706396758556
-0.009282122366130352
-0.009269564412534237
-0.009257032535970211
-0.0092445258051157
-0.009232043288648129
-0.009219584986567497
-0.009207151830196381
-0.009194744750857353
-0.009182363748550415
-0.009170008823275566
-0.009157680906355381
-0.009145380929112434
-0.009133109822869301
-0.009120865724980831
-0.0091086495667696
-0.009096461348235607
-0.009084300138056278
-0.009072165936231613
-0.009060058742761612
-0.0090479776263237
-0.009035921655595303
-0.00902389083057642
-0.009011884219944477
-0.008999902755022049
-0.008987944573163986
-0.008976011537015438
-0.00896410271525383
-0.008952219970524311
-0.008940363302826881
-0.008928531780838966
-0.008916724473237991
-0.008904943242669106
-0.00889318622648716
-0.008881454356014729
-0.008869746699929237
-0.008858063258230686
-0.00884640496224165
-0.008834772743284702
-0.008823164738714695
-0.008811580948531628
-0.008800020441412926
-0.008788484148681164
-0.008776972070336342
-0.008765483275055885
-0.008754019625484943
-0.008742582052946091
-0.008731168694794178
-0.00871978048235178
-0.008708416484296322
-0.008697078563272953
-0.00868576392531395
-0.008674471639096737
-0.008663203567266464
-0.008651958778500557
-0.008640735410153866
-0.008629534393548965
-0.008618355728685856
-0.008607198484241962
-0.008596064522862434
-0.008584952913224697
-0.008573863655328751
-0.008562797680497169
-0.008551754988729954
-0.008540735580027103
-0.008529739454388618
-0.008518765680491924
-0.008507815189659595
-0.008496887981891632
-0.008485982194542885
-0.008475098758935928
-0.008464236743748188
-0.008453397080302238
-0.008442578837275505
-0.008431782014667988
-0.008421005681157112
-0.008410253562033176
-0.008399521000683308
-0.008388811722397804
-0.008378122933208942
-0.008367456495761871
-0.008356813341379166
-0.008346191607415676
-0.008335592225193977
-0.008325017057359219
-0.008314464241266251
-0.008303933776915073
-0.008293425664305687
-0.008282939903438091
-0.008272474631667137
-0.008262030780315399
-0.008251608349382877
-0.008241205476224422
-0.008230824023485184
-0.008220460265874863
-0.008210116997361183
-0.008199792355298996
-0.008189487271010876
-0.008179202675819397
-0.00816893856972456
-0.008158694952726364
-0.00814847182482481
-0.008138270117342472
-0.008128090761601925
-0.008117932826280594
-0.00810779444873333
-0.008097676560282707
-0.008087577298283577
-0.008077496662735939
-0.008067436516284943
-0.008057395927608013
-0.008047374896705151
-0.00803737435489893
-0.008027393370866776
-0.008017431944608688
-0.008007491938769817
-0.007997570559382439
-0.007987669669091702
-0.007977789267897606
-0.007967929355800152
-0.007958089001476765
-0.00794826727360487
-0.007938465103507042
-0.00792868435382843
-0.00791892409324646
-0.007909182459115982
-0.007899459451436996
-0.007889755070209503
-0.007880069315433502
-0.007870402187108994
-0.007860752753913403
-0.007851121015846729
-0.007841506972908974
-0.007831910625100136
-0.007822331041097641
-0.007812770083546638
-0.007803226821124554
-0.007793702185153961
-0.007784196175634861
-0.007774710655212402
-0.007765244226902723
-0.007755797822028399
-0.007746370509266853
-0.007736962754279375
-0.007727573625743389
-0.007718203589320183
-0.007708851248025894
-0.007699515670537949
-0.007690196856856346
-0.007680895272642374
-0.007671610452234745
-0.007662342861294746
-0.007653092965483665
-0.007643860299140215
-0.007634645327925682
-0.007625448517501354
-0.007616270333528519
-0.007607110310345888
-0.00759796891361475
-0.007588846608996391
-0.00757974199950695
-0.00757065461948514
-0.00756158446893096
-0.00755253154784441
-0.007543494924902916
-0.00753447413444519
-0.007525469642132521
-0.007516481447964907
-0.007507510483264923
-0.00749855674803257
-0.007489620242267847
-0.007480700500309467
-0.007471798453480005
-0.007462914101779461
-0.007454046979546547
-0.007445197086781263
-0.007436363957822323
-0.007427547127008438
-0.007418746594339609
-0.007409961894154549
-0.007401193026453257
-0.007392439991235733
-0.007383702788501978
-0.007374980952590704
-0.007366274483501911
-0.007357584312558174
-0.00734891090542078
-0.007340253796428442
-0.00733161298558116
-0.00732298893854022
-0.007314382120966911
-0.007305792532861233
-0.007297220174223185
-0.007288664113730192
-0.007280125748366117
-0.007271604146808386
-0.007263099309056997
-0.007254610303789377
-0.007246136665344238
-0.007237678859382868
-0.007229235023260117
-0.007220806088298559
-0.007212392054498196
-0.007203991990536451
-0.007195605896413326
-0.007187234237790108
-0.007178877014666796
-0.007170535158365965
-0.007162208203226328
-0.007153897080570459
-0.007145601324737072
-0.00713732186704874
-0.007129059173166752
-0.007120812311768532
-0.007112581748515368
-0.007104366552084684
-0.007096166256815195
-0.007087980397045612
-0.007079808972775936
-0.007071651518344879
-0.007063508965075016
-0.007055381312966347
-0.007047267165035009
-0.007039167918264866
-0.007031083106994629
-0.007023013196885586
-0.007014959119260311
-0.007006920874118805
-0.00699889799579978
-0.006990890484303236
-0.006982898805290461
-0.006974921561777592
-0.006966959219425917
-0.006959011312574148
-0.006951077841222286
-0.006943158805370331
-0.006935253739356995
-0.00692736217752099
-0.006919483654201031
-0.006911618169397116
-0.00690376665443182
-0.006895929109305143
-0.006888104602694511
-0.006880293600261211
-0.006872497498989105
-0.006864714901894331
-0.006856946274638176
-0.006849192082881927
-0.006841450929641724
-0.006833724677562714
-0.00682601286098361
-0.006818315014243126
-0.006810631137341261
-0.006802961695939302
-0.006795306224375963
-0.006787664256989956
-0.006780036725103855
-0.006772422697395086
-0.006764821708202362
-0.006757234688848257
-0.006749661173671484
-0.006742100697010756
-0.006734552327543497
-0.006727016530930996
-0.006719493307173252
-0.006711982656270266
-0.006704485509544611
-0.006697001866996288
-0.006689531728625298
-0.006682074628770351
-0.00667463056743145
-0.006667199544608593
-0.006659782025963068
-0.006652377545833588
-0.006644986104220152
-0.006637607235461473
-0.00663024140521884
-0.00662288861349225
-0.006615547928959131
-0.006608219817280769
-0.006600903812795877
-0.006593601312488317
-0.006586312316358089
-0.006579035893082619
-0.00657177297398448
-0.006564523093402386
-0.006557286716997623
-0.006550063379108906
-0.006542852614074945
-0.006535653956234455
-0.006528467871248722
-0.006521294359117746
-0.006514132954180241
-0.006506983656436205
-0.006499847397208214
-0.006492723245173693
-0.006485611200332642
-0.006478510797023773
-0.006471422966569662
-0.006464347708970308
-0.006457285024225712
-0.006450234446674585
-0.006443196441978216
-0.006436171010136604
-0.006429157685488462
-0.006422156468033791
-0.006415167357772589
-0.006408190820366144
-0.006401227321475744
-0.006394275929778814
-0.006387337110936642
-0.006380410864949226
-0.006373497191816568
-0.00636659562587738
-0.006359705235809088
-0.006352826021611691
-0.006345957517623901
-0.00633909972384572
-0.006332253105938435
-0.006325417198240757
-0.0063185915350914
-0.006311776116490364
-0.006304972339421511
-0.00629818020388484
-0.006291398778557777
-0.006284629460424185
-0.006277871783822775
-0.00627112528309226
-0.006264390423893929
-0.006257666274905205
-0.006250954233109951
-0.006244252435863018
-0.00623756181448698
-0.006230882368981838
-0.006224214565008879
-0.006217557936906815
-0.006210912950336933
-0.006204279139637947
-0.006197657436132431
-0.006191047374159098
-0.006184448953717947
-0.006177862174808979
-0.006171287503093481
-0.006164724472910166
-0.006158173084259033
-0.006151632871478796
-0.006145104765892029
-0.00613858737051487
-0.006132081151008606
-0.006125586107373238
-0.00611910130828619
-0.006112626753747463
-0.006106163375079632
-0.006099711172282696
-0.006093269214034081
-0.006086837500333786
-0.0060804164968431
-0.006074005737900734
-0.006067605223506689
-0.006061214953660965
-0.006054835394024849
-0.006048466078937054
-0.006042107008397579
-0.006035758648067713
-0.006029419600963593
-0.006023090798407793
-0.006016772240400314
-0.006010463926941156
-0.006004165858030319
-0.005997877568006516
-0.005991599522531033
-0.005985332187265158
-0.005979075096547604
-0.00597282825037837
-0.005966591648757458
-0.005960365291684866
-0.00595415011048317
-0.005947945173829794
-0.005941750481724739
-0.005935566499829292
-0.005929391831159592
-0.005923227872699499
-0.005917074158787727
-0.005910930223762989
-0.005904796533286572
-0.005898673087358475
-0.005892560351639986
-0.005886457394808531
-0.005880364216864109
-0.005874280817806721
-0.005868207197636366
-0.005862142890691757
-0.005856087896972895
-0.005850043147802353
-0.005844007711857557
-0.005837981589138508
-0.005831966176629066
-0.00582596193999052
-0.005819967016577721
-0.005813982803374529
-0.005808008834719658
-0.00580204464495182
-0.005796090234071016
-0.005790145602077246
-0.005784211214631796
-0.005778286140412092
-0.005772371776401997
-0.005766465794295073
-0.005760569591075182
-0.005754681769758463
-0.005748802796006203
-0.005742933601140976
-0.005737072322517633
-0.005731220357120037
-0.005725376773625612
-0.005719542037695646
-0.005713716614991426
-0.005707900505512953
-0.005702093709260225
-0.005696296226233244
-0.005690508056432009
-0.005684728734195232
-0.005678958259522915
-0.005673197098076344
-0.005667444318532944
-0.005661700386554003
-0.005655966233462095
-0.005650242324918509
-0.005644527263939381
-0.005638822447508574
-0.0056331274099648
-0.00562744215130806
-0.005621766205877066
-0.005616100039333105
-0.005610443651676178
-0.005604797042906284
-0.005599159747362137
-0.005593530833721161
-0.005587910301983356
-0.005582299083471298
-0.005576695781201124
-0.005571099929511547
-0.005565512459725142
-0.005559933371841908
-0.005554362665861845
-0.005548800341784954
-0.005543246865272522
-0.005537702236324549
-0.005532165989279747
-0.005526639521121979
-0.005521120969206095
-0.00551561126485467
-0.005510110408067703
-0.005504618398845196
-0.005499135237187147
-0.00549366045743227
-0.005488194525241852
-0.005482737440615892
-0.005477288737893105
-0.005471847485750914
-0.005466414149850607
-0.005460989661514759
-0.005455573555082083
-0.005450165830552578
-0.005444766487926245
-0.00543937599286437
-0.005433993879705667
-0.005428620148450136
-0.005423254799097776
-0.005417896900326014
-0.005412546917796135
-0.005407205317169428
-0.005401871167123318
-0.005396544933319092
-0.00539122661575675
-0.005385916214436293
-0.005380614660680294
-0.005375322420150042
-0.005370039027184248
-0.005364764016121626
-0.00535949831828475
-0.00535424193367362
-0.005348994862288237
-0.005343757104128599
-0.005338527727872133
-0.005333306733518839
-0.005328092724084854
-0.005322886165231466
-0.005317687056958675
-0.005312494002282619
-0.005307307932525873
-0.005302127450704575
-0.005296953953802586
-0.005291787907481194
-0.005286628846079111
-0.0052814781665802
-0.005276335868984461
-0.005271201953291893
-0.005266077350825071
-0.005260962061583996
-0.005255856085568666
-0.005250758491456509
-0.005245669279247522
-0.005240588448941708
-0.005235516000539064
-0.005230451002717018
-0.005225392524152994
-0.00522034103050828
-0.005215296521782875
-0.005210258066654205
-0.005205227062106133
-0.005200203042477369
-0.005195185542106628
-0.005190175957977772
-0.005185173358768225
-0.005180179141461849
-0.005175192840397358
-0.005170214455574751
-0.005165244918316603
-0.005160283297300339
-0.005155330058187246
-0.005150384735316038
-0.005145447328686714
-0.005140517372637987
-0.00513559440150857
-0.005130678880959749
-0.005125770345330238
-0.00512086832895875
-0.005115972366183996
-0.005111082457005978
-0.005106198601424694
-0.005101320799440145
-0.005096449982374907
-0.005091586615890265
-0.005086730699986219
-0.005081882234662771
-0.00507704121991992
-0.005072209052741528
-0.005067384336143732
-0.005062567535787821
-0.005057759117335081
-0.005052959080785513
-0.005048166494816542
-0.005043381359428167
-0.00503860367462039
-0.005033833440393209
-0.005029069259762764
-0.005024312529712915
-0.005019562784582376
-0.005014820024371147
-0.00501008378341794
-0.005005354527384043
-0.005000632721930742
-0.004995917901396751
-0.004991209600120783
-0.004986507818102837
-0.004981812555342913
-0.004977123346179724
-0.004972439724951982
-0.004967762157320976
-0.004963091108947992
-0.004958426114171743
-0.004953767638653517
-0.004949115682393312
-0.004944470711052418
-0.004939834121614695
-0.004935204982757568
-0.004930583760142326
-0.004925969988107681
-0.004921363666653633
-0.004916763864457607
-0.004912171047180891
-0.004907584749162197
-0.004903004504740238
-0.004898429848253727
-0.004893861711025238
-0.004889299161732197
-0.004884743131697178
-0.004880192689597607
-0.00487564830109477
-0.004871110897511244
-0.004866580944508314
-0.004862058442085981
-0.004857542458921671
-0.00485303346067667
-0.004848532844334841
-0.004844038747251034
-0.004839551635086536
-0.004835071042180061
-0.004830597899854183
-0.00482613081112504
-0.004821670241653919
-0.004817216657102108
-0.004812769591808319
-0.004808328580111265
-0.004803894087672234
-0.004799466580152512
-0.004795045591890812
-0.00479063019156456
-0.004786221776157618
-0.004781818948686123
-0.004777421709150076
-0.004773030988872051
-0.004768646787852049
-0.004764269106090069
-0.004759896080940962
-0.00475552910938859
-0.004751168191432953
-0.004746812395751476
-0.004742462188005447
-0.004738118499517441
-0.004733781330287457
-0.004729450214654207
-0.004725125152617693
-0.004720805678516626
-0.004716491792351007
-0.004712183959782124
-0.004707882646471262
-0.004703587386757135
-0.004699297714978456
-0.004695013631135225
-0.004690735135227442
-0.004686463158577681
-0.004682197701185942
-0.0046779396943748
-0.00467368820682168
-0.004669443238526583
-0.004665205720812082
-0.00466097379103303
-0.004656749311834574
-0.004652530420571566
-0.00464831804856658
-0.004644111730158329
-0.004639911465346813
-0.00463571771979332
-0.004631529096513987
-0.004627346526831388
-0.004623170010745525
-0.004618998616933823
-0.004614833276718855
-0.004610674455761909
-0.004606521688401699
-0.004602374508976936
-0.004598232917487621
-0.004594096448272467
-0.004589965101331472
-0.004585839342325926
-0.004581719636917114
-0.004577605985105038
-0.004573497455567122
-0.004569393582642078
-0.004565294366329908
-0.004561201203614473
-0.004557114560157061
-0.004553033504635096
-0.004548958968371153
-0.004544890951365232
-0.00454082852229476
-0.004536772612482309
-0.004532723687589169
-0.004528679884970188
-0.004524641204625368
-0.004520608112215996
-0.004516579676419497
-0.00451255589723587
-0.004508537240326405
-0.004504523240029812
-0.00450051436200738
-0.004496511071920395
-0.004492513369768858
-0.004488521255552769
-0.004484534729272127
-0.004480553325265646
-0.0044765779748559
-0.004472607746720314
-0.004468643572181463
-0.004464685451239347
-0.004460733383893967
-0.004456787370145321
-0.004452846944332123
-0.004448912106454372
-0.00444498285651207
-0.004441058728843927
-0.004437140189111233
-0.004433227237313986
-0.004429318942129612
-0.004425415303558111
-0.004421517718583345
-0.00441762525588274
-0.004413739312440157
-0.004409858956933022
-0.004405983723700047
-0.004402114544063807
-0.004398250486701727
-0.004394391551613808
-0.004390537738800049
-0.00438668904826045
-0.004382845014333725
-0.004379007034003735
-0.004375173710286617
-0.004371345043182373
-0.004367521964013577
-0.004363703541457653
-0.004359889775514603
-0.004356081597507
-0.004352279007434845
-0.00434848153963685
-0.004344689659774303
-0.004340902902185917
-0.004337121266871691
-0.004333344288170338
-0.004329572897404432
-0.0043258061632514
-0.004322043154388666
-0.004318284336477518
-0.00431453064084053
-0.004310781601816416
-0.004307036753743887
-0.004303296562284231
-0.004299561958760023
-0.004295832943171263
-0.004292110446840525
-0.004288394004106522
-0.004284684080630541
-0.004280979745090008
-0.004277280997484922
-0.004273587837815285
-0.004269900266081095
-0.004266217816621065
-0.004262539092451334
-0.004258865024894476
-0.004255195613950491
-0.004251529462635517
-0.004247868433594704
-0.004244211129844189
-0.004240558017045259
-0.004236909095197916
-0.004233265295624733
-0.004229627083986998
-0.004225993063300848
-0.004222364630550146
-0.004218741320073605
-0.004215123131871223
-0.004211510065943003
-0.00420790258795023
-0.004204300232231617
-0.004200702998787165
-0.004197110421955585
-0.004193523433059454
-0.004189940635114908
-0.004186362493783236
-0.004182789474725723
-0.004179220646619797
-0.004175656009465456
-0.004172095563262701
-0.004168539308011532
-0.004164986778050661
-0.004161438439041376
-0.004157895222306252
-0.004154355730861425
-0.004150820430368185
-0.004147289786487818
-0.004143764264881611
-0.004140243399888277
-0.004136727191507816
-0.004133215639740229
-0.004129709675908089
-0.004126208834350109
-0.004122712649405003
-0.004119222052395344
-0.004115736577659845
-0.004112256225198507
-0.00410878099501133
-0.004105310421437025
-0.004101844504475594
-0.004098383244127035
-0.00409492664039135
-0.004091474693268538
-0.004088026937097311
-0.004084582906216383
-0.004081142600625753
-0.004077706951647997
-0.004074275027960539
-0.004070847295224667
-0.004067423287779093
-0.004064003471285105
-0.00406058831140399
-0.004057177808135748
-0.004053771495819092
-0.004050369840115309
-0.004046972841024399
-0.004043580964207649
-0.004040194675326347
-0.004036813508719206
-0.004033437464386225
-0.004030065611004829
-0.004026699811220169
-0.004023338202387094
-0.004019981250166893
-0.004016628954559565
-0.004013281315565109
-0.004009937401860952
-0.004006597213447094
-0.004003260284662247
-0.003999927081167698
-0.003996598068624735
-0.003993272315710783
-0.00398995028808713
-0.0039866310544312
-0.003983315080404282
-0.003980003297328949
-0.003976695239543915
-0.003973390907049179
-0.003970090765506029
-0.00396679574623704
-0.003963504917919636
-0.003960218280553818
-0.003956935834139585
-0.003953658044338226
-0.003950385376811028
-0.003947116434574127
-0.003943853080272675
-0.003940593916922808
-0.003937339410185814
-0.003934089560061693
-0.003930845763534307
-0.003927606623619795
-0.003924372140318155
-0.003921142779290676
-0.003917917609214783
-0.003914697095751762
-0.003911480773240328
-0.003908268641680479
-0.003905060002580285
-0.003901854390278459
-0.003898652037605643
-0.003895452711731195
-0.003892256412655115
-0.00388906360603869
-0.003885874524712563
-0.003882689401507378
-0.003879507770761847
-0.003876329865306616
-0.003873155685141683
-0.003869985463097692
-0.00386681966483593
-0.00386365782469511
-0.00386050040833652
-0.003857346717268229
-0.003854197217151523
-0.003851052140817046
-0.003847910789772868
-0.00384477386251092
-0.003841641126200557
-0.003838512348011136
-0.003835387527942657
-0.003832267131656408
-0.003829151391983032
-0.003826040076091886
-0.003822933882474899
-0.003819831879809499
-0.003816734533756971
-0.003813641611486673
-0.003810552647337317
-0.00380746740847826
-0.003804385894909501
-0.003801307640969753
-0.003798232646659017
-0.003795160911977291
-0.003792092204093933
-0.003789026755839586
-0.003785964800044894
-0.003782906103879213
-0.003779850900173187
-0.00377679942175746
-0.003773751901462674
-0.003770708339288831
-0.003767668735235929
-0.003764632856473327
-0.003761600935831666
-0.00375857250764966
-0.003755547339096665
-0.003752525663003325
-0.00374950747936964
-0.00374649278819561
-0.003743481356650591
-0.003740473883226514
-0.003737470600754023
-0.003734471742063761
-0.003731477772817016
-0.003728488693013787
-0.003725504036992788
-0.003722523804754019
-0.003719547996297479
-0.003716576378792524
-0.003713608719408512
-0.003710644785314798
-0.003707684110850096
-0.003704726928845048
-0.003701772773638368
-0.003698821645230055
-0.00369587354362011
-0.003692928468808532
-0.003689986420795321
-0.003687047632411122
-0.003684112336486578
-0.003681180533021688
-0.003678252454847097
-0.003675328101962805
-0.003672407474368811
-0.003669490339234471
-0.003666576463729143
-0.003663665847852826
-0.003660758724436164
-0.0036578553263098
-0.003654954954981804
-0.003652057843282819
-0.003649164224043489
-0.003646274330094457
-0.003643387695774436
-0.00364050455391407
-0.003637625370174646
-0.003634749911725521
-0.003631878178566694
-0.003629009937867522
-0.003626145422458649
-0.003623284166678786
-0.003620426869019866
-0.003617573063820601
-0.003614722518250346
-0.003611875232309103
-0.003609031438827515
-0.003606191370636225
-0.003603355027735233
-0.003600522642955184
-0.003597694216296077
-0.003594869980588555
-0.003592049703001976
-0.003589233383536339
-0.003586420323699713
-0.003583611454814672
-0.003580806311219931
-0.0035780044272542
-0.003575206268578768
-0.00357241160236299
-0.003569620195776224
-0.003566832048818469
-0.003564047394320369
-0.00356126599945128
-0.003558487631380558
-0.003555712522938848
-0.003552940208464861
-0.003550171153619885
-0.003547404892742634
-0.003544641425833106
-0.003541880752891302
-0.003539122408255935
-0.003536366857588291
-0.003533614100888371
-0.003530863439664245
-0.003528115805238485
-0.003525371430441737
-0.003522629849612713
-0.003519891761243343
-0.003517156932502985
-0.003514425829052925
-0.003511697985231876
-0.003508974332362413
-0.003506254171952605
-0.003503537736833096
-0.003500825027003884
-0.003498116042464972
-0.003495410783216357
-0.003492708783596754
-0.003490010276436806
-0.003487315028905869
-0.003484623273834586
-0.003481934778392315
-0.003479249542579055
-0.00347656779922545
-0.003473889082670212
-0.003471214324235916
-0.003468542825430632
-0.003465875051915646
-0.003463210770860314
-0.003460549516603351
-0.003457891521975398
-0.003455236321315169
-0.003452583914622664
-0.003449933836236596
-0.003447285853326321
-0.003444640431553125
-0.003441997338086367
-0.003439356572926044
-0.003436718601733446
-0.003434083657339215
-0.003431451739743352
-0.003428822848945856
-0.003426197683438659
-0.003423576010391116
-0.003420958062633872
-0.003418343840166926
-0.003415733110159636
-0.003413125872612
-0.003410522360354662
-0.003407922340556979
-0.003405325813218951
-0.003402732778340578
-0.00340014323592186
-0.003397556953132153
-0.003394973464310169
-0.00339239276945591
-0.003389815101400018
-0.003387240692973137
-0.003384669311344624
-0.003382100723683834
-0.003379534929990768
-0.00337697216309607
-0.003374412655830383
-0.00337185594253242
-0.003369302023202181
-0.003366750897839665
-0.003364202566444874
-0.003361656563356519
-0.003359113819897175
-0.003356573637574911
-0.003354036482051015
-0.003351502353325486
-0.003348971018567681
-0.0033464424777776
-0.003343916730955243
-0.00334139377810061
-0.003338873852044344
-0.003336357185617089
-0.003333843080326915
-0.003331332234665751
-0.003328823950141668
-0.003326318226754665
-0.003323815064504743
-0.003321314230561256
-0.00331881595775485
-0.003316320246085525
-0.003313827328383923
-0.003311336971819401
-0.003308850107714534
-0.003306366037577391
-0.003303885227069259
-0.003301407909020782
-0.003298933617770672
-0.003296462818980217
-0.003293995279818773
-0.003291531233116984
-0.003289069980382919
-0.003286611987277865
-0.003284156555309892
-0.003281703684478998
-0.003279253374785185
-0.003276805393397808
-0.003274359973147511
-0.003271917114034295
-0.003269477048888803
-0.003267039777711034
-0.003264605533331633
-0.003262174548581243
-0.003259746823459864
-0.003257322125136852
-0.003254900453612208
-0.003252481808885932
-0.003250065958127379
-0.003247652901336551
-0.003245242172852159
-0.003242833772674203
-0.00324042746797204
-0.003238023025915027
-0.003235620679333806
-0.003233220195397735
-0.0032308220397681
-0.003228426445275545
-0.003226033644750714
-0.003223644103854895
-0.003221257356926799
-0.003218873636797071
-0.003216493641957641
-0.003214116673916578
-0.003211743431165814
-0.003209373680874705
-0.003207007655873895
-0.003204645356163383
-0.003202286781743169
-0.003199931466951966
-0.003197578946128488
-0.003195228986442089
-0.003192881122231483
-0.003190535353496671
-0.003188191680237651
-0.003185849636793137
-0.003183509455993772
-0.003181171137839556
-0.003178834682330489
-0.003176500322297215
-0.003174168057739735
-0.003171838354319334
-0.003169511444866657
-0.003167187562212348
-0.003164866240695119
-0.003162548178806901
-0.003160232678055763
-0.003157920436933637
-0.00315561075694859
-0.003153303870931268
-0.003151000244542956
-0.003148699877783656
-0.003146402072161436
-0.00314410706050694
-0.003141814842820168
-0.003139525651931763
-0.003137238789349794
-0.003134954487904906
-0.003132672747597098
-0.003130393568426371
-0.003128116950392723
-0.003125842893496156
-0.003123571164906025
-0.003121301764622331
-0.003119033994153142
-0.003116768319159746
-0.0031145045068115
-0.003112242557108402
-0.003109982702881098
-0.003107724944129586
-0.003105469513684511
-0.003103216411545873
-0.003100965870544314
-0.003098717890679836
-0.003096473170444369
-0.003094231244176626
-0.003091992344707251
-0.003089756472036242
-0.003087523393332958
-0.003085293108597398
-0.003083065617829561
-0.003080840455368161
-0.003078617621213198
-0.003076396882534027
-0.003074178239330649
-0.003071961691603065
-0.003069747472181916
-0.003067535348236561
-0.003065325785428286
-0.003063119016587734
-0.00306091527454555
-0.003058714559301734
-0.003056516870856285
-0.003054322209209204
-0.00305213057436049
-0.003049941500648856
-0.003047755220904946
-0.003045571036636829
-0.003043388947844505
-0.003041208954527974
-0.003039030358195305
-0.003036853857338428
-0.003034679451957345
-0.003032507142052054
-0.003030336694791913
-0.003028168343007565
-0.003026002552360296
-0.003023839555680752
-0.003021679120138288
-0.003019521478563547
-0.003017366863787174
-0.003015215042978525
-0.0030130660161376
-0.003010919783264399
-0.003008776111528277
-0.003006634302437305
-0.003004494355991483
-0.003002356505021453
-0.003000220516696572
-0.002998086391016841
-0.002995954360812902
-0.002993824891746044
-0.002991697983816266
-0.002989573404192924
-0.002987451385706663
-0.002985332161188126
-0.002983215730637312
-0.002981102094054222
-0.002978990320116282
-0.002976881340146065
-0.002974774455651641
-0.002972669433802366
-0.002970566740259528
-0.002968465443700552
-0.002966366475448012
-0.002964269137009978
-0.002962173894047737
-0.002960080746561289
-0.002957989694550633
-0.002955900738015771
-0.002953814342617989
-0.002951730275526643
-0.002949648769572377
-0.002947569591924548
-0.002945492742583156
-0.002943418687209487
-0.002941346261650324
-0.002939276164397597
-0.00293720792979002
-0.002935141790658236
-0.002933077281340957
-0.002931014634668827
-0.00292895408347249
-0.00292689586058259
-0.002924839965999126
-0.002922786632552743
-0.002920735627412796
-0.002918687416240573
-0.00291664176620543
-0.002914598677307367
-0.002912558149546385
-0.002910520182922482
-0.002908484311774373
-0.002906451001763344
-0.002904419554397464
-0.002902389736846089
-0.002900362247601151
-0.00289833708666265
-0.002896313788369298
-0.002894293051213026
-0.002892274409532547
-0.002890258096158504
-0.002888244343921542
-0.002886232919991016
-0.002884223591536283
-0.002882215892896056
-0.002880210289731622
-0.002878206316381693
-0.00287620397284627
-0.002874203259125352
-0.002872204640880227
-0.002870208118110895
-0.002868213690817356
-0.002866221591830254
-0.002864231821149588
-0.002862244611606002
-0.002860260428860784
-0.002858278807252645
-0.002856299513950944
-0.002854322316125035
-0.00285234791226685
-0.002850375603884459
-0.002848405856639147
-0.002846438204869628
-0.002844472648575902
-0.002842508722096682
-0.002840547123923898
-0.002838587388396263
-0.002836629515513778
-0.002834673039615154
-0.002832718892022967
-0.002830766141414642
-0.002828815020620823
-0.002826865762472153
-0.002824918599799275
-0.00282297283411026
-0.002821029163897038
-0.002819087123498321
-0.002817147178575397
-0.002815209096297622
-0.002813273575156927
-0.002811340847983956
-0.002809410914778709
-0.002807484241202474
-0.002805560128763318
-0.002803638810291886
-0.002801720518618822
-0.002799804322421551
-0.002797890221700072
-0.002795977750793099
-0.002794066444039345
-0.002792156301438808
-0.002790247090160847
-0.00278833881020546
-0.002786431461572647
-0.002784525044262409
-0.002782619558274746
-0.002780715934932232
-0.002778814407065511
-0.002776914974674582
-0.002775017870590091
-0.002773123793303967
-0.002771232044324279
-0.002769342856481671
-0.002767456462606788
-0.002765572164207697
-0.002763689961284399
-0.002761809853836894
-0.002759931609034538
-0.002758054994046688
-0.002756180241703987
-0.002754306886345148
-0.002752435160800815
-0.00275056529790163
-0.002748697297647595
-0.00274683116003871
-0.002744967117905617
-0.00274310540407896
-0.002741246018558741
-0.002739388961344957
-0.002737534465268254
-0.002735682064667344
-0.002733831759542227
-0.002731983782723546
-0.002730137435719371
-0.002728293184190989
-0.002726450795307755
-0.002724610269069672
-0.002722771605476737
-0.002720935037359595
-0.002719100099056959
-0.002717267023399472
-0.002715436276048422
-0.002713607158511877
-0.002711780136451125
-0.002709955209866166
-0.002708132145926356
-0.002706310711801052
-0.002704491373151541
-0.002702673664316535
-0.002700857119634748
-0.002699041971936822
-0.002697228221222758
-0.002695416333153844
-0.002693605376407504
-0.002691796515136957
-0.002689989050850272
-0.00268818368203938
-0.002686380408704281
-0.002684579230844975
-0.002682780148461461
-0.002680983394384384
-0.0026791887357831
-0.002677396172657609
-0.002675605937838554
-0.002673817565664649
-0.002672031288966537
-0.002670246874913573
-0.002668464323505759
-0.002666683634743094
-0.002664904575794935
-0.002663127146661282
-0.002661351347342134
-0.002659576945006847
-0.002657804172486067
-0.002656033495441079
-0.002654264681041241
-0.002652497729286551
-0.002650732640177011
-0.002648969413712621
-0.002647208049893379
-0.002645448781549931
-0.002643691143020988
-0.002641935599967837
-0.00264018215239048
-0.002638430567458272
-0.002636680612340569
-0.002634932519868016
-0.002633185824379325
-0.002631440991535783
-0.002629697788506746
-0.002627956448122859
-0.002626216504722834
-0.00262447795830667
-0.002622741041705012
-0.002621005522087216
-0.002619271632283926
-0.002617538906633854
-0.002615808043628931
-0.002614078810438514
-0.002612351672723889
-0.002610626164823771
-0.002608902519568801
-0.002607180271297693
-0.002605459652841091
-0.002603741129860282
-0.002602024469524622
-0.002600309671834111
-0.002598596969619393
-0.002596886362880468
-0.002595177851617336
-0.002593471435829997
-0.002591766649857163
-0.002590063959360123
-0.002588363597169518
-0.002586665563285351
-0.00258496985770762
-0.002583276247605681
-0.002581584500148892
-0.002579894149675965
-0.002578205429017544
-0.002576517872512341
-0.002574831480160356
-0.002573146251961589
-0.00257146218791604
-0.00256977928802371
-0.002568097319453955
-0.002566416282206774
-0.002564736409112811
-0.002563058165833354
-0.002561381319537759
-0.002559706103056669
-0.002558032982051373
-0.002556361723691225
-0.002554692327976227
-0.002553025027737021
-0.002551360055804253
-0.002549697179347277
-0.002548036631196737
-0.002546377945691347
-0.002544721588492393
-0.002543067326769233
-0.002541414927691221
-0.002539764391258359
-0.002538115251809359
-0.00253646750934422
-0.002534821396693587
-0.002533176681026816
-0.002531533595174551
-0.002529891673475504
-0.002528250450268388
-0.002526610158383846
-0.002524970797821879
-0.002523332834243774
-0.002521696267649531
-0.002520060865208507
-0.002518427092581987
-0.002516794949769974
-0.002515164669603109
-0.002513536484912038
-0.002511910628527403
-0.002510287333279848
-0.002508665667846799
-0.002507046330720186
-0.002505428856238723
-0.002503813477233052
-0.002502199728041887
-0.002500587375834584
-0.002498976420611143
-0.00249736662954092
-0.002495757769793272
-0.002494150074198842
-0.00249254354275763
-0.002490938175469637
-0.002489334437996149
-0.002487732097506523
-0.002486130921170115
-0.00248453114181757
-0.002482933225110173
-0.002481336705386639
-0.002479742281138897
-0.002478149486705661
-0.002476558787748218
-0.00247496971860528
-0.002473382512107491
-0.002471797168254852
-0.002470213454216719
-0.002468631137162447
-0.002467050217092037
-0.002465470461174846
-0.002463892102241516
-0.002462315140292048
-0.002460739575326443
-0.002459165407344699
-0.002457592636346817
-0.002456021262332797
-0.002454451518133283
-0.002452883403748274
-0.002451316919177771
-0.002449752064421773
-0.002448188606649637
-0.002446626778692007
-0.002445065882056952
-0.002443506615236402
-0.002441947814077139
-0.002440389711409807
-0.002438832307234406
-0.002437275135889649
-0.002435718197375536
-0.00243416172452271
-0.00243260501883924
-0.00243104831315577
-0.002429491607472301
-0.002427934668958187
-0.002426377730444074
-0.002424820326268673
-0.002423262689262629
-0.002421704353764653
-0.002420145319774747
-0.002418585121631622
-0.002417023526504636
-0.0024154600687325
-0.00241389381699264
-0.002412324771285057
-0.002410752233117819
-0.002409175038337708
-0.002407592954114079
-0.002406005514785647
-0.002404411090537906
-0.002402809448540211
-0.002401199424639344
-0.002399580320343375
-0.002397951437160373
-0.002396311610937119
-0.002394659677520394
-0.002392994239926338
-0.002391313668340445
-0.002389617031440139
-0.002387902699410915
-0.002386168809607625
-0.002384413499385118
-0.002382635604590178
-0.002380832796916366
-0.002379002515226603
-0.002377142896875739
-0.002375250915065408
-0.002373324241489172
-0.002371360082179308
-0.002369354711845517
-0.002367305103689432
-0.002365207998082042
-0.002363059669733047
-0.002360856160521507
-0.002358593977987766
-0.00235626962967217
-0.002353877993300557
-0.00235141534358263
-0.002348877489566803
-0.002346259308978915
-0.002343556610867381
-0.002340764971449971
-0.002337879268452525
-0.002334895078092813
-0.002331806812435389
-0.002328609814867377
-0.002325298963114619
-0.00232186890207231
-0.002318315207958221
-0.002314632292836905
-0.00231081573292613
-0.002306861570104957
-0.002302764914929867
-0.00229852250777185
-0.002294130390509963
-0.00228958553634584
-0.002284885151311755
-0.002280026441439986
-0.002275007544085383
-0.002269827295094728
-0.002264484763145447
-0.002258979249745607
-0.002253311453387141
-0.002247482538223267
-0.002241494134068489
-0.002235349034890532
-0.002229050733149052
-0.00222260388545692
-0.002216014312580228
-0.002209288533776999
-0.002202433999627829
-0.00219545909203589
-0.002188374055549502
-0.002181189600378275
-0.002173917135223746
-0.002166569232940674
-0.002159159863367677
-0.002151702763512731
-0.002144214231520891
-0.002136710332706571
-0.002129208063706756
-0.002121726050972939
-0.002114282222464681
-0.002106896368786693
-0.002099587582051754
-0.002092376817017794
-0.002085283864289522
-0.002078328747302294
-0.002071532420814037
-0.002064915373921394
-0.002058497397229075
-0.002052297350019217
-0.00204633385874331
-0.002040625317022204
-0.002035188488662243
-0.002030039904639125
-0.002025194698944688
-0.002020666375756264
-0.00201646750792861
-0.002012608805671334
-0.002009099815040827
-0.002005947986617684
-0.002003159839659929
-0.00200073909945786
-0.001998688792809844
-0.001997009851038456
-0.00199570064432919
-0.00199475884437561
-0.0019941795617342
-0.001993956742808223
-0.001994082937017083
-0.001994548831135035
-0.001995343947783113
-0.001996457576751709
-0.001997877610847354
-0.001999591244384646
-0.002001585671678185
-0.002003847155719995
-0.002006362890824676
-0.002009119605645537
-0.002012104727327824
-0.002015306148678064
-0.00201871246099472
-0.002022313419729471
-0.002026099478825927
-0.002030062489211559
-0.002034195931628346
-0.002038494218140841
-0.002042953390628099
-0.00204757135361433
-0.002052346942946315
-0.00205728062428534
-0.002062373794615269
-0.002067629247903824
-0.002073051873594522
-0.002078645396977663
-0.002084414940327406
-0.002090366091579199
-0.002096504205837846
-0.002102834405377507
-0.002109360648319125
-0.002116086194291711
-0.002123011974617839
-0.00213013868778944
-0.002137463539838791
-0.002144982339814305
-0.002152687404304743
-0.002160568721592426
-0.002168612787500024
-0.002176803071051836
-0.002185119083151221
-0.002193538006395102
-0.002202032366767526
-0.002210571896284819
-0.002219124231487513
-0.00222765258513391
-0.002236118772998452
-0.002244482282549143
-0.002252700738608837
-0.002260730369016528
-0.002268526935949922
-0.002276046434417367
-0.002283245790749788
-0.002290082629770041
-0.002296516904607415
-0.002302511129528284
-0.002308031311258674
-0.002313047181814909
-0.002317533129826188
-0.002321468433365226
-0.002324838889762759
-0.002327635651454329
-0.0023298563901335
-0.0023315055295825
-0.00233259447850287
-0.002333141397684813
-0.002333171898499131
-0.002332716947421432
-0.002331814961507916
-0.002330509014427662
-0.002328848000615835
-0.002326885005459189
-0.002324677305296063
-0.002322284737601876
-0.002319769700989127
-0.002317195059731603
-0.002314623910933733
-0.002312118886038661
-0.002309740288183093
-0.002307545859366655
-0.002305589383468032
-0.002303919987753034
-0.002302581211552024
-0.002301610773429275
-0.002301038941368461
-0.002300888998433948
-0.002301176311448216
-0.002301908563822508
-0.002303085755556822
-0.002304699271917343
-0.002306731883436441
-0.002309160772711039
-0.002311954740434885
-0.002315076999366283
-0.002318484941497445
-0.002322131302207708
-0.002325964858755469
-0.002329932060092688
-0.002333977725356817
-0.002338045975193381
-0.002342080697417259
-0.002346029039472342
-0.002349838614463806
-0.002353462157770991
-0.002356856362894177
-0.002359983511269093
-0.0023628119379282
-0.002365315798670053
-0.002367476467043161
-0.002369282301515341
-0.002370729111135006
-0.002371819922700524
-0.002372564282268286
-0.002372978953644633
-0.002373086055740714
-0.002372914226725698
-0.002372495597228408
-0.00237186742015183
-0.002371069276705384
-0.002370143309235573
-0.002369132824242115
-0.00236808112822473
-0.002367030829191208
-0.002366023603826761
-0.002365098102018237
-0.002364290179684758
-0.002363631268963218
-0.002363148611038923
-0.002362863160669804
-0.002362792380154133
-0.002362946514040232
-0.002363331383094192
-0.002363946754485369
-0.002364786807447672
-0.002365839900448918
-0.002367089968174696
-0.002368516754359007
-0.002370096044614911
-0.002371801063418388
-0.002373602008447051
-0.002375467913225293
-0.002377367345616221
-0.002379268407821655
-0.002381139434874058
-0.002382951555773616
-0.002384677063673735
-0.002386291278526187
-0.002387773478403687
-0.002389105968177319
-0.002390276407822967
-0.002391275949776173
-0.002392100170254707
-0.002392749302089214
-0.002393228001892567
-0.002393545117229223
-0.002393712755292654
-0.002393746515735984
-0.002393665025010705
-0.002393488772213459
-0.002393239643424749
-0.002392941620200872
-0.002392618218436837
-0.002392292721197009
-0.00239198817871511
-0.002391725778579712
-0.002391524147242308
-0.002391400281339884
-0.002391367685049772
-0.002391437301412225
-0.002391616581007838
-0.002391909249126911
-0.002392316237092018
-0.002392833819612861
-0.002393456408753991
-0.002394174691289663
-0.002394976560026407
-0.002395848045125604
-0.002396772848442197
-0.002397734206169844
-0.002398714190348983
-0.002399694873020053
-0.002400658326223493
-0.002401587553322315
-0.002402467420324683
-0.002403284423053265
-0.002404026919975877
-0.002404686529189348
-0.002405256265774369
-0.002405733102932572
-0.002406116807833314
-0.002406409475952387
-0.002406615996733308
-0.002406744053587317
-0.002406803425401449
-0.002406805288046598
-0.002406762214377522
-0.002406687941402197
-0.002406597370281816
-0.002406504470854998
-0.002406422980129719
-0.002406365936622024
-0.002406344749033451
-0.002406369196251035
-0.002406447427347302
-0.002406584331765771
-0.002406783634796739
-0.00240704626776278
-0.002407370368018746
-0.002407752210274339
-0.002408186439424753
-0.002408664673566818
-0.002409177832305431
-0.002409715903922915
-0.002410267945379019
-0.002410822315141559
-0.002411368303000927
-0.002411895431578159
-0.002412394154816866
-0.002412855625152588
-0.002413273323327303
-0.002413641894236207
-0.002413958078250289
-0.002414220245555043
-0.002414429327473044
-0.002414587652310729
-0.002414698945358396
-0.002414769260212779
-0.002414805116131902
-0.002414814429357648
-0.002414805581793189
-0.002414787886664271
-0.00241476995870471
-0.002414760179817677
-0.002414766000583768
-0.00241479417309165
-0.002414850052446127
-0.002414937596768141
-0.002415059832856059
-0.002415217459201813
-0.002415410010144114
-0.002415635157376528
-0.002415888942778111
-0.002416166942566633
-0.002416463568806648
-0.002416772302240133
-0.002417086157947779
-0.002417398383840919
-0.0024177017621696
-0.00241799047216773
-0.00241825869306922
-0.002418502233922482
-0.002418717835098505
-0.00241890293546021
-0.002419056603685021
-0.002419179538264871
-0.002419273601844907
-0.00241934135556221
-0.002419386524707079
-0.002419413533061743
-0.002419427502900362
-0.002419433323666453
-0.002419436583295465
-0.002419442171230912
-0.0024194554425776
-0.00241947965696454
-0.002419518772512674
-0.002419574651867151
-0.002419648692011833
-0.002419741591438651
-0.002419853117316961
-0.002419981407001615
-0.002420124597847462
-0.002420279663056135
-0.002420442877337337
-0.002420610748231411
-0.00242077955044806
-0.002420945558696985
-0.002421105047687888
-0.002421254990622401
-0.002421392826363444
-0.002421516226604581
-0.002421623561531305
-0.002421715063974261
-0.002421790733933449
-0.002421851037070155
-0.002421898068860173
-0.002421934390440583
-0.002421962330117822
-0.002421984681859612
-0.002422004472464323
-0.002422025427222252
-0.002422050340101123
-0.002422081772238016
-0.002422122284770012
-0.002422173973172903
-0.002422238234430552
-0.002422315534204245
-0.002422406803816557
-0.002422511810436845
-0.002422630554065108
-0.002422761870548129
-0.002422904828563333
-0.0024230582639575
-0.002423220779746771
-0.002423391677439213
-0.002423569792881608
-0.002423754194751382
-0.002423945115879178
-0.002424142090603709
-0.002424345817416906
-0.002424557460471988
-0.002424777951091528
-0.00242500938475132
-0.0024252540897578
-0.002425514860078692
-0.002425794489681721
-0.002426095772534609
-0.002426422201097012
-0.002426777267828584
-0.002427164698019624
-0.00242758821696043
-0.002428051084280014
-0.002428556326776743
-0.002429106971248984
-0.002429706044495106
-0.002430356340482831
-0.002431060187518597
-0.002431819913908839
-0.002432638080790639
-0.002433516783639789
-0.002434457652270794
-0.002435463713482022
-0.002436537062749267
-0.002437680726870894
-0.002438897266983986
-0.002440189477056265
-0.002441561315208673
-0.002443016273900867
-0.002444558078423142
-0.002446190919727087
-0.002447918755933642
-0.002449745312333107
-0.00245167501270771
-0.002453711349517107
-0.002455858048051596
-0.002458118600770831
-0.002460496034473181
-0.002462992444634438
-0.002465610159561038
-0.002468350576236844
-0.002471215557307005
-0.002474205335602164
-0.002477319445461035
-0.002480557654052973
-0.002483918564394116
-0.00248740054666996
-0.002491001039743423
-0.002494717016816139
-0.002498544519767165
-0.002502479823306203
-0.002506517572328448
-0.002510652877390385
-0.002514878986403346
-0.002519189147278666
-0.002523576375097036
-0.00252803205512464
-0.002532547572627664
-0.002537113381549716
-0.00254171947017312
-0.002546354662626982
-0.002551007084548473
-0.002555664628744125
-0.002560314023867249
-0.002564941998571157
-0.002569533651694655
-0.002574074547737837
-0.002578548854216933
-0.002582940738648176
-0.002587233670055866
-0.002591411815956235
-0.002595457714051008
-0.002599354833364487
-0.002603086642920971
-0.002606635913252831
-0.00260998634621501
-0.002613121643662453
-0.002616026438772678
-0.002618685364723206
-0.002621084218844771
-0.002623209496960044
-0.002625047927722335
-0.002626588568091393
-0.002627820009365678
-0.002628732472658157
-0.00262931757606566
-0.002629567869007587
-0.002629478229209781
-0.002629043767228723
-0.002628260757774115
-0.002627127571031451
-0.002625643974170089
-0.002623810898512602
-0.00262163020670414
-0.002619105158373713
-0.00261624064296484
-0.002613042714074254
-0.002609518356621265
-0.002605675719678402
-0.002601523185148835
-0.002597071696072817
-0.002592331496998668
-0.002587314695119858
-0.002582033630460501
-0.002576501341536641
-0.00257073063403368
-0.002564735244959593
-0.002558529376983643
-0.002552126999944448
-0.002545541618019342
-0.0025387869682163
-0.002531877486035228
-0.002524825744330883
-0.002517644315958023
-0.002510346472263336
-0.002502943854779005
-0.002495448105037212
-0.002487870631739497
-0.002480222145095468
-0.002472513122484088
-0.002464753342792392
-0.002456952817738056
-0.002449121559038758
-0.002441268879920244
-0.002433404559269547
-0.002425538375973701
-0.002417679876089096
-0.002409839769825339
-0.002402028534561396
-0.002394257113337517
-0.002386537147685885
-0.002378881443291903
-0.002371302805840969
-0.002363814972341061
-0.002356432378292084
-0.002349170856177807
-0.002342046005651355
-0.002335074590519071
-0.002328273374587297
-0.002321660285815597
-0.002315252786502242
-0.002309069037437439
-0.002303126966580749
-0.002297443570569158
-0.002292035380378366
-0.002286919159814715
-0.002282108878716826
-0.002277617808431387
-0.002273457357659936
-0.002269637072458863
-0.002266163704916835
-0.002263042377308011
-0.002260274952277541
-0.002257860032841563
-0.002255793893709779
-0.002254068851470947
-0.002252673264592886
-0.002251592930406332
-0.002250809455290437
-0.002250301418825984
-0.002250043908134103
-0.002250008983537555
-0.002250165911391377
-0.002250480931252241
-0.00225091865286231
-0.00225144112482667
-0.002252009697258472
-0.002252584090456367
-0.002253124490380287
-0.0022535917814821
-0.002253946149721742
-0.002254150807857513
-0.002254170132800937
-0.002253971295431256
-0.002253525191918015
-0.002252806443721056
-0.002251793397590518
-0.002250469522550702
-0.002248822944238782
-0.002246847143396735
-0.002244541188701987
-0.00224190903827548
-0.002238961402326822
-0.002235713414847851
-0.002232185564935207
-0.00222840323112905
-0.00222439575009048
-0.002220197347924113
-0.002215845044702291
-0.002211379120126367
-0.002206841018050909
-0.002202274277806282
-0.002197722671553493
-0.002193229272961617
-0.002188836690038443
-0.002184585202485323
-0.002180512296035886
-0.002176652196794748
-0.002173034707084298
-0.00216968497261405
-0.002166623249650002
-0.002163863508030772
-0.002161415293812752
-0.002159280935302377
-0.002157456940039992
-0.002155934693291783
-0.002154698828235269
-0.002153728855773807
-0.002152999863028526
-0.002152481814846396
-0.002152141882106662
-0.002151943743228912
-0.002151849213987589
-0.00215181871317327
-0.002151811262592673
-0.002151787513867021
-0.002151708584278822
-0.002151537919417024
-0.002151242457330227
-0.002150791930034757
-0.002150160260498524
-0.002149326726794243
-0.002148275263607502
-0.002146995393559337
-0.00214548222720623
-0.002143736463040113
-0.002141764387488365
-0.002139577642083168
-0.002137192757800221
-0.002134630223736167
-0.002131914952769876
-0.002129075117409229
-0.002126140519976616
-0.002123143989592791
-0.002120118355378509
-0.002117096679285169
-0.002114111790433526
-0.002111194189637899
-0.002108372747898102
-0.002105672610923648
-0.002103115897625685
-0.002100720768794417
-0.002098500495776534
-0.002096464624628425
-0.002094617579132318
-0.002092957962304354
-0.002091480884701014
-0.002090176567435265
-0.002089031273499131
-0.002088027540594339
-0.002087144879624248
-0.00208636000752449
-0.00208564824424684
-0.002084983279928565
-0.002084339270368218
-0.002083690138533711
-0.002083010738715529
-0.002082278020679951
-0.002081471029669046
-0.002080571837723255
-0.002079565776512027
-0.002078441670164466
-0.002077191602438688
-0.002075813012197614
-0.002074306132271886
-0.002072675386443734
-0.002070928458124399
-0.002069076057523489
-0.002067132154479623
-0.0020651132799685
-0.002063036663457751
-0.002060921397060156
-0.002058787038549781
-0.002056653378531337
-0.002054539741948247
-0.002052463823929429
-0.002050441922619939
-0.002048488473519683
-0.002046616049483418
-0.002044833265244961
-0.002043146640062332
-0.002041559666395187
-0.002040072344243526
-0.002038682112470269
-0.002037383615970612
-0.002036169171333313
-0.002035028766840696
-0.002033950062468648
-0.002032920252531767
-0.002031924901530147
-0.002030949341133237
-0.0020299784373492
-0.002028998220339417
-0.0020279954187572
-0.002026957925409079
-0.002025875728577375
-0.002024739980697632
-0.002023544861003757
-0.00202228594571352
-0.00202096183784306
-0.002019573003053665
-0.002018122468143702
-0.00201661535538733
-0.002015057951211929
-0.002013459103181958
-0.002011828124523163
-0.002010175259783864
-0.00200851121917367
-0.002006847178563476
-0.002005193382501602
-0.002003560308367014
-0.002001957036554813
-0.002000390784814954
-0.001998867839574814
-0.00199739309027791
-0.001995969098061323
-0.001994597492739558
-0.001993277110159397
-0.001992005854845047
-0.001990780001506209
-0.00198959419503808
-0.001988442381843925
-0.001987317344173789
-0.001986211165785789
-0.001985115697607398
-0.001984023489058018
-0.001982926158234477
-0.001981816720217466
-0.001980689121410251
-0.00197953823953867
-0.001978359883651137
-0.001977150794118643
-0.001975910039618611
-0.001974636921659112
-0.00197333307005465
-0.001972000813111663
-0.001970643177628517
-0.001969264587387443
-0.001967870630323887
-0.00196646642871201
-0.001965058036148548
-0.001963651040568948
-0.001962251029908657
-0.001960863126441836
-0.001959492219612002
-0.001958142500370741
-0.001956816529855132
-0.001955516636371613
-0.001954243751242757
-0.001952997874468565
-0.00195177854038775
-0.001950583653524518
-0.00194941065274179
-0.001948256394825876
-0.001947117154486477
-0.001945988624356687
-0.001944866613484919
-0.001943746698088944
-0.00194262492004782
-0.001941497204825282
-0.001940360176376998
-0.001939211506396532
-0.00193804909940809
-0.001936871558427811
-0.001935678417794406
-0.001934470259584486
-0.00193324766587466
-0.001932012499310076
-0.00193076697178185
-0.001929513760842383
-0.001928255776874721
-0.001926996046677232
-0.001925737713463604
-0.001924483804032207
-0.00192323699593544
-0.001921999850310385
-0.001920774462632835
-0.001919562113471329
-0.001918363966979086
-0.00191718025598675
-0.00191601098049432
-0.001914855325594544
-0.001913712127134204
-0.001912579988129437
-0.001911456813104451
-0.001910340855829418
-0.001909229787997901
-0.001908121397718787
-0.00190701347310096
-0.001905904267914593
-0.001904791919514537
-0.001903675030916929
-0.00190255232155323
-0.001901422860100865
-0.001900286413729191
-0.001899142866022885
-0.001897992799058557
-0.001896836911328137
-0.001895676134154201
-0.001894511980935931
-0.001893346081487834
-0.001892179949209094
-0.001891015330329537
-0.001889854203909636
-0.001888698083348572
-0.001887548016384244
-0.001886404934339225
-0.001885269768536091
-0.001884142868220806
-0.001883024233393371
-0.001881913747638464
-0.001880810596048832
-0.001879714312963188
-0.001878623734228313
-0.001877537579275668
-0.001876454683952034
-0.001875373534858227
-0.001874293084256351
-0.001873212400823832
-0.001872130436822772
-0.001871046610176563
-0.001869960455223918
-0.001868871739134192
-0.001867780229076743
-0.00186668592505157
-0.001865589758381248
-0.00186449196189642
-0.001863393234089017
-0.001862294273450971
-0.001861195894889534
-0.001860098680481315
-0.001859003561548889
-0.001857911236584187
-0.001856822404079139
-0.001855737413279712
-0.001854656846262515
-0.001853580470196903
-0.001852508750744164
-0.001851441338658333
-0.001850378117524087
-0.00184931862168014
-0.001848262385465205
-0.001847208943217993
-0.001846157480031252
-0.001845107530243695
-0.00184405839536339
-0.001843009609729052
-0.001841960707679391
-0.001840911339968443
-0.001839861506596208
-0.001838810974732041
-0.001837759744375944
-0.00183670804835856
-0.00183565600309521
-0.001834604074247181
-0.001833552611060441
-0.001832502079196274
-0.00183145294431597
-0.001830405555665493
-0.001829360378906131
-0.001828317414037883
-0.001827277359552681
-0.001826240331865847
-0.00182520633097738
-0.001824175589717925
-0.001823147875256836
-0.001822123071178794
-0.001821100944653153
-0.001820081262849271
-0.001819063676521182
-0.001818047487176955
-0.001817032694816589
-0.00181601895019412
-0.001815005554817617
-0.001813992625102401
-0.001812979928217828
-0.001811967114917934
-0.001810954418033361
-0.001809941837564111
-0.001808929606340826
-0.001807917607948184
-0.001806906191632152
-0.001805895590223372
-0.001804885920137167
-0.00180387741420418
-0.001802870421670377
-0.00180186505895108
-0.001800861675292253
-0.001799860270693898
-0.001798860845156014
-0.001797863631509244
-0.001796868513338268
-0.001795875374227762
-0.001794883981347084
-0.001793893985450268
-0.001792905386537313
-0.001791917951777577
-0.001790931331925094
-0.001789945526979864
-0.001788960304111242
-0.001787975546903908
-0.001786991488188505
-0.001786007662303746
-0.001785024418495595
-0.001784041756764054
-0.001783059793524444
-0.001782078761607409
-0.001781098777428269
-0.001780119840987027
-0.001779142301529646
-0.001778166042640805
-0.001777191646397114
-0.00177621899638325
-0.001775247976183891
-0.001774278585799038
-0.001773310941644013
-0.001772345160134137
-0.001771381008438766
-0.001770418602973223
-0.001769457827322185
-0.001768498332239687
-0.001767540234141052
-0.001766583300195634
-0.001765627413988113
-0.001764672226272523
-0.001763717853464186
-0.001762764062732458
-0.001761810970492661
-0.001760858460329473
-0.001759906532242894
-0.001758955419063568
-0.001758005120791495
-0.001757055637426674
-0.00175610720179975
-0.001755159930326045
-0.001754213823005557
-0.00175326899625361
-0.001752325566485524
-0.001751383533701301
-0.001750443014316261
-0.001749503659084439
-0.001748565468005836
-0.001747628441080451
-0.001746692461892962
-0.001745757414028049
-0.001744823413901031
-0.00174389046151191
-0.001742958091199398
-0.001742026419378817
-0.001741095213219523
-0.001740164705552161
-0.001739235012792051
-0.001738306251354516
-0.001737378188408911
-0.001736451056785882
-0.00173552508931607
-0.001734600169584155
-0.001733676414005458
-0.001732753938995302
-0.001731832860969007
-0.001730913179926574
-0.001729995128698647
-0.001729078474454582
-0.001728163100779057
-0.00172724889125675
-0.001726335845887661
-0.001725423848256469
-0.001724512898363173
-0.001723602646961808
-0.001722693326883018
-0.001721784938126802
-0.001720877247862518
-0.001719970256090164
-0.001719064195640385
-0.001718158833682537
-0.001717254403047264
-0.001716350787319243
-0.001715448102913797
-0.001714546466246247
-0.001713646110147238
-0.001712747034616768
-0.001711849006824195
-0.001710952026769519
-0.001710056094452739
-0.001709161209873855
-0.001708267256617546
-0.001707374234683812
-0.001706482144072652
-0.001705590868368745
-0.001704700407572091
-0.001703810761682689
-0.001702921930700541
-0.001702033681795001
-0.001701146247796714
-0.001700259512290359
-0.001699373591691256
-0.001698488253168762
-0.001697603496722877
-0.001696719322353601
-0.001695835613645613
-0.001694952487014234
-0.001694069942459464
-0.00169318774715066
-0.001692306250333786
-0.001691425568424165
-0.001690545817837119
-0.001689667114987969
-0.001688789343461394
-0.001687912619672716
-0.001687037292867899
-0.001686163363046944
-0.001685290830209851
-0.001684419577941298
-0.001683549839071929
-0.001682681380771101
-0.001681814319454134
-0.001680948422290385
-0.001680083572864532
-0.001679220120422542
-0.001678357715718448
-0.001677496125921607
-0.00167663546744734
-0.001675775507465005
-0.001674916129559278
-0.001674057217314839
-0.001673198770731688
-0.001672340789809823
-0.001671483390964568
-0.001670626574195921
-0.001669770339503884
-0.001668914686888456
-0.001668059616349638
-0.00166720524430275
-0.001666351570747793
-0.001665498712100089
-0.001664646784774959
-0.001663795788772404
-0.001662945724092424
-0.001662096474319696
-0.001661248039454222
-0.001660400535911322
-0.001659553963690996
-0.001658708206377923
-0.001657863263972104
-0.001657019252888858
-0.001656176173128188
-0.001655334024690092
-0.001654492691159248
-0.001653652056120336
-0.001652812119573355
-0.001651972881518304
-0.001651134458370507
-0.00165029673371464
-0.001649459474720061
-0.001648623030632734
-0.001647787168622017
-0.001646951772272587
-0.00164611719083041
-0.00164528307504952
-0.001644449774175882
-0.001643617288209498
-0.001642785500735044
-0.001641954760998487
-0.001641124719753861
-0.001640295959077775
-0.001639468129724264
-0.001638641231693327
-0.001637815381400287
-0.0016369903460145
-0.001636166009120643
-0.001635342487134039
-0.001634519663639367
-0.001633697422221303
-0.001632875762879848
-0.001632054452784359
-0.001631233608350158
-0.001630413229577243
-0.001629593316465616
-0.00162877410184592
-0.001627955469302833
-0.001627137651666999
-0.001626320765353739
