0
0
0
0
0
0
0
0
0
0
0
0
0
0
0
0
0
0
0
0
0
0
0
0
0
0
0
0
0
0
0
0
0
0
0
0
0
0
0
0
0
0
0
0
0
0
0
0
0
0
0
0
0
0
0
0
0
0
0
0
0
0
0
0
0
0
0
0
0
0
0
0
0
0
0
0
0
0
0
0
0
0
0
0
0
0
0
0
0
0
0
0
0
0
0
0
0
0
0
0
0
0
0
0
0
0
0
0
0
0
0
0
0
0
0
0
0
0
0
0
0
0
0
0
0
0
0
0
0
0
0
0
0
0
0
0
0
0
0
0
0
0
0
0
0
0
0
0
0
0
0
0
0
0
0
0
0
0
0
0
0
0
0
0
0
0
0
0
0
0
0
0
0
0
0
0
0
0
0
0
0
0
0
0
0
0
0
0
0
0
0
0
0
0
0
0
0
0
0
0
0
0
0
0
0
0
0
0
0
0
0
0
0
0
0
0
0
0
0
0
0
0
0
0
0
0
0
0
0
0
0
0
0
0
0
0
0
0
0
0
0
0
0
0
0
0
0
0
0
0
0
0
0
0
0
0
0
0
0
0
0
0
0
0
0
0
0
0
0
0
0
0
0
0
0
0
0
0
0
0
0
0
0
0
0
0
0
0
0
0
0
0
0
0
0
0
0
0
0
0
0
0
0
0
0
0
0
0
0
0
0
0
0
0
0
0
0
0
0
0
0
0
0
0
0
0
0
0
0
0
0
0
0
0
0
0
0
0
0
0
0
0
0
0
0
0
0
0
0
0
0
0
0
0
0
0
0
0
0
0
0
0
0
0
0
0
0
0
0
0
0
0
0
0
0
0
0
0
0
0
0
0
0
0
0
0
0
0
0
0
0
0
0
0
0
0
0
0
0
0
0
0
0
0
0
0
0
0
0
0
0
0
0
0
0
0
0
0
0
0
0
0
0
0
0
0
0
0
0
0
0
0
0
0
0
0
0
0
0
0
0
0
0
0
0
0
0
0
0
0
0
0
0
0
0
0
0
0
0
0
0
0
0
0
0
0
0
0
0
0
0
0
0
0
0
0
0
0
0
0
0
0
0
0
0
0
0
0
0
0
0
0
0
0
0
0
0
0
0
0
0
0
0
0
0
0
0
0
0
0
0
0
0
0
0
0
0
0
0
0
0
0
0
0
0
0
0
0
0
0
0
0
0
0
0
0
0
0
0
0
0
0
0
0
0
0
0
0
0
0
0
0
0
0
0
0
0
0
0
0
0
0
0
0
0
0
0
0
0
0
0
0
0
0
0
0
0
0
0
0
0
0
0
0
0
0
0
0
0
0
0
0
0
0
0
0
0
0
0
0
0
0
0
0
0
0
0
0
0
0
0
0
0
0
0
0
0
0
0
0
0
0
0
0
0
0
0
0
0
0
0
0
0
0
0
0
0
0
0
0
0
0
0
0
0
0
0
0
0
0
0
0
0
0
0
0
0
0
0
0
0
0
0
0
0
0
0
0
0
0
0
0
0
0
0
0
0
0
0
0
0
0
0
0
0
0
0
0
0
0
0
0
0
0
0
0
0
0
0
0
0
0
0
0
0
0
0
0
0
0
0
0
0
0
0
0
0
0
0
0
0
0
0
0
0
0
0
0
0
0
0
0
0
0
0
0
0
0
0
0
0
0
0
0
0
0
0
0
0
0
0
0
0
0
0
0
0
0
0
0
0
0
0
0
0
0
0
0
0
0
0
0
0
0
0
0
0
0
0
0
0
0
0
0
0
0
0
0
0
0
0
0
0
0
0
0
0
0
0
0
0
0
0
0
0
0
0
0
0
0
0
0
0
0
0
0
0
0
0
0
0
0
0
0
0
0
0
0
0
0
0
0
0
0
0
0
0
0
0
0
0
0
0
0
0
0
0
0
0
0
0
0
0
0
0
0
0
0
0
0
0
0
0
0
0
0
0
0
0
0
0
0
0
0
0
0
0
0
0
0
0
0
0
0
0
0
0
0
0
0
0
0
0
0
0
0
0
0
0
0
0
0
0
0
0
0
0
0
0
0
0
0
0
0
0
0
0
0
0
0
0
0
0
0
0
0
0
0
0
0
0
0
0
0
0
0
0
0
0
0
0
0
0
0
0
0
0
0
0
0
0
0
0
0
0
0
0
0
0
0
0
0
0
0
0
0
0
0
0
0
0
0
0
0
0
0
0
0
0
0
0
0
0
0
0
0
0
0
0
0
0
0
0
0
0
0
0
0
0
0
0
0
0
0
0
0
0
0
0
0
0
0
0
0
0
0
0
0
0
0
0
0
0
0
0
0
0
0
0
0
0
0
0
0
0
0
0
0
0
0
0
0
0
0
0
0
0
0
0
0
0
0
0
0
0
0
0
0
0
0
0
0
0
0
0
0
0
0
0
0
0
0
0
0
0
0
0
0
0
0
0
0
0
0
0
0
0
0
0
0
0
0
0
0
0
0
0
0
0
0
0
0
0
0
0
0
0
0
0
0
0
0
0
0
0
0
0
0
0
0
0
0
0
0
0
0
0
0
0
0
0
0
0
0
0
0
0
0
0
0
0
0
0
0
0
0
0
0
0
0
0
0
0
0
0
0
0
0
0
0
0
0
0
0
0
0
0
0
0
0
0
0
0
0
0
0
0
0
0
0
0
0
0
0
0
0
0
0
0
0
0
0
0
0
0
0
0
0
0
0
0
0
0
0
0
0
0
0
0
0
0
0
0
0
0
0
0
0
0
0
0
0
0
0
0
0
0
0
0
0
0
0
0
0
0
0
0
0
0
0
0
0
0
0
0
0
0
0
0
0
0
0
0
0
0
0
0
0
0
0
0
0
0
0
0
0
0
0
0
0
0
0
0
0
0
0
0
0
0
0
0
0
0
0
0
0
0
0
0
0
0
0
0
0
0
0
0
0
0
0
0
0
0
0
0
0
0
0
0
0
0
0
0
0
0
0
0
0
0
0
0
0
0
0
0
0
0
0
0
0
0
0
0
0
0
0
0
0
0
0
0
0
0
0
0
0
0
0
0
0
0
0
0
0
0
0
0
0
0
0
0
0
0
0
0
0
0
0
0
0
0
0
0
0
0
0
0
0
0
0
0
0
0
0
0
0
0
0
0
0
0
0
0
0
0
0
0
0
0
0
0
0
0
0
0
0
0
0
0
0
0
0
0
0
0
0
0
0
0
0
0
0
0
0
0
0
0
0
0
0
0
0
0
0
0
0
0
0
0
0
0
0
0
0
0
0
0
0
0
0
0
0
0
0
0
0
0
0
0
0
0
0
0
0
0
0
0
0
0
0
0
0
0
0
0
0
0
0
0
0
0
0
0
0
0
0
0
0
0
0
0
0
0
0
0
0
0
0
0
0
0
0
0
0
0
0
0
0
0
0
0
0
0
0
0
0
0
0
0
0
0
0
0
0
0
0
0
0
0
0
0
0
0
0
0
0
0
0
0
0
0
0
0
0
0
0
0
0
0
0
0
0
0
0
0
0
0
0
0
0
0
0
0
0
0
0
0
0
0
0
0
0
0
0
0
0
0
0
0
0
0
0
0
0
0
0
0
0
0
0
0
0
0
0
0
0
0
0
0
0
0
0
0
0
0
0
0
0
0
0
0
0
0
0
0
0
0
0
0
0
0
0
0
0
0
0
0
0
0
0
0
0
0
0
0
0
0
0
0
0
0
0
0
0
0
0
0
0
0
0
0
0
0
0
0
0
0
0
0
0
0
0
0
0
0
0
0
0
0
0
0
0
0
0
0
0
0
0
0
0
0
0
0
0
0
0
0
0
0
0
0
0
0
0
0
0
0
0
0
0
0
0
0
0
0
0
0
0
0
0
0
0
0
0
0
0
0
0
0
0
0
0
0
0
0
0
0
0
0
0
0
0
0
0
0
0
0
0
0
0
0
0
0
0
0
0
0
0
0
0
0
0
0
0
0
0
0
0
0
0
0
0
0
0
0
0
0
0
0
0
0
0
0
0
0
0
0
0
0
0
0
0
0
0
0
0
0
0
0
0
0
0
0
0
0
0
0
0
0
0
0
0
0
0
0
0
0
0
0
0
0
0
0
0
0
0
0
0
0
0
0
0
0
0
0
0
0
0
0
0
0
0
0
0
0
0
0
0
0
0
0
0
0
0
0
0
0
0
0
0
0
0
0
0
0
0
0
0
0
0
0
0
0
0
0
0
0
0
0
0
0
0
0
0
0
0
0
0
0
0
0
0
0
0
0
0
0
0
0
0
0
0
0
0
0
0
0
0
0
0
0
0
0
0
0
0
0
0
0
0
0
0
0
0
0
0
0
0
0
0
0
0
0
0
0
0
0
0
0
0
0
0
0
0
0
0
0
0
0
0
0
0
0
0
0
0
0
0
0
0
0
0
0
0
0
0
0
0
0
0
0
0
0
0
0
0
0
0
0
0
0
0
0
0
0
0
0
0
0
0
0
0
0
0
0
0
0
0
0
0
0
0
0
0
0
0
0
0
0
0
0
0
0
0
0
0
0
0
0
0
0
0
0
0
0
0
0
0
0
0
0
0
0
0
0
0
0
0
0
0
0
0
0
0
0
0
0
0
0
0
0
0
0
0
0
0
0
0
0
0
0
0
0
0
0
0
0
0
0
0
0
0
0
0
0
0
0
0
0
0
0
0
0
0
0
0
0
0
0
0
0
0
0
0
0
0
0
0
0
0
0
0
0
0
0
0
0
0
0
0
0
0
0
0
0
0
0
0
0
0
0
0
0
0
0
0
0
0
0
0
0
0
0
0
0
0
0
0
0
0
0
0
0
0
0
0
0
0
0
0
0
0
0
0
0
0
0
0
0
0
0
0
0
0
0
0
0
0
0
0
0
0
0
0
0
0
0
0
0
0
0
0
0
0
0
0
0
0
0
0
0
0
0
0
0
0
0
0
0
0
0
0
0
0
0
0
0
0
0
0
0
0
0
0
0
0
0
0
0
0
0
0
0
0
0
0
0
0
0
0
0
0
0
0
0
0
0
0
0
0
0
0
0
0
0
0
0
0
0
0
0
0
0
0
0
0
0
0
0
0
0
0
0
0
0
0
0
0
0
0
0
0
0
0
0
0
0
0
0
0
0
0
0
0
0
0
0
0
0
0
0
0
0
0
0
0
0
0
0
0
0
0
2.802596928649634e-45
1.401298464324817e-44
3.082856621514598e-44
5.885453550164232e-44
1.036960863600365e-43
1.849713972908759e-43
3.040817667584853e-43
4.820466717277371e-43
7.482933799494523e-43
1.151867337675e-42
1.76563606504927e-42
2.697499543825273e-42
4.13383046975821e-42
6.331066461819524e-42
9.673163299234212e-42
1.474165984469708e-41
2.243759101076897e-41
3.410760462166605e-41
5.178918864451659e-41
7.856099580544222e-41
1.190543175290365e-40
1.802490214661012e-40
2.726296227267148e-40
4.119705381237816e-40
6.219621194951771e-40
9.381230790161423e-40
1.413677534958663e-39
2.128311725795033e-39
3.201243920974615e-39
4.810614187774703e-39
7.222421204588825e-39
1.083341600691973e-38
1.623485406101385e-38
2.430703806865235e-38
3.635938195255581e-38
5.433781423949199e-38
8.113143681491023e-38
1.210257426813626e-37
1.803716406869235e-37
2.68572056524579e-37
3.995358415460963e-37
5.938179142494549e-37
8.817665878401071e-37
1.308148393261861e-36
1.938936820947536e-36
2.8712683558314e-36
4.248030599723724e-36
6.279216176561962e-36
9.273153078921585e-36
1.368213148411311e-35
2.016901211129195e-35
2.970437203343532e-35
4.370802532931606e-35
6.425502947293505e-35
9.437531585889215e-35
1.384890531910787e-34
2.030384096894816e-34
2.974041344787437e-34
4.352331200411869e-34
6.36360662644361e-34
9.295896570024e-34
1.356706815070624e-33
1.978279666946145e-33
2.882016805260605e-33
4.194812937020767e-33
6.100089445664055e-33
8.862728554784918e-33
1.286490404898682e-32
1.86575095190727e-32
2.703391328571939e-32
3.913564525985011e-32
5.660367351469368e-32
8.179474079674195e-32
1.180904916220252e-31
1.703387587328827e-31
2.454828111014293e-31
3.534581503247418e-31
5.084688271261506e-31
7.308028160559327e-31
1.049411485029925e-30
1.505570907584032e-30
2.158075596584236e-30
3.090595641249748e-30
4.422093514912036e-30
6.321556592733446e-30
9.028812993750663e-30
1.28839176230916e-29
1.836859295577972e-29
2.616464000930326e-29
3.723613417483941e-29
5.294506602566897e-29
7.521382360064082e-29
1.067532495929772e-28
1.513826316012682e-28
2.144778660275305e-28
3.035990945719589e-28
4.293685069903917e-28
6.066969177276423e-28
8.564958093045e-28
1.208066231746623e-27
1.70242635212008e-27
2.3969450012363e-27
3.371786798210965e-27
4.738866183961457e-27
6.654282091596294e-27
9.335560989800226e-27
1.30855569030721e-26
1.832553311037961e-26
2.564092532212582e-26
3.584458536766299e-26
5.006408051818372e-26
6.986212573800337e-26
9.740254183823987e-26
1.356787262350005e-25
1.888279339014267e-25
2.625631571428873e-25
3.647661024786717e-25
5.063004446055146e-25
7.021263882490602e-25
9.728268181926253e-25
1.346694428017188e-24
1.86258382205231e-24
2.57380661470328e-24
3.553443274660226e-24
4.901580529273062e-24
6.755170548144947e-24
9.301432901051078e-24
1.279607408940568e-23
1.758802622424972e-23
2.415298505320597e-23
3.313889173596946e-23
4.54274671503584e-23
6.221749114921741e-23
8.513729570322387e-23
1.1639667900085e-22
1.58991785247223e-22
2.169812280690582e-22
2.958577260425519e-22
4.03048171087532e-22
5.485854350361185e-22
7.460103847461899e-22
1.013581603454983e-21
1.37589620332762e-21
1.866060896886027e-21
2.528593591501397e-21
3.42330271702526e-21
4.63046417281165e-21
6.257728366611275e-21
8.449320377453864e-21
1.139828953924573e-20
1.536279900194404e-20
2.068777096407988e-20
2.783361948603783e-20
3.741434845805378e-20
5.02480459682912e-20
6.742369206200189e-20
9.038954105127268e-20
1.210698509166235e-19
1.620190006260578e-19
2.166246954535894e-19
2.89375566369752e-19
3.862136265307291e-19
5.149973244003217e-19
6.861103357560904e-19
9.132601290225928e-19
1.214524684788387e-18
1.613724736743469e-18
2.142218081524265e-18
2.841246083316289e-18
3.764998584818811e-18
4.984613532301696e-18
6.593390074620873e-18
8.713576820915247e-18
1.150520716352453e-17
1.517757806334966e-17
2.000416370270677e-17
2.634196365344519e-17
3.465656479514651e-17
4.555460980852855e-17
5.982579148078342e-17
7.849709755578758e-17
1.029028960930421e-16
1.34775316530123e-16
1.763606108338097e-16
2.305691445061986e-16
3.011680171708644e-16
3.930288197099321e-16
5.124454569077543e-16
6.675415835334306e-16
8.687928530923489e-16
1.129695041533112e-15
1.467617882928149e-15
1.904896206728459e-15
2.470221665835503e-15
3.20041721768615e-15
4.142696267002118e-15
5.357535907426179e-15
6.922331445173091e-15
8.936030728042259e-15
1.152502081264292e-14
1.485057634861581e-14
1.911828917291851e-14
2.459000850976636e-14
3.159889274610521e-14
4.056844988523274e-14
5.203648316821734e-14
6.668531151539023e-14
8.537972168458016e-14
1.092147748106564e-13
1.39575688246768e-13
1.782130487019279e-13
2.273370836199107e-13
2.897355478367197e-13
3.689212292861538e-13
4.693162091590208e-13
5.964816314485422e-13
7.574043931098118e-13
9.608542260453046e-13
1.21782705447826e-12
1.542097721220215e-12
1.950904065031733e-12
2.465796664075093e-12
3.113690945702463e-12
3.928169421685279e-12
4.951092487381903e-12
6.234584463277182e-12
7.843486277137046e-12
9.858379737548439e-12
1.237930504632834e-11
1.553033743273424e-11
1.946520028495158e-11
2.43741676148046e-11
3.049250782427571e-11
3.811083393312487e-11
4.758775665192339e-11
5.936533903350139e-11
7.398797546853686e-11
9.212536289382456e-11
1.146005512708825e-10
1.424239753911039e-10
1.768348245612117e-10
2.193513287673809e-10
2.718315850191999e-10
3.3654737330302e-10
4.162733213686209e-10
5.14394637995963e-10
6.350372450114605e-10
7.832243742456058e-10
9.650655830029109e-10
1.18798382242602e-09
1.460987886225951e-09
1.795000259541268e-09
2.203248694598869e-09
2.701736390164911e-09
3.30980332030606e-09
4.050797031140974e-09
4.952872778574147e-09
6.049947653963272e-09
7.382832567515152e-09
9.000584277885082e-09
1.09621032251539e-08
1.333803290037849e-08
1.621301315424262e-08
1.968833274190729e-08
2.388507525097339e-08
2.894782724638389e-08
3.504904810824883e-08
4.239420547946793e-08
5.12278397479804e-08
6.184063749969937e-08
7.457775552666135e-08
8.984860500049763e-08
1.081382166034928e-07
1.300205241250296e-07
1.561739395583572e-07
1.873994506240706e-07
2.24641610202525e-07
2.690129861093737e-07
3.218225685941434e-07
3.846085405712074e-07
4.591764763972606e-07
5.476429691952944e-07
6.52486505714478e-07
7.766061003167124e-07
9.233878017766983e-07
1.096782398235518e-06
1.301393922403804e-06
1.542580776003888e-06
1.826571633500862e-06
2.160598342015874e-06
2.55304689744662e-06
3.013628656844958e-06
3.553577016646159e-06
4.185868419881444e-06
4.925473604089348e-06
5.789641818410018e-06
6.798222784709651e-06
7.974031177582219e-06
9.34324816626031e-06
1.093588616640773e-05
1.278629861189984e-05
1.493375475547509e-05
1.742309177643619e-05
2.030541872954927e-05
2.363893327128608e-05
2.748978840827476e-05
3.193310112692416e-05
3.705402195919305e-05
4.294896643841639e-05
4.972692477167584e-05
5.751093704020604e-05
6.643968663411215e-05
7.666928286198527e-05
8.837516361381859e-05
0.0001017542090266943
0.0001170269824797288
0.0001344402990071103
0.0001542698155390099
0.0001768229703884572
0.0002024420391535386
0.0002315075835213065
0.0002644419146236032
0.0003017129492945969
0.0003438382991589606
0.0003913894470315427
0.0004449964326340705
0.0005053525674156845
0.0005732192657887936
0.0006494313129223883
0.0007349022780545056
0.0008306302479468286
0.0009377030655741692
0.001057304441928864
0.001190719660371542
0.00133934139739722
0.001504675834439695
0.001688348012976348
0.00189210765529424
0.00211783405393362
0.002367541426792741
0.002643383340910077
0.002947655972093344
0.003282802412286401
0.003651414066553116
0.004056233912706375
0.004500154871493578
0.004986219573765993
0.005517619661986828
0.00609769020229578
0.006729904562234879
0.007417870219796896
0.008165312930941582
0.008976073935627937
0.009854087606072426
0.01080337259918451
0.01182800438255072
0.01293210219591856
0.01411979645490646
0.0153952119871974
0.01676242239773273
0.01822543144226074
0.01978812180459499
0.02145423181355
0.02322730049490929
0.0251106284558773
0.02710722386837006
0.02921975962817669
0.03145052120089531
0.03380134329199791
0.03627357259392738
0.0388680100440979
0.04158483073115349
0.04442355409264565
0.04738299921154976
0.05046121031045914
0.05365542694926262
0.0569620318710804
0.06037651374936104
0.06389343738555908
0.06750642508268356
0.07120811939239502
0.07499019801616669
0.0788433626294136
0.08275735378265381
0.08672097325325012
0.09072211384773254
0.09474779665470123
0.09878427535295486
0.1028170809149742
0.1068311035633087
0.1108107343316078
0.1147399321198463
0.1186023727059364
0.1223816052079201
0.1260612010955811
0.1296249032020569
0.1330568045377731
0.1363415122032166
0.1394643485546112
0.1424115747213364
0.1451704502105713
0.1477295160293579
0.1500787436962128
0.1522096991539001
0.1541157066822052
0.1557919383049011
0.1572355628013611
0.1584458500146866
0.1594242751598358
0.1601744443178177
0.1607023179531097
0.1610159575939178
0.1611257046461105
0.1610439270734787
0.1607849597930908
0.1603650748729706
0.1598021537065506
0.1591155230998993
0.1583258062601089
0.1574545353651047
0.1565239131450653
0.1555565446615219
0.1545750647783279
0.1536018401384354
0.1526585966348648
0.1517661213874817
0.150943860411644
0.1502096652984619
0.1495794653892517
0.1490669995546341
0.1486835032701492
0.1484375894069672
0.1483350098133087
0.1483785212039948
0.1485678106546402
0.1488994657993317
0.1493670046329498
0.149960920214653
0.1506688296794891
0.1514756977558136
0.1523640304803848
0.1533142179250717
0.1543047279119492
0.155312642455101
0.1563139855861664
0.1572841554880142
0.1581984162330627
0.1590323001146317
0.1597621291875839
0.1603654026985168
0.160821259021759
0.1611108481884003
0.1612177640199661
0.1611282676458359
0.1608315855264664
0.1603201627731323
0.1595897525548935
0.1586395055055618
0.1574718803167343
0.1560927331447601
0.154511034488678
0.1527386903762817
0.1507903188467026
0.1486829221248627
0.1464354246854782
0.1440683752298355
0.141603410243988
0.1390628814697266
0.136469304561615
0.1338450163602829
0.1312116086483002
0.1285895556211472
0.1259979158639908
0.1234539076685905
0.1209727302193642
0.1185672879219055
0.1162480860948563
0.1140231415629387
0.1118980124592781
0.1098758727312088
0.1079576089978218
0.1061420515179634
0.1044262126088142
0.1028056144714355
0.1012745797634125
0.09982657432556152
0.09845463186502457
0.09715162962675095
0.09591072797775269
0.09472562372684479
0.09359081834554672
0.0925019234418869
0.09145579487085342
0.09045065939426422
0.08948615938425064
0.08856336027383804
0.08768463879823685
0.08685357123613358
0.08607472479343414
0.08535333722829819
0.08469510078430176
0.08410578966140747
0.08359090983867645
0.08315534144639969
0.08280302584171295
0.08253660053014755
0.08235713839530945
0.08226387947797775
0.0822540819644928
0.08232291042804718
0.08246336132287979
0.0826663076877594
0.08292067795991898
0.08321359753608704
0.08353067189455032
0.08385633677244186
0.08417427539825439
0.0844678059220314
0.08472038060426712
0.08491607010364532
0.08504007011651993
0.0850791409611702
0.08502204716205597
0.08485995233058929
0.08458670228719711
0.08419912308454514
0.083697110414505
0.08308372646570206
0.08236514776945114
0.08155051618814468
0.08065172284841537
0.0796830877661705
0.07866095006465912
0.07760321348905563
0.07652878761291504
0.07545705884695053
0.07440731674432755
0.0733981654047966
0.07244697958230972
0.07156937569379807
0.07077876478433609
0.07008594274520874
0.06949882954359055
0.06902221590280533
0.06865767389535904
0.06840352714061737
0.06825495511293411
0.06820422410964966
0.0682409256696701
0.06835238635540009
0.0685240849852562
0.06874017417430878
0.06898395717144012
0.06923848390579224
0.069487065076828
0.06971382349729538
0.06990417838096619
0.07004525512456894
0.07012628018856049
0.0701388344168663
0.07007709145545959
0.06993794441223145
0.06972096115350723
0.06942833214998245
0.06906475126743317
0.06863708049058914
0.06815414130687714
0.06762626767158508
0.06706494837999344
0.06648235023021698
0.06589093059301376
0.06530293077230453
0.06473004817962646
0.06418297439813614
0.06367108970880508
0.06320225447416306
0.06278251856565475
0.06241603940725327
0.06210499629378319
0.06184962391853333
0.06164826825261116
0.06149754673242569
0.06139254197478294
0.06132704764604568
0.06129385530948639
0.06128505244851112
0.06129232048988342
0.06130728870630264
0.06132180616259575
0.0613282322883606
0.06131967529654503
0.0612902045249939
0.06123504042625427
0.06115061417222023
0.0610346831381321
0.06088631600141525
0.06070586293935776
0.06049487367272377
0.0602559819817543
0.05999274179339409
0.05970945954322815
0.05941098928451538
0.05910251662135124
0.05878936499357224
0.05847679078578949
0.05816980078816414
0.0578729659318924
0.05759027227759361
0.05732501298189163
0.05707969889044762
0.05685601755976677
0.05665478855371475
0.05647601187229156
0.05631887540221214
0.05618184432387352
0.05606275051832199
0.05595889315009117
0.05586719140410423
0.05578430369496346
0.05570674687623978
0.05563105642795563
0.05555392056703568
0.05547227710485458
0.05538343638181686
0.05528515949845314
0.05517572164535522
0.05505397170782089
0.05491932481527328
0.054771788418293
0.05461191013455391
0.05444075539708138
0.05425982922315598
0.05407101660966873
0.05387647077441216
0.05367853119969368
0.05347960814833641
0.05328208953142166
0.0530882440507412
0.05290013924241066
0.05271954461932182
0.0525478832423687
0.05238616466522217
0.05223498493432999
0.05209448933601379
0.05196439102292061
0.05184401199221611
0.05173228681087494
0.05162785574793816
0.05152911320328712
0.05143431574106216
0.05134163796901703
0.05124925822019577
0.0511554516851902
0.05105865746736526
0.05095755681395531
0.05085111036896706
0.05073860660195351
0.05061968415975571
0.05049431696534157
0.05036285892128944
0.05022594705224037
0.05008450150489807
0.04993965104222298
0.04979270696640015
0.04964504018425941
0.0494980588555336
0.04935309663414955
0.04921138286590576
0.0490739606320858
0.04894164949655533
0.04881500825285912
0.04869432002305984
0.04857957735657692
0.04847051203250885
0.04836659133434296
0.04826707392930984
0.0481710396707058
0.04807747527956963
0.04798528924584389
0.04789341241121292
0.04780081659555435
0.04770659282803535
0.04760999977588654
0.04751046374440193
0.04740763455629349
0.04730138927698135
0.04719181731343269
0.04707920923829079
0.04696404933929443
0.04684695601463318
0.04672865197062492
0.04660991951823235
0.04649153351783752
0.04637425392866135
0.04625875130295753
0.04614557325839996
0.04603512212634087
0.04592763632535934
0.04582317546010017
0.0457216203212738
0.04562270268797874
0.04552599415183067
0.04543094709515572
0.04533693939447403
0.0452432744204998
0.04514926299452782
0.04505422711372375
0.04495753720402718
0.04485863447189331
0.04475707188248634
0.04465248808264732
0.04454464837908745
0.04443341866135597
0.04431875422596931
0.04420068860054016
0.04407929256558418
0.04395466670393944
0.04382689297199249
0.04369601979851723
0.04356202855706215
0.04342478141188622
0.04328404366970062
0.04313943535089493
0.04299042746424675
0.04283635690808296
0.0426764003932476
0.04250958561897278
0.04233483225107193
0.04215091839432716
0.04195653274655342
0.04175028577446938
0.04153070598840714
0.04129628464579582
0.04104544967412949
0.04077661037445068
0.04048812761902809
0.0401783175766468
0.03984545171260834
0.03948775678873062
0.03910338133573532
0.03869040310382843
0.03824678063392639
0.03777036815881729
0.03725888580083847
0.03670990839600563
0.03612085804343224
0.03548901155591011
0.03481146693229675
0.03408517688512802
0.03330694884061813
0.03247346356511116
0.03158127143979073
0.03062685392796993
0.02960660122334957
0.028516860678792
0.02735398150980473
0.0261143185198307
0.02479427307844162
0.02339031174778938
0.02189900912344456
0.02031706459820271
0.01864133775234222
0.01686886325478554
0.01499689463526011
0.01302291918545961
0.01094469055533409
0.008760263212025166
0.006468018516898155
0.004066702909767628
0.001555459224618971
-0.001066133845597506
-0.003798029385507107
-0.006639669183641672
-0.009589947760105133
-0.01264716871082783
-0.01580901443958282
-0.01907250843942165
-0.02243397571146488
-0.02588902972638607
-0.02943253517150879
-0.03305859491229057
-0.03676054999232292
-0.04053094983100891
-0.04436158761382103
-0.04824349284172058
-0.05216696485877037
-0.0561215952038765
-0.06009631603956223
-0.06407944113016129
-0.06805873662233353
-0.07202146202325821
-0.07595446705818176
-0.07984426617622375
-0.08367713540792465
-0.08743918687105179
-0.0911165326833725
-0.09469529986381531
-0.09816184639930725
-0.1015027984976768
-0.1047052294015884
-0.1077567562460899
-0.1106456592679024
-0.1133610606193542
-0.1158929839730263
-0.1182325333356857
-0.120371975004673
-0.1223048642277718
-0.1240261495113373
-0.125532254576683
-0.1268211752176285
-0.1278925538063049
-0.1287477016448975
-0.1293896436691284
-0.129823163151741
-0.130054697394371
-0.1300924271345139
-0.1299461424350739
-0.1296272575855255
-0.1291486024856567
-0.1285243034362793
-0.1277697682380676
-0.1269013434648514
-0.1259362697601318
-0.124892383813858
-0.1237879171967506
-0.1226412877440453
-0.1214708015322685
-0.1202944740653038
-0.1191297024488449
-0.1179930418729782
-0.1168999224901199
-0.1158644556999207
-0.1148991361260414
-0.1140146851539612
-0.1132198646664619
-0.1125212833285332
-0.1119232475757599
-0.1114276945590973
-0.1110341250896454
-0.1107395514845848
-0.110538549721241
-0.1104232966899872
-0.1103836447000504
-0.1104073151946068
-0.1104800403118134
-0.1105858087539673
-0.1107071191072464
-0.1108252629637718
-0.1109206601977348
-0.1109732240438461
-0.1109626516699791
-0.1108689084649086
-0.1106725037097931
-0.110354945063591
-0.109899066388607
-0.1092894151806831
-0.1085125729441643
-0.1075574904680252
-0.106415681540966
-0.1050815060734749
-0.103552334010601
-0.1018286794424057
-0.09991426765918732
-0.09781600534915924
-0.09554398059844971
-0.09311134368181229
-0.09053410589694977
-0.08783091604709625
-0.08502280712127686
-0.08213285356760025
-0.07918577641248703
-0.07620757073163986
-0.07322500646114349
-0.07026521116495132
-0.06735517084598541
-0.06452128291130066
-0.0617888867855072
-0.05918176472187042
-0.05672180652618408
-0.05442856997251511
-0.05231897905468941
-0.05040700361132622
-0.04870345443487167
-0.04721582680940628
-0.04594819247722626
-0.04490118101239204
-0.04407204315066338
-0.04345475509762764
-0.04304018616676331
-0.04281634837388992
-0.0427687019109726
-0.04288046434521675
-0.04313303157687187
-0.04350636526942253
-0.04397942125797272
-0.04453060403466225
-0.04513818770647049
-0.04578075185418129
-0.0464375801384449
-0.04708904400467873
-0.04771692305803299
-0.04830470681190491
-0.04883783683180809
-0.04930387437343597
-0.04969264194369316
-0.049996268004179
-0.05020922422409058
-0.05032826960086823
-0.05035232752561569
-0.05028239265084267
-0.05012129619717598
-0.04987351596355438
-0.04954492673277855
-0.04914252832531929
-0.04867418482899666
-0.04814836010336876
-0.04757386073470116
-0.04695956036448479
-0.04631423205137253
-0.04564629122614861
-0.04496368765830994
-0.0442737452685833
-0.04358306154608727
-0.04289747402071953
-0.0422220267355442
-0.04156098142266273
-0.04091785475611687
-0.04029550403356552
-0.03969618305563927
-0.03912164643406868
-0.03857323527336121
-0.03805201128125191
-0.03755881264805794
-0.03709438815712929
-0.03665940091013908
-0.03625454008579254
-0.03588051348924637
-0.03553806617856026
-0.0352279506623745
-0.03495088964700699
-0.03470753505825996
-0.03449836373329163
-0.03432362526655197
-0.03418320044875145
-0.03407656028866768
-0.0340026430785656
-0.03395979106426239
-0.03394569829106331
-0.03395736962556839
-0.03399110212922096
-0.03404252231121063
-0.03410661593079567
-0.03417782858014107
-0.0342501662671566
-0.03431734815239906
-0.0343729630112648
-0.03441065922379494
-0.03442433476448059
-0.0344083346426487
-0.03435766696929932
-0.03426817059516907
-0.03413669764995575
-0.03396126255393028
-0.03374113142490387
-0.03347691521048546
-0.03317057341337204
-0.03282542899250984
-0.03244606405496597
-0.03203823044896126
-0.03160868585109711
-0.03116499073803425
-0.03071529231965542
-0.03026804886758327
-0.02983175776898861
-0.02941468358039856
-0.02902456372976303
-0.02866834402084351
-0.02835194207727909
-0.02808002568781376
-0.02785585634410381
-0.02768115326762199
-0.02755603939294815
-0.0274790208786726
-0.0274470392614603
-0.02745557762682438
-0.02749881707131863
-0.0275698471814394
-0.027660908177495
-0.02776367589831352
-0.02786955423653126
-0.02797000110149384
-0.02805681340396404
-0.0281224437057972
-0.02816024981439114
-0.02816473878920078
-0.0281317550688982
-0.02805862575769424
-0.02794422768056393
-0.02778901904821396
-0.02759499102830887
-0.02736558578908443
-0.02710551954805851
-0.02682060375809669
-0.02651749737560749
-0.02620343677699566
-0.02588594146072865
-0.02557252533733845
-0.02527039870619774
-0.02498619630932808
-0.02472573146224022
-0.02449377626180649
-0.02429390326142311
-0.02412836998701096
-0.02399805560708046
-0.02390246652066708
-0.02383977547287941
-0.02380693517625332
-0.02379983849823475
-0.02381350100040436
-0.02384229563176632
-0.02388019487261772
-0.02392103336751461
-0.02395875379443169
-0.0239876750856638
-0.02400268986821175
-0.02399948239326477
-0.02397467195987701
-0.02392593584954739
-0.02385205775499344
-0.0237529594451189
-0.02362966537475586
-0.02348421700298786
-0.0233195535838604
-0.0231393575668335
-0.02294786833226681
-0.02274968102574348
-0.02254953794181347
-0.02235210314393044
-0.02216177806258202
-0.02198250964283943
-0.02181763201951981
-0.02166974544525146
-0.02154062688350677
-0.02143117226660252
-0.02134140022099018
-0.02127048186957836
-0.02121680788695812
-0.02117809467017651
-0.02115151286125183
-0.02113383449614048
-0.02112159691751003
-0.02111126855015755
-0.02109941467642784
-0.02108285017311573
-0.02105877734720707
-0.02102489769458771
-0.0209794957190752
-0.0209214985370636
-0.02085049264132977
-0.02076671458780766
-0.02067101933062077
-0.02056480385363102
-0.02044991962611675
-0.02032857201993465
-0.02020319178700447
-0.02007630653679371
-0.01995042338967323
-0.01982789859175682
-0.01971084251999855
-0.01960101909935474
-0.01949978247284889
-0.01940802857279778
-0.01932617463171482
-0.01925415359437466
-0.01919144950807095
-0.01913713105022907
-0.01908993348479271
-0.01904832012951374
-0.01901058852672577
-0.01897494867444038
-0.01893962360918522
-0.01890293695032597
-0.0188633855432272
-0.01881971582770348
-0.01877096854150295
-0.01871651224792004
-0.01865605637431145
-0.01858965680003166
-0.01851768791675568
-0.01844081096351147
-0.01835992187261581
-0.01827610097825527
-0.0181905310600996
-0.01810445077717304
-0.01801907457411289
-0.01793553121387959
-0.01785481907427311
-0.01777774840593338
-0.01770491525530815
-0.01763668097555637
-0.0175731647759676
-0.01751424930989742
-0.01745960116386414
-0.0174087006598711
-0.0173608735203743
-0.0173153467476368
-0.01727128215134144
-0.01722783036530018
-0.0171841774135828
-0.01713958382606506
-0.01709342561662197
-0.01704521477222443
-0.01699462346732616
-0.0169414896517992
-0.01688581332564354
-0.01682775840163231
-0.01676762104034424
-0.01670581847429276
-0.01664284616708755
-0.01657925732433796
-0.01651561819016933
-0.01645248755812645
-0.01639038138091564
-0.01632973738014698
-0.01627090759575367
-0.01621413603425026
-0.01615955680608749
-0.01610718667507172
-0.01605693437159061
-0.01600860990583897
-0.01596194319427013
-0.01591660641133785
-0.01587222330272198
-0.01582840830087662
-0.01578478328883648
-0.01574099436402321
-0.01569673977792263
-0.0156517755240202
-0.01560592837631702
-0.01555910520255566
-0.0155112911015749
-0.01546254195272923
-0.01541298162192106
-0.01536278892308474
-0.01531218364834785
-0.01526141073554754
-0.01521072443574667
-0.01516037434339523
-0.01511058676987886
-0.01506155822426081
-0.01501344051212072
-0.01496633421629667
-0.01492029242217541
-0.01487531140446663
-0.01483134273439646
-0.01478829048573971
-0.01474602520465851
-0.01470439322292805
-0.01466322503983974
-0.01462234929203987
-0.01458160113543272
-0.01454083248972893
-0.01449991762638092
-0.01445876341313124
-0.0144173102453351
-0.01437553577125072
-0.01433344930410385
-0.01429109182208776
-0.01424853410571814
-0.01420586742460728
-0.01416319608688354
-0.01412063185125589
-0.01407828275114298
-0.01403625402599573
-0.01399463601410389
-0.0139534967020154
-0.01391288544982672
-0.01387282554060221
-0.01383332069963217
-0.01379434671252966
-0.01375586073845625
-0.01371780596673489
-0.01368011441081762
-0.01364270877093077
-0.0136055126786232
-0.01356845162808895
-0.0135314641520381
-0.01349449343979359
-0.01345750223845243
-0.0134204663336277
-0.01338338106870651
-0.01334625482559204
-0.01330910995602608
-0.01327198185026646
-0.01323491334915161
-0.01319794729351997
-0.01316113490611315
-0.01312452182173729
-0.01308814994990826
-0.01305205374956131
-0.01301625743508339
-0.01298077497631311
-0.01294561196118593
-0.01291076000779867
-0.01287620514631271
-0.01284192036837339
-0.01280787773430347
-0.01277404651045799
-0.01274039130657911
-0.01270687859505415
-0.01267347857356071
-0.01264016982167959
-0.01260693185031414
-0.01257375255227089
-0.01254063099622726
-0.01250756811350584
-0.01247457321733236
-0.01244166120886803
-0.0124088479205966
-0.01237615291029215
-0.01234359759837389
-0.01231120154261589
-0.01227898430079222
-0.01224695704877377
-0.01221513282507658
-0.01218351349234581
-0.01215209998190403
-0.01212089043110609
-0.01208987645804882
-0.01205904688686132
-0.01202838588505983
-0.01199787855148315
-0.01196750812232494
-0.01193726155906916
-0.01190712489187717
-0.0118770906701684
-0.01184715051203966
-0.01181730162352324
-0.01178754307329655
-0.01175787765532732
-0.01172830816358328
-0.01169884391129017
-0.01166949048638344
-0.01164025813341141
-0.01161115616559982
-0.01158219017088413
-0.01155336853116751
-0.01152469590306282
-0.01149617228657007
-0.01146779954433441
-0.01143957488238811
-0.01141149457544088
-0.01138355582952499
-0.01135574840009212
-0.0113280676305294
-0.01130050607025623
-0.01127305533736944
-0.01124571170657873
-0.01121846865862608
-0.01119132246822119
-0.01116427127271891
-0.01113731600344181
-0.01111045572906733
-0.01108369324356318
-0.01105703320354223
-0.01103047840297222
-0.01100403442978859
-0.01097770500928164
-0.01095149293541908
-0.01092540007084608
-0.01089942641556263
-0.0108735729008913
-0.01084783859550953
-0.01082222070544958
-0.01079671736806631
-0.01077132392674685
-0.01074603851884604
-0.01072085462510586
-0.01069577317684889
-0.01067079044878483
-0.01064590364694595
-0.01062111090868711
-0.01059641130268574
-0.01057180482894182
-0.01054729148745537
-0.01052287314087152
-0.01049854699522257
-0.01047431584447622
-0.01045018061995506
-0.01042614225298166
-0.0104022016748786
-0.01037835888564587
-0.01035461388528347
-0.01033096760511398
-0.01030742097645998
-0.01028397306799889
-0.01026062108576298
-0.01023736409842968
-0.01021420024335384
-0.01019112952053547
-0.01016814820468426
-0.01014525443315506
-0.01012244913727045
-0.01009972952306271
-0.01007709559053183
-0.01005454733967781
-0.01003208383917809
-0.0100097032263875
-0.009987407363951206
-0.009965197183191776
-0.009943070821464062
-0.009921032004058361
-0.009899078868329525
-0.009877210482954979
-0.009855428710579872
-0.00983373261988163
-0.009812122210860252
-0.00979059562087059
-0.009769152849912643
-0.009747791104018688
-0.009726510383188725
-0.009705309756100178
-0.009684189222753048
-0.009663146920502186
-0.009642181918025017
-0.00962129607796669
-0.009600487537682056
-0.009579756297171116
-0.009559102356433868
-0.009538523852825165
-0.009518020786345005
-0.009497594088315964
-0.009477241896092892
-0.009456965140998363
-0.009436762891709805
-0.009416637010872364
-0.009396585635840893
-0.009376608766615391
-0.009356706403195858
-0.009336878545582294
-0.009317123331129551
-0.009297442622482777
-0.009277834556996822
-0.009258298203349113
-0.009238830767571926
-0.009219433180987835
-0.009200104512274265
-0.009180844761431217
-0.009161652997136116
-0.009142530150711536
-0.009123475290834904
-0.009104488417506218
-0.009085569530725479
-0.009066719561815262
-0.009047938510775566
-0.009029225446283817
-0.00901058129966259
-0.008992004208266735
-0.008973495103418827
-0.008955053053796291
-0.008936678059399128
-0.008918370120227337
-0.00890012551099062
-0.008881946094334126
-0.008863830007612705
-0.00884577538818121
-0.008827783167362213
-0.008809853345155716
-0.008791984058916569
-0.008774175308644772
-0.008756428956985474
-0.0087387440726161
-0.008721122518181801
-0.008703563362360001
-0.00868606474250555
-0.008668628521263599
-0.008651253767311573
-0.008633940480649471
-0.00861668586730957
-0.008599491789937019
-0.008582357317209244
-0.00856527965515852
-0.008548259735107422
-0.00853129755705595
-0.008514394052326679
-0.008497548289597034
-0.008480760268867016
-0.008464028127491474
-0.008447351865470409
-0.008430732414126396
-0.008414167910814285
-0.008397660218179226
-0.008381208404898643
-0.008364812470972538
-0.008348472416400909
-0.008332189172506332
-0.008315959945321083
-0.008299785666167736
-0.008283666335046291
-0.008267601951956749
-0.008251591585576534
-0.008235634304583073
-0.008219730108976364
-0.008203877136111259
-0.008188075385987759
-0.008172324858605862
-0.008156626485288143
-0.008140979334712029
-0.008125383406877518
-0.008109838701784611
-0.008094346150755882
-0.008078907616436481
-0.008063520304858685
-0.008048183284699917
-0.008032896555960178
-0.008017661049962044
-0.008002474904060364
-0.007987338118255138
-0.007972250692546368
-0.007957211695611477
-0.007942222990095615
-0.007927282713353634
-0.007912389002740383
-0.007897544652223587
-0.007882745936512947
-0.007867995649576187
-0.007853293791413307
-0.007838637568056583
-0.007824028842151165
-0.007809465751051903
-0.007794949226081371
-0.007780479267239571
-0.007766054943203926
-0.0077516776509583
-0.007737346924841404
-0.007723063230514526
-0.007708825170993805
-0.007694633211940527
-0.007680487353354692
-0.007666385732591152
-0.007652329280972481
-0.007638317067176104
-0.007624348159879446
-0.007610422559082508
-0.007596539799124002
-0.007582699880003929
-0.007568902336061001
-0.007555147632956505
-0.007541436702013016
-0.007527768611907959
-0.007514141965657473
-0.007500557694584131
-0.007487015333026648
-0.007473516277968884
-0.007460059132426977
-0.007446642965078354
-0.007433268241584301
-0.007419934496283531
-0.007406642194837332
-0.007393390871584415
-0.007380180060863495
-0.007367008831351995
-0.007353878114372492
-0.007340788375586271
-0.007327738218009472
-0.007314727641642094
-0.007301757112145424
-0.007288825232535601
-0.007275932002812624
-0.007263077422976494
-0.007250261027365923
-0.007237483747303486
-0.007224745582789183
-0.007212046533823013
-0.00719938613474369
-0.007186764385551214
-0.007174181751906872
-0.007161637768149376
-0.007149131968617439
-0.007136664353311062
-0.007124234922230244
-0.00711184274405241
-0.007099486887454987
-0.00708716781809926
-0.007074885070323944
-0.007062639109790325
-0.007050430402159691
-0.007038257084786892
-0.007026119157671928
-0.007014016155153513
-0.007001948077231646
-0.006989915389567614
-0.00697791762650013
-0.006965953856706619
-0.006954025011509657
-0.00694213155657053
-0.006930273957550526
-0.006918452214449644
-0.006906665861606598
-0.006894913967698812
-0.006883196067065001
-0.006871513091027737
-0.006859864108264446
-0.006848248187452555
-0.006836665328592062
-0.006825115997344255
-0.006813599728047848
-0.006802116055041552
-0.006790665443986654
-0.006779246963560581
-0.00676786107942462
-0.00675650779157877
-0.006745186634361744
-0.00673389807343483
-0.00672264164313674
-0.006711417809128761
-0.006700227502733469
-0.006689070258289576
-0.006677945144474506
-0.006666851229965687
-0.006655788980424404
-0.006644757464528084
-0.0066337576135993
-0.006622788961976767
-0.006611850578337908
-0.006600942462682724
-0.00659006554633379
-0.006579219829291105
-0.00656840531155467
-0.00655762292444706
-0.006546871736645699
-0.006536150816828012
-0.006525461096316576
-0.006514801643788815
-0.006504172459244728
-0.006493572611361742
-0.006483001168817282
-0.00647245766595006
-0.006461942102760077
-0.006451454944908619
-0.006440995261073112
-0.006430563982576132
-0.006420160178095102
-0.00640978617593646
-0.006399440579116344
-0.006389123853296041
-0.006378836464136839
-0.006368578411638737
-0.00635834876447916
-0.006348147988319397
-0.006337976083159447
-0.006327832583338022
-0.006317717023193836
-0.006307628937065601
-0.00629756785929203
-0.006287534721195698
-0.006277528591454029
-0.006267549470067024
-0.006257597357034683
-0.006247672252357006
-0.006237773690372705
-0.006227901671081781
-0.006218056194484234
-0.006208237260580063
-0.006198444869369268
-0.006188679020851851
-0.006178939249366522
-0.00616922602057457
-0.006159539334475994
-0.006149879191070795
-0.006140245124697685
-0.006130637135356665
-0.006121054291725159
-0.006111497059464455
-0.006101965438574553
-0.006092458497732878
-0.00608297623693943
-0.00607351865619421
-0.006064086221158504
-0.006054678931832314
-0.00604529632255435
-0.006035938858985901
-0.006026607006788254
-0.006017300300300121
-0.006008019205182791
-0.005998763255774975
-0.005989531520754099
-0.005980323068797588
-0.005971138831228018
-0.005961978808045387
-0.005952842533588409
-0.005943730007857084
-0.005934640299528837
-0.005925573408603668
-0.005916530266404152
-0.005907510872930288
-0.00589851476252079
-0.005889542400836945
-0.005880593322217464
-0.005871667992323637
-0.005862765945494175
-0.005853887181729078
-0.005845030304044485
-0.00583619624376297
-0.005827384535223246
-0.005818594247102737
-0.005809826776385307
-0.005801081191748381
-0.005792358424514532
-0.005783658009022474
-0.00577497947961092
-0.005766323767602444
-0.005757690407335758
-0.005749078933149576
-0.005740490276366472
-0.005731923971325159
-0.005723380018025637
-0.005714858416467905
-0.005706358700990677
-0.005697880871593952
-0.005689424462616444
-0.005680989474058151
-0.005672575440257788
-0.00566418282687664
-0.005655811633914709
-0.005647462327033281
-0.005639135371893644
-0.005630828905850649
-0.00562254386022687
-0.005614278838038445
-0.005606034304946661
-0.005597810260951519
-0.005589606706053019
-0.005581422708928585
-0.005573259200900793
-0.005565115716308355
-0.005556991789489985
-0.005548887420445681
-0.005540803074836731
-0.005532737821340561
-0.005524692591279745
-0.005516666918992996
-0.005508661270141602
-0.005500675644725561
-0.005492710508406162
-0.005484765861183405
-0.005476841703057289
-0.005468937568366528
-0.00546105345711112
-0.00545318890362978
-0.005445343442261219
-0.005437517073005438
-0.005429709795862436
-0.00542192067950964
-0.005414149258285761
-0.005406397394835949
-0.005398664623498917
-0.005390949547290802
-0.00538325309753418
-0.005375575739890337
-0.005367917474359274
-0.005360278766602278
-0.005352658685296774
-0.005345058161765337
-0.00533747673034668
-0.005329913925379515
-0.005322369281202555
-0.005314842332154512
-0.005307333078235388
-0.005299840588122606
-0.005292365327477455
-0.005284907296299934
-0.005277466028928757
-0.005270041991025209
-0.005262634716928005
-0.005255245603621006
-0.005247873719781637
-0.005240519996732473
-0.005233183968812227
-0.005225866101682186
-0.00521856639534235
-0.005211284849792719
-0.005204020999372005
-0.005196775309741497
-0.005189547315239906
-0.005182335618883371
-0.005175141617655754
-0.00516796438023448
-0.005160803440958261
-0.005153659265488386
-0.005146531388163567
-0.00513942027464509
-0.005132325459271669
-0.005125246476382017
-0.005118183791637421
-0.00511113740503788
-0.005104107782244682
-0.005097094923257828
-0.005090098828077316
-0.005083119031041861
-0.005076155997812748
-0.005069209262728691
-0.005062279291450977
-0.005055365152657032
-0.00504846777766943
-0.005041587166488171
-0.005034723319113255
-0.005027875769883394
-0.005021043587476015
-0.00501422630622983
-0.005007425788789988
-0.005000641103833914
-0.004993872717022896
-0.004987119697034359
-0.004980382043868303
-0.004973660223186016
-0.004966952838003635
-0.004960259888321161
-0.004953581374138594
-0.004946917295455933
-0.004940267186611891
-0.00493363244459033
-0.004927012603729963
-0.004920407198369503
-0.004913817159831524
-0.004907242953777313
-0.004900684114545584
-0.004894140176475048
-0.004887612070888281
-0.004881099332123995
-0.00487460196018219
-0.004868120420724154
-0.004861654248088598
-0.004855203442275524
-0.004848766140639782
-0.004842343740165234
-0.00483593437820673
-0.004829538986086845
-0.00482315756380558
-0.004816789645701647
-0.004810435231775045
-0.004804093856364489
-0.004797765985131264
-0.004791453015059233
-0.004785154480487108
-0.004778869450092316
-0.004772600252181292
-0.004766345024108887
-0.004760103765875101
-0.004753877408802509
-0.004747665487229824
-0.004741467535495758
-0.004735282622277737
-0.004729112144559622
-0.004722954239696264
-0.004716810304671526
-0.004710679408162832
-0.00470456201583147
-0.004698457662016153
-0.004692366346716881
-0.004686289466917515
-0.004680225625634193
-0.004674175754189491
-0.004668139386922121
-0.004662116523832083
-0.004656106699258089
-0.00465010991320014
-0.004644125234335661
-0.004638153593987226
-0.004632194526493549
-0.004626248497515917
-0.004620315041393042
-0.004614394623786211
-0.004608486779034138
-0.004602592438459396
-0.0045967111364007
-0.004590843338519335
-0.004584989044815302
-0.004579148255288601
-0.004573320504277945
-0.004567504860460758
-0.004561701323837042
-0.004555909894406796
-0.004550130572170019
-0.004544362425804138
-0.00453860592097044
-0.004532861988991499
-0.004527130629867315
-0.004521411377936602
-0.004515704698860645
-0.004510011523962021
-0.004504330456256866
-0.004498661495745182
-0.004493004642426968
-0.004487360361963511
-0.004481727723032236
-0.004476106259971857
-0.004470496904104948
-0.004464898724108934
-0.004459311719983816
-0.004453736357390881
-0.004448171705007553
-0.004442618228495121
-0.004437076859176159
-0.004431548062711954
-0.004426030907779932
-0.004420525394380093
-0.004415031988173723
-0.004409551154822111
-0.004404082894325256
-0.004398626741021872
-0.004393182229250669
-0.00438774935901165
-0.004382328595966101
-0.004376919008791447
-0.004371520131826401
-0.004366131965070963
-0.004360754042863846
-0.004355386830866337
-0.004350030794739723
-0.004344684537500143
-0.004339349456131458
-0.004334025084972382
-0.004328711424022913
-0.004323408007621765
-0.004318115301430225
-0.004312833771109581
-0.004307562950998545
-0.004302302841097116
-0.004297053441405296
-0.004291814286261797
-0.004286585375666618
-0.004281366709619761
-0.004276159219443798
-0.004270962905138731
-0.004265777301043272
-0.004260602407157421
-0.004255438223481178
-0.004250283818691969
-0.00424513965845108
-0.004240004811435938
-0.004234878811985254
-0.00422976166009903
-0.004224652890115976
-0.004219552967697382
-0.004214460961520672
-0.004209376871585846
-0.004204301163554192
-0.004199233837425709
-0.004194175358861685
-0.004189124796539545
-0.004184082616120577
-0.004179049283266068
-0.00417402433231473
-0.004169007297605276
-0.004163998179137707
-0.004158996976912022
-0.004154002759605646
-0.004149016458541155
-0.004144036676734686
-0.004139062948524952
-0.004134095273911953
-0.004129133187234402
-0.004124176222831011
-0.004119225312024355
-0.004114279057830572
-0.004109337460249662
-0.004104400984942913
-0.004099469166249037
-0.004094542935490608
-0.004089622292667627
-0.004084706772118807
-0.004079795908182859
-0.00407489063218236
-0.004069989547133446
-0.00406509218737483
-0.004060198552906513
-0.004055308178067207
-0.004050421062856913
-0.004045536275953054
-0.004040654748678207
-0.004035776481032372
-0.004030900076031685
-0.004026027861982584
-0.004021158441901207
-0.004016293212771416
-0.00401143217459321
-0.00400657532736659
-0.004001724068075418
-0.003996877931058407
-0.00399203784763813
-0.003987203817814589
-0.003982376307249069
-0.003977555781602859
-0.003972743637859821
-0.003967940807342529
-0.003963147755712271
-0.003958365879952908
-0.00395359518006444
-0.003948836121708155
-0.003944090567529202
-0.003939358983188868
-0.003934642300009727
-0.003929941449314356
-0.00392525689676404
-0.003920590970665216
-0.00391594460234046
-0.003911318257451057
-0.003906712401658297
-0.003902129363268614
-0.00389756984077394
-0.003893035231158137
-0.00388852646574378
-0.00388404494151473
-0.003879591589793563
-0.003875167574733496
-0.003870773827657104
-0.003866411047056317
-0.003862080397084355
-0.003857782110571861
-0.00385351711884141
-0.003849284956231713
-0.003845085622742772
-0.003840919118374586
-0.003836784977465868
-0.003832683898508549
-0.003828613786026835
-0.003824575105682015
-0.003820566926151514
-0.003816588316112757
-0.003812638111412525
-0.003808714682236314
-0.003804817097261548
-0.003800943261012435
-0.003797091310843825
-0.003793258918449283
-0.003789444221183658
-0.003785643959417939
-0.003781855804845691
-0.003778077661991119
-0.003774306271225214
-0.003770539304241538
-0.003766773734241724
-0.003763007465749979
-0.003759237239137292
-0.00375546095892787
-0.003751676063984632
-0.003747879294678569
-0.003744069254025817
-0.003740242915228009
-0.003736397717148066
-0.003732532495632768
-0.003728644922375679
-0.003724733833223581
-0.003720797598361969
-0.00371683482080698
-0.003712844802066684
-0.00370882754214108
-0.003704782109707594
-0.003700708271935582
-0.003696606028825045
-0.003692475846037269
-0.003688318189233541
-0.003684134222567081
-0.003679923713207245
-0.003675688756629825
-0.003671430051326752
-0.003667149692773819
-0.003662849077954888
-0.003658530302345753
-0.003654195228591561
-0.003649845952168107
-0.003645484801381826
-0.003641113871708512
-0.003636735491454601
-0.003632351756095886
-0.003627964295446873
-0.00362357497215271
-0.003619186114519835
-0.003614798886701465
-0.003610415384173393
-0.00360603746958077
-0.003601666074246168
-0.003597302827984095
-0.003592948894947767
-0.003588605439290404
-0.003584273625165224
-0.003579954383894801
-0.00357564864680171
-0.003571358043700457
-0.003567082807421684
-0.003562823636457324
-0.003558581462129951
-0.003554356750100851
-0.003550149966031313
-0.003545962041243911
-0.003541793674230576
-0.003537645330652595
-0.003533517941832542
-0.00352941220626235
-0.003525329055264592
-0.003521269652992487
-0.003517235396429896
-0.003513227216899395
-0.003509247209876776
-0.003505296306684613
-0.003501376137137413
-0.003497487865388393
-0.00349363312125206
-0.003489813301712275
-0.003486030269414186
-0.003482284490019083
-0.003478577826172113
-0.003474910743534565
-0.003471283940598369
-0.003467698115855455
-0.003464152803644538
-0.003460647305473685
-0.003457180922850966
-0.003453752724453807
-0.003450360847637057
-0.003447002731263638
-0.003443676047027111
-0.003440377302467823
-0.003437103237956762
-0.00343385012820363
-0.003430613782256842
-0.003427389077842236
-0.003424171824008226
-0.003420956898480654
-0.003417740343138576
-0.003414515871554613
-0.003411279991269112
-0.003408027114346623
-0.003404753282666206
-0.003401454770937562
-0.003398127388209105
-0.003394768573343754
-0.003391375532373786
-0.003387946169823408
-0.003384479321539402
-0.003380974056199193
-0.003377431072294712
-0.003373850835487247
-0.003370235441252589
-0.003366587683558464
-0.003362911054864526
-0.003359209280461073
-0.003355487016960979
-0.003351750085130334
-0.003348004072904587
-0.003344255033880472
-0.003340509254485369
-0.003336773486807942
-0.003333054017275572
-0.003329356899484992
-0.003325688419863582
-0.003322053700685501
-0.003318457631394267
-0.003314905101433396
-0.003311400534585118
-0.003307946491986513
-0.003304545069113374
-0.003301197895780206
-0.00329790567047894
-0.003294667694717646
-0.003291482338681817
-0.003288347739726305
-0.003285260172560811
-0.003282215446233749
-0.003279209136962891
-0.0032762351911515
-0.003273287322372198
-0.003270359244197607
-0.00326744350604713
-0.003264533588662744
-0.003261622041463852
-0.003258702345192432
-0.003255767514929175
-0.003252812195569277
-0.003249830799177289
-0.003246818901970983
-0.003243773011490703
-0.003240690566599369
-0.003237570403143764
-0.003234411822631955
-0.003231215756386518
-0.003227983834221959
-0.003224719082936645
-0.003221425227820873
-0.003218107158318162
-0.00321476929821074
-0.003211417701095343
-0.003208057954907417
-0.003204696578904986
-0.003201340092346072
-0.003197994315996766
-0.003194665070623159
-0.003191358642652631
-0.003188080154359341
-0.003184834495186806
-0.003181625390425324
-0.003178456099703908
-0.003175328951328993
-0.003172244876623154
-0.003169204108417034
-0.003166206181049347
-0.003163249231874943
-0.003160330932587385
-0.003157447790727019
-0.003154595615342259
-0.003151769982650876
-0.003148965770378709
-0.003146177157759666
-0.003143398556858301
-0.003140624612569809
-0.003137849504128098
-0.003135067643597722
-0.003132274141535163
-0.003129465272650123
-0.003126637311652303
-0.003123787464573979
-0.003120914334431291
-0.003118016291409731
-0.003115093568339944
-0.003112147096544504
-0.003109178273007274
-0.003106189426034689
-0.003103183582425117
-0.003100164467468858
-0.003097136504948139
-0.003094103652983904
-0.003091071033850312
-0.003088042605668306
-0.003085023490712047
-0.003082017879933119
-0.003079029731452465
-0.003076062304899096
-0.003073118627071381
-0.003070201724767685
-0.003067313227802515
-0.003064453136175871
-0.003061622381210327
-0.003058820497244596
-0.00305604562163353
-0.003053296590223908
-0.003050569910556078
-0.003047863021492958
-0.00304517219774425
-0.003042494179680943
-0.003039825009182096
-0.003037160960957408
-0.003034498542547226
-0.003031834261491895
-0.003029165090993047
-0.003026488702744246
-0.003023802768439054
-0.003021105891093612
-0.003018396906554699
-0.003015674883499742
-0.003012940287590027
-0.003010193817317486
-0.003007436636835337
-0.003004670841619372
-0.003001898992806673
-0.002999122953042388
-0.002996346214786172
-0.002993571106344461
-0.002990800654515624
-0.002988037886098027
-0.002985285595059395
-0.002982545644044876
-0.002979820128530264
-0.002977110678330064
-0.002974417991936207
-0.002971742767840624
-0.002969085006043315
-0.00296644470654428
-0.002963820938020945
-0.002961212769150734
-0.002958619268611073
-0.002956038108095527
-0.002953467890620232
-0.002950906287878752
-0.002948351902887225
-0.002945802407339215
-0.002943256171420217
-0.002940710633993149
-0.002938164863735437
-0.002935616765171289
-0.002933065639808774
-0.002930510090664029
-0.002927949419245124
-0.002925383625552058
-0.002922812709584832
-0.002920237835496664
-0.002917659701779485
-0.002915079472586513
-0.002912499010562897
-0.002909919712692499
-0.002907343208789825
-0.002904771594330668
-0.002902206731960177
-0.002899649785831571
-0.00289710215292871
-0.002894564531743526
-0.002892038086429238
-0.002889523515477777
-0.002887020586058497
