0
0
0
0
0
0
0
0
0
0
0
0
0
0
0
0
0
0
0
0
0
0
0
0
0
0
0
0
0
0
0
0
0
0
0
0
0
0
0
0
0
0
0
0
0
0
0
0
0
0
0
0
0
0
0
0
0
0
0
0
0
0
0
0
0
0
0
0
0
0
0
0
0
0
0
0
0
0
0
0
0
0
0
0
0
0
0
0
0
0
0
0
0
0
0
0
0
0
0
0
0
0
0
0
0
0
0
0
0
0
0
0
0
0
0
0
0
0
0
0
0
0
0
0
0
0
0
0
0
0
0
0
0
0
0
0
0
0
0
0
0
0
0
0
0
0
0
0
0
0
0
0
0
0
0
0
0
0
0
0
0
0
0
0
0
0
0
0
0
0
0
0
0
0
0
0
0
0
0
0
0
0
0
0
0
0
0
0
0
0
0
0
0
0
0
0
0
0
0
0
0
0
0
0
0
0
0
0
0
0
0
0
0
0
0
0
0
0
0
0
0
0
0
0
0
0
0
0
0
0
0
0
0
0
0
0
0
0
0
0
0
0
0
0
0
0
0
0
0
0
0
0
0
0
0
0
0
0
0
0
0
0
0
0
0
0
0
0
0
0
0
0
0
0
0
0
0
0
0
0
0
0
0
0
0
0
0
0
0
0
0
0
0
0
0
0
0
0
0
0
0
0
0
0
0
0
0
0
0
0
0
0
0
0
0
0
0
0
0
0
0
0
0
0
0
0
0
0
0
0
0
0
0
0
0
0
0
0
0
0
0
0
0
0
0
0
0
0
0
0
0
0
0
0
0
0
0
0
0
0
0
0
0
0
0
0
0
0
0
0
0
0
0
0
0
0
0
0
0
0
0
0
0
0
0
0
0
0
0
0
0
0
0
0
0
0
0
0
0
0
0
0
0
0
0
0
0
0
0
0
0
0
0
0
0
0
0
0
0
0
0
0
0
0
0
0
0
0
0
0
0
0
0
0
0
0
0
0
0
0
0
0
0
0
0
0
0
0
0
0
0
0
0
0
0
0
0
0
0
0
0
0
0
0
0
0
0
0
0
0
0
0
0
0
0
0
0
0
0
0
0
0
0
0
0
0
0
0
0
0
0
0
0
0
0
0
0
0
0
0
0
0
0
0
0
0
0
0
0
0
0
0
0
0
0
0
0
0
0
0
0
0
0
0
0
0
0
0
0
0
0
0
0
0
0
0
0
0
0
0
0
0
0
0
0
0
0
0
0
0
0
0
0
0
0
0
0
0
0
0
0
0
0
0
0
0
0
0
0
0
0
0
0
0
0
0
0
0
0
0
0
0
0
0
0
0
0
0
0
0
0
0
0
0
0
0
0
0
0
0
0
0
0
0
0
0
0
0
0
0
0
0
0
0
0
0
0
0
0
0
0
0
0
0
0
0
0
0
0
0
0
0
0
0
0
0
0
0
0
0
0
0
0
0
0
0
0
0
0
0
0
0
0
0
0
0
0
0
0
0
0
0
0
0
0
0
0
0
0
0
0
0
0
0
0
0
0
0
0
0
0
0
0
0
0
0
0
0
0
0
0
0
0
0
0
0
0
0
0
0
0
0
0
0
0
0
0
0
0
0
0
0
0
0
0
0
0
0
0
0
0
0
0
0
0
0
0
0
0
0
0
0
0
0
0
0
0
0
0
0
0
0
0
0
0
0
0
0
0
0
0
0
0
0
0
0
0
0
0
0
0
0
0
0
0
0
0
0
0
0
0
0
0
0
0
0
0
0
0
0
0
0
0
0
0
0
0
0
0
0
0
0
0
0
0
0
0
0
0
0
0
0
0
0
0
0
0
0
0
0
0
0
0
0
0
0
0
0
0
0
0
0
0
0
0
0
0
0
0
0
0
0
0
0
0
0
0
0
0
0
0
0
0
0
0
0
0
0
0
0
0
0
0
0
0
0
0
0
0
0
0
0
0
0
0
0
0
0
0
0
0
0
0
0
0
0
0
0
0
0
0
0
0
0
0
0
0
0
0
0
0
0
0
0
0
0
0
0
0
0
0
0
0
0
0
0
0
0
0
0
0
0
0
0
0
0
0
0
0
0
0
0
0
0
0
0
0
0
0
0
0
0
0
0
0
0
0
0
0
0
0
0
0
0
0
0
0
0
0
0
0
0
0
0
0
0
0
0
0
0
0
0
0
0
0
0
0
0
0
0
0
0
0
0
0
0
0
0
0
0
0
0
0
0
0
0
0
0
0
0
0
0
0
0
0
0
0
0
0
0
0
0
0
0
0
0
0
0
0
0
0
0
0
0
0
0
0
0
0
0
0
0
0
0
0
0
0
0
0
0
0
0
0
0
0
0
0
0
0
0
0
0
0
0
0
0
0
0
0
0
0
0
0
0
0
0
0
0
0
0
0
0
0
0
0
0
0
0
0
0
0
0
0
0
0
0
0
0
0
0
0
0
0
0
0
0
0
0
0
0
0
0
0
0
0
0
0
0
0
0
0
0
0
0
0
0
0
0
0
0
0
0
0
0
0
0
0
0
0
0
0
0
0
0
0
0
0
0
0
0
0
0
0
0
0
0
0
0
0
0
0
0
0
0
0
0
0
0
0
0
0
0
0
0
0
0
0
0
0
0
0
0
0
0
0
0
0
0
0
0
0
0
0
0
0
0
0
0
0
0
0
0
0
0
0
0
0
0
0
0
0
0
0
0
0
0
0
0
0
0
0
0
0
0
0
0
0
0
0
0
0
0
0
0
0
0
0
0
0
0
0
0
0
0
0
0
0
0
0
0
0
0
0
0
0
0
0
0
0
0
0
0
0
0
0
0
0
0
0
0
0
0
0
0
0
0
0
0
0
0
0
0
0
0
0
0
0
0
0
0
0
0
0
0
0
0
0
0
0
0
0
0
0
0
0
0
0
0
0
0
0
0
0
0
0
0
0
0
0
0
0
0
0
0
0
0
0
0
0
0
0
0
0
0
0
0
0
0
0
0
0
0
0
0
0
0
0
0
0
0
0
0
0
0
0
0
0
0
0
0
0
0
0
0
0
0
0
0
0
0
0
0
0
0
0
0
0
0
0
0
0
0
0
0
0
0
0
0
0
0
0
0
0
0
0
0
0
0
0
0
0
0
0
0
0
0
0
0
0
0
0
0
0
0
0
0
0
0
0
0
0
0
0
0
0
0
0
0
0
0
0
0
0
0
0
0
0
0
0
0
0
0
0
0
0
0
0
0
0
0
0
0
0
0
0
0
0
0
0
0
0
0
0
0
0
0
0
0
0
0
0
0
0
0
0
0
0
0
0
0
0
0
0
0
0
0
0
0
0
0
0
0
0
0
0
0
0
0
0
0
0
0
0
0
0
0
0
0
0
0
0
0
0
0
0
0
0
0
0
0
0
0
0
0
0
0
0
0
0
0
0
0
0
0
0
0
0
0
0
0
0
0
0
0
0
0
0
0
0
0
0
0
0
0
0
0
0
0
0
0
0
0
0
0
0
0
0
0
0
0
0
0
0
0
0
0
0
0
0
0
0
0
0
0
0
0
0
0
0
0
0
0
0
0
0
0
0
0
0
0
0
0
0
0
0
0
0
0
0
0
0
0
0
0
0
0
0
0
0
0
0
0
0
0
0
0
0
0
0
0
0
0
0
0
0
0
0
0
0
0
0
0
0
0
0
0
0
0
0
0
0
0
0
0
0
0
0
0
0
0
0
0
0
0
1.401298464324817e-44
6.305843089461677e-44
1.429324433611313e-43
3.040817667584853e-43
6.165713243029195e-43
1.261168617892335e-42
2.592402159000912e-42
5.308118582862407e-42
1.081802414458759e-41
2.199758329297098e-41
4.461734310410218e-41
9.027164707180472e-41
1.821295640052251e-40
3.664213315409034e-40
7.350469055661898e-40
1.470294196812778e-39
2.932558953424975e-39
5.832377969529465e-39
1.156651650891897e-38
2.287283711638519e-38
4.510246422466064e-38
8.868402075327556e-38
1.73883180381591e-37
3.399687513805387e-37
6.628143978333928e-37
1.288601333460975e-36
2.498164411280334e-36
4.829491707169335e-36
9.310261794017551e-36
1.789799634257509e-35
3.431082330156463e-35
6.559097765470088e-35
1.250389412181495e-34
2.377040824783414e-34
4.506300297382953e-34
8.519178575813596e-34
1.606095196601769e-33
3.019553685068643e-33
5.661271159688356e-33
1.058489830840062e-32
1.973616811464219e-32
3.669814605145677e-32
6.805065513541637e-32
1.258430531898508e-31
2.320794013353873e-31
4.268310735999609e-31
7.828690813764524e-31
1.431982422154759e-30
2.612181289448134e-30
4.752121171108787e-30
8.621680431303816e-30
1.559976622953649e-29
2.814929877993216e-29
5.06572719003246e-29
9.09164239567782e-29
1.627310895391349e-28
2.904878209189323e-28
5.171492160711537e-28
9.181967306363366e-28
1.625881807224365e-27
2.871288642808249e-27
5.057089899788493e-27
8.883042178951068e-27
1.556185291431908e-26
2.718946236056258e-26
4.737845287016536e-26
8.233857108868005e-26
1.427148231676996e-25
2.46705771048974e-25
4.253389103455835e-25
7.313707439045741e-25
1.25426073613166e-24
2.145294018328379e-24
3.659616458324374e-24
6.226374206409052e-24
1.056541526315584e-23
1.788095236646363e-23
3.018202649303489e-23
5.081133238796507e-23
8.531554671336761e-23
1.428736025269045e-22
2.38634286092348e-22
3.975314711398169e-22
6.604938741394954e-22
1.094524235424333e-21
1.809014515188278e-21
2.982080216204214e-21
4.9029559650593e-21
8.040048535586245e-21
1.314988406821155e-20
2.145104218079039e-20
3.490105387086517e-20
5.663604841513426e-20
9.166678546523699e-20
1.479777002008496e-19
2.38257277929441e-19
3.826150548239996e-19
6.128361438555173e-19
9.790240896478556e-19
1.559945589218334e-18
2.479093383045926e-18
3.929559550241335e-18
6.212447759941215e-18
9.796017925876626e-18
1.540652180456963e-17
2.416728927943103e-17
3.781113717512569e-17
5.900379894503233e-17
9.183509376562953e-17
1.425627124540524e-16
2.207352772770334e-16
3.408834862434873e-16
5.250595244978245e-16
8.066392165491636e-16
1.235999052842066e-15
1.888968810946526e-15
2.879380295731982e-15
4.377645842395042e-15
6.638183655104796e-15
1.003978919721397e-14
1.514489488679827e-14
2.278629928243337e-14
3.419375107496445e-14
5.117816096584203e-14
7.63988820665952e-14
1.137504532840866e-13
1.68920555169462e-13
2.50192580411937e-13
3.695968498699381e-13
5.445568041634319e-13
8.002366672955896e-13
1.172879068173094e-12
1.71453628204643e-12
2.499757128723856e-12
3.635010695224317e-12
5.271926992178599e-12
7.625840930947092e-12
1.100169781664828e-11
1.583011846606475e-11
2.271746159243637e-11
3.251512600832562e-11
4.641515644054905e-11
6.608174424327373e-11
9.383158833253802e-11
1.328804566380626e-10
1.876791638766306e-10
2.643701091376016e-10
3.714055452075371e-10
5.203821817900689e-10
7.271646063067294e-10
1.013392147974912e-09
1.408493544019507e-09
1.952373152036557e-09
2.698978596171742e-09
3.721025043645909e-09
5.116231438506702e-09
7.015521497066857e-09
9.593779104477562e-09
1.308389130372234e-08
1.779505431898087e-08
2.413650257437894e-08
3.264821302195742e-08
4.404046904937786e-08
5.924464119289041e-08
7.947820535036954e-08
1.063275973933742e-07
1.418534338881727e-07
1.887237601749803e-07
2.50381901878427e-07
3.312575245217886e-07
4.370303372525086e-07
5.749592446591123e-07
7.542903972534987e-07
9.867620747172623e-07
1.287226268686936e-06
1.674411123531172e-06
2.171851292587235e-06
2.809019179039751e-06
3.622694976002094e-06
4.658615580410697e-06
5.973455699859187e-06
7.637187991349492e-06
9.735892490425613e-06
1.23750660350197e-05
1.568352854519617e-05
1.981798413908109e-05
2.496832530596294e-05
3.13637574436143e-05
3.927985744667239e-05
4.90466300107073e-05
6.105764623498544e-05
7.578034274047241e-05
9.376752132084221e-05
0.0001156701473519206
0.0001422514033038169
0.0001744020555634052
0.0002131569344783202
0.0002597126294858754
0.0003154459991492331
0.0003819335834123194
0.000460971292341128
0.0005545939784497023
0.0006650948198512197
0.0007950433064252138
0.0009473013342358172
0.001125037204474211
0.001331735402345657
0.001571201952174306
0.001847564475610852
0.002165264682844281
0.002529041841626167
0.00294391019269824
0.00341512099839747
0.003948115278035402
0.004548463970422745
0.005221794359385967
0.005973699036985636
0.006809636019170284
0.007734808139503002
0.008754036389291286
0.00987161323428154
0.01109115313738585
0.01241542957723141
0.01384621020406485
0.01538409665226936
0.01702836528420448
0.01877680979669094
0.02062562294304371
0.02256927452981472
0.02460044249892235
0.02670996822416782
0.02888685092329979
0.03111830353736877
0.0333898514509201
0.03568549454212189
0.03798793256282806
0.0402788370847702
0.04253917559981346
0.04474962130188942
0.0468909852206707
0.04894466698169708
0.05089316144585609
0.05272054299712181
0.05441299080848694
0.05595922097563744
0.05735091492533684
0.0585830844938755
0.05965432152152061
0.0605669841170311
0.0613272450864315
0.06194502487778664
0.06243379786610603
0.0628102570772171
0.06309381872415543
0.06330609321594238
0.06347019225358963
0.06360994279384613
0.06374908983707428
0.06391046196222305
0.06411513686180115
0.06438168883323669
0.06472546607255936
0.06515800952911377
0.06568668037652969
0.06631432473659515
0.06703925877809525
0.0678553581237793
0.06875241547822952
0.06971664726734161
0.07073133438825607
0.07177770882844925
0.07283583283424377
0.07388558238744736
0.07490760833024979
0.07588432729244232
0.07680068910121918
0.07764497399330139
0.07840927690267563
0.07908981293439865
0.07968705147504807
0.0802055224776268
0.08065351098775864
0.08104248344898224
0.08138631284236908
0.08170044422149658
0.0820009633898735
0.08230362087488174
0.0826229602098465
0.08297146111726761
0.08335889130830765
0.08379179984331131
0.08427329361438751
0.08480294048786163
0.08537700772285461
0.08598880469799042
0.08662928640842438
0.08728776127099991
0.08795268088579178
0.08861244469881058
0.08925622701644897
0.08987468481063843
0.09046050161123276
0.09100884944200516
0.09151756018400192
0.09198717772960663
0.09242075681686401
0.09282349050045013
0.09320225566625595
0.09356497973203659
0.09391997009515762
0.09427529573440552
0.09463817626237869
0.09501449018716812
0.09540840238332748
0.09582212567329407
0.09625589102506638
0.09670806676149368
0.09717540442943573
0.09765340387821198
0.09813679754734039
0.09862002730369568
0.09909771382808685
0.09956513345241547
0.1000185310840607
0.1004554182291031
0.1008746773004532
0.1012765988707542
0.1016626879572868
0.1020355075597763
0.1023983508348465
0.1027548834681511
0.1031088083982468
0.1034635379910469
0.1038218811154366
0.1041858568787575
0.1045565381646156
0.1049341037869453
0.1053178235888481
0.1057062223553658
0.1060973107814789
0.1064887866377831
0.1068783104419708
0.1072637066245079
0.1076432168483734
0.1080155745148659
0.1083801463246346
0.1087369099259377
0.1090864166617393
0.1094297096133232
0.1097680926322937
0.110103115439415
0.1104362532496452
0.1107688620686531
0.111102007329464
0.1114363968372345
0.1117723435163498
0.1121097430586815
0.1124481782317162
0.1127869337797165
0.1131251603364944
0.1134619489312172
0.1137964278459549
0.114127904176712
0.1144558563828468
0.1147800385951996
0.1151004359126091
0.1154172942042351
0.1157310083508492
0.1160420998930931
0.1163511723279953
0.1166587844491005
0.1169654205441475
0.1172714382410049
0.1175770312547684
0.1178822666406631
0.1181870400905609
0.118491142988205
0.1187942996621132
0.1190961897373199
0.119396485388279
0.1196949109435081
0.1199912950396538
0.1202855035662651
0.1205775663256645
0.1208675503730774
0.121155634522438
0.1214419901371002
0.1217268332839012
0.1220103800296783
0.1222927868366241
0.1225741878151894
0.1228546425700188
0.123134158551693
0.123412698507309
0.1236901804804802
0.1239665001630783
0.1242415755987167
0.1245152950286865
0.1247875764966011
0.1250583976507187
0.1253277659416199
0.1255956441164017
0.1258621215820312
0.1261272430419922
0.1263910979032516
0.1266537755727768
0.1269153654575348
0.127175897359848
0.1274353712797165
0.1276938319206238
0.1279512345790863
0.1282075941562653
0.1284628659486771
0.1287170052528381
0.1289700269699097
0.1292218565940857
0.1294725388288498
0.129722073674202
0.1299704611301422
0.1302177309989929
0.1304639130830765
0.1307090073823929
0.1309530586004257
0.1311961263418198
0.131438210606575
0.1316793113946915
0.1319194436073303
0.1321585923433304
0.1323967576026917
0.1326339393854141
0.1328701376914978
0.1331053227186203
0.1333395093679428
0.1335727125406265
0.1338049322366714
0.1340361982584
0.1342665106058121
0.134495884180069
0.1347243338823318
0.1349518895149231
0.1351785212755203
0.1354042738676071
0.1356291174888611
0.1358530670404434
0.1360761225223541
0.1362983137369156
0.136519581079483
0.1367399990558624
0.1369595378637314
0.1371781975030899
0.1373959928750992
0.1376129239797592
0.1378289610147476
0.1380441337823868
0.1382584273815155
0.138471856713295
0.138684406876564
0.1388960778713226
0.1391068398952484
0.1393166780471802
0.1395255625247955
0.1397334784269333
0.1399403661489487
0.1401461660861969
0.1403508484363556
0.1405543386936188
0.1407565325498581
0.1409573405981064
0.1411565840244293
0.141354113817215
0.1415497362613678
0.1417432129383087
0.141934260725975
0.1421225368976593
0.1423076540231705
0.1424891501665115
0.1426664739847183
0.1428390294313431
0.1430060416460037
0.1431666910648346
0.1433199942111969
0.1434648633003235
0.1436000168323517
0.1437240242958069
0.1438352763652802
0.1439319103956223
0.1440119445323944
0.1440731436014175
0.1441130042076111
0.1441287845373154
0.1441174745559692
0.1440759003162384
0.1440005153417587
0.1438876092433929
0.1437332481145859
0.1435332745313644
0.1432833075523376
0.1429788768291473
0.1426153481006622
0.1421881169080734
0.1416925340890884
0.1411240994930267
0.1404784321784973
0.1397514641284943
0.1389394849538803
0.13803930580616
0.1370482295751572
0.1359643340110779
0.1347864866256714
0.1335145086050034
0.1321492195129395
0.1306926310062408
0.1291479021310806
0.1275194883346558
0.1258131414651871
0.1240359544754028
0.1221962869167328
0.1203037425875664
0.1183690875768661
0.1164040938019753
0.1144213452935219
0.1124340668320656
0.1104558706283569
0.1085004359483719
0.1065812036395073
0.1047110557556152
0.1029019057750702
0.1011643782258034
0.09950744360685349
0.09793805330991745
0.09646087884902954
0.0950779914855957
0.09378863126039505
0.0925891101360321
0.09147268533706665
0.09042959660291672
0.08944723755121231
0.08851025253534317
0.08760099112987518
0.08669977635145187
0.08578550070524216
0.08483614772558212
0.08382945507764816
0.08274359256029129
0.08155788481235504
0.0802534818649292
0.0788140743970871
0.07722648978233337
0.07548123598098755
0.07357295602560043
0.07150071114301682
0.06926818937063217
0.06688367575407028
0.06435994058847427
0.06171389296650887
0.05896618589758873
0.05614056065678596
0.05326315760612488
0.05036173760890961
0.04746479541063309
0.04460067674517632
0.04179672524333
0.03907844796776772
0.03646876290440559
0.0339873768389225
0.03165028616786003
0.02946941554546356
0.02745247073471546
0.02560290135443211
0.02392007783055305
0.02239957079291344
0.02103359252214432
0.01981151849031448
0.0187204834073782
0.01774601824581623
0.01687267422676086
0.01608463749289513
0.01536626275628805
0.01470252964645624
0.01407940406352282
0.01348407007753849
0.01290507148951292
0.01233233697712421
0.01175711397081614
0.0111718475818634
0.01057000271975994
0.009945869445800781
0.009294388815760612
0.008610999211668968
0.00789154414087534
0.007132254540920258
0.006329784635454416
0.005481346044689417
0.004584879148751497
0.003639283357188106
0.002644664375111461
0.001602574135176837
0.0005162142333574593
-0.0006094226846471429
-0.001767503330484033
-0.002949412679299712
-0.004144934937357903
-0.005342551972717047
-0.006529864855110645
-0.007694109808653593
-0.008822743780910969
-0.009904068894684315
-0.01092785410583019
-0.01188591867685318
-0.01277261879295111
-0.0135852275416255
-0.01432415284216404
-0.01499298494309187
-0.01559836883097887
-0.01614968106150627
-0.01665856130421162
-0.0171382874250412
-0.0176030658185482
-0.0180672537535429
-0.01854456774890423
-0.01904734596610069
-0.01958588883280754
-0.02016793191432953
-0.02079826220870018
-0.02147854864597321
-0.02220733277499676
-0.02298022247850895
-0.02379025891423225
-0.02462842501699924
-0.02548425272107124
-0.02634650841355324
-0.0272038858383894
-0.02804568409919739
-0.02886241674423218
-0.02964631468057632
-0.03039170429110527
-0.03109521977603436
-0.03175588697195053
-0.0323750413954258
-0.03295610472559929
-0.03350426629185677
-0.03402605280280113
-0.03452885523438454
-0.03502042591571808
-0.03550838679075241
-0.03599978983402252
-0.0365007258951664
-0.03701602667570114
-0.03754907846450806
-0.03810171037912369
-0.03867419809103012
-0.03926537185907364
-0.03987277299165726
-0.04049293696880341
-0.04112163186073303
-0.04175420850515366
-0.04238588735461235
-0.04301207140088081
-0.04362862184643745
-0.04423206672072411
-0.04481977969408035
-0.04539007321000099
-0.04594226181507111
-0.04647663235664368
-0.04699435457587242
-0.04749738425016403
-0.04798827320337296
-0.04846998304128647
-0.04894567653536797
-0.04941850155591965
-0.0498913936316967
-0.05036689341068268
-0.05084703117609024
-0.05133320018649101
-0.05182608962059021
-0.05232568830251694
-0.05283132195472717
-0.05334175005555153
-0.05385525524616241
-0.05436982214450836
-0.05488328263163567
-0.05539346486330032
-0.05589838325977325
-0.05639636144042015
-0.05688614398241043
-0.05736695230007172
-0.0578385554254055
-0.05830123648047447
-0.05875573307275772
-0.05920318141579628
-0.05964500084519386
-0.06008274853229523
-0.06051802635192871
-0.060952328145504
-0.06138693168759346
-0.06182282418012619
-0.06226062029600143
-0.062700554728508
-0.06314247846603394
-0.06358591467142105
-0.06403010338544846
-0.06447409838438034
-0.06491683423519135
-0.06535725295543671
-0.06579437851905823
-0.06622742116451263
-0.06665581464767456
-0.06707922369241714
-0.0674976259469986
-0.06791121512651443
-0.06832043081521988
-0.06872587651014328
-0.06912824511528015
-0.06952829658985138
-0.06992672383785248
-0.0703241378068924
-0.07072103768587112
-0.07111772894859314
-0.07151436060667038
-0.07191087305545807
-0.07230710238218307
-0.07270272076129913
-0.07309731841087341
-0.0734904557466507
-0.07388167828321457
-0.0742705911397934
-0.0746568962931633
-0.07504037022590637
-0.07542091608047485
-0.07579857110977173
-0.07617343962192535
-0.07654573768377304
-0.07691573351621628
-0.07728373259305954
-0.07765002548694611
-0.07801488786935806
-0.07837855070829391
-0.07874117791652679
-0.07910285890102386
-0.07946357876062393
-0.07982328534126282
-0.08018184453248978
-0.08053912222385406
-0.08089490979909897
-0.08124902844429016
-0.08160129934549332
-0.0819515734910965
-0.08229970932006836
-0.08264562487602234
-0.08298928290605545
-0.08333063870668411
-0.08366970717906952
-0.08400648832321167
-0.08434098213911057
-0.08467316627502441
-0.08500296622514725
-0.08533027768135071
-0.08565491437911987
-0.08597663044929504
-0.08629509061574936
-0.08660987019538879
-0.08692046999931335
-0.08722631633281708
-0.08752673119306564
-0.08782096207141876
-0.08810816705226898
-0.08838741481304169
-0.08865763992071152
-0.08891769498586655
-0.08916629105806351
-0.0894019827246666
-0.08962320536375046
-0.08982819318771362
-0.09001500904560089
-0.09018149226903915
-0.09032528102397919
-0.09044381231069565
-0.09053430706262589
-0.09059373289346695
-0.09061887860298157
-0.09060633182525635
-0.09055250138044357
-0.09045364707708359
-0.09030589461326599
-0.0901053249835968
-0.08984796702861786
-0.0895298570394516
-0.08914715051651001
-0.08869609236717224
-0.08817320317029953
-0.0875752791762352
-0.0868995189666748
-0.08614356070756912
-0.08530566096305847
-0.0843847319483757
-0.08338046073913574
-0.08229338377714157
-0.08112501353025436
-0.07987787574529648
-0.07855561375617981
-0.07716301828622818
-0.07570606470108032
-0.07419195026159286
-0.07262905687093735
-0.07102691382169724
-0.06939614564180374
-0.06774832308292389
-0.06609587371349335
-0.06445185840129852
-0.06282981485128403
-0.06124349310994148
-0.05970661342144012
-0.05823256820440292
-0.0568341389298439
-0.05552319064736366
-0.05431035161018372
-0.05320474877953529
-0.05221371725201607
-0.05134255066514015
-0.05059431120753288
-0.04996965453028679
-0.04946675524115562
-0.04908123984932899
-0.04880625754594803
-0.04863256216049194
-0.04854870960116386
-0.04854131862521172
-0.04859538748860359
-0.04869470745325089
-0.04882228747010231
-0.0489608496427536
-0.0490933284163475
-0.04920340701937675
-0.04927602037787437
-0.04929782077670097
-0.04925763234496117
-0.04914680495858192
-0.04895950108766556
-0.04869287833571434
-0.04834716767072678
-0.04792565852403641
-0.04743453860282898
-0.04688263684511185
-0.04628103598952293
-0.04564263671636581
-0.04498161375522614
-0.04431281983852386
-0.04365117847919464
-0.04301103577017784
-0.04240558668971062
-0.04184629395604134
-0.04134244471788406
-0.04090077430009842
-0.04052519798278809
-0.04021670296788216
-0.03997336700558662
-0.03979049623012543
-0.03966091573238373
-0.03957538306713104
-0.03952306881546974
-0.03949214518070221
-0.03947038203477859
-0.03944578021764755
-0.03940716758370399
-0.03934475034475327
-0.03925056755542755
-0.03911885246634483
-0.03894627466797829
-0.03873200342059135
-0.03847768530249596
-0.03818725049495697
-0.03786661848425865
-0.03752325475215912
-0.03716571256518364
-0.03680307418107986
-0.03644440323114395
-0.03609820827841759
-0.03577195480465889
-0.03547167405486107
-0.03520161285996437
-0.03496410697698593
-0.03475947678089142
-0.03458612039685249
-0.03444069623947144
-0.03431842103600502
-0.03421341255307198
-0.03411916643381119
-0.03402898833155632
-0.03393644839525223
-0.03383578732609749
-0.03372228145599365
-0.03359248861670494
-0.03344441577792168
-0.03327758237719536
-0.03309296816587448
-0.032892856746912
-0.03268059343099594
-0.03246030211448669
-0.03223653137683868
-0.03201388940215111
-0.03179672360420227
-0.03158879652619362
-0.03139305487275124
-0.03121144138276577
-0.03104482777416706
-0.0308929942548275
-0.03075472638010979
-0.03062796778976917
-0.03051003068685532
-0.03039784543216228
-0.03028822131454945
-0.03017810918390751
-0.03006483241915703
-0.02994627505540848
-0.02982100658118725
-0.02968835644423962
-0.02954841405153275
-0.02940195798873901
-0.02925035543739796
-0.02909539453685284
-0.02893910743296146
-0.02878357097506523
-0.02863074466586113
-0.02848228625953197
-0.02833945117890835
-0.02820299565792084
-0.02807316370308399
-0.02794968336820602
-0.02783184871077538
-0.02771860547363758
-0.02760866656899452
-0.02750065736472607
-0.02739323303103447
-0.02728520333766937
-0.02717562578618526
-0.02706387080252171
-0.02694965340197086
-0.02683303318917751
-0.0267143752425909
-0.02659428678452969
-0.02647354640066624
-0.02635300904512405
-0.02623351849615574
-0.02611582726240158
-0.02600053697824478
-0.02588803507387638
-0.02577849105000496
-0.02567184716463089
-0.02556785196065903
-0.02546609379351139
-0.02536606229841709
-0.02526719868183136
-0.02516896463930607
-0.02507088519632816
-0.02497259527444839
-0.02487386576831341
-0.02477460727095604
-0.02467487566173077
-0.02457483857870102
-0.02447476238012314
-0.02437496185302734
-0.0242757685482502
-0.02417748607695103
-0.02408037520945072
-0.02398461289703846
-0.02389028668403625
-0.02379739284515381
-0.02370584756135941
-0.02361550740897655
-0.02352617308497429
-0.02343763411045074
-0.02334968000650406
-0.02326213195919991
-0.02317485213279724
-0.0230877548456192
-0.0230008140206337
-0.02291405387222767
-0.02282754331827164
-0.02274137921631336
-0.02265568263828754
-0.02257057093083858
-0.02248614840209484
-0.02240249142050743
-0.02231964655220509
-0.02223761938512325
-0.02215639315545559
-0.02207592129707336
-0.02199613302946091
-0.02191695012152195
-0.02183829806745052
-0.02176010422408581
-0.02168231084942818
-0.0216048825532198
-0.02152780629694462
-0.02145108208060265
-0.02137473598122597
-0.02129880338907242
-0.02122331783175468
-0.02114831656217575
-0.0210738368332386
-0.02099990099668503
-0.02092651650309563
-0.0208536870777607
-0.02078139781951904
-0.02070962823927402
-0.02063835225999355
-0.02056754007935524
-0.0204971618950367
-0.02042719535529613
-0.02035762183368206
-0.02028842642903328
-0.02021960541605949
-0.020151162520051
-0.0200831014662981
-0.02001543715596199
-0.01994817890226841
-0.01988133601844311
-0.01981491595506668
-0.01974892616271973
-0.0196833610534668
-0.01961821503937244
-0.01955348253250122
-0.01948915049433708
-0.01942520774900913
-0.01936164312064648
-0.01929844357073307
-0.01923560164868832
-0.01917311176657677
-0.01911096833646297
-0.01904917322099209
-0.01898772642016411
-0.01892662979662418
-0.01886588148772717
-0.01880548894405365
-0.01874544657766819
-0.01868575811386108
-0.01862641982734203
-0.01856743171811104
-0.01850878447294235
-0.01845047250390053
-0.01839249022305012
-0.01833483576774597
-0.0182774979621172
-0.01822047680616379
-0.0181637667119503
-0.01810736767947674
-0.01805127784609795
-0.01799549721181393
-0.01794002018868923
-0.01788485050201416
-0.01782998815178871
-0.01777542941272259
-0.01772117428481579
-0.01766721904277802
-0.01761356182396412
-0.0175601989030838
-0.01750712282955647
-0.01745432801544666
-0.01740181818604469
-0.01734958775341511
-0.01729763858020306
-0.01724596321582794
-0.01719455979764462
-0.01714342832565308
-0.01709256507456303
-0.01704197190701962
-0.01699164323508739
-0.01694158092141151
-0.01689178310334682
-0.01684224605560303
-0.01679296791553497
-0.01674394682049751
-0.01669517904520035
-0.01664666272699833
-0.01659839600324631
-0.01655037514865398
-0.01650260016322136
-0.01645507104694843
-0.01640778593719006
-0.01636073924601078
-0.0163139346987009
-0.01626736856997013
-0.01622103527188301
-0.01617493666708469
-0.01612907089293003
-0.01608343422412872
-0.01603803038597107
-0.01599285379052162
-0.01594790257513523
-0.0159031767398119
-0.01585867255926132
-0.01581438444554806
-0.0157703161239624
-0.01572646014392376
-0.01568282209336758
-0.01563939824700356
-0.01559618767350912
-0.01555318851023912
-0.01551039703190327
-0.01546781230717897
-0.0154254324734211
-0.01538325846195221
-0.01534128934144974
-0.01529952138662338
-0.01525795552879572
-0.01521658804267645
-0.01517541892826557
-0.01513444632291794
-0.0150936683639884
-0.01505308505147696
-0.01501269452273846
-0.01497249491512775
-0.01493248529732227
-0.01489266380667686
-0.01485303044319153
-0.01481358334422112
-0.01477432157844305
-0.01473524328321218
-0.01469634659588337
-0.01465763058513403
-0.01461909245699644
-0.0145807322114706
-0.01454254705458879
-0.01450453698635101
-0.01446670200675726
-0.01442904025316238
-0.01439154893159866
-0.01435422897338867
-0.01431708037853241
-0.01428010128438473
-0.01424328982830048
-0.01420664601027966
-0.01417016796767712
-0.01413385290652514
-0.01409770268946886
-0.01406171452254057
-0.01402588654309511
-0.01399022061377764
-0.013954714871943
-0.01391936745494604
-0.01388417650014162
-0.01384914014488459
-0.01381425932049751
-0.0137795340269804
-0.01374496426433325
-0.01371054537594318
-0.01367627922445536
-0.01364216208457947
-0.01360819395631552
-0.01357437297701836
-0.01354069914668798
-0.01350716967135668
-0.01347378455102444
-0.01344054378569126
-0.013407445512712
-0.01337448880076408
-0.01334167364984751
-0.0133089991286397
-0.01327646430581808
-0.01324406731873751
-0.01321180909872055
-0.01317968871444464
-0.01314770430326462
-0.01311585679650307
-0.01308414619415998
-0.0130525678396225
-0.01302112359553576
-0.01298981253057718
-0.01295863278210163
-0.01292758248746395
-0.01289666350930929
-0.01286587305366993
-0.01283521112054586
-0.01280467677861452
-0.0127742700278759
-0.01274398621171713
-0.01271382626146078
-0.01268379203975201
-0.01265388168394566
-0.01262409519404173
-0.01259443257004023
-0.01256489101797342
-0.01253547053784132
-0.01250616926699877
-0.01247698906809092
-0.01244792714715004
-0.01241898443549871
-0.01239015813916922
-0.01236144732683897
-0.01233285199850798
-0.01230437215417624
-0.01227600779384375
-0.01224775426089764
-0.0122196152806282
-0.01219158805906773
-0.01216367352753878
-0.01213586982339621
-0.01210817601531744
-0.0120805911719799
-0.0120531190186739
-0.0120257530361414
-0.01199849601835012
-0.01197134796530008
-0.01194430515170097
-0.01191736944019794
-0.01189053989946842
-0.01186381373554468
-0.01183719281107187
-0.01181067433208227
-0.01178426016122103
-0.01175794750452042
-0.01173173729330301
-0.01170562952756882
-0.01167962234467268
-0.01165371388196945
-0.01162790786474943
-0.01160220056772232
-0.01157659105956554
-0.01155107840895653
-0.01152566354721785
-0.01150034554302692
-0.01147512253373861
-0.01144999545067549
-0.01142496336251497
-0.01140002720057964
-0.01137518603354692
-0.01135043799877167
-0.01132578495889902
-0.01130122598260641
-0.01127676013857126
-0.011252386495471
-0.01122810412198305
-0.01120391301810741
-0.01117981038987637
-0.01115579716861248
-0.01113187335431576
-0.01110803708434105
-0.01108428835868835
-0.01106063090264797
-0.0110370609909296
-0.01101357862353325
-0.01099018380045891
-0.01096687559038401
-0.01094365306198597
-0.0109205162152648
-0.01089746318757534
-0.0108744939789176
-0.01085160672664642
-0.01082880236208439
-0.01080607995390892
-0.01078343950212002
-0.01076088007539511
-0.01073840167373419
-0.01071600336581469
-0.01069368608295918
-0.01067145075649023
-0.01064929645508528
-0.01062722317874432
-0.01060522999614477
-0.01058331504464149
-0.01056147739291191
-0.01053971797227859
-0.01051803678274155
-0.01049643103033304
-0.01047490164637566
-0.01045344769954681
-0.01043206825852394
-0.01041076518595219
-0.01038953848183155
-0.01036838442087173
-0.01034730579704046
-0.01032630261033773
-0.01030537392944098
-0.01028451882302761
-0.01026373635977507
-0.01024302747100592
-0.01022239122539759
-0.0102018266916275
-0.01018133293837309
-0.01016091089695692
-0.01014055963605642
-0.01012027729302645
-0.01010006386786699
-0.01007992029190063
-0.01005984656512737
-0.01003984268754721
-0.01001990679651499
-0.01000003982335329
-0.009980241768062115
-0.00996051263064146
-0.009940850548446178
-0.009921256452798843
-0.009901728481054306
-0.009882266633212566
-0.009862870909273624
-0.009843539446592331
-0.009824272245168686
-0.009805068373680115
-0.009785930626094341
-0.009766854345798492
-0.009747839532792568
-0.009728888049721718
-0.009709998965263367
-0.009691172279417515
-0.009672409854829311
-0.009653709828853607
-0.009635071270167828
-0.009616495110094547
-0.009597980417311192
-0.009579528123140335
-0.009561137296259403
-0.009542807936668396
-0.009524540044367313
-0.009506332688033581
-0.009488186798989773
-0.009470101445913315
-0.009452075697481632
-0.009434109553694725
-0.009416202083230019
-0.009398353286087513
-0.009380563162267208
-0.009362833574414253
-0.009345159865915775
-0.009327543899416924
-0.009309984743595123
-0.009292482398450375
-0.009275035932660103
-0.009257644414901733
-0.009240308776497841
-0.009223028086125851
-0.009205803275108337
-0.009188632480800152
-0.009171516634523869
-0.009154454804956913
-0.00913744792342186
-0.009120496921241283
-0.009103598073124886
-0.009086752310395241
-0.009069958701729774
-0.009053219109773636
-0.009036531671881676
-0.009019896388053894
-0.009003314189612865
-0.008986783213913441
-0.008970304392278194
-0.008953878656029701
-0.008937506936490536
-0.008921187371015549
-0.00890491995960474
-0.00888870470225811
-0.008872541598975658
-0.008856427855789661
-0.008840363472700119
-0.008824348449707031
-0.008808381855487823
-0.008792465552687645
-0.008776598609983921
-0.008760780096054077
-0.008745010942220688
-0.008729290217161179
-0.008713617920875549
-0.0086979940533638
-0.008682417683303356
-0.008666890673339367
-0.008651412092149258
-0.008635980077087879
-0.008620594628155231
-0.00860525481402874
-0.008589962497353554
-0.008574716746807098
-0.008559515699744225
-0.008544362150132656
-0.008529255166649818
-0.008514195680618286
-0.008499179966747761
-0.008484208956360817
-0.008469283580780029
-0.008454402908682823
-0.008439567871391773
-0.008424777537584305
-0.008410030975937843
-0.008395329117774963
-0.008380670100450516
-0.0083660539239645
-0.008351482450962067
-0.00833695475012064
-0.00832247082144022
-0.008308027870953083
-0.008293628692626953
-0.008279271423816681
-0.008264957927167416
-0.008250687271356583
-0.008236459456384182
-0.008222273550927639
-0.008208129554986954
-0.008194028399884701
-0.008179969154298306
-0.008165950886905193
-0.008151974529027939
-0.008138037286698818
-0.008124140091240406
-0.008110282942652702
-0.008096466772258282
-0.00808269064873457
-0.008068951778113842
-0.008055253885686398
-0.008041594177484512
-0.008027974516153336
-0.008014393039047718
-0.008000851608812809
-0.007987349294126034
-0.007973887957632542
-0.007960465736687183
-0.007947082631289959
-0.007933737710118294
-0.007920431904494762
-0.00790716428309679
-0.007893933914601803
-0.007880741730332375
-0.007867586798965931
-0.007854469120502472
-0.007841387763619423
-0.007828343659639359
-0.007815336808562279
-0.007802365813404322
-0.007789432071149349
-0.007776536047458649
-0.007763675879687071
-0.007750852964818478
-0.007738066371530294
-0.007725316099822521
-0.007712602615356445
-0.007699924521148205
-0.007687280885875225
-0.007674673106521368
-0.007662100251764059
-0.007649563252925873
-0.007637060713022947
-0.007624594494700432
-0.007612163666635752
-0.00759976776316762
-0.007587405852973461
-0.007575078401714563
-0.007562784943729639
-0.007550524547696114
-0.007538297679275274
-0.007526103407144547
-0.00751394173130393
-0.007501812651753426
-0.007489716168493032
-0.007477652747184038
-0.00746562285348773
-0.007453625090420246
-0.007441660389304161
-0.007429729681462049
-0.007417833432555199
-0.007405971176922321
-0.007394141983240843
-0.007382345851510763
-0.00737058324739337
-0.007358853705227375
-0.007347156293690205
-0.007335490547120571
-0.007323855068534613
-0.007312250789254904
-0.00730067677795887
-0.007289133500307798
-0.007277620024979115
-0.007266136817634106
-0.007254683412611485
-0.007243260741233826
-0.007231869269162416
-0.007220507599413395
-0.007209176197648048
-0.007197875063866377
-0.00718660419806838
-0.007175363600254059
-0.007164152804762125
-0.007152971345931292
-0.007141819223761559
-0.007130696438252926
-0.007119603920727968
-0.007108541205525398
-0.007097507361322641
-0.007086502388119698
-0.007075526285916567
-0.007064579520374537
-0.007053662557154894
-0.007042774464935064
-0.007031915709376335
-0.007021085359156132
-0.007010283414274454
-0.00699951034039259
-0.006988766137510538
-0.006978050339967012
-0.006967362016439438
-0.006956702098250389
-0.006946069654077291
-0.006935464218258858
-0.006924887653440237
-0.00691433809697628
-0.006903816014528275
-0.006893320940434933
-0.006882852409034967
-0.006872410885989666
-0.006861995439976454
-0.006851606070995331
-0.006841242779046297
-0.006830905098468065
-0.006820593494921923
-0.006810308434069157
-0.006800048984587193
-0.00678981514647603
-0.006779607385396957
-0.006769425701349974
-0.006759269628673792
-0.006749139633029699
-0.006739036180078983
-0.006728958338499069
-0.006718907970935106
-0.006708884611725807
-0.006698887795209885
-0.006688917987048626
-0.006678973790258169
-0.006669054739177227
-0.006659160368144512
-0.006649291142821312
-0.006639446131885052
-0.006629624404013157
-0.006619826424866915
-0.006610052194446325
-0.006600301247090101
-0.00659057404845953
-0.006580871064215899
-0.00657119182869792
-0.006561537738889456
-0.006551909260451794
-0.006542305462062359
-0.006532727275043726
-0.006523172836750746
-0.006513642612844706
-0.006504137068986893
-0.006494654808193445
-0.006485194899141788
-0.006475757341831923
-0.006466342601925135
-0.006456950213760138
-0.006447580177336931
-0.006438232492655516
-0.006428907159715891
-0.006419605109840631
-0.00641032587736845
-0.006401070393621922
-0.006391838658601046
-0.006382629740983248
-0.006373444572091103
-0.006364281754940748
-0.006355141289532185
-0.006346023175865412
-0.006336926482617855
-0.006327852606773376
-0.006318800151348114
-0.006309769116342068
-0.006300760433077812
-0.006291772238910198
-0.006282805930823088
-0.006273861043155193
-0.006264937110245228
-0.006256035063415766
-0.006247153971344233
-0.006238293368369341
-0.006229453720152378
-0.006220635026693344
-0.006211837287992239
-0.006203060504049063
-0.006194305140525103
-0.006185570731759071
-0.006176858209073544
-0.006168167572468519
-0.006159498356282711
-0.006150850560516119
-0.006142223253846169
-0.006133616901934147
-0.006125030573457479
-0.006116465665400028
-0.006107921712100506
-0.006099397782236338
-0.006090892944484949
-0.006082408595830202
-0.00607394240796566
-0.006065496243536472
-0.00605706823989749
-0.006048660259693861
-0.006040271371603012
-0.00603190204128623
-0.006023551803082228
-0.006015221122652292
-0.006006910931318998
-0.005998621229082346
-0.005990351550281048
-0.005982102360576391
-0.005973872262984514
-0.005965662188827991
-0.005957472138106823
-0.005949301179498434
-0.005941149778664112
-0.005933015607297421
-0.005924900062382221
-0.00591680221259594
-0.005908722523599863
-0.005900660995393991
-0.005892618093639612
-0.005884592887014151
-0.005876586306840181
-0.005868597887456417
-0.005860628094524145
-0.005852676462382078
-0.005844743922352791
-0.005836830008774996
-0.005828935652971268
-0.005821059457957745
-0.005813200958073139
-0.005805361550301313
-0.005797539371997118
-0.00578973488882184
-0.005781947635114193
-0.005774177145212889
-0.005766424350440502
-0.005758689250797033
-0.00575097044929862
-0.005743269342929125
-0.00573558546602726
-0.005727918818593025
-0.005720268934965134
-0.005712636280804873
-0.005705021321773529
-0.005697424057871103
-0.005689844489097595
-0.005682283081114292
-0.005674738902598619
-0.005667212419211864
-0.005659702699631453
-0.005652209278196096
-0.005644732620567083
-0.005637272261083126
-0.005629828199744225
-0.005622400436550379
-0.005614988505840302
-0.005607592407613993
-0.00560021260753274
-0.005592849105596542
-0.005585502367466688
-0.00557817192748189
-0.005570857785642147
-0.005563560873270035
-0.005556279793381691
-0.005549015011638403
-0.005541766062378883
-0.00553453341126442
-0.005527317058295012
-0.005520116537809372
-0.005512931849807501
-0.005505762528628111
-0.005498608574271202
-0.005491469986736774
-0.005484346766024828
-0.00547723937779665
-0.005470148287713528
-0.005463073030114174
-0.005456013139337301
-0.005448968149721622
-0.005441938061267138
-0.005434923339635134
-0.005427923519164324
-0.005420939065515995
-0.005413970444351435
-0.005407015793025494
-0.005400076974183321
-0.005393152590841055
-0.005386243108659983
-0.005379348061978817
-0.00537246884778142
-0.005365603603422642
-0.005358753725886345
-0.005351918749511242
-0.005345098208636045
-0.005338292568922043
-0.005331501830369234
-0.005324725992977619
-0.005317964125424623
-0.005311216693371534
-0.005304484162479639
-0.00529776606708765
-0.005291063338518143
-0.005284374579787254
-0.00527770072221756
-0.005271041300147772
-0.005264395847916603
-0.005257764831185341
-0.005251148249953985
-0.005244545638561249
-0.005237956065684557
-0.005231379996985197
-0.005224818829447031
-0.00521827070042491
-0.005211735609918833
-0.005205214489251375
-0.00519870687276125
-0.005192213226109743
-0.005185732152312994
-0.005179264582693577
-0.005172810517251492
-0.005166369490325451
-0.005159942433238029
-0.005153529345989227
-0.005147128365933895
-0.00514073995873332
-0.005134364124387503
-0.005128001794219017
-0.005121652502566576
-0.00511531624943018
-0.005108993966132402
-0.005102686583995819
-0.005096393171697855
-0.005090114194899797
-0.005083849653601646
-0.005077598616480827
-0.00507136108353734
-0.005065137054771185
-0.005058926064521074
-0.005052728112787008
-0.005046541802585125
-0.005040367133915424
-0.005034204572439194
-0.005028053652495146
-0.005021914839744568
-0.00501578813418746
-0.005009673535823822
-0.005003571510314941
-0.004997481591999531
-0.004991404246538877
-0.004985339939594269
-0.004979288205504417
-0.004973249509930611
-0.004967222455888987
-0.004961207509040833
-0.004955205600708723
-0.004949215799570084
-0.004943238571286201
-0.004937273450195789
-0.004931320901960135
-0.00492538046091795
-0.004919452127069235
-0.004913535434752703
-0.004907630383968353
-0.004901736974716187
-0.004895854741334915
-0.004889984615147114
-0.004884125664830208
-0.004878278821706772
-0.004872443620115519
-0.004866620060056448
-0.00486080814152956
-0.004855008330196142
-0.004849221091717482
-0.004843445029109716
-0.004837681539356709
-0.004831930622458458
-0.004826190881431103
-0.004820463247597218
-0.004814747255295515
-0.004809041973203421
-0.004803347866982222
-0.004797664470970631
-0.00479199131950736
-0.004786328412592411
-0.00478067621588707
-0.004775034263730049
-0.004769403487443924
-0.00476378295570612
-0.004758173599839211
-0.004752575885504484
-0.004746990278363228
-0.004741416312754154
-0.004735853988677263
-0.00473030423745513
-0.004724766593426466
-0.00471923965960741
-0.004713724367320538
-0.00470822025090456
-0.004702726844698191
-0.004697244614362717
-0.004691772162914276
-0.004686309490352869
-0.004680857062339783
-0.00467541441321373
-0.004669982008635998
-0.004664559382945299
-0.004659146536141634
-0.00465374393388629
-0.004648351576179266
-0.004642970394343138
-0.00463759945705533
-0.004632239229977131
-0.004626890178769827
-0.004621552303433418
-0.00461622467264533
-0.004610907752066851
-0.004605601541697979
-0.004600305575877428
-0.004595019854605198
-0.004589744377881289
-0.004584478680044413
-0.004579222295433283
-0.004573975689709187
-0.004568739328533411
-0.004563511814922094
-0.004558294545859098
-0.004553086590021849
-0.004547887947410345
-0.004542699083685875
-0.004537520464509726
-0.00453235162422061
-0.004527193028479815
-0.004522045142948627
-0.004516907501965761
-0.00451178103685379
-0.004506665281951427
-0.004501559771597385
-0.004496464505791664
-0.004491379484534264
-0.004486305173486471
-0.004481241106987
-0.004476186819374561
-0.004471141844987869
-0.004466106183826923
-0.004461079370230436
-0.004456060938537121
-0.004451051820069551
-0.004446051549166441
-0.004441060125827789
-0.004436076618731022
-0.004431102424860001
-0.004426137544214725
-0.004421181045472622
-0.004416233394294977
-0.004411294590681791
-0.004406364634633064
-0.004401443526148796
-0.004396531730890274
-0.004391629248857498
-0.004386735614389181
-0.004381852224469185
-0.004376978147774935
-0.004372113849967718
-0.00436725839972496
-0.004362411331385374
-0.004357573110610247
-0.004352743737399578
-0.004347923211753368
-0.004343111533671618
-0.004338308703154325
-0.004333514720201492
-0.004328730050474405
-0.004323954228311777
-0.004319188185036182
-0.004314431454986334
-0.004309683572500944
-0.004304945003241301
-0.004300215281546116
-0.00429549440741539
-0.004290783312171698
-0.004286080598831177
-0.004281388130038977
-0.004276704043149948
-0.004272028338164091
-0.004267361480742693
-0.004262703470885754
-0.004258053377270699
-0.004253411199897528
-0.004248777404427528
-0.004244151990860701
-0.004239534959197044
-0.00423492630943656
-0.004230324178934097
-0.004225730895996094
-0.004221145529299974
-0.004216568078845739
-0.004211999475955963
-0.004207438323646784
-0.004202884621918201
-0.004198339767754078
-0.004193803295493126
-0.004189274739474058
-0.004184754565358162
-0.00418024230748415
-0.004175737965852022
-0.004171241540461779
-0.004166753031313419
-0.004162272904068232
-0.004157799296081066
-0.004153334069997072
-0.00414887722581625
-0.004144428763538599
-0.004139988217502832
-0.004135556519031525
-0.004131133202463388
-0.004126719664782286
-0.004122314974665642
-0.004117919132113457
-0.004113530740141869
-0.004109149798750877
-0.00410477677360177
-0.00410041119903326
-0.004096054006367922
-0.004091703332960606
-0.004087360110133886
-0.004083024803549051
-0.004078696481883526
-0.004074376076459885
-0.004070062655955553
-0.004065756686031818
-0.004061457235366106
-0.004057166166603565
-0.004052882082760334
-0.0040486054494977
-0.00404433673247695
-0.004040076397359371
-0.00403582351282239
-0.004031578078866005
-0.004027340095490217
-0.004023109562695026
-0.004018886480480433
-0.004014670848846436
-0.00401046359911561
-0.004006263334304094
-0.004002070520073175
-0.003997884690761566
-0.003993705846369267
-0.003989533521234989
-0.003985368181020021
-0.003981209360063076
-0.003977057058364153
-0.003972911741584539
-0.003968773875385523
-0.003964643459767103
-0.003960520029067993
-0.003956403583288193
-0.003952295053750277
-0.003948193974792957
-0.003944100346416235
-0.003940013702958822
-0.003935934510082006
-0.003931863233447075
-0.003927798941731453
-0.003923741634935141
-0.003919691313058138
-0.003915648441761732
-0.003911612089723349
-0.003907582256942987
-0.003903559409081936
-0.00389954331330955
-0.003895534435287118
-0.003891532076522708
-0.003887536702677608
-0.003883548080921173
-0.003879566444084048
-0.00387559225782752
-0.003871624823659658
-0.003867663908749819
-0.003863709978759289
-0.003859762800857425
-0.003855822375044227
-0.003851888002827764
-0.003847960149869323
-0.003844038816168904
-0.003840123768895864
-0.003836215240880847
-0.003832313464954495
-0.003828417975455523
-0.003824529238045216
-0.003820647485554218
-0.0038167720194906
-0.003812903538346291
-0.003809041576460004
-0.003805186133831739
-0.003801337210461497
-0.003797494573518634
-0.003793658223003149
-0.003789828391745687
-0.003786004846915603
-0.003782187355682254
-0.00377837591804564
-0.003774571232497692
-0.003770772833377123
-0.00376698118634522
-0.003763196058571339
-0.003759417682886124
-0.003755645593628287
-0.003751880489289761
-0.003748121671378613
-0.00374436960555613
-0.003740624524652958
-0.003736886195838451
-0.003733154619112611
-0.003729429328814149
-0.003725709859281778
-0.003721996676176786
-0.003718289081007242
-0.003714587306603789
-0.003710891120135784
-0.003707200288772583
-0.003703514812514186
-0.003699835389852524
-0.003696162020787597
-0.003692494705319405
-0.003688833210617304
-0.003685178002342582
-0.003681529546156526
-0.003677887376397848
-0.003674251725897193
-0.003670621896162629
-0.0036669981200248
-0.00366338063031435
-0.00365976826287806
-0.003656161949038506
-0.003652560757473111
-0.003648964921012521
-0.003645374672487378
-0.003641789546236396
-0.003638210240751505
-0.003634637454524636
-0.003631070954725146
-0.003627510741353035
-0.00362395728006959
-0.003620410338044167
-0.003616870148107409
-0.003613336244598031
-0.003609808627516031
-0.003606286598369479
-0.003602770622819662
-0.003599259769544005
-0.003595754271373153
-0.003592253429815173
-0.003588757710531354
-0.003585266647860408
-0.003581780008971691
-0.003578298259526491
-0.003574822098016739
-0.003571351990103722
-0.003567887935787439
-0.003564430167898536
-0.003560978453606367
-0.003557532792910933
-0.003554092952981591
-0.003550659166648984
-0.003547231201082468
-0.003543808357790112
-0.003540390403941274
-0.003536977339535952
-0.003533568931743503
-0.003530164482071996
-0.003526764921844006
-0.003523370018228889
-0.003519980236887932
-0.003516596276313066
-0.003513217670843005
-0.003509845118969679
-0.003506478387862444
-0.003503117710351944
-0.003499762620776892
-0.003496413584798574
-0.003493070835247636
-0.003489733906462789
-0.003486402565613389
-0.003483077045530081
-0.00347975711338222
-0.00347644230350852
-0.003473133547231555
-0.00346982991322875
-0.003466531867161393
-0.00346323917619884
-0.003459951607510448
-0.003456669161096215
-0.003453391836956143
-0.003450119402259588
-0.00344685185700655
-0.003443588502705097
-0.003440330037847161
-0.003437076229602098
-0.003433827310800552
-0.003430582350119948
-0.003427341813221574
-0.003424105467274785
-0.003420874243602157
-0.003417647676542401
-0.003414426231756806
-0.003411210374906659
-0.003407999640330672
-0.003404794260859489
-0.003401594702154398
-0.003398400498554111
-0.003395212115719914
-0.003392028855159879
-0.003388850716874003
-0.003385677933692932
-0.003382509807124734
-0.003379346802830696
-0.003376188687980175
-0.003373035928234458
-0.003369888057932258
-0.003366745542734861
-0.003363608149811625
-0.003360475646331906
-0.003357348497956991
-0.003354226006194949
-0.003351108636707067
-0.003347995691001415
-0.003344887169077992
-0.003341783070936799
-0.003338683163747191
-0.00333558744750917
-0.00333249568939209
-0.00332940835505724
-0.003326325677335262
-0.003323246957734227
-0.003320172429084778
-0.003317102091386914
-0.00331403617747128
-0.003310975152999163
-0.003307918785139918
-0.003304867306724191
-0.00330182071775198
-0.003298779251053929
-0.003295743372291327
-0.003292712848633528
-0.003289686981588602
-0.003286666003987193
-0.003283650148659945
-0.003280638949945569
-0.003277633106335998
-0.003274632152169943
-0.003271635854616761
-0.003268644213676453
-0.003265657462179661
-0.003262674901634455
-0.003259696532040834
-0.003256722819060087
-0.003253753297030926
-0.003250788198783994
-0.003247827524319291
-0.003244871040806174
-0.003241918748244643
-0.003238970646634698
-0.003236026503145695
-0.003233086550608277
-0.003230150556191802
-0.003227218752726912
-0.003224291140213609
-0.003221367951482534
-0.003218449186533689
-0.003215534379705787
-0.003212624462321401
-0.0032097187358886
-0.003206817898899317
-0.003203922184184194
-0.003201031126081944
-0.003198145190253854
-0.003195263678207994
-0.003192386822775006
-0.003189514391124249
-0.003186645684763789
-0.003183780470862985
-0.003180919447913766
-0.003178062150254846
-0.003175208810716867
-0.003172359662130475
-0.003169514471665025
-0.003166673239320517
-0.003163836197927594
-0.003161003114655614
-0.003158174455165863
-0.003155350452288985
-0.003152531338855624
-0.003149716882035136
-0.003146907081827521
-0.00314410193823278
-0.003141301451250911
-0.003138505620881915
-0.003135713981464505
-0.003132926300168037
-0.003130142576992512
-0.003127363044768572
-0.003124587470665574
-0.003121815156191587
-0.003119046799838543
-0.003116281935945153
-0.003113520797342062
-0.003110762918367982
-0.003108009230345488
-0.003105258801952004
-0.00310251209884882
-0.003099769121035933
-0.003097030334174633
-0.003094295272603631
-0.00309156347066164
-0.003088835859671235
-0.003086111508309841
-0.003083391347900033
-0.003080675378441811
-0.003077963599935174
-0.003075256245210767
-0.003072553314268589
-0.003069854807108641
-0.003067160723730922
-0.003064471296966076
-0.003061786061152816
-0.003059105016291142
-0.003056428162381053
-0.00305375549942255
-0.003051087027415633
-0.003048422047868371
-0.003045760560780764
-0.003043102566152811
-0.003040448063984513
-0.003037796821445227
-0.003035148838534951
-0.003032504115253687
-0.003029863117262721
-0.003027226077392697
-0.003024592529982328
-0.003021963173523545
-0.003019338008016348
-0.003016716334968805
-0.003014099318534136
-0.003011486260220408
-0.003008877160027623
-0.003006271785125136
-0.003003670368343592
-0.003001072909682989
-0.002998478710651398
-0.002995888004079461
-0.002993301022797823
-0.00299071753397584
-0.002988137770444155
-0.002985561965033412
-0.002982989652082324
-0.002980421064421535
-0.002977856202051044
-0.002975295297801495
-0.002972738118842244
-0.002970184199512005
-0.002967634238302708
-0.002965087536722422
-0.002962544560432434
-0.002960005076602101
-0.002957469085231423
-0.002954936120659113
-0.002952406881377101
-0.0029498809017241
-0.002947357948869467
-0.002944838721305132
-0.002942323219031096
-0.002939811442047358
-0.002937303390353918
-0.002934799529612064
-0.002932299626991153
-0.002929803682491183
-0.002927311463281512
-0.002924823202192783
-0.002922338433563709
-0.002919856924563646
-0.002917378908023238
-0.002914903918281198
-0.002912431722506881
-0.002909962320700288
-0.002907495945692062
-0.002905032364651561
-0.002902571344748139
-0.002900113584473729
-0.00289765908382833
-0.002895207842811942
-0.002892760094255209
-0.002890316536650062
-0.002887876238673925
-0.002885440364480019
-0.00288300821557641
-0.0028805797919631
-0.002878154860809445
-0.002875734120607376
-0.002873316872864962
-0.002870903117582202
-0.002868492621928453
-0.00286608561873436
-0.002863681875169277
-0.002861281856894493
-0.00285888509824872
-0.002856491832062602
-0.002854102058336139
-0.002851715544238687
-0.002849332056939602
-0.002846951829269528
-0.002844574861228466
-0.002842201152816415
-0.002839830238372087
-0.002837462350726128
-0.002835097722709179
-0.002832736354321241
-0.002830378012731671
-0.002828022930771112
-0.002825671108439565
-0.002823322778567672
-0.002820977475494146
-0.002818635432049632
-0.002816296648234129
-0.002813960891216993
-0.002811628160998225
-0.002809298457577825
-0.002806971548125148
-0.002804647432640195
-0.002802325878292322
-0.002800006652250886
-0.002797690220177174
-0.002795376814901829
-0.002793067134916782
-0.002790760481730103
-0.002788457088172436
-0.002786157419905066
-0.002783861709758639
-0.002781569957733154
-0.002779281698167324
-0.002776997396722436
-0.002774716587737203
-0.002772439271211624
-0.002770165214315057
-0.00276789371855557
-0.00276562524959445
-0.002763359341770411
-0.002761095995083451
-0.002758834976702929
-0.002756576286628842
-0.002754319924861193
-0.00275206589139998
-0.00274981465190649
-0.002747566672042012
-0.002745321486145258
-0.002743079559877515
-0.00274084135890007
-0.002738607116043568
-0.002736376598477364
-0.002734149806201458
-0.002731926739215851
-0.002729707164689898
-0.002727490616962314
-0.002725276630371809
-0.002723065903410316
-0.002720857504755259
-0.002718651201575994
-0.002716447226703167
-0.00271424581296742
-0.002712046960368752
-0.002709850668907166
-0.002707657404243946
-0.002705467166379094
-0.002703279722481966
-0.002701095771044493
-0.002698914846405387
-0.002696737414225936
-0.002694563241675496
-0.002692392328754067
-0.002690224209800363
-0.002688059117645025
-0.002685896586626768
-0.002683736383914948
-0.002681578742340207
-0.002679423429071903
-0.002677271142601967
-0.002675121184438467
-0.002672974253073335
-0.00267083034850657
-0.002668689237907529
-0.002666551619768143
-0.002664417028427124
-0.002662285696715117
-0.002660157158970833
-0.002658032113686204
-0.002655910095199943
-0.002653790637850761
-0.002651674207299948
-0.002649560337886214
-0.002647449029609561
-0.002645340515300632
-0.002643234794959426
-0.002641131635755301
-0.002639030804857612
-0.002636932767927647
-0.002634837524965405
-0.002632744610309601
-0.00263065448962152
-0.002628567162901163
-0.002626482164487243
-0.002624399494379759
-0.002622319152578712
-0.002620241604745388
-0.002618166618049145
-0.002616093959659338
-0.002614023862406611
-0.002611956559121609
-0.00260989204980433
-0.002607830334454775
-0.002605771645903587
-0.002603715751320124
-0.002601662650704384
-0.002599612344056368
-0.002597564598545432
-0.002595519181340933
-0.002593476325273514
-0.002591435797512531
-0.002589397598057985
-0.002587362192571163
-0.002585329115390778
-0.002583298832178116
-0.002581271342933178
-0.002579246647655964
-0.002577225212007761
-0.002575206803157926
-0.00257319095544517
-0.002571177901700139
-0.002569167874753475
-0.002567160408943892
-0.002565155737102032
-0.002563153626397252
-0.002561154076829553
-0.002559157088398933
-0.002557162428274751
-0.002555170329287648
-0.002553180791437626
-0.00255119358189404
-0.002549208933487535
-0.002547226846218109
-0.002545247785747051
-0.00254327105358243
-0.002541296882554889
-0.002539325039833784
-0.00253735575824976
-0.002535389270633459
-0.002533424878492951
-0.002531463280320168
-0.002529503544792533
-0.002527546137571335
-0.002525591058656573
-0.002523638540878892
-0.002521688584238291
-0.002519740723073483
-0.002517795190215111
-0.002515852218493819
-0.002513911575078964
-0.002511973492801189
-0.002510037738829851
-0.002508104545995593
-0.002506173914298415
-0.002504245843738317
-0.002502320101484656
-0.002500396920368075
-0.002498476533219218
-0.002496558707207441
-0.002494643442332745
-0.002492730505764484
-0.002490819897502661
-0.002488911850377917
-0.00248700613155961
-0.002485102508217096
-0.002483200980350375
-0.002481301780790091
-0.002479404909536242
-0.002477510832250118
-0.002475619316101074
-0.00247373036108911
-0.00247184420004487
-0.002469960134476423
-0.002468078630045056
-0.002466199919581413
-0.002464323071762919
-0.002462448785081506
-0.002460576826706529
-0.002458706730976701
-0.002456838730722666
-0.00245497259311378
-0.002453108783811331
-0.002451247069984674
-0.002449387451633811
-0.002447530394420028
-0.002445675898343325
-0.002443824429064989
-0.002441975520923734
-0.002440128941088915
-0.002438284922391176
-0.002436443464830518
-0.00243460456840694
-0.002432767767459154
-0.002430933061987162
-0.002429100684821606
-0.002427269937470555
-0.002425441285595298
-0.00242361449636519
-0.002421789802610874
-0.002419966971501708
-0.002418146235868335
-0.002416327828541398
-0.002414511749520898
-0.002412697998806834
-0.002410886576399207
-0.002409077016636729
-0.002407269785180688
-0.002405464649200439
-0.002403661841526628
-0.002401861129328609
-0.002400062745437026
-0.002398266224190593
-0.002396471798419952
-0.002394679468125105
-0.00239288923330605
-0.002391101326793432
-0.002389315748587251
-0.002387532498687506
-0.002385751809924841
-0.002383973682299256
-0.002382197882980108
-0.002380424179136753
-0.002378653036430478
-0.00237688422203064
-0.00237511727027595
-0.002373352646827698
-0.002371590118855238
-0.002369829919189215
-0.002368072280660272
-0.002366316970437765
-0.002364563755691051
-0.002362812403589487
-0.002361062914133072
-0.002359315752983093
-0.002357570687308908
-0.002355827484279871
-0.002354086376726627
-0.002352347131818533
-0.002350609982386231
-0.002348874462768435
-0.002347140340134501
-0.002345408080145717
-0.002343677449971437
-0.002341948915272951
-0.002340222476050258
-0.002338497899472713
-0.002336775418370962
-0.002335055731236935
-0.002333338605239987
-0.002331623807549477
-0.002329911570996046
-0.002328201429918408
-0.002326494082808495
-0.002324788831174374
-0.002323086140677333
-0.002321386011317372
-0.002319687744602561
-0.00231799203902483
-0.002316297730430961
-0.002314605750143528
-0.002312915399670601
-0.002311226679012179
-0.002309539820998907
-0.002307854825630784
-0.00230617169290781
-0.002304489957168698
-0.002302809851244092
-0.002301131142303348
-0.002299453830346465
-0.002297778613865376
-0.002296105027198792
-0.002294433768838644
-0.002292764373123646
-0.002291097305715084
-0.002289432333782315
-0.002287769922986627
-0.002286109142005444
-0.002284450689330697
-0.002282793866470456
-0.002281138673424721
-0.002279485575854778
-0.002277834108099341
-0.002276184735819697
-0.002274537226185203
-0.002272892044857144
-0.002271249191835523
-0.002269608434289694
-0.002267969772219658
-0.002266333205625415
-0.002264698967337608
-0.002263067057356238
-0.002261437242850661
-0.002259809523820877
-0.002258184133097529
-0.002256560139358044
-0.002254938241094351
-0.002253317972645164
-0.002251699566841125
-0.002250082558020949
-0.002248466946184635
-0.002246852964162827
-0.00224524037912488
-0.002243629656732082
-0.00224202056415379
-0.002240413567051291
-0.002238808432593942
-0.002237205160781741
-0.002235603984445333
-0.002234004670754075
-0.002232407685369253
-0.002230813028290868
-0.002229220699518919
-0.00222763093188405
-0.002226043259724975
-0.002224457683041692
-0.002222874434664845
-0.002221293048933148
-0.002219713758677244
-0.002218135632574558
-0.002216559369117022
-0.002214984269812703
-0.002213410567492247
-0.002211838029325008
-0.002210266888141632
-0.002208696911111474
-0.002207128331065178
-0.0022055609151721
-0.002203994896262884
-0.002202430972829461
-0.002200869377702475
-0.002199309645220637
-0.002197752008214593
-0.002196196699514985
-0.00219464348629117
-0.002193092601373792
-0.002191544277593493
-0.002189998747780919
-0.002188455080613494
-0.002186913741752505
-0.002185373799875379
-0.002183835254982114
-0.002182298572733998
-0.002180762821808457
-0.002179228700697422
-0.002177695976570249
-0.002176164416596293
-0.0021746342536062
-0.002173105720430613
-0.002171579049900174
-0.002170054009184241
-0.002168530831113458
-0.002167009748518467
-0.002165490761399269
-0.002163973869755864
-0.002162459539249539
-0.002160947304219007
-0.002159436699002981
-0.002157928189262748
-0.00215642130933702
-0.00215491559356451
-0.002153411274775863
-0.00215190788730979
-0.002150405896827579
-0.002148905303329229
-0.002147406339645386
-0.002145909238606691
-0.002144413767382503
-0.002142919925972819
-0.002141427947208285
-0.002139937831088901
-0.002138449111953378
-0.00213696202263236
-0.002135476563125849
-0.002133992966264486
-0.002132511232048273
-0.002131031127646565
-0.002129552187398076
-0.002128074644133449
-0.002126598265022039
-0.002125123748555779
-0.002123651094734669
-0.002122180070728064
-0.002120711142197251
-0.002119244541972876
-0.002117779804393649
-0.002116317162290215
-0.002114856382831931
-0.002113397466018796
-0.002111940179020166
-0.002110484521836042
-0.002109030028805137
-0.002107576932758093
-0.002106124768033624
-0.002104674000293016
-0.002103224396705627
-0.002101776655763388
-0.002100329846143723
-0.00209888513199985
-0.002097442280501127
-0.002096001291647553
-0.002094561932608485
-0.002093124901875854
-0.002091689966619015
-0.002090256894007325
-0.002088825684040785
-0.00208739610388875
-0.002085968386381865
-0.002084542065858841
-0.002083116909489036
-0.002081693150103092
-0.002080270787701011
-0.002078850055113435
-0.002077430719509721
-0.002076012780889869
-0.002074596704915166
-0.002073182491585612
-0.002071769908070564
-0.002070358954370022
-0.002068949863314629
-0.002067542634904385
-0.00206613726913929
-0.002064733766019344
-0.002063331892713904
-0.002061931416392326
-0.002060532569885254
-0.002059135586023331
-0.002057740231975913
-0.002056346042081714
-0.00205495348200202
-0.002053562551736832
-0.002052172552794218
-0.00205078418366611
-0.002049397211521864
-0.002048010937869549
-0.002046625828370452
-0.00204524165019393
-0.002043858403339982
-0.002042475854977965
-0.002041094470769167
-0.002039713785052299
-0.00203833426348865
-0.002036956371739507
-0.002035579876974225
-0.002034205244854093
-0.002032832475379109
-0.002031462034210563
-0.002030093688517809
-0.002028727205470204
-0.002027363050729036
-0.002026000991463661
-0.002024640794843435
-0.002023282460868359
-0.002021925989538431
-0.002020570915192366
-0.002019217703491449
-0.002017865655943751
-0.002016515005379915
-0.002015165984630585
-0.002013818128034472
-0.002012471668422222
-0.002011126605793834
-0.002009782707318664
-0.002008440438657999
-0.002007099334150553
-0.002005759393796325
-0.002004420617595315
-0.002003083005547523
-0.002001746324822307
-0.002000410808250308
-0.001999076455831528
-0.001997742801904678
-0.001996410544961691
-0.001995079452171922
-0.001993749989196658
-0.0019924221560359
-0.001991095719859004
-0.00198977068066597
-0.001988447969779372
-0.00198712688870728
-0.001985807670280337
-0.001984490547329187
-0.001983175287023187
-0.001981861656531692
-0.001980549655854702
-0.001979239052161574
-0.001977930078282952
-0.001976622268557549
-0.001975315622985363
-0.001974009908735752
-0.001972705125808716
-0.001971401739865541
-0.001970099285244942
-0.00196879799477756
-0.001967498334124684
-0.00196620007045567
-0.001964903669431806
-0.001963608898222446
-0.00196231622248888
-0.001961025409400463
-0.001959736226126552
-0.001958448439836502
-0.001957162050530314
-0.001955876825377345
-0.001954592764377594
-0.001953310100361705
-0.001952028251253068
-0.00195074756629765
-0.001949467579834163
-0.001948188757523894
-0.001946911099366844
-0.001945634605363011
-0.001944359391927719
-0.001943085808306932
-0.001941813970915973
-0.001940543646924198
-0.001939275185577571
-0.001938008121214807
-0.001936742686666548
-0.001935478765517473
-0.001934216357767582
-0.001932955347001553
-0.001931695849634707
-0.001930437632836401
-0.001929180696606636
-0.001927924924530089
-0.001926670200191438
-0.001925416407175362
-0.001924163661897182
-0.001922911847941577
-0.001921661081723869
-0.001920411363244057
-0.001919162692502141
-0.0019179149530828
-0.001916668494231999
-0.001915423199534416
-0.001914179068990052
-0.001912936219014227
-0.001911694766022265
-0.001910454826429486
-0.001909216516651213
-0.001907979836687446
-0.001906745019368827
-0.001905511948280036
-0.001904280390590429
-0.001903050462715328
-0.00190182204823941
-0.001900595147162676
-0.001899369526654482
-0.001898144721053541
-0.001896920963190496
