0
0
0
0
0
0
0
0
0
0
0
0
0
0
0
0
0
0
0
0
0
0
0
0
0
0
0
0
0
0
0
0
0
0
0
0
0
0
0
0
0
0
0
0
0
0
0
0
0
0
0
0
0
0
0
0
0
0
0
0
0
0
0
0
0
0
0
0
0
0
0
0
0
0
0
0
0
0
0
0
0
0
0
0
0
0
0
0
0
0
0
0
0
0
0
0
0
0
0
0
0
0
0
0
0
0
0
0
0
0
0
0
0
0
0
0
0
0
0
0
0
0
0
0
0
0
0
0
0
0
0
0
0
0
0
0
0
0
0
0
0
0
0
0
0
0
0
0
0
0
0
0
0
0
0
0
0
0
0
0
0
0
0
0
0
0
0
0
0
0
0
0
0
0
0
0
0
0
0
0
0
0
0
0
0
0
0
0
0
0
0
0
0
0
0
0
0
0
0
0
0
0
0
0
0
0
0
0
0
0
0
0
0
0
0
0
0
0
0
0
0
0
0
0
0
0
0
0
0
0
0
0
0
0
0
0
0
0
0
0
0
0
0
0
0
0
0
0
0
0
0
0
0
0
0
0
0
0
0
0
0
0
0
0
0
0
0
0
0
0
0
0
0
0
0
0
0
0
0
0
0
0
0
0
0
0
0
0
0
0
0
0
0
0
0
0
0
0
0
0
0
0
0
0
0
0
0
0
0
0
0
0
0
0
0
0
0
0
0
0
0
0
0
0
0
0
0
0
0
0
0
0
0
0
0
0
0
0
0
0
0
0
0
0
0
0
0
0
0
0
0
0
0
0
0
0
0
0
0
0
0
0
0
0
0
0
0
0
0
0
0
0
0
0
0
0
0
0
0
0
0
0
0
0
0
0
0
0
0
0
0
0
0
0
0
0
0
0
0
0
0
0
0
0
0
0
0
0
0
0
0
0
0
0
0
0
0
0
0
0
0
0
0
0
0
0
0
0
0
0
0
0
0
0
0
0
0
0
0
0
0
0
0
0
0
0
0
0
0
0
0
0
0
0
0
0
0
0
0
0
0
0
0
0
0
0
0
0
0
0
0
0
0
0
0
0
0
0
0
0
0
0
0
0
0
0
0
0
0
0
0
0
0
0
0
0
0
0
0
0
0
0
0
0
0
0
0
0
0
0
0
0
0
0
0
0
0
0
0
0
0
0
0
0
0
0
0
0
0
0
0
0
0
0
0
0
0
0
0
0
0
0
0
0
0
0
0
0
0
0
0
0
0
0
0
0
0
0
0
0
0
0
0
0
0
0
0
0
0
0
0
0
0
0
0
0
0
0
0
0
0
0
0
0
0
0
0
0
0
0
0
0
0
0
0
0
0
0
0
0
0
0
0
0
0
0
0
0
0
0
0
0
0
0
0
0
0
0
0
0
0
0
0
0
0
0
0
0
0
0
0
0
0
0
0
0
0
0
0
0
0
0
0
0
0
0
0
0
0
0
0
0
0
0
0
0
0
0
0
0
0
0
0
0
0
0
0
0
0
0
0
0
0
0
0
0
0
0
0
0
0
0
0
0
0
0
0
0
0
0
0
0
0
0
0
0
0
0
0
0
0
0
0
0
0
0
0
0
0
0
0
0
0
0
0
0
0
0
0
0
0
0
0
0
0
0
0
0
0
0
0
0
0
0
0
0
0
0
0
0
0
0
0
0
0
0
0
0
0
0
0
0
0
0
0
0
0
0
0
0
0
0
0
0
0
0
0
0
0
0
0
0
0
0
0
0
0
0
0
0
0
0
0
0
0
0
0
0
0
0
0
0
0
0
0
0
0
0
0
0
0
0
0
0
0
0
0
0
0
0
0
0
0
0
0
0
0
0
0
0
0
0
0
0
0
0
0
0
0
0
0
0
0
0
0
0
0
0
0
0
0
0
0
0
0
0
0
0
0
0
0
0
0
0
0
0
0
0
0
0
0
0
0
0
0
0
0
0
0
0
0
0
0
0
0
0
0
0
0
0
0
0
0
0
0
0
0
0
0
0
0
0
0
0
0
0
0
0
0
0
0
0
0
0
0
0
0
0
0
0
0
0
0
0
0
0
0
0
0
0
0
0
0
0
0
0
0
0
0
0
0
0
0
0
0
0
0
0
0
0
0
0
0
0
0
0
0
0
0
0
0
0
0
0
0
0
0
0
0
0
0
0
0
0
0
0
0
0
0
0
0
0
0
0
0
0
0
0
0
0
0
0
0
0
0
0
0
0
0
0
0
0
0
0
0
0
0
0
0
0
0
0
0
0
0
0
0
0
0
0
0
0
0
0
0
0
0
0
0
0
0
0
0
0
0
0
0
0
0
0
0
0
0
0
0
0
0
0
0
0
0
0
0
0
0
0
0
0
0
0
0
0
0
0
0
0
0
0
0
0
0
0
0
0
0
0
0
0
0
0
0
0
0
0
0
0
0
0
0
0
0
0
0
0
0
0
0
0
0
0
0
0
0
0
0
0
0
0
0
0
0
0
0
0
0
0
0
0
0
0
0
0
0
0
0
0
0
0
0
0
0
0
0
0
0
0
0
0
0
0
0
0
0
0
0
0
0
0
0
0
0
0
0
0
0
0
0
0
0
0
0
0
0
0
0
0
0
0
0
0
0
0
0
0
0
0
0
0
0
0
0
0
0
0
0
0
0
0
0
0
0
0
0
0
0
0
0
0
0
0
0
0
0
0
0
0
0
0
0
0
0
0
0
0
0
0
0
0
0
0
0
0
0
0
0
0
0
0
0
0
0
0
0
0
0
0
0
0
0
0
0
0
0
0
0
0
0
0
0
0
0
0
0
0
0
0
0
0
0
0
0
0
0
0
0
0
0
0
0
0
0
0
0
0
0
0
0
0
0
0
0
0
0
0
0
0
0
0
0
0
0
0
0
0
0
0
0
0
0
0
0
0
0
0
0
0
0
0
0
0
0
0
0
0
0
0
0
0
0
0
0
0
0
0
0
0
0
0
0
0
0
0
0
0
0
0
0
0
0
0
0
0
0
0
0
0
0
0
0
0
0
0
0
0
0
0
0
0
0
0
0
0
0
0
0
0
0
0
0
0
0
0
0
0
0
0
0
0
0
0
0
0
0
0
0
0
0
0
0
0
0
0
0
0
0
0
0
0
0
0
0
0
0
0
0
0
0
0
0
0
0
0
0
0
0
0
0
0
0
0
0
0
0
0
0
0
0
0
0
0
0
0
0
0
0
0
0
0
0
0
0
0
0
0
0
0
0
0
0
0
0
0
0
0
0
0
0
0
0
0
0
0
0
0
0
0
0
0
0
0
0
0
0
0
0
0
0
0
0
0
0
0
0
0
0
0
0
0
0
0
0
0
0
0
0
0
0
0
0
0
0
0
0
0
0
0
0
0
0
0
0
0
0
0
0
0
0
0
0
0
0
0
0
0
0
0
0
0
0
0
0
0
0
0
0
0
0
0
0
0
0
0
0
0
0
0
0
0
0
0
0
0
0
0
0
0
0
0
0
0
0
0
0
0
0
0
0
0
0
0
0
0
0
0
0
0
0
0
0
0
0
0
0
0
0
0
0
0
0
0
0
0
0
0
0
0
0
0
0
0
0
0
0
0
0
0
0
0
0
0
0
0
0
0
0
0
0
0
0
0
0
0
0
0
0
0
0
0
0
0
0
0
0
0
0
0
0
0
0
0
0
0
0
0
0
0
0
0
0
0
0
0
0
0
0
0
0
0
0
0
0
0
0
0
0
0
0
0
0
0
0
0
0
0
0
0
0
0
0
0
0
0
0
0
0
0
0
0
0
0
0
0
0
0
0
0
0
0
0
0
0
0
0
0
0
0
0
0
0
0
0
0
0
0
0
0
0
0
0
0
0
0
0
0
0
0
0
0
0
0
0
0
0
0
0
0
0
0
0
0
0
0
0
0
0
0
0
0
2.802596928649634e-45
1.401298464324817e-44
4.203895392974451e-44
8.688050478813866e-44
1.541428310757299e-43
2.634441112930656e-43
4.315999270120437e-43
7.146622168056567e-43
1.174288113104197e-42
1.919778896124999e-42
3.145915052409214e-42
5.153975751786677e-42
8.421803770592151e-42
1.372992235345456e-41
2.234090141673056e-41
3.628382113676249e-41
5.883491732314177e-41
9.527988778330161e-41
1.540755687494423e-40
2.487963384454783e-40
4.012015594254454e-40
6.460826699616002e-40
1.03904599571528e-39
1.668792328179781e-39
2.676659433063834e-39
4.287524885325356e-39
6.858742214142605e-39
1.095740709893858e-38
1.748225912538959e-38
2.785573114125938e-38
4.432613086244005e-38
7.044239939136682e-38
1.117991115455763e-37
1.77203899009634e-37
2.805043483664468e-37
4.434433429001101e-37
7.001154383409902e-37
1.103913245088423e-36
1.738339936844544e-36
2.733818599210622e-36
4.29378799441685e-36
6.7351643482253e-36
1.0550990198099e-35
1.650731133523984e-35
2.579278830726694e-35
4.02494374071025e-35
6.27280060619755e-35
9.763467815162796e-35
1.517708306995503e-34
2.356214141375965e-34
3.653290653505519e-34
5.657144623503993e-34
8.748923436552042e-34
1.351315887775158e-33
2.084513315862778e-33
3.211432199347258e-33
4.941282339177644e-33
7.593256369350265e-33
1.165371948562166e-32
1.78628092163596e-32
2.734540165627204e-32
4.180890749271612e-32
6.384162128814455e-32
9.736215337804325e-32
1.482955360179579e-31
2.255892149058533e-31
3.427374067463723e-31
5.200655961145268e-31
7.881498251783124e-31
1.192927402242722e-30
1.803326823991952e-30
2.722641835318068e-30
4.10546987973839e-30
6.182896783743218e-30
9.299901927434472e-30
1.397084176596361e-29
2.096163494024731e-29
3.141134864176911e-29
4.701185966452628e-29
7.027294662481258e-29
1.049129753828666e-28
1.564339726964692e-28
2.329669379383937e-28
3.465128341116654e-28
5.147621703498315e-28
7.637596824768296e-28
1.131800946692844e-27
1.675124176635453e-27
2.476213196259368e-27
3.655894591003126e-27
5.390937144510388e-27
7.939630788296825e-27
1.167890697549824e-26
1.715814839314477e-26
2.517707510985586e-26
3.689836795157018e-26
5.401029864828152e-26
7.896122336034766e-26
1.152973707610644e-25
1.681487587838664e-25
2.449271362267335e-25
3.563276573755225e-25
5.177641219763798e-25
7.514229964696133e-25
1.089199776146055e-24
1.576889956617468e-24
2.280165567294016e-24
3.293084860487915e-24
4.750193388395719e-24
6.843713085007859e-24
9.847924970612891e-24
1.415371554020462e-23
2.031745340187821e-23
2.913006785414819e-23
4.171453237231104e-23
5.966328575585661e-23
8.523171919813521e-23
1.21610140816598e-22
1.733058115228648e-22
2.46678622598136e-22
3.5069143494269e-22
4.979599014794383e-22
7.062188775351979e-22
1.000369129925617e-21
1.415329353117476e-21
2.000005389137622e-21
2.822809174196543e-21
3.979319146057914e-21
5.602903032366531e-21
7.87942928611534e-21
1.106761035688702e-20
1.552710906022232e-20
2.175730580258814e-20
3.045072847127611e-20
4.256654306974261e-20
5.943160223048525e-20
8.287909005611211e-20
1.154386121015156e-19
1.605964438429226e-19
2.231514348299684e-19
3.097008415862519e-19
4.293032740962063e-19
5.943814341967295e-19
8.219504012386432e-19
1.135286262177365e-18
1.566190699445533e-18
2.158059831025574e-18
2.970037691100489e-18
4.082630976955498e-18
5.605290159292086e-18
7.686627954527601e-18
1.052818443736875e-17
1.440293500022232e-17
1.96801537480473e-17
2.685875301294382e-17
3.661197674983002e-17
4.984716764442143e-17
6.77856380188179e-17
9.206931822788004e-17
1.249027769529597e-16
1.692423709382111e-16
2.290477145142523e-16
3.096154767538316e-16
4.180219826565483e-16
5.637094261228015e-16
7.592611697983232e-16
1.021425278511818e-15
1.372465801523627e-15
1.841941541714967e-15
2.469047254654135e-15
3.305690495777414e-15
4.420527308866265e-15
5.904251205649099e-15
7.87652210706806e-15
1.049500757295801e-14
1.39672073819902e-14
1.856584581438978e-14
2.464892981564326e-14
3.268582236468087e-14
4.329109499264655e-14
5.726843966494949e-14
7.566751993861795e-14
9.985754763222957e-14
1.316222250549032e-13
1.732823411669526e-13
2.278535433247741e-13
2.992495574255516e-13
3.925430401736929e-13
5.143001909763134e-13
6.730099333732142e-13
8.796327381765945e-13
1.148301939646323e-12
1.497218581753001e-12
1.94979297464537e-12
2.536095682417749e-12
3.294702184686304e-12
4.275036488005091e-12
5.540337286169539e-12
7.171416672308029e-12
9.271406559152595e-12
1.197175518441451e-11
1.54397813978413e-11
1.988818484899291e-11
2.558700300248073e-11
3.28786130265879e-11
4.219654139991924e-11
5.408901104786423e-11
6.924837786526084e-11
8.854784960821149e-11
1.13087275654955e-10
1.442501534887342e-10
1.837744262322971e-10
2.338404192503418e-10
2.971797807838072e-10
3.772102352694873e-10
4.782022000604513e-10
6.054844403635684e-10
7.656973388669996e-10
9.671043965653325e-10
1.219975231947501e-09
1.537054816758143e-09
1.934139515213928e-09
2.430779355577783e-09
3.051138453002977e-09
3.825042060867645e-09
4.78925166191857e-09
5.989015949836585e-09
7.479953545441731e-09
9.33033206251821e-09
1.162383078678886e-08
1.446287534179191e-08
1.797265625214095e-08
2.230598283858853e-08
2.764909723396158e-08
3.422868033453597e-08
4.23202379806753e-08
5.225812316211886e-08
6.444753353207489e-08
7.937882173791877e-08
9.764449515614615e-08
1.199595089929062e-07
1.471852613121882e-07
1.803581000103804e-07
2.207229954365175e-07
2.697733236800559e-07
3.292977055480151e-07
4.014353862658027e-07
4.887408522336045e-07
5.942598022556922e-07
7.216186190817098e-07
8.751277960072912e-07
1.059903411260166e-06
1.282008383896027e-06
1.548616296531691e-06
1.868202502919303e-06
2.250763145639212e-06
2.708070269363816e-06
3.25396581501991e-06
3.904698132828344e-06
4.67931113234954e-06
5.600086751655908e-06
6.693057002848946e-06
7.988579454831779e-06
9.522002073936164e-06
1.13344140117988e-05
1.347349370917073e-05
1.599447750777472e-05
1.89612455869792e-05
2.244754614366684e-05
2.653837145771831e-05
3.133149584755301e-05
3.693921098602004e-05
4.349024311522953e-05
5.113188672112301e-05
6.003238740959205e-05
7.038354669930413e-05
8.240363240474835e-05
9.634054731577635e-05
0.0001124753471231088
0.0001311259838985279
0.0001526515261502936
0.000177456604433246
0.0002059963881038129
0.0002387817075941712
0.0002763847005553544
0.0003194449527654797
0.0003686757700052112
0.0004248710465617478
0.0004889123374596238
0.0005617764545604587
0.0006445430917665362
0.0007384030031971633
0.0008446663850918412
0.0009647710830904543
0.001100291381590068
0.001252946443855762
0.001424608402885497
0.001617310917936265
0.001833256799727678
0.002074825577437878
0.002344579668715596
0.002645270666107535
0.002979842945933342
0.003351437859237194
0.003763395361602306
0.004219253081828356
0.004722746554762125
0.005277801305055618
0.005888528190553188
0.006559212226420641
0.007294300477951765
0.00809838529676199
0.008976181037724018
0.0099325031042099
0.01097223814576864
0.01210030727088451
0.01332163717597723
0.0146411070600152
0.01606350764632225
0.01759349182248116
0.019235510379076
0.02099375426769257
0.02287209592759609
0.0248740129172802
0.02700251713395119
0.02926008589565754
0.03164857625961304
0.03416915982961655
0.03682222962379456
0.03960734233260155
0.04252313077449799
0.04556722939014435
0.04873624444007874
0.05202564597129822
0.05542976036667824
0.05894170328974724
0.06255335360765457
0.0662553533911705
0.0700371116399765
0.07388678938150406
0.07779137045145035
0.08173668384552002
0.08570751547813416
0.08968764543533325
0.09366001933813095
0.0976068377494812
0.1015097498893738
0.105349987745285
0.1091086119413376
0.1127666905522346
0.1163055077195168
0.1197068616747856
0.1229532361030579
0.1260280907154083
0.1289161443710327
0.1316035389900208
0.1340782046318054
0.1363300234079361
0.1383509635925293
0.1401354074478149
0.1416802555322647
0.142985001206398
0.1440519243478775
0.1448861360549927
0.1454954445362091
0.1458905339241028
0.1460846960544586
0.1460938006639481
0.1459360867738724
0.1456319242715836
0.1452035158872604
0.1446745842695236
0.1440700590610504
0.143415629863739
0.1427373439073563
0.1420611888170242
0.1414125859737396
0.1408160179853439
0.1402944922447205
0.1398691534996033
0.1395589113235474
0.1393800228834152
0.1393458247184753
0.1394663751125336
0.1397483050823212
0.1401947140693665
0.1408050209283829
0.141575038433075
0.1424970030784607
0.1435598284006119
0.1447492837905884
0.1460483223199844
0.1474374979734421
0.148895338177681
0.1503989696502686
0.1519245654344559
0.1534479409456253
0.1549450904130936
0.1563928425312042
0.1577693521976471
0.1590546518564224
0.1602311581373215
0.1612840294837952
0.1622015535831451
0.16297547519207
0.1636010408401489
0.1640771925449371
0.1644064635038376
0.164594829082489
0.1646516025066376
0.1645889282226562
0.1644215881824493
0.1641663163900375
0.1638413667678833
0.1634658724069595
0.1630592942237854
0.1626407504081726
0.1622283607721329
0.1618387252092361
0.1614863574504852
0.1611832231283188
0.1609383076429367
0.1607573330402374
0.1606425642967224
0.1605927050113678
0.160602942109108
0.1606650948524475
0.1607677638530731
0.1608967930078506
0.1610356271266937
0.1611658334732056
0.1612677127122879
0.1613208800554276
0.161304846405983
0.1611997485160828
0.1609868556261063
0.1606491953134537
0.1601720005273819
0.1595432609319687
0.1587538868188858
0.1577980369329453
0.1566732972860336
0.155380591750145
0.1539241820573807
0.1523114144802094
0.1505525261163712
0.1486601680517197
0.1466491222381592
0.1445357203483582
0.1423374116420746
0.1400721669197083
0.1377581059932709
0.1354129761457443
0.1330537796020508
0.1306963413953781
0.128355085849762
0.126042827963829
0.1237706393003464
0.1215478479862213
0.1193820759654045
0.1172793209552765
0.1152442097663879
0.1132801845669746
0.1113897562026978
0.1095748022198677
0.1078368574380875
0.1061773598194122
0.1045978292822838
0.1031001359224319
0.1016865372657776
0.1003597974777222
0.09912315011024475
0.09798016399145126
0.09693465381860733
0.09599039703607559
0.09515093266963959
0.0944192185997963
0.09379733353853226
0.0932861864566803
0.09288515150547028
0.09259186685085297
0.09240198880434036
0.09230905026197433
0.09230440109968185
0.09237721562385559
0.09251467138528824
0.09270209819078445
0.09292329102754593
0.09316094219684601
0.09339705109596252
0.09361346065998077
0.09379234164953232
0.09391682595014572
0.09397145360708237
0.093942791223526
0.09381982684135437
0.09359440207481384
0.09326144307851791
0.0928192138671875
0.09226937592029572
0.09161694347858429
0.09087010473012924
0.09004001319408417
0.08914034068584442
0.08818688243627548
0.08719693124294281
0.08618880063295364
0.08518107235431671
0.08419207483530045
0.08323924243450165
0.08233850449323654
0.08150385320186615
0.08074680715799332
0.08007616549730301
0.07949774712324142
0.07901423424482346
0.07862521708011627
0.07832727581262589
0.07811418175697327
0.07797721028327942
0.07790553569793701
0.0778866708278656
0.07790695130825043
0.07795207947492599
0.07800762355327606
0.07805957645177841
0.07809477299451828
0.07810139656066895
0.07806926220655441
0.07799018919467926
0.07785815745592117
0.07766945660114288
0.07742271572351456
0.07711883634328842
0.07676088809967041
0.07635385543107986
0.07590441405773163
0.07542060315608978
0.07491143792867661
0.07438656687736511
0.07385583966970444
0.07332897931337357
0.07281522452831268
0.07232293486595154
0.07185940444469452
0.07143054157495499
0.07104076445102692
0.07069286704063416
0.07038797438144684
0.07012557983398438
0.06990361213684082
0.06971858441829681
0.06956581026315689
0.06943957507610321
0.06933346390724182
0.06924059987068176
0.06915396451950073
0.06906667351722717
0.06897225230932236
0.06886488199234009
0.06873961538076401
0.06859257072210312
0.06842102855443954
0.06822353601455688
0.06799989938735962
0.0677511915564537
0.06747961044311523
0.06718835234642029
0.066881462931633
0.06656359881162643
0.06623981148004532
0.0659153014421463
0.06559516489505768
0.06528417021036148
0.06498654186725616
0.06470578908920288
0.06444453448057175
0.06420444697141647
0.06398618966341019
0.06378938257694244
0.06361271440982819
0.06345397979021072
0.06331025063991547
0.06317805498838425
0.06305354088544846
0.06293271481990814
0.06281162053346634
0.06268656998872757
0.06255430728197098
0.06241216510534286
0.06225818023085594
0.06209119036793709
0.06191083788871765
0.06171756982803345
0.06151258200407028
0.06129772588610649
0.06107537820935249
0.06084828823804855
0.06061939150094986
0.06039169058203697
0.06016802787780762
0.05995095893740654
0.05974260717630386
0.05954455211758614
0.05935779586434364
0.05918269231915474
0.05901896208524704
0.0588657520711422
0.05872169882059097
0.058585025370121
0.05845367535948753
0.05832544714212418
0.05819812417030334
0.0580696128308773
0.05793806910514832
0.0578019767999649
0.05766024067997932
0.05751224607229233
0.05735784396529198
0.05719733983278275
0.05703147500753403
0.05686134472489357
0.05668829753994942
0.05651386082172394
0.05633961781859398
0.0561671145260334
0.05599774047732353
0.05583269894123077
0.05567285418510437
0.05551877245306969
0.05537065491080284
0.05522837862372398
0.05509148165583611
0.05495923757553101
0.05483071506023407
0.05470484495162964
0.05458048358559608
0.05445652827620506
0.05433196574449539
0.05420592427253723
0.05407775193452835
0.05394702032208443
0.05381355807185173
0.05367743596434593
0.05353894829750061
0.05339857935905457
0.05325696244835854
0.05311482399702072
0.05297292023897171
0.05283198133111
0.05269268155097961
0.05255555734038353
0.05242100358009338
0.05228924006223679
0.05216030403971672
0.05203406140208244
0.05191021785140038
0.05178836360573769
0.05166798457503319
0.05154849588871002
0.05142932012677193
0.05130988359451294
0.05118966475129128
0.05106822773814201
0.05094523727893829
0.05082045868039131
0.05069376155734062
0.05056511610746384
0.05043456330895424
0.05030220374464989
0.05016816407442093
0.05003256350755692
0.04989548027515411
0.04975693300366402
0.04961684718728065
0.0494750402867794
0.04933119937777519
0.04918490350246429
0.04903559386730194
0.04888258501887321
0.04872508347034454
0.048562191426754
0.04839292913675308
0.04821624234318733
0.0480310246348381
0.04783610254526138
0.04763027280569077
0.04741227626800537
0.04718081280589104
0.04693452641367912
0.04667198285460472
0.04639166593551636
0.0460919626057148
0.04577113315463066
0.04542730003595352
0.04505843296647072
0.04466233029961586
0.04423661157488823
0.04377871006727219
0.04328586161136627
0.0427551195025444
0.04218334332108498
0.04156722500920296
0.04090331122279167
0.04018796980381012
0.03941745683550835
0.03858791664242744
0.03769540041685104
0.0367358922958374
0.0357053279876709
0.03459960967302322
0.03341463953256607
0.03214633092284203
0.03079064749181271
0.0293436124920845
0.02780135907232761
0.02616015262901783
0.02441641688346863
0.02256680279970169
0.0206082109361887
0.01853784173727036
0.01635325513780117
0.01405241340398788
0.01163375098258257
0.009096220135688782
0.006439353339374065
0.003663319628685713
0.0007689777412451804
-0.002242068760097027
-0.005367424804717302
-0.008603860624134541
-0.0119472723454237
-0.01539264991879463
-0.01893405430018902
-0.02256460301578045
-0.02627646178007126
-0.03006085380911827
-0.03390806540846825
-0.03780747577548027
-0.04174759238958359
-0.04571609571576118
-0.04969989880919456
-0.05368522554636002
-0.05765767395496368
-0.06160234287381172
-0.06550390273332596
-0.06934675574302673
-0.07311514019966125
-0.07679329067468643
-0.08036557585000992
-0.08381669223308563
-0.0871317982673645
-0.09029670804738998
-0.09329804033041
-0.09612343460321426
-0.09876168519258499
-0.1012029498815536
-0.1034389138221741
-0.1054628863930702
-0.1072699874639511
-0.1088572591543198
-0.110223762691021
-0.111370638012886
-0.1123011857271194
-0.1130208820104599
-0.1135374084115028
-0.1138605326414108
-0.1140021234750748
-0.1139759868383408
-0.1137977764010429
-0.1134848296642303
-0.1130559146404266
-0.1125310659408569
-0.111931286752224
-0.1112782657146454
-0.1105940937995911
-0.1099009215831757
-0.1092206463217735
-0.1085745692253113
-0.1079830452799797
-0.1074651330709457
-0.1070383042097092
-0.1067181453108788
-0.106518030166626
-0.1064488962292671
-0.1065190359950066
-0.1067339405417442
-0.1070961281657219
-0.1076051220297813
-0.1082574129104614
-0.1090465039014816
-0.1099629998207092
-0.11099474132061
-0.1121270358562469
-0.1133429333567619
-0.1146234795451164
-0.1159481182694435
-0.1172950342297554
-0.1186415776610374
-0.1199647039175034
-0.1212414279580116
-0.1224492490291595
-0.1235666051506996
-0.1245732828974724
-0.1254507750272751
-0.1261827200651169
-0.1267550438642502
-0.1271564215421677
-0.1273782998323441
-0.1274151504039764
-0.1272644698619843
-0.1269267052412033
-0.1264053285121918
-0.1257065534591675
-0.12483911216259
-0.1238140910863876
-0.1226445510983467
-0.121345117688179
-0.1199315711855888
-0.1184204816818237
-0.1168286800384521
-0.1151729002594948
-0.1134692654013634
-0.1117329224944115
-0.1099776774644852
-0.1082156822085381
-0.1064571365714073
-0.1047101467847824
-0.1029805764555931
-0.1012719944119453
-0.09958571940660477
-0.09792093932628632
-0.09627487510442734
-0.09464305639266968
-0.09301962703466415
-0.09139770269393921
-0.08976978063583374
-0.08812820166349411
-0.08646554499864578
-0.08477506041526794
-0.08305114507675171
-0.08128969371318817
-0.07948841154575348
-0.07764715701341629
-0.07576806843280792
-0.07385574281215668
-0.07191724330186844
-0.06996209919452667
-0.06800210475921631
-0.06605113297700882
-0.06412478536367416
-0.06224006041884422
-0.06041484326124191
-0.05866743996739388
-0.05701605975627899
-0.05547825619578362
-0.0540703609585762
-0.05280696228146553
-0.05170043930411339
-0.05076049268245697
-0.04999377951025963
-0.04940363019704819
-0.04898985475301743
-0.04874864593148232
-0.04867258295416832
-0.04875074699521065
-0.04896895959973335
-0.04931007325649261
-0.04975439980626106
-0.05028019100427628
-0.05086417868733406
-0.0514821819961071
-0.05210971087217331
-0.05272261053323746
-0.05329766124486923
-0.05381318926811218
-0.05424958467483521
-0.05458980053663254
-0.0548197403550148
-0.05492857471108437
-0.05490894988179207
-0.05475709587335587
-0.05447284132242203
-0.05405953153967857
-0.05352380126714706
-0.0528753288090229
-0.0521264486014843
-0.05129174515604973
-0.05038755014538765
-0.0494314581155777
-0.04844177141785622
-0.04743698611855507
-0.04643526673316956
-0.04545395448803902
-0.04450913146138191
-0.04361522570252419
-0.04278470203280449
-0.04202780872583389
-0.04135238751769066
-0.04076380655169487
-0.04026491194963455
-0.03985610231757164
-0.03953543677926064
-0.03929883241653442
-0.03914026916027069
-0.03905210271477699
-0.03902532532811165
-0.03904992341995239
-0.03911517933011055
-0.03921001777052879
-0.03932332247495651
-0.0394442118704319
-0.03956233337521553
-0.03966809809207916
-0.03975285589694977
-0.03980909287929535
-0.03983053937554359
-0.03981225565075874
-0.03975066915154457
-0.03964362293481827
-0.03949030488729477
-0.03929120674729347
-0.03904806450009346
-0.03876374289393425
-0.03844210132956505
-0.0380878672003746
-0.03770649433135986
-0.03730396553874016
-0.03688666969537735
-0.03646119683980942
-0.03603420034050941
-0.03561220690608025
-0.03520144522190094
-0.0348077230155468
-0.03443625569343567
-0.03409155458211899
-0.03377730026841164
-0.03349626064300537
-0.03325022757053375
-0.03303996473550797
-0.03286518156528473
-0.03272456675767899
-0.03261582553386688
-0.03253575041890144
-0.03248032554984093
-0.03244484215974808
-0.03242408111691475
-0.03241246938705444
-0.03240427374839783
-0.03239377588033676
-0.0323755107820034
-0.03234441950917244
-0.03229603916406631
-0.03222667798399925
-0.03213353082537651
-0.03201478719711304
-0.03186969459056854
-0.0316985622048378
-0.03150276839733124
-0.03128468990325928
-0.03104758076369762
-0.03079545497894287
-0.03053290396928787
-0.03026489168405533
-0.02999657765030861
-0.02973306551575661
-0.02947920188307762
-0.02923937141895294
-0.02901732176542282
-0.02881600148975849
-0.02863744087517262
-0.02848269045352936
-0.02835178561508656
-0.02824376337230206
-0.02815672010183334
-0.02808791399002075
-0.0280339177697897
-0.02799077704548836
-0.02795420959591866
-0.02791981026530266
-0.027883255854249
-0.027840506285429
-0.02778799273073673
-0.02772276476025581
-0.02764261700212955
-0.02754617854952812
-0.02743294835090637
-0.0273033119738102
-0.0271584652364254
-0.02700035832822323
-0.02683155983686447
-0.02665511704981327
-0.02647439390420914
-0.02629287913441658
-0.02611401490867138
-0.02594102174043655
-0.02577674202620983
-0.02562351524829865
-0.02548305690288544
-0.02535641565918922
-0.02524392306804657
-0.02514521777629852
-0.02505927346646786
-0.02498449012637138
-0.02491878904402256
-0.02485975250601768
-0.02480475604534149
-0.02475112304091454
-0.02469626069068909
-0.02463779971003532
-0.02457371354103088
-0.02450241148471832
-0.02442280016839504
-0.02433433011174202
-0.02423700504004955
-0.02413134276866913
-0.02401833795011044
-0.0238993801176548
-0.02377614937722683
-0.02365053258836269
-0.02352448180317879
-0.02339991927146912
-0.0232786200940609
-0.02316212467849255
-0.02305165491998196
-0.02294807508587837
-0.02285183779895306
-0.02276299148797989
-0.02268119528889656
-0.02260575443506241
-0.02253568172454834
-0.02246975712478161
-0.02240662649273872
-0.02234487608075142
-0.02228312566876411
-0.02222010120749474
-0.02215470559895039
-0.02208608016371727
-0.02201362885534763
-0.02193705923855305
-0.02185636758804321
-0.02177183888852596
-0.02168399468064308
-0.02159355767071247
-0.02150140330195427
-0.02140849456191063
-0.0213158093392849
-0.02122428640723228
-0.02113477140665054
-0.02104796841740608
-0.02096440270543098
-0.02088439837098122
-0.02080806903541088
-0.02073532529175282
-0.02066588401794434
-0.02059930562973022
-0.02053502574563026
-0.02047239616513252
-0.02041073702275753
-0.02034937590360641
-0.02028769068419933
-0.02022514306008816
-0.02016131579875946
-0.02009592391550541
-0.02002882771193981
-0.01996004208922386
-0.0198897048830986
-0.01981808058917522
-0.01974552683532238
-0.01967246644198895
-0.01959935016930103
-0.01952663250267506
-0.01945473998785019
-0.01938404515385628
-0.01931484416127205
-0.01924733631312847
-0.0191816184669733
-0.01911769807338715
-0.01905548013746738
-0.01899478957056999
-0.01893538236618042
-0.01887697726488113
-0.01881925575435162
-0.01876191422343254
-0.01870465464890003
-0.0186472199857235
-0.01858941651880741
-0.01853110082447529
-0.01847220398485661
-0.01841272041201591
-0.01835271529853344
-0.01829230412840843
-0.01823164708912373
-0.01817093789577484
-0.01811037585139275
-0.01805016584694386
-0.01799048855900764
-0.0179315097630024
-0.01787334494292736
-0.01781607232987881
-0.01775972545146942
-0.01770428568124771
-0.01764969900250435
-0.01759587414562702
-0.01754269748926163
-0.01749003119766712
-0.01743774302303791
-0.01738569140434265
-0.01733375526964664
-0.01728183403611183
-0.01722985878586769
-0.01717778295278549
-0.01712559163570404
-0.01707330904901028
-0.01702097430825233
-0.01696865446865559
-0.0169164314866066
-0.01686438731849194
-0.01681260764598846
-0.0167611762881279
-0.01671016216278076
-0.01665962114930153
-0.01660958491265774
-0.01656006462872028
-0.01651105470955372
-0.01646252907812595
-0.016414450481534
-0.01636676117777824
-0.0163194052875042
-0.01627231948077679
-0.01622544601559639
-0.01617873273789883
-0.01613213866949081
-0.01608563587069511
-0.01603920757770538
-0.01599285565316677
-0.01594659127295017
-0.01590043306350708
-0.01585441082715988
-0.01580855995416641
-0.01576291769742966
-0.0157175175845623
-0.01567239314317703
-0.01562757045030594
-0.01558306347578764
-0.01553888246417046
-0.01549502462148666
-0.01545148063451052
-0.01540823560208082
-0.01536526810377836
-0.01532255299389362
-0.01528006698936224
-0.0152377812191844
-0.01519567426294088
-0.0151537312194705
-0.01511193346232176
-0.01507027633488178
-0.01502875611186028
-0.01498737558722496
-0.01494613941758871
-0.01490506157279015
-0.01486415602266788
-0.0148234348744154
-0.01478291489183903
-0.01474260538816452
-0.0147025203332305
-0.01466266252100468
-0.01462303567677736
-0.01458363886922598
-0.01454446651041508
-0.01450551021844149
-0.01446676161140203
-0.01442820951342583
-0.01438984367996454
-0.01435165200382471
-0.01431362610310316
-0.01427575759589672
-0.01423803903162479
-0.01420046947896481
-0.01416304707527161
-0.01412577461451292
-0.01408865302801132
-0.01405168883502483
-0.01401488576084375
-0.01397825218737125
-0.01394178997725248
-0.01390550378710032
-0.01386939734220505
-0.01383347250521183
-0.01379772834479809
-0.01376216020435095
-0.01372676528990269
-0.01369154080748558
-0.01365648116916418
-0.01362158078700304
-0.01358683686703444
-0.01355224475264549
-0.01351779792457819
-0.01348349545150995
-0.01344933453947306
-0.01341531239449978
-0.01338143181055784
-0.01334769278764725
-0.01331409811973572
-0.01328064687550068
-0.01324734278023243
-0.01321418583393097
-0.01318117789924145
-0.01314831897616386
-0.01311560999602079
-0.01308304909616709
-0.01305063627660275
-0.01301836781203747
-0.01298624277114868
-0.01295425742864609
-0.01292240992188454
-0.01289069931954145
-0.01285912189632654
-0.01282767858356237
-0.01279636658728123
-0.0127651821821928
-0.01273412629961967
-0.01270319987088442
-0.01267240010201931
-0.01264172792434692
-0.01261118426918983
-0.01258076820522547
-0.0125504806637764
-0.01252032071352005
-0.012490289285779
-0.01246038544923067
-0.01243060640990734
-0.01240095403045416
-0.01237142737954855
-0.01234202552586794
-0.01231274753808975
-0.01228359155356884
-0.01225455477833748
-0.01222563628107309
-0.01219683699309826
-0.01216815505176783
-0.01213958952575922
-0.01211113855242729
-0.01208280213177204
-0.01205457933247089
-0.01202647015452385
-0.01199847646057606
-0.01197059545665979
-0.01194282807409763
-0.01191517245024443
-0.01188762951642275
-0.01186019834131002
-0.0118328770622611
-0.01180566567927599
-0.01177856232970953
-0.01175156608223915
-0.01172467693686485
-0.01169789303094149
-0.0116712162271142
-0.01164464559406042
-0.01161818113178015
-0.01159181818366051
-0.0115655567497015
-0.01153939682990313
-0.01151334028691053
-0.01148738618940115
-0.0114615336060524
-0.01143578346818686
-0.01141013391315937
-0.01138458587229252
-0.0113591393455863
-0.01133379340171814
-0.01130854710936546
-0.01128339860588312
-0.01125834695994854
-0.01123339217156172
-0.01120853517204523
-0.01118377316743135
-0.01115910522639751
-0.01113453041762114
-0.01111004780977964
-0.01108565740287304
-0.01106135826557875
-0.01103714946657419
-0.01101303193718195
-0.01098900474607944
-0.0109650669619441
-0.0109412195160985
-0.01091746240854263
-0.0108937956392765
-0.01087021920830011
-0.01084673125296831
-0.01082333270460367
-0.01080002076923847
-0.01077679730951786
-0.01075366046279669
-0.01073060836642981
-0.01070764195173979
-0.01068476121872663
-0.01066196244210005
-0.01063924748450518
-0.0106166172772646
-0.01059406995773315
-0.01057160459458828
-0.01054922118782997
-0.01052691973745823
-0.01050470024347305
-0.01048256270587444
-0.01046050526201725
-0.01043852791190147
-0.01041663065552711
-0.01039481442421675
-0.01037307642400265
-0.01035141851752996
-0.01032983884215355
-0.0103083373978734
-0.01028691232204437
-0.01026556454598904
-0.01024429313838482
-0.01022310089319944
-0.01020198408514261
-0.0101809436455369
-0.01015997771173716
-0.01013908348977566
-0.01011826377362013
-0.01009751670062542
-0.01007684133946896
-0.01005623862147331
-0.01003570575267076
-0.01001524366438389
-0.009994854219257832
-0.009974537417292595
-0.00995428953319788
-0.00993411336094141
-0.009914007969200611
-0.009893975220620632
-0.009874012321233749
-0.009854119271039963
-0.009834296070039272
-0.009814539924263954
-0.009794851765036583
-0.009775232523679733
-0.009755680337548256
-0.009736198000609875
-0.00971678365021944
-0.009697436355054379
-0.009678155183792114
-0.009658941067755222
-0.009639793075621128
-0.009620711207389832
-0.009601695463061333
-0.009582743979990482
-0.009563855826854706
-0.009545031934976578
-0.009526271373033524
-0.009507574141025543
-0.009488939307630062
-0.00947036687284708
-0.009451856836676598
-0.009433410130441189
-0.009415023028850555
-0.009396698325872421
-0.009378436021506786
-0.009360233321785927
-0.009342091158032417
-0.009324008598923683
-0.009305986575782299
-0.00928802601993084
-0.009270125068724155
-0.009252283722162247
-0.009234502911567688
-0.00921678077429533
-0.009199118241667747
-0.009181513451039791
-0.009163966402411461
-0.009146477095782757
-0.009129045531153679
-0.009111671708524227
-0.009094352833926678
-0.009077089838683605
-0.009059883654117584
-0.009042734280228615
-0.009025638923048973
-0.009008597582578659
-0.008991611190140247
-0.008974679745733738
-0.008957802318036556
-0.008940980769693851
-0.008924215100705624
-0.008907505311071873
-0.008890849538147449
-0.008874247781932354
-0.008857698179781437
-0.008841200731694698
-0.008824755437672138
-0.008808361366391182
-0.008792019449174404
-0.00877572875469923
-0.00875948928296566
-0.008743301965296268
-0.008727165870368481
-0.008711080998182297
-0.008695047348737717
-0.008679063990712166
-0.008663132786750793
-0.008647252805531025
-0.008631424978375435
-0.008615649305284023
-0.008599922060966492
-0.00858424324542284
-0.008568611927330494
-0.008553029038012028
-0.008537494577467442
-0.008522006683051586
-0.008506565354764462
-0.008491172455251217
-0.008475827053189278
-0.008460528217256069
-0.008445275947451591
-0.008430071175098419
-0.008414914831519127
-0.008399806916713715
-0.008384747430682182
-0.008369733579456806
-0.008354766294360161
-0.008339846506714821
-0.008324973285198212
-0.008310145698487759
-0.008295363746583462
-0.008280626498162746
-0.008265933953225613
-0.00825128611177206
-0.008236679248511791
-0.008222117088735104
-0.008207598701119423
-0.0081931222230196
-0.008178689517080784
-0.0081642996519804
-0.008149953559041023
-0.008135651238262653
-0.008121391758322716
-0.00810717511922121
-0.008093002252280712
-0.008078873157501221
-0.008064786903560162
-0.00805074255913496
-0.008036741055548191
-0.008022780530154705
-0.008008860982954502
-0.007994982413947582
-0.007981144823133945
-0.007967348210513592
-0.007953591644763947
-0.00793987512588501
-0.007926199585199356
-0.007912562228739262
-0.007898966781795025
-0.007885409519076347
-0.007871892303228378
-0.007858415134251118
-0.00784497894346714
-0.007831582799553871
-0.007818224839866161
-0.007804905530065298
-0.007791624870151281
-0.007778382394462824
-0.007765177637338638
-0.007752011064440012
-0.007738882675766945
-0.007725792471319437
-0.007712739985436201
-0.00769972475245595
-0.00768674723803997
-0.00767380790784955
-0.007660905830562115
-0.007648042403161526
-0.007635215763002634
-0.007622426375746727
-0.007609674707055092
-0.007596961222589016
-0.007584284525364637
-0.007571643684059381
-0.007559038233011961
-0.007546468637883663
-0.007533934898674488
-0.007521436549723148
-0.007508973125368357
-0.007496545556932688
-0.007484152913093567
-0.007471794728189707
-0.007459471467882395
-0.007447182200849056
-0.007434926927089691
-0.007422704715281725
-0.007410516962409019
-0.007398362271487713
-0.007386241108179092
-0.007374153472483158
-0.007362099830061197
-0.00735008018091321
-0.007338094059377909
-0.007326142396777868
-0.007314224261790514
-0.007302339654415846
-0.007290489040315151
-0.007278671953827143
-0.007266887463629246
-0.007255136035382748
-0.007243417669087648
-0.007231730967760086
-0.007220076397061348
-0.007208453491330147
-0.007196862250566483
-0.007185302674770355
-0.007173774763941765
-0.007162278518080711
-0.00715081300586462
-0.007139378227293491
-0.007127974182367325
-0.007116601336747408
-0.007105259224772453
-0.007093947380781174
-0.007082665339112282
-0.007071413565427065
-0.00706019252538681
-0.007049001753330231
-0.007037840783596039
-0.007026710081845522
-0.007015610113739967
-0.0070045399479568
-0.006993500050157309
-0.006982490420341492
-0.006971511524170637
-0.00696056243032217
-0.006949643604457378
-0.006938754580914974
-0.00692789489403367
-0.00691706407815218
-0.006906261667609215
-0.006895487662404776
-0.006884741596877575
-0.006874023471027613
-0.006863334216177464
-0.00685267336666584
-0.006842040456831455
-0.006831435952335596
-0.006820859853178263
-0.00681031122803688
-0.006799790076911449
-0.006789295934140682
-0.006778829265385866
-0.006768389139324427
-0.006757975555956364
-0.006747588515281677
-0.006737228017300367
-0.006726894062012434
-0.006716587115079165
-0.006706307642161846
-0.006696055643260479
-0.006685830652713776
-0.006675633136183023
-0.006665462162345648
-0.006655318662524223
-0.006645201705396175
-0.006635111756622791
-0.006625047884881496
-0.006615010555833578
-0.006604998838156462
-0.006595012731850147
-0.006585052702575922
-0.006575118750333786
-0.006565209943801165
-0.006555326282978058
-0.006545467767864466
-0.006535633467137814
-0.006525823380798101
-0.006516037974506617
-0.006506276782602072
-0.006496540270745754
-0.006486827973276377
-0.006477140355855227
-0.006467476952821016
-0.006457838229835033
-0.006448224186897278
-0.00643863482400775
-0.006429070141166449
-0.006419530138373375
-0.006410014815628529
-0.006400524638593197
-0.00639105960726738
-0.006381618790328503
-0.006372202187776566
-0.006362808402627707
-0.0063534383662045
-0.006344092078506947
-0.006334769073873758
-0.00632547028362751
-0.00631619431078434
-0.006306941621005535
-0.006297711282968521
-0.006288503296673298
-0.006279317196458578
-0.006270153447985649
-0.006261012051254511
-0.006251892540603876
-0.006242794916033745
-0.006233719643205404
-0.00622466579079628
-0.006215635221451521
-0.006206626538187265
-0.006197640206664801
-0.006188677158206701
-0.006179735995829105
-0.006170817650854588
-0.006161920726299286
-0.0061530452221632
-0.006144192069768906
-0.00613535987213254
-0.006126548629254103
-0.006117758806794882
-0.00610898993909359
-0.006100242026150227
-0.00609151553362608
-0.006082810927182436
-0.006074127741158009
-0.006065465975552797
-0.006056825630366802
-0.006048206705600023
-0.006039608735591173
-0.006031032651662827
-0.00602247565984726
-0.006013939157128334
-0.006005423609167337
-0.00599692715331912
-0.005988451186567545
-0.005979995708912611
-0.005971560254693031
-0.005963145289570093
-0.005954751279205084
-0.005946377292275429
-0.005938023794442415
-0.005929689854383469
-0.005921375472098589
-0.005913080647587776
-0.005904805846512318
-0.005896550137549639
-0.005888314917683601
-0.005880098789930344
-0.005871902219951153
-0.005863724742084742
-0.005855565890669823
-0.005847427062690258
-0.005839306861162186
-0.005831207148730755
-0.005823126062750816
-0.00581506360322237
-0.005807020235806704
-0.005798995494842529
-0.005790989380329847
-0.005783001892268658
-0.005775032564997673
-0.005767081864178181
-0.005759149324148893
-0.005751234479248524
-0.005743337795138359
-0.005735459737479687
-0.005727599374949932
-0.005719756707549095
-0.005711933132261038
-0.005704127252101898
-0.005696339998394251
-0.005688570905476809
-0.005680819973349571
-0.005673087202012539
-0.005665372591465712
-0.005657676141709089
-0.005649998318403959
-0.005642338655889034
-0.005634696688503027
-0.005627071484923363
-0.005619463976472616
-0.005611874628812075
-0.005604302976280451
-0.005596748553216457
-0.005589211825281382
-0.005581691861152649
-0.005574188660830259
-0.0055667026899755
-0.005559233948588371
-0.00555178290233016
-0.005544349551200867
-0.005536932032555342
-0.00552953127771616
-0.005522147286683321
-0.005514779128134251
-0.005507426802068949
-0.005500089842826128
-0.005492767784744501
-0.005485461559146643
-0.005478170700371265
-0.005470896605402231
-0.00546363927423954
-0.005456398241221905
-0.005449173972010612
-0.005441966932266951
-0.005434777121990919
-0.005427603144198656
-0.005420446395874023
-0.005413305480033159
-0.005406180396676064
-0.005399071611464024
-0.005391978658735752
-0.005384901072829962
-0.005377838388085365
-0.00537079107016325
-0.005363758187741041
-0.005356740672141314
-0.00534973805770278
-0.005342752207070589
-0.00533578172326088
-0.005328827537596226
-0.005321889650076628
-0.005314967595040798
-0.00530806090682745
-0.00530117005109787
-0.005294294562190771
-0.005287434905767441
-0.005280590150505304
-0.005273760296404362
-0.005266944877803326
-0.005260144360363483
-0.005253357347100973
-0.005246584303677082
-0.005239825695753098
-0.00523308152332902
-0.005226351320743561
-0.005219636019319296
-0.005212936084717512
-0.005206251051276922
-0.005199581384658813
-0.005192927084863186
-0.005186287686228752
-0.005179663188755512
-0.005173052195459604
-0.005166455172002316
-0.005159872584044933
-0.005153302568942308
-0.005146745592355728
-0.005140202585607767
-0.005133672151714563
-0.005127155221998692
-0.005120652262121439
-0.005114162806421518
-0.00510768685489893
-0.005101225804537535
-0.005094778724014759
-0.005088345147669315
-0.005081926472485065
-0.005075521301478148
-0.005069130100309849
-0.005062752868980169
-0.005056389607489109
-0.005050039384514093
-0.00504370266571641
-0.005037380382418633
-0.005031070671975613
-0.005024774465709925
-0.005018492229282856
-0.005012223962694407
-0.005005969665944576
-0.004999728407710791
-0.004993500653654337
-0.004987285938113928
-0.004981084726750851
-0.004974896553903818
-0.004968720488250256
-0.004962556064128876
-0.004956403747200966
-0.004950262606143951
-0.00494413310661912
-0.004938015714287758
-0.004931909963488579
-0.004925815854221582
-0.004919733386486769
-0.004913663025945425
-0.004907604306936264
-0.004901557695120573
-0.004895522259175777
-0.004889498930424452
-0.004883487708866596
-0.004877489060163498
-0.004871502984315157
-0.004865528549998999
-0.004859565291553736
-0.004853614140301943
-0.004847674164921045
-0.004841745365411043
-0.004835827276110649
-0.004829919431358576
-0.004824021831154823
-0.004818134475499392
-0.004812256898730993
-0.004806389100849628
-0.004800531081855297
-0.004794681910425425
-0.004788841586560011
-0.004783009178936481
-0.004777184221893549
-0.004771367646753788
-0.004765557590872049
-0.00475975451990962
-0.004753957968205214
-0.004748168401420116
-0.004742385819554329
-0.004736610222607851
-0.004730841610580683
-0.004725079983472824
-0.004719324875622988
-0.004713576287031174
-0.004707834217697382
-0.004702098201960325
-0.004696367308497429
-0.00469064200296998
-0.004684919491410255
-0.004679199773818254
-0.004673481918871403
-0.004667766392230988
-0.004662051796913147
-0.004656338598579168
-0.004650627728551626
-0.004644919186830521
-0.004639213439077139
-0.004633509553968906
-0.00462780985981226
-0.004622113425284624
-0.004616419784724712
-0.004610729869455099
-0.004605043679475784
-0.004599361680448055
-0.004593683406710625
-0.004588008858263493
-0.004582338966429234
-0.004576673731207848
-0.004571015015244484
-0.004565363749861717
-0.004559720400720835
-0.004554085899144411
-0.004548462573438883
-0.00454285042360425
-0.004537250846624374
-0.004531665705144405
-0.004526094999164343
-0.004520540125668049
-0.004515002481639385
-0.004509482998400927
-0.004503983538597822
-0.004498506896197796
-0.004493053071200848
-0.004487623926252127
-0.004482221323996782
-0.004476845730096102
-0.004471500404179096
-0.004466186743229628
-0.004460906144231558
-0.004455659538507462
-0.004450447857379913
-0.004445271566510201
-0.004440132062882185
-0.004435030277818441
-0.00442996621131897
-0.004424940794706345
-0.004419953562319279
-0.004415004979819059
-0.004410094581544399
-0.004405222367495298
-0.004400387872010469
-0.004395590163767338
-0.004390828777104616
-0.00438610278069973
-0.004381409846246243
-0.004376749042421579
-0.004372117575258017
-0.004367514047771692
-0.004362935200333595
-0.004358378238976002
-0.004353841301053762
-0.004349320661276579
-0.004344813525676727
-0.004340317100286484
-0.00433582765981555
-0.004331341944634914
-0.004326857626438141
-0.004322370514273643
-0.00431787921115756
-0.00431338045746088
-0.004308870993554592
-0.004304347559809685
-0.004299808759242296
-0.004295252729207277
-0.004290677141398191
-0.004286080598831177
-0.004281462170183659
-0.004276821855455637
-0.00427215825766325
-0.004267471376806498
-0.00426276121288538
-0.004258029162883759
-0.004253274761140347
-0.004248499404639006
-0.004243705421686172
-0.004238894209265709
-0.004234067164361477
-0.004229226615279913
-0.004224375355988741
-0.004219515714794397
-0.004214650020003319
-0.004209780134260654
-0.004204909317195415
-0.004200038965791464
-0.004195172339677811
-0.004190309438854456
-0.004185452125966549
-0.004180602263659239
-0.004175759851932526
-0.004170925356447697
-0.004166098777204752
-0.004161279648542404
-0.004156467970460653
-0.004151663277298212
-0.004146863706409931
-0.004142067860811949
-0.004137273877859116
-0.004132478032261133
-0.004127678461372852
-0.004122871905565262
-0.004118053708225489
-0.004113221541047096
-0.004108372610062361
-0.004103502724319696
-0.004098609089851379
-0.004093689378350973
-0.004088741261512041
-0.004083763808012009
-0.004078754689544439
-0.004073713906109333
-0.004068641923367977
-0.004063539206981659
-0.004058408085256815
-0.004053251352161169
-0.004048071336001158
-0.004042872693389654
-0.004037659149616957
-0.004032438155263662
-0.004027215763926506
-0.00402199849486351
-0.004016793332993984
-0.0040116086602211
-0.004006452392786741
-0.004001332446932793
-0.003996258135885
-0.003991237841546535
-0.003986279480159283
-0.003981390967965126
-0.003976578824222088
-0.003971850965172052
-0.003967211116105318
-0.003962664864957333
-0.003958215937018394
-0.003953866194933653
-0.003949616104364395
-0.003945465665310621
-0.003941412549465895
-0.003937454894185066
-0.003933586180210114
-0.003929800819605589
-0.003926091827452183
-0.003922450356185436
-0.003918866161257029
-0.003915329463779926
-0.003911830484867096
-0.003908357582986355
-0.003904898650944233
-0.003901442280039191
-0.003897977527230978
-0.003894492518156767
-0.003890977008268237
-0.003887420985847712
-0.003883815603330731
-0.003880152478814125
-0.003876424627378583
-0.003872626926749945
-0.003868754720315337
-0.00386480544693768
-0.003860778640955687
-0.003856675000861287
-0.003852497320622206
-0.003848250024020672
-0.003843938698992133
-0.003839570796117187
-0.003835153998807073
-0.003830698318779469
-0.003826214000582695
-0.003821711987257004
-0.00381720345467329
-0.003812699811533093
-0.003808212699368596
-0.00380375306122005
-0.00379933207295835
-0.003794959047809243
-0.003790642600506544
-0.003786390647292137
-0.003782209707424045
-0.003778104670345783
-0.003774078562855721
-0.003770133014768362
-0.003766268258914351
-0.003762483131140471
-0.003758774138987064
-0.003755137091502547
-0.003751565935090184
-0.003748054383322597
-0.003744594287127256
-0.003741177031770349
-0.003737793536856771
-0.003734434023499489
-0.003731088945642114
-0.003727748757228255
-0.003724404145032167
-0.003721046261489391
-0.003717667190358043
-0.003714259481057525
-0.003710816614329815
-0.003707334399223328
-0.003703808877617121
-0.003700237721204758
-0.003696619998663664
-0.003692955942824483
-0.003689246950671077
-0.0036854965146631
-0.003681708825752139
-0.003677889006212354
-0.003674043109640479
-0.003670178120955825
-0.003666301257908344
-0.003662420436739922
-0.003658542409539223
-0.003654675325378776
-0.00365082616917789
-0.003647001693025231
-0.003643208183348179
-0.003639450995251536
-0.003635734086856246
-0.003632060717791319
-0.003628433216363192
-0.003624852746725082
-0.003621318377554417
-0.003617829410359263
-0.00361438374966383
-0.003610979299992323
-0.003607612336054444
-0.003604278434067965
-0.00360097223892808
-0.003597689559683204
-0.003594424808397889
-0.003591171698644757
-0.00358792464248836
-0.003584678750485182
-0.00358142820186913
-0.003578168340027332
-0.003574895672500134
-0.003571606473997235
-0.003568298183381557
-0.003564969170838594
-0.003561618272215128
-0.003558245953172445
-0.003554852679371834
-0.003551440313458443
-0.003548011183738708
-0.003544568317010999
-0.003541115205734968
-0.003537655808031559
-0.00353419384919107
-0.003530733752995729
-0.003527279710397124
-0.003523836145177484
-0.003520406316965818
-0.003516994416713715
-0.003513603704050183
-0.003510236274451017
-0.003506894921883941
-0.003503580810502172
-0.003500295337289572
-0.003497038269415498
-0.003493808442726731
-0.003490604925900698
-0.003487426089122891
-0.003484269138425589
-0.003481131047010422
-0.003478008322417736
-0.003474897937849164
-0.003471795935183764
-0.003468699054792523
-0.003465603804215789
-0.003462507389485836
-0.003459407249465585
-0.003456300823017955
-0.003453186480328441
-0.003450063522905111
-0.003446931019425392
-0.003443788504227996
-0.003440636908635497
-0.003437476698309183
-0.00343430950306356
-0.003431137185543776
-0.003427961841225624
-0.003424786031246185
-0.003421612316742539
-0.003418443724513054
-0.003415282582864165
-0.003412131918594241
-0.003408993827179074
-0.003405870171263814
-0.003402762813493609
-0.003399672918021679
-0.003396600717678666
-0.003393546445295215
-0.003390510100871325
-0.003387490753084421
-0.003384487237781286
-0.003381497925147414
-0.003378521651029587
-0.003375556319952011
-0.003372600069269538
-0.003369651036337018
-0.003366707125678658
-0.00336376647464931
-0.003360827220603824
-0.003357887966558337
-0.003354947548359632
-0.003352004569023848
-0.003349058562889695
-0.003346109529957175
-0.003343157237395644
-0.003340202150866389
-0.003337244968861341
-0.003334286389872432
-0.003331328043714166
-0.003328371327370405
-0.0033254181034863
-0.003322469769045711
-0.003319527953863144
-0.003316594287753105
-0.003313669934868813
-0.003310756292194128
-0.003307854291051626
-0.003304964397102594
-0.00330208707600832
-0.003299222327768803
-0.003296369686722755
-0.003293529152870178
-0.003290699562057853
-0.003287879750132561
-0.003285068552941084
-0.003282265504822135
-0.003279468510299921
-0.003276676638051867
-0.003273888491094112
-0.003271102905273438
-0.003268318716436625
-0.003265535226091743
-0.003262751735746861
-0.003259968245401978
-0.003257184289395809
-0.003254400799050927
-0.003251618472859263
-0.003248837543651462
-0.003246059408411384
-0.00324328476563096
-0.003240515245124698
-0.003237752011045814
-0.003234995529055595
-0.003232246963307261
-0.003229506546631455
-0.003226774977520108
-0.003224052721634507
-0.003221339080482721
-0.003218634519726038
-0.003215938108041883
-0.003213250078260899
-0.003210569731891155
-0.003207896603271365
-0.003205230692401528
-0.003202570835128427
-0.00319991703145206
-0.003197268350049853
-0.003194624790921807
-0.003191985422745347
-0.003189350012689829
-0.003186718560755253
-0.003184090834110975
-0.00318146706558764
-0.003178847022354603
-0.003176231402903795
-0.003173620440065861
-0.00317101483233273
-0.003168415511026978
-0.003165823174640536
-0.003163238288834691
-0.003160661784932017
-0.003158093662932515
-0.003155534388497472
-0.003152984660118818
-0.003150444477796555
-0.003147914307191968
-0.003145394846796989
-0.003142885630950332
-0.003140386426821351
-0.003137897467240691
-0.003135418519377708
-0.003132949816063046
-0.003130490658804774
-0.003128041280433536
-0.003125601448118687
-0.00312317069619894
-0.003120749490335584
-0.003118336899206042
-0.003115933621302247
-0.003113539656624198
-0.003111154539510608
-0.003108778735622764
-0.003106412943452597
-0.003104056930169463
-0.003101710695773363
-0.003099374705925584
-0.003097049426287413
-0.003094735089689493
-0.003092431463301182
-0.003090138547122478
-0.003087856341153383
-0.00308558507822454
-0.003083324059844017
-0.003081072587519884
-0.003078830195590854
-0.003076596418395638
-0.003074371023103595
-0.003072153078392148
-0.00306994142010808
-0.003067735349759459
-0.003065534168854356
-0.003063337411731482
-0.003061143681406975
-0.003058952745050192
-0.003056762972846627
-0.003054573433473706
-0.003052383661270142
-0.003050192492082715
-0.003047998994588852
-0.003045801538974047
-0.003043599659577012
-0.003041391959413886
-0.003039177507162094
-0.003036955371499062
-0.003034724621102214
-0.003032484324648976
-0.003030233317986131
-0.003027970902621746
-0.003025696147233248
-0.003023407887667418
-0.003021105192601681
-0.003018787363544106
-0.00301645346917212
-0.003014103276655078
-0.003011735854670405
-0.003009350737556815
-0.003006947692483664
-0.003004526253789663
-0.003002085955813527
-0.002999626798555255
-0.00299714901484549
-0.00299465237185359
-0.002992137568071485
-0.002989605301991105
-0.002987056272104383
-0.002984491642564535
-0.002981912344694138
-0.002979319775477052
-0.00297671533189714
-0.00297410087659955
-0.002971478272229433
-0.002968849148601294
-0.002966215368360281
-0.002963579725474119
-0.002960943849757314
-0.002958310302346945
-0.002955680713057518
-0.002953057875856757
-0.002950443886220455
-0.002947840839624405
-0.002945250831544399
-0.002942675957456231
-0.002940118545666337
-0.002937581157311797
-0.002935065189376473
-0.002932572504505515
-0.002930104732513428
-0.002927663736045361
-0.002925250446423888
-0.002922866260632873
-0.002920512575656176
-0.002918190322816372
-0.002915899734944105
-0.00291364174336195
-0.002911416115239263
-0.002909223781898618
-0.002907064277678728
-0.002904936904087663
-0.002902841893956065
-0.002900778083130717
-0.002898745005950332
-0.00289674149826169
-0.002894766861572862
-0.002892820164561272
-0.002890900475904346
-0.002889006398618221
-0.002887136768549681
-0.002885290421545506
-0.002883466193452477
-0.002881662221625447
-0.002879877807572484
-0.002878112019971013
-0.002876363461837173
-0.002874630969017744
-0.00287291407585144
-0.002871211618185043
-0.002869522431865335
-0.002867846749722958
-0.002866183873265982
-0.002864533569663763
-0.002862895838916302
-0.002861270681023598
-0.002859657630324364
-0.002858056919649243
-0.002856468083336949
-0.002854890655726194
-0.002853324869647622
-0.002851770026609302
-0.002850224729627371
-0.002848688513040543
-0.002847160212695599
-0.00284563796594739
-0.002844120375812054
-0.002842605812475085
-0.002841091714799404
-0.002839576452970505
-0.002838057465851307
-0.002836531959474087
-0.00283499713987112
-0.00283344998024404
-0.002831887453794479
-0.002830305835232139
-0.002828701632097363
-0.002827071351930499
-0.002825411269441247
-0.002823717892169952
-0.00282198772765696
-0.00282021751627326
-0.002818404696881771
-0.00281654647551477
-0.00281464122235775
-0.002812687074765563
-0.002810683334246278
-0.002808630233630538
-0.002806527772918344
-0.002804377116262913
-0.002802180591970682
-0.002799940761178732
-0.002797660185024142
-0.002795343054458499
-0.002792993793264031
-0.002790617756545544
-0.002788220765069127
-0.002785808173939586
-0.002783386968076229
-0.002780964365229011
-0.002778547815978527
-0.002776145003736019
-0.002773762680590153
-0.002771408297121525
-0.002769089071080089
-0.00276681175455451
-0.00276458146981895
-0.002762403571978211
-0.002760282251983881
-0.00275822076946497
-0.002756220987066627
-0.002754284534603357
-0.002752411644905806
-0.002750601153820753
-0.002748850965872407
-0.002747157821431756
-0.002745517995208502
-0.00274392613209784
-0.002742376178503036
-0.002740861847996712
-0.002739375922828913
-0.002737910486757755
-0.002736456925049424
-0.002735006157308817
-0.002733550034463406
-0.002732079941779375
-0.00273058726452291
-0.002729063853621483
-0.002727503422647715
-0.002725898986682296
-0.002724244957789779
-0.002722537610679865
-0.002720773918554187
-0.002718952018767595
-0.002717070979997516
-0.002715131733566523
-0.002713136374950409
-0.002711088163778186
-0.002708991058170795
-0.002706850878894329
-0.002704673679545522
-0.002702466677874327
-0.002700237557291985
-0.002697994466871023
-0.002695746021345258
-0.002693500835448503
-0.002691267291083932
-0.002689053537324071
-0.002686866326257586
-0.002684712875634432
-0.002682599471881986
-0.002680530538782477
-0.002678510500118136
-0.00267654238268733
-0.002674627350643277
-0.002672765869647264
-0.002670957008376718
-0.002669198671355844
-0.002667487366124988
-0.002665819134563208
-0.002664187923073769
-0.002662588376551867
-0.002661013742908835
-0.002659456804394722
-0.002657909877598286
-0.00265636551193893
-0.002654816024005413
-0.002653254196047783
-0.002651673275977373
-0.002650066977366805
-0.002648430643603206
-0.002646760083734989
-0.002645052038133144
-0.002643303712829947
-0.002641514874994755
-0.002639685291796923
-0.002637816593050957
-0.002635911107063293
-0.002633972559124231
-0.002632005373016
-0.002630014671012759
-0.002628005808219314
-0.002625985071063042
-0.002623959211632609
-0.002621934516355395
-0.002619917038828135
-0.002617913065478206
-0.002615927951410413
-0.002613966120406985
-0.002612031297758222
-0.002610126975923777
-0.002608255250379443
-0.00260641728527844
-0.002604613546282053
-0.002602843102067709
-0.002601104322820902
-0.002599395345896482
-0.00259771291166544
-0.002596053062006831
-0.002594412071630359
-0.002592784818261862
-0.002591166645288467
-0.002589552430436015
-0.002587937284260988
-0.002586317248642445
-0.002584687434136868
-0.002583044115453959
-0.00258138426579535
-0.002579705324023962
-0.002578005427494645
-0.002576283644884825
-0.002574539743363857
-0.002572773955762386
-0.002570987679064274
-0.002569183008745313
-0.002567362040281296
-0.002565527334809303
-0.00256368238478899
-0.002561830449849367
-0.002559975488111377
-0.002558121224865317
-0.002556271618232131
-0.002554430160671473
-0.002552599413320422
-0.002550782635807991
-0.002548981923609972
-0.002547199605032802
-0.002545436844229698
-0.002543693874031305
-0.002541970694437623
-0.00254026660695672
-0.002538580447435379
-0.002536910586059093
-0.002535254694521427
-0.002533609978854656
-0.00253197317942977
-0.002530342200770974
-0.002528712851926684
-0.002527083270251751
-0.00252545066177845
-0.002523812232539058
-0.002522166119888425
-0.002520511159673333
-0.002518845954909921
-0.002517169574275613
-0.002515482250601053
-0.002513783983886242
-0.002512075239792466
-0.002510357182472944
-0.002508630277588964
-0.00250689685344696
-0.002505159005522728
-0.002503418829292059
-0.002501678420230746
-0.002499940106645226
-0.002498205751180649
-0.002496477216482162
-0.00249475659802556
-0.002493045292794704
-0.002491344232112169
-0.002489654347300529
-0.002487976104021072
-0.002486309269443154
-0.002484653610736132
-0.00248300819657743
-0.002481372095644474
-0.002479744143784046
-0.002478122478350997
-0.002476505236700177
-0.002474891487509012
-0.002473279135301709
-0.002471666550263762
-0.002470052102580667
-0.002468434860929847
-0.002466813661158085
-0.00246518780477345
-0.002463556826114655
-0.002461920492351055
-0.002460279501974583
-0.002458633622154593
-0.002456983784213662
-0.002455330919474363
-0.002453675726428628
-0.002452019602060318
-0.002450363477692008
-0.002448708517476916
-0.002447055652737617
-0.002445406280457973
-0.002443761331960559
-0.002442121505737305
-0.002440487733110785
-0.002438859781250358
-0.002437238348647952
-0.002435623435303569
-0.002434014575555921
-0.002432411536574364
-0.002430814085528255
-0.002429221291095018
-0.002427632221952081
-0.002426046412438154
-0.002424462698400021
-0.002422880847007036
-0.00242130015976727
-0.002419719705358148
-0.002418138785287738
-0.002416557166725397
-0.002414974616840482
-0.002413390669971704
-0.002411805326119065
-0.002410218585282564
-0.002408629981800914
-0.002407040214166045
-0.002405449515208602
-0.002403858350589871
-0.002402267185971141
-0.002400676254183054
-0.002399086719378829
-0.002397499512881041
-0.002395915100350976
-0.002394333714619279
-0.00239275605417788
-0.00239118211902678
-0.002389612607657909
-0.002388047520071268
-0.002386486856266856
-0.002384930150583386
-0.002383377170190215
-0.002381827682256699
-0.002380280988290906
-0.00237873662263155
-0.002377193653956056
-0.002375651616603136
-0.002374110277742147
-0.002372569171711802
-0.002371027134358883
-0.002369485329836607
-0.0023679428268224
-0.00236640009097755
-0.002364856889471412
-0.002363313920795918
-0.002361771650612354
-0.002360229846090078
-0.002358689438551664
-0.002357150660827756
-0.002355613745748997
-0.002354079158976674
-0.002352547133341432
-0.002351018134504557
-0.002349491929635406
-0.002347968984395266
-0.002346449065953493
-0.002344932174310088
-0.00234341761097312
-0.002341905841603875
-0.002340396633371711
-0.002338889753445983
-0.002337384968996048
-0.002335881814360619
-0.002334380988031626
-0.002332881325855851
-0.002331382827833295
-0.002329885261133313
-0.002328388625755906
-0.002326893154531717
-0.002325398381799459
-0.002323903609067202
-0.002322409534826875
-0.002320916159078479
-0.002319423016160727
-0.002317930338904262
-0.002316438360139728
-0.002314947312697768
-0.002313457196578383
-0.002311968244612217
-0.002310480689629912
-0.002308994764462113
-0.002307510701939464
-0.00230602896772325
-0.002304549561813474
-0.002303072717040777
-0.002301598200574517
-0.002300126012414694
-0.002298656152561307
-0.002297188853845
-0.002295723417773843
-0.002294260077178478
-0.002292798599228263
-0.002291338518261909
-0.002289880067110062
-0.002288422780111432
-0.002286966890096664
-0.002285512164235115
-0.002284058136865497
-0.002282605040818453
-0.002281152876093984
-0.002279701875522733
-0.002278251806274056
-0.002276802435517311
-0.002275354228913784
-0.002273907186463475
-0.002272461540997028
-0.002271017525345087
-0.002269574673846364
-0.002268133452162147
-0.002266694325953722
-0.002265257760882378
-0.002263823291286826
-0.002262391149997711
-0.002260961337015033
-0.002259533619508147
-0.002258107997477055
-0.002256684005260468
-0.002255261642858386
-0.002253840444609523
-0.002252420177683234
-0.002251000609248877
-0.00224958173930645
-0.002248163800686598
-0.002246746327728033
-0.002245329786092043
-0.002243913942947984
-0.002242499031126499
-0.002241085283458233
-0.002239672699943185
-0.002238261979073286
-0.002236853120848536
-0.002235445426777005
-0.002234039595350623
-0.002232635393738747
-0.002231233054772019
-0.002229832345619798
-0.002228433731943369
-0.002227036980912089
-0.002225641859695315
-0.002224248368293047
-0.002222856739535928
-0.002221466740593314
-0.002220078371465206
-0.002218691632151604
-0.002217306522652507
-0.002215922810137272
-0.002214540494605899
-0.002213160041719675
-0.002211780985817313
-0.002210403326898813
-0.002209027297794819
-0.002207652200013399
-0.002206278033554554
-0.002204905264079571
-0.002203533658757806
-0.002202163450419903
-0.002200794173404574
-0.002199426060542464
-0.002198059344664216
-0.002196693560108542
-0.002195329172536731
-0.00219396548345685
-0.002192602725699544
-0.002191241132095456
-0.002189880702644587
-0.002188521670177579
-0.002187164034694433
-0.002185807796195149
-0.002184453187510371
-0.002183100441470742
-0.002181749092414975
-0.002180399373173714
-0.002179051050916314
-0.002177704591304064
-0.002176359761506319
-0.00217501656152308
-0.002173674525693059
-0.0021723338868469
-0.002170994877815247
-0.002169657032936811
-0.002168320119380951
-0.002166984137147665
-0.002165649551898241
-0.002164316363632679
