0
0
0
0
0
0
0
0
0
0
0
0
0
0
0
0
0
0
0
0
0
0
0
0
0
0
0
0
0
0
0
0
0
0
0
0
0
0
0
0
0
0
0
0
0
0
0
0
0
0
0
0
0
0
0
0
0
0
0
0
0
0
0
0
0
0
0
0
0
0
0
0
0
0
0
0
0
0
0
0
0
0
0
0
0
0
0
0
0
0
0
0
0
0
0
0
0
0
0
0
0
0
0
0
0
0
0
0
0
0
0
0
0
0
0
0
0
0
0
0
0
0
0
0
0
0
0
0
0
0
0
0
0
0
0
0
0
0
0
0
0
0
0
0
0
0
0
0
0
0
0
0
0
0
0
0
0
0
0
0
0
0
0
0
0
0
0
0
0
0
0
0
0
0
0
0
0
0
0
0
0
0
0
0
0
0
0
0
0
0
0
0
0
0
0
0
0
0
0
0
0
0
0
0
0
0
0
0
0
0
0
0
0
0
0
0
0
0
0
0
0
0
0
0
0
0
0
0
0
0
0
0
0
0
0
0
0
0
0
0
0
0
0
0
0
0
0
0
0
0
0
0
0
0
0
0
0
0
0
0
0
0
0
0
0
0
0
0
0
0
0
0
0
0
0
0
0
0
0
0
0
0
0
0
0
0
0
0
0
0
0
0
0
0
0
0
0
0
0
0
0
0
0
0
0
0
0
0
0
0
0
0
0
0
0
0
0
0
0
0
0
0
0
0
0
0
0
0
0
0
0
0
0
0
0
0
0
0
0
0
0
0
0
0
0
0
0
0
0
0
0
0
0
0
0
0
0
0
0
0
0
0
0
0
0
0
0
0
0
0
0
0
0
0
0
0
0
0
0
0
0
0
0
0
0
0
0
0
0
0
0
0
0
0
0
0
0
0
0
0
0
0
0
0
0
0
0
0
0
0
0
0
0
0
0
0
0
0
0
0
0
0
0
0
0
0
0
0
0
0
0
0
0
0
0
0
0
0
0
0
0
0
0
0
0
0
0
0
0
0
0
0
0
0
0
0
0
0
0
0
0
0
0
0
0
0
0
0
0
0
0
0
0
0
0
0
0
0
0
0
0
0
0
0
0
0
0
0
0
0
0
0
0
0
0
0
0
0
0
0
0
0
0
0
0
0
0
0
0
0
0
0
0
0
0
0
0
0
0
0
0
0
0
0
0
0
0
0
0
0
0
0
0
0
0
0
0
0
0
0
0
0
0
0
0
0
0
0
0
0
0
0
0
0
0
0
0
0
0
0
0
0
0
0
0
0
0
0
0
0
0
0
0
0
0
0
0
0
0
0
0
0
0
0
0
0
0
0
0
0
0
0
0
0
0
0
0
0
0
0
0
0
0
0
0
0
0
0
0
0
0
0
0
0
0
0
0
0
0
0
0
0
0
0
0
0
0
0
0
0
0
0
0
0
0
0
0
0
0
0
0
0
0
0
0
0
0
0
0
0
0
0
0
0
0
0
0
0
0
0
0
0
0
0
0
0
0
0
0
0
0
0
0
0
0
0
0
0
0
0
0
0
0
0
0
0
0
0
0
0
0
0
0
0
0
0
0
0
0
0
0
0
0
0
0
0
0
0
0
0
0
0
0
0
0
0
0
0
0
0
0
0
0
0
0
0
0
0
0
0
0
0
0
0
0
0
0
0
0
0
0
0
0
0
0
0
0
0
0
0
0
0
0
0
0
0
0
0
0
0
0
0
0
0
0
0
0
0
0
0
0
0
0
0
0
0
0
0
0
0
0
0
0
0
0
0
0
0
0
0
0
0
0
0
0
0
0
0
0
0
0
0
0
0
0
0
0
0
0
0
0
0
0
0
0
0
0
0
0
0
0
0
0
0
0
0
0
0
0
0
0
0
0
0
0
0
0
0
0
0
0
0
0
0
0
0
0
0
0
0
0
0
0
0
0
0
0
0
0
0
0
0
0
0
0
0
0
0
0
0
0
0
0
0
0
0
0
0
0
0
0
0
0
0
0
0
0
0
0
0
0
0
0
0
0
0
0
0
0
0
0
0
0
0
0
0
0
0
0
0
0
0
0
0
0
0
0
0
0
0
0
0
0
0
0
0
0
0
0
0
0
0
0
0
0
0
0
0
0
0
0
0
0
0
0
0
0
0
0
0
0
0
0
0
0
0
0
0
0
0
0
0
0
0
0
0
0
0
0
0
0
0
0
0
0
0
0
0
0
0
0
0
0
0
0
0
0
0
0
0
0
0
0
0
0
0
0
0
0
0
0
0
0
0
0
0
0
0
0
0
0
0
0
0
0
0
0
0
0
0
0
0
0
0
0
0
0
0
0
0
0
0
0
0
0
0
0
0
0
0
0
0
0
0
0
0
0
0
0
0
0
0
0
0
0
0
0
0
0
0
0
0
0
0
0
0
0
0
0
0
0
0
0
0
0
0
0
0
0
0
0
0
0
0
0
0
0
0
0
0
0
0
0
0
0
0
0
0
0
0
0
0
0
0
0
0
0
0
0
0
0
0
0
0
0
0
0
0
0
0
0
0
0
0
0
0
0
0
0
0
0
0
0
0
0
0
0
0
0
0
0
0
0
0
0
0
0
0
0
0
0
0
0
0
0
0
0
0
0
0
0
0
0
0
0
0
0
0
0
0
0
0
0
0
0
0
0
0
0
0
0
0
0
0
0
0
0
0
0
0
0
0
0
0
0
0
0
0
0
0
0
0
0
0
0
0
0
0
0
0
0
0
0
0
0
0
0
0
0
0
0
0
0
0
0
0
0
0
0
0
0
0
0
0
0
0
0
0
0
0
0
0
0
0
0
0
0
0
0
0
0
0
0
0
0
0
0
0
0
0
0
0
0
0
0
0
0
0
0
0
0
0
0
0
0
0
0
0
0
0
0
0
0
0
0
0
0
0
0
0
0
0
0
0
0
0
0
0
0
0
0
0
0
0
0
0
0
0
0
0
0
0
0
0
0
0
0
0
0
0
0
0
0
0
0
0
0
0
0
0
0
0
0
0
0
0
0
0
0
0
0
0
0
0
0
0
0
0
0
0
0
0
0
0
0
0
0
0
0
0
0
0
0
0
0
0
0
0
0
0
0
0
0
0
0
0
0
0
0
0
0
0
0
0
0
0
0
0
0
0
0
0
0
0
0
0
0
0
0
0
0
0
0
0
0
0
0
0
0
0
0
0
0
0
0
0
0
0
0
0
0
0
0
0
0
0
0
0
0
0
0
0
0
0
0
0
0
0
0
0
0
0
0
0
0
0
0
0
0
0
0
0
0
0
0
0
0
0
0
0
0
0
0
0
0
0
0
0
0
0
0
0
0
0
0
0
0
0
0
0
0
0
0
0
0
0
0
0
0
0
0
0
0
0
0
0
0
0
0
0
0
0
0
0
0
0
0
0
0
0
0
0
0
0
0
0
0
0
0
0
0
0
0
0
0
0
0
0
0
0
0
0
0
0
0
0
0
0
0
0
0
0
0
0
0
0
0
0
0
0
0
0
0
0
0
0
0
0
0
0
0
0
0
0
0
0
0
0
0
0
0
0
0
0
0
0
0
0
0
0
0
0
0
0
0
0
0
0
0
0
0
0
0
0
0
0
0
0
0
0
0
0
0
0
0
0
0
0
0
0
0
0
0
0
0
0
0
0
0
0
0
0
0
0
0
0
0
0
0
0
0
0
0
0
0
0
0
0
0
0
0
0
0
0
0
0
0
0
0
0
0
0
0
0
0
0
0
0
0
0
0
0
0
0
0
0
0
0
0
0
0
0
0
0
0
0
0
0
0
7.006492321624085e-45
2.101947696487226e-44
4.484155085839415e-44
8.407790785948902e-44
1.471363387541058e-43
2.45227231256843e-43
3.993700623325729e-43
6.445972935894159e-43
1.039763460529014e-42
1.673150366403832e-42
2.6820852607177e-42
4.300584987012864e-42
6.878974161370527e-42
1.099879164648549e-41
1.755686845952563e-41
2.798252903410227e-41
4.454167298702864e-41
7.081882179004761e-41
1.124626095528525e-40
1.783726828223703e-40
2.825690327341707e-40
4.471066958182621e-40
7.066243688142896e-40
1.11548402434727e-39
1.758869194765045e-39
2.770158270498979e-39
4.357889686412963e-39
6.847765843271549e-39
1.074788775514967e-38
1.684994981803384e-38
2.638615861315573e-38
4.127202047762261e-38
6.448186426948406e-38
1.006288121774452e-37
1.568593546475068e-37
2.442317936693375e-37
3.798376208772667e-37
5.900627930974712e-37
9.155950538076797e-37
1.419103160825549e-36
2.197001022334815e-36
3.397447005716748e-36
5.247852973438353e-36
8.096878843846768e-36
1.247845942019622e-35
1.920932256686318e-35
2.95373318755017e-35
4.536689007444743e-35
6.960103199162466e-35
1.066600296458579e-34
1.632666373964893e-34
2.496336971002568e-34
3.812583913366362e-34
5.81629461999083e-34
8.86307771334131e-34
1.349069316032645e-33
2.051142500610872e-33
3.115083172224094e-33
4.725589778719308e-33
7.16069795813468e-33
1.083846713355237e-32
1.638679532664578e-32
2.47476590579746e-32
3.733262794352073e-32
5.625453406008419e-32
8.467230982525263e-32
1.273035579009735e-31
1.911856220722581e-31
2.868043762687098e-31
4.297663300137382e-31
6.432733908038737e-31
9.617796036902487e-31
1.436390714049439e-30
2.142826143469888e-30
3.19314746112735e-30
4.753012289866258e-30
7.067032916691597e-30
1.049599695781424e-29
1.557145054545569e-29
2.307562592517289e-29
3.415837474382154e-29
5.050803640375889e-29
7.460081213640451e-29
1.100643685386785e-28
1.622072365942616e-28
2.387889519379034e-28
3.511390141345807e-28
5.157805539561749e-28
7.567842531077507e-28
1.109176566153641e-27
1.623869210432481e-27
2.374779858692336e-27
3.46910827534673e-27
5.062146621450476e-27
7.378602773264956e-27
1.074326555661163e-26
1.562505269063013e-26
2.270021210483326e-26
3.294288686881185e-26
4.775479498873818e-26
6.915062250530059e-26
1.000228234536171e-25
1.445194287700542e-25
2.085823668228417e-25
3.007138510259596e-25
4.330658029122233e-25
6.229871719839962e-25
8.952188795522084e-25
1.285003828899481e-24
1.842488970998389e-24
2.638947001167131e-24
3.775564811895569e-24
5.395836596273856e-24
7.703027157674159e-24
1.098474532137874e-23
1.564748203994759e-23
2.22651225778763e-23
3.164695697124841e-23
4.49329681141988e-23
6.372718159519317e-23
9.028399464284128e-23
1.277684055613112e-22
1.806187919279788e-22
2.550522359566505e-22
3.597677529738008e-22
5.069233303595685e-22
7.134922508119825e-22
1.003144102776469e-21
1.408849132149237e-21
1.976482036571362e-21
2.769800346694783e-21
3.877317032875685e-21
5.421774308127643e-21
7.573191513711724e-21
1.056680661815515e-20
1.472773754900498e-20
2.050480733675368e-20
2.851692883314345e-20
3.961660697905111e-20
5.497677580514117e-20
7.620940999247488e-20
1.055274438618303e-19
1.459653119421759e-19
2.016792995435579e-19
2.783558403999265e-19
3.837661541945496e-19
5.285185737894784e-19
7.270782650503691e-19
9.991468090118565e-19
1.371527804351591e-18
1.88064599424698e-18
2.575944445452157e-18
3.524463148084822e-18
4.816996961696401e-18
6.576374969420657e-18
8.968575924250032e-18
1.221763383687869e-17
1.662559577593191e-17
2.259923773379998e-17
3.068575043903471e-17
4.162036676165894e-17
5.638988173958516e-17
7.631719870902453e-17
1.031738275221553e-16
1.393292568221377e-16
1.879492788667796e-16
2.532587219434179e-16
3.408893360647792e-16
4.58339692154669e-16
6.155827826038389e-16
8.258670232705139e-16
1.106772530035398e-15
1.481599749909358e-15
1.981196722858889e-15
2.64635581446993e-15
3.530958061066748e-15
4.706092185055317e-15
6.265438759852542e-15
8.332313924117388e-15
1.106885037186617e-14
1.468797651592909e-14
1.946900147066326e-14
2.577789259719347e-14
3.409360128741289e-14
4.50422170264822e-14
5.944124180498264e-14
7.835681566483246e-14
1.031778015889856e-13
1.357113071009594e-13
1.783058970654741e-13
2.340102937814503e-13
3.067774712647159e-13
4.0172682888584e-13
5.254807006194184e-13
6.865954744854352e-13
8.96113207509569e-13
1.16826730581221e-12
1.521383279773358e-12
1.979026751502966e-12
2.571466694092917e-12
3.337535976755124e-12
4.326994925557548e-12
5.603531093995029e-12
7.248558090561241e-12
9.366029653234964e-12
1.208851595213556e-11
1.558488060826591e-11
2.006996478731704e-11
2.581676539215039e-11
3.317177088568712e-11
4.257419417008634e-11
5.458015636672364e-11
6.989291784220697e-11
8.940070211904683e-11
1.142240677043382e-10
1.457748366462397e-10
1.858297266066344e-10
2.366218887495108e-10
3.009546500898352e-10
3.823430461125099e-10
4.851885004875101e-10
6.149960540824395e-10
7.786424838229777e-10
9.847070936430669e-10
1.243880443091427e-09
1.569466556716748e-09
1.978001318292399e-09
2.49001219643219e-09
3.130949055574206e-09
3.932324688094013e-09
4.933111696914239e-09
6.181442913089086e-09
7.736691287618669e-09
9.672001866078972e-09
1.207737021502453e-08
1.506337810042169e-08
1.876573030301643e-08
2.335075244275231e-08
2.90220238952088e-08
3.602839626637433e-08
4.467367986649151e-08
5.532826463650053e-08
6.844314270892937e-08
8.456672873080606e-08
1.04364964670367e-07
1.28645467611932e-07
1.583863422638387e-07
1.947706209648459e-07
2.392272051565669e-07
2.934796725639899e-07
3.596040301090397e-07
4.40097750242785e-07
5.379607159738953e-07
6.56791655728739e-07
8.009014891285915e-07
9.754472785061807e-07
1.186589429380547e-06
1.441676317881502e-06
1.749461603139935e-06
2.120357521562255e-06
2.566731609476847e-06
3.10325185637339e-06
3.747291202671477e-06
4.519394678936806e-06
5.443823738460196e-06
6.549185400217539e-06
7.869161890994292e-06
9.443347153137438e-06
1.131822409661254e-05
1.354826690658228e-05
1.619722934265155e-05
1.933960265887436e-05
2.30622936214786e-05
2.746653080976103e-05
3.267003921791911e-05
3.880951771861874e-05
4.60434275737498e-05
5.455519567476586e-05
6.455674883909523e-05
7.629257015651092e-05
9.004423918668181e-05
0.0001061354705598205
0.0001249378547072411
0.0001468771661166102
0.0001724404137348756
0.0002021836990024894
0.0002367408451391384
0.0002768330159597099
0.0003232792369090021
0.0003770079347305
0.0004390697285998613
0.0005106510943733156
0.0005930893239565194
0.0006878889398649335
0.0007967391866259277
0.0009215329773724079
0.001064386800862849
0.001227662898600101
0.001413991441950202
0.00162629468832165
0.001867812941782176
0.002142129931598902
0.002453202148899436
0.002805384574458003
0.00320346187800169
0.003652675310149789
0.004158753901720047
0.004727941937744617
0.005367028992623091
0.006083373911678791
0.006884931586682796
0.007780274841934443
0.008778614923357964
0.009889815002679825
0.01112440321594477
0.01249357499182224
0.0140091935172677
0.01568377576768398
0.01753048039972782
0.01956306956708431
0.02179588377475739
0.02424377202987671
0.02692202851176262
0.02984632179141045
0.03303258493542671
0.03649691119790077
0.04025539383292198
0.04432400315999985
0.04871838912367821
0.0534537062048912
0.05854436755180359
0.0640038400888443
0.06984437257051468
0.0760766938328743
0.08270975947380066
0.08975040912628174
0.09720303118228912
0.1050692573189735
0.113347589969635
0.1220330223441124
0.1311167627573013
0.1405858397483826
0.1504227221012115
0.1606051325798035
0.1711056977510452
0.1818916797637939
0.1929248124361038
0.2041611224412918
0.2155508995056152
0.227038636803627
0.238563135266304
0.2500576376914978
0.2614500224590302
0.2726633250713348
0.2836160659790039
0.2942228615283966
0.3043951988220215
0.3140421509742737
0.3230713307857513
0.331389844417572
0.3389056622982025
0.3455284833908081
0.3511713445186615
0.3557517826557159
0.3591932654380798
0.3614266216754913
0.3623914420604706
0.3620374798774719
0.3603257536888123
0.3572300672531128
0.3527379035949707
0.3468514680862427
0.3395885229110718
0.3309828341007233
0.3210847675800323
0.3099612593650818
0.2976957857608795
0.2843879759311676
0.2701529264450073
0.2551203370094299
0.2394332736730576
0.223246693611145
0.2067257016897202
0.1900435388088226
0.1733794510364532
0.1569163054227829
0.1408379673957825
0.1253265589475632
0.1105598360300064
0.09670824557542801
0.08393210172653198
0.07237881422042847
0.06218018382787704
0.053449846804142
0.04628096148371696
0.04074406623840332
0.03688532486557961
0.03472508117556572
0.03425683081150055
0.03544662147760391
0.03823297843337059
0.04252730682492256
0.0482148639857769
0.05515624210238457
0.06318943202495575
0.0721324160695076
0.08178623020648956
0.09193860739469528
0.1023678258061409
0.112847127020359
0.1231492459774017
0.1330511569976807
0.1423388123512268
0.1508118808269501
0.1582883149385452
0.1646084487438202
0.1696388572454453
0.1732755899429321
0.1754467189311981
0.1761142164468765
0.1752750873565674
0.1729614287614822
0.1692398488521576
0.1642099320888519
0.1580017656087875
0.1507727801799774
0.1427038013935089
0.133994460105896
0.1248581185936928
0.1155163422226906
0.1061932146549225
0.09710950404405594
0.08847688138484955
0.08049242198467255
0.07333339750766754
0.06715264171361923
0.06207457184791565
0.05819199234247208
0.05556371808052063
0.05421318113803864
0.05412802472710609
0.05526071786880493
0.05753017589449883
0.06082437559962273
0.06500387936830521
0.06990616768598557
0.07535068690776825
0.08114440739154816
0.08708784729242325
0.09298114478588104
0.09863030165433884
0.1038531586527824
0.1084848940372467
0.1123831272125244
0.1154320761561394
0.117545984685421
0.1186714246869087
0.1187885925173759
0.1179113760590553
0.1160863488912582
0.1133906692266464
0.1099288985133171
0.1058289483189583
0.1012372747063637
0.0963134840130806
0.09122448414564133
0.08613856136798859
0.08121943473815918
0.07662052661180496
0.07247976958751678
0.06891495734453201
0.06601997464895248
0.06386187672615051
0.06247908994555473
0.06188061833381653
0.06204640120267868
0.06292872130870819
0.06445465236902237
0.06652940809726715
0.06904046982526779
0.07186230272054672
0.0748615562915802
0.07790239155292511
0.08085189014673233
0.08358515799045563
0.0859900638461113
0.08797136694192886
0.08945408463478088
0.09038593620061874
0.09073882550001144
0.09050928801298141
0.08971796929836273
0.08840799331665039
0.08664257824420929
0.0845017209649086
0.08207837492227554
0.079474076628685
0.07679446041584015
0.07414450496435165
0.07162411510944366
0.06932398676872253
0.06732194125652313
0.06567998975515366
0.06444212049245834
0.06363298743963242
0.06325743347406387
0.06330098211765289
0.06373110413551331
0.06449932605028152
0.06554396450519562
0.06679338216781616
0.06816963851451874
0.06959225982427597
0.07098203152418137
0.0722646564245224
0.07337401062250137
0.07425495237112045
0.07486548274755478
0.07517826557159424
0.07518136501312256
0.07487821578979492
0.07428685575723648
0.07343851774930954
0.0723755732178688
0.07114905118942261
0.06981577724218369
0.06843531876802444
0.06706701964139938
0.06576700508594513
0.06458551436662674
0.06356469541788101
0.06273674964904785
0.06212275847792625
0.06173209473490715
0.061562430113554
0.06160034611821175
0.06182250753045082
0.06219727918505669
0.0626867339015007
0.0632488951086998
0.06384007632732391
0.0644172877073288
0.06494046747684479
0.06537439674139023
0.06569042801856995
0.06586769223213196
0.06589385867118835
0.065765380859375
0.06548731029033661
0.06507259607315063
0.0645410344004631
0.0639178454875946
0.06323204934597015
0.06251470744609833
0.06179705262184143
0.0611087940633297
0.06047651171684265
0.05992234498262405
0.05946295708417892
0.05910884961485863
0.05886410921812057
0.05872645601630211
0.0586877204477787
0.05873459205031395
0.05884964391589165
0.059012521058321
0.05920130014419556
0.05939381569623947
0.05956896394491196
0.0597078911960125
0.05979496985673904
0.05981854721903801
0.05977143347263336
0.05965108424425125
0.05945951864123344
0.05920293554663658
0.05889114364981651
0.05853673815727234
0.05815422907471657
0.05775905773043633
0.05736659839749336
0.05699120461940765
0.05664542317390442
0.05633930861949921
0.05607993900775909
0.0558711513876915
0.05571349337697029
0.05560435354709625
0.05553832277655602
0.05550766363739967
0.05550294369459152
0.05551372468471527
0.05552927404642105
0.05553926527500153
0.05553440377116203
0.05550695583224297
0.0554511547088623
0.05536346882581711
0.05524266883730888
0.0550897903740406
0.05490793287754059
0.05470192432403564
0.05447792261838913
0.05424290895462036
0.05400421470403671
0.05376898124814034
0.05354371294379234
0.05333390086889267
0.053143709897995
0.05297577753663063
0.05283113941550255
0.05270925909280777
0.05260815098881721
0.0525246188044548
0.05245451629161835
0.05239312723278999
0.05233549326658249
0.05227676406502724
0.05221254751086235
0.05213914439082146
0.0520537756383419
0.0519547201693058
0.0518413670361042
0.05171416327357292
0.05157453194260597
0.05142470449209213
0.05126752704381943
0.05110619589686394
0.05094402283430099
0.05078420042991638
0.05062958970665932
0.05048251524567604
0.05034465342760086
0.05021694302558899
0.05009959265589714
0.04999208077788353
0.04989328235387802
0.0498015508055687
0.04971488565206528
0.04963110014796257
0.04954799637198448
0.04946352541446686
0.04937590658664703
0.04928376153111458
0.04918618872761726
0.04908277839422226
0.04897361621260643
0.04885923489928246
0.04874055832624435
0.04861879348754883
0.04849531874060631
0.04837159439921379
0.0482490137219429
0.04812881350517273
0.04801201075315475
0.04789930582046509
0.04779110103845596
0.04768742993474007
0.04758802056312561
0.04749234020709991
0.04739962890744209
0.04730897769331932
0.0472194217145443
0.04712999984622002
0.04703984037041664
0.04694820195436478
0.04685452952980995
0.04675847291946411
0.04665990173816681
0.04655889049172401
0.04645568504929543
0.04635067656636238
0.04624434560537338
0.04613721370697021
0.04602979123592377
0.04592251032590866
0.04581570625305176
0.04570958018302917
0.045604158192873
0.04549930989742279
0.04539472237229347
0.04528994485735893
0.04518437758088112
0.04507733136415482
0.04496802017092705
0.04485562816262245
0.04473929852247238
0.04461819306015968
0.04449146613478661
0.04435830190777779
0.04421788826584816
0.04406942799687386
0.04391207173466682
0.04374495521187782
0.04356710985302925
0.04337745159864426
0.04317475482821465
0.0429576113820076
0.04272439330816269
0.04247323423624039
0.04220202192664146
0.04190835356712341
0.04158954322338104
0.04124259576201439
0.04086421057581902
0.04045079275965691
0.03999843448400497
0.03950292244553566
0.03895971179008484
0.03836395964026451
0.03771047666668892
0.03699372708797455
0.03620784357190132
0.03534657880663872
0.03440330550074577
0.03337100520730019
0.03224223479628563
0.03100915811955929
0.02966350689530373
0.02819660305976868
0.02659935690462589
0.02486228756606579
0.02297554723918438
0.02092896029353142
0.01871206611394882
0.0163141768425703
0.01372443232685328
0.01093188114464283
0.007925565354526043
0.004694605246186256
0.001228301669470966
-0.002483755117282271
-0.006451565772294998
-0.01068459451198578
-0.01519163604825735
-0.01998066902160645
-0.02505870722234249
-0.03043164871633053
-0.03610409051179886
-0.04207916930317879
-0.04835838451981544
-0.05494141951203346
-0.06182593107223511
-0.06900739669799805
-0.07647892832756042
-0.08423104137182236
-0.09225157648324966
-0.100525476038456
-0.1090346127748489
-0.1177577376365662
-0.1266703307628632
-0.1357444822788239
-0.14494888484478
-0.1542488038539886
-0.1636060476303101
-0.172979012131691
-0.1823228448629379
-0.1915894448757172
-0.2007277756929398
-0.2096839994192123
-0.218401774764061
-0.2268225848674774
-0.2348861247301102
-0.2425307333469391
-0.2496938109397888
-0.2563124597072601
-0.2623240649700165
-0.2676669955253601
-0.2722810208797455
-0.2761083543300629
-0.2790942192077637
-0.2811878323554993
-0.2823430597782135
-0.2825192511081696
-0.2816820740699768
-0.2798044979572296
-0.2768673896789551
-0.2728603184223175
-0.2677823603153229
-0.2616426348686218
-0.2544609606266022
-0.2462681233882904
-0.2371064424514771
-0.2270298004150391
-0.2161037623882294
-0.2044053822755814
-0.1920229941606522
-0.1790555715560913
-0.1656122356653214
-0.1518111526966095
-0.1377785205841064
-0.1236472949385643
-0.1095555797219276
-0.09564504027366638
-0.08205898851156235
-0.0689404159784317
-0.05642988160252571
-0.04466335475444794
-0.03376996517181396
-0.02386979199945927
-0.01507171243429184
-0.007471301592886448
-0.001148899551481009
0.00383214233443141
0.007426982745528221
0.009610539302229881
0.01037842500954866
0.009747535921633244
0.007756265811622143
0.004464339464902878
-4.776538116857409e-05
-0.00567979970946908
-0.01231312099844217
-0.0198124498128891
-0.02802799828350544
-0.0367979072034359
-0.04595097526907921
-0.05530963838100433
-0.06469313055276871
-0.07392074167728424
-0.08281521499156952
-0.09120605140924454
-0.09893281757831573
-0.1058482974767685
-0.1118214353919029
-0.116739995777607
-0.1205129772424698
-0.1230724975466728
-0.1243753731250763
-0.1244041547179222
-0.1231676340103149
-0.1207008436322212
-0.117064468562603
-0.1123437061905861
-0.1066465452313423
-0.1001015231013298
-0.09285499155521393
-0.08506793528795242
-0.07691233605146408
-0.06856731325387955
-0.06021492928266525
-0.05203602835536003
-0.04420584812760353
-0.03688987717032433
-0.03023981302976608
-0.02438987419009209
-0.01945348270237446
-0.01552047207951546
-0.01265489403158426
-0.01089346222579479
-0.0102447122335434
-0.01068891491740942
-0.01217873208224773
-0.01464062463492155
-0.01797696948051453
-0.02206883020699024
-0.0267793070524931
-0.03195739164948463
-0.03744219243526459
-0.04306742548942566
-0.04866605624556541
-0.05407492071390152
-0.05913925170898438
-0.06371692568063736
-0.06768234819173813
-0.07092984765768051
-0.07337645441293716
-0.07496402412652969
-0.07566064596176147
-0.07546121627092361
-0.07438727468252182
-0.07248599827289581
-0.06982844322919846
-0.06650710105895996
-0.06263274699449539
-0.05833081156015396
-0.05373728647828102
-0.04899430647492409
-0.04424561560153961
-0.03963198512792587
-0.03528675436973572
-0.03133168816566467
-0.0278732031583786
-0.02499917522072792
-0.02277637459337711
-0.02124863490462303
-0.02043581381440163
-0.02033357881009579
-0.02091402187943459
-0.0221270639449358
-0.02390260808169842
-0.02615335211157799
-0.02877816185355186
-0.03166585043072701
-0.03469929844141006
-0.03775965049862862
-0.04073056951165199
-0.04350227862596512
-0.04597533866763115
-0.04806392639875412
-0.04969864711165428
-0.05082861334085464
-0.05142288282513618
-0.05147109553217888
-0.05098334327340126
-0.04998930543661118
-0.04853663221001625
-0.04668872430920601
-0.04452196136116982
-0.04212244600057602
-0.03958248719573021
-0.03699689358472824
-0.03445925936102867
-0.03205837681889534
-0.0298749040812254
-0.02797843515872955
-0.02642505429685116
-0.02525550872087479
-0.02449401281774044
-0.0241477657109499
-0.02420714311301708
-0.02464658580720425
-0.0254261177033186
-0.02649339102208614
-0.02778621949255466
-0.02923543564975262
-0.03076797351241112
-0.03231000900268555
-0.03379007801413536
-0.03514198586344719
-0.03630742058157921
-0.03723818436264992
-0.03789788484573364
-0.03826311603188515
-0.0383240170776844
-0.03808426111936569
-0.03756043687462807
-0.03678089380264282
-0.03578409552574158
-0.03461659327149391
-0.03333068639039993
-0.0319819264113903
-0.03062650933861732
-0.02931876108050346
-0.0281087588518858
-0.02704022079706192
-0.02614875510334969
-0.02546054683625698
-0.02499149739742279
-0.02474687062203884
-0.02472145296633244
-0.02490017935633659
-0.02525920420885086
-0.02576734125614166
-0.02638780511915684
-0.02708016149699688
-0.02780236303806305
-0.02851280942559242
-0.02917230688035488
-0.02974584139883518
-0.03020409122109413
-0.0305246077477932
-0.03069262392818928
-0.03070146217942238
-0.03055253066122532
-0.0302549172192812
-0.02982463873922825
-0.0292835533618927
-0.0286580566316843
-0.02797756530344486
-0.02727293036878109
-0.02657483890652657
-0.02591227926313877
-0.02531115151941776
-0.02479308843612671
-0.02437454275786877
-0.02406617626547813
-0.02387256361544132
-0.02379222773015499
-0.02381797321140766
-0.02393751591444016
-0.02413434907793999
-0.02438878454267979
-0.02467912621796131
-0.02498289197683334
-0.02527804113924503
-0.02554410323500633
-0.02576319873332977
-0.02592086791992188
-0.0260066743940115
-0.02601458318531513
-0.02594307437539101
-0.02579501084983349
-0.02557728812098503
-0.02530026435852051
-0.02497701905667782
-0.02462252788245678
-0.02425274252891541
-0.02388366684317589
-0.02353047393262386
-0.02320670895278454
-0.02292361482977867
-0.02268962562084198
-0.02251001819968224
-0.02238678745925426
-0.02231870405375957
-0.02230152301490307
-0.02232839167118073
-0.02239036001265049
-0.02247699536383152
-0.02257706038653851
-0.02267918176949024
-0.0227725263684988
-0.02284738421440125
-0.02289567887783051
-0.02291134372353554
-0.02289057150483131
-0.02283192239701748
-0.02273627743124962
-0.02260666713118553
-0.02244797721505165
-0.0222665686160326
-0.02206981740891933
-0.02186562120914459
-0.02166190184652805
-0.02146613784134388
-0.02128493040800095
-0.02112366817891598
-0.02098625712096691
-0.02087497338652611
-0.02079040743410587
-0.02073152735829353
-0.02069582417607307
-0.02067955583333969
-0.02067803218960762
-0.02068597078323364
-0.02069783769547939
-0.02070821635425091
-0.02071212790906429
-0.02070531435310841
-0.02068446949124336
-0.02064738422632217
-0.02059302292764187
-0.02052152529358864
-0.02043412439525127
-0.02033300697803497
-0.02022111602127552
-0.02010192908346653
-0.0199791956692934
-0.01985669508576393
-0.01973798125982285
-0.01962616667151451
-0.01952376589179039
-0.01943255215883255
-0.01935348659753799
-0.01928671821951866
-0.01923161000013351
-0.01918683759868145
-0.0191505029797554
-0.01912030577659607
-0.01909371092915535
-0.01906813308596611
-0.01904110796749592
-0.01901044324040413
-0.01897435635328293
-0.01893155463039875
-0.01888130232691765
-0.01882342994213104
-0.01875830627977848
-0.01868679001927376
-0.01861013285815716
-0.01852987334132195
-0.01844771765172482
-0.0183654073625803
-0.01828460581600666
-0.01820678263902664
-0.01813313737511635
-0.01806451939046383
-0.01800140365958214
-0.01794387400150299
-0.0178916472941637
-0.01784412376582623
-0.01780042797327042
-0.01775950938463211
-0.01772021129727364
-0.01768136397004128
-0.01764186471700668
-0.01760075800120831
-0.01755727641284466
-0.01751089841127396
-0.01746136136353016
-0.01740865781903267
-0.01735302433371544
-0.01729491353034973
-0.01723494008183479
-0.01717383041977882
-0.01711235754191875
-0.01705128699541092
-0.01699132099747658
-0.01693305559456348
-0.01687693782150745
-0.01682325080037117
-0.01677210256457329
-0.01672342605888844
-0.01667699590325356
-0.01663246564567089
-0.01658938825130463
-0.01654726080596447
-0.01650557108223438
-0.01646381989121437
-0.01642157137393951
-0.01637847721576691
-0.01633429154753685
-0.01628888212144375
-0.01624223962426186
-0.01619446091353893
-0.0161457397043705
-0.01609634235501289
-0.01604658365249634
-0.01599680073559284
-0.01594732142984867
-0.01589844562113285
-0.01585042290389538
-0.01580343954265118
-0.0157576035708189
-0.01571294665336609
-0.01566942222416401
-0.01562691852450371
-0.01558527443557978
-0.01554428599774837
-0.01550373528152704
-0.0154634015634656
-0.01542307995259762
-0.01538259629160166
-0.01534181926399469
-0.01530066318809986
-0.01525909639894962
-0.01521713566035032
-0.01517484057694674
-0.01513231266289949
-0.01508967392146587
-0.01504706218838692
-0.01500462274998426
-0.01496248785406351
-0.01492076925933361
-0.01487955264747143
-0.01483889389783144
-0.01479881536215544
-0.01475930958986282
-0.01472033374011517
-0.01468182355165482
-0.01464369706809521
-0.01460586208850145
-0.01456822454929352
-0.01453069876879454
-0.01449321024119854
-0.01445569936186075
-0.01441812794655561
-0.01438048109412193
-0.0143427662551403
-0.01430500391870737
-0.01426723599433899
-0.01422951463609934
-0.0141918957233429
-0.01415443699806929
-0.01411719247698784
-0.01408020779490471
-0.01404351461678743
-0.01400713622570038
-0.01397107914090157
-0.01393533498048782
-0.01389988698065281
-0.01386470627039671
-0.01382975745946169
-0.01379500236362219
-0.01376040186733007
-0.01372592058032751
-0.01369152776896954
-0.01365720294415951
-0.01362293213605881
-0.01358871161937714
-0.01355454791337252
-0.01352045033127069
-0.01348644029349089
-0.01345253828912973
-0.01341876666992903
-0.01338514871895313
-0.01335170399397612
-0.01331844832748175
-0.01328539103269577
-0.01325253769755363
-0.01321988739073277
-0.01318743545562029
-0.01315516885370016
-0.01312307361513376
-0.01309113297611475
-0.01305933203548193
-0.01302765868604183
-0.01299609709531069
-0.01296463888138533
-0.01293327752500772
-0.01290201116353273
-0.01287083886563778
-0.01283976528793573
-0.01280879788100719
-0.01277794409543276
-0.01274721324443817
-0.01271660998463631
-0.01268614456057549
-0.01265582256019115
-0.01262564677745104
-0.01259561814367771
-0.01256573665887117
-0.0125359995290637
-0.012506403028965
-0.01247693877667189
-0.01244760397821665
-0.01241839211434126
-0.0123892966657877
-0.01236031297594309
-0.01233143545687199
-0.01230265945196152
-0.01227398402988911
-0.01224541012197733
-0.01221693772822618
-0.0121885696426034
-0.01216030586510897
-0.01213215291500092
-0.01210411451756954
-0.01207619346678257
-0.01204839162528515
-0.01202071085572243
-0.01199315115809441
-0.01196570973843336
-0.01193838659673929
-0.01191117707639933
-0.01188408117741346
-0.01185709331184626
-0.01183021254837513
-0.01180343516170979
-0.01177675928920507
-0.01175018213689327
-0.01172370463609695
-0.0116973239928484
-0.0116710402071476
-0.01164485514163971
-0.01161876879632473
-0.01159278210252523
-0.0115668959915638
-0.01154111232608557
-0.01151543203741312
-0.01148985326290131
-0.01146437786519527
-0.01143900491297245
-0.01141373254358768
-0.01138855796307325
-0.01136348303407431
-0.01133850496262312
-0.01131362095475197
-0.01128883007913828
-0.01126413233578205
-0.01123952213674784
-0.01121500134468079
-0.0111905699595809
-0.0111662270501256
-0.01114197354763746
-0.01111780945211649
-0.0110937338322401
-0.01106974948197603
-0.0110458554700017
-0.01102205086499453
-0.01099833752959967
-0.01097471360117197
-0.01095118001103401
-0.01092773489654064
-0.01090438012033701
-0.01088111288845539
-0.01085793226957321
-0.01083483826369047
-0.01081182807683945
-0.01078890264034271
-0.01076606102287769
-0.01074330136179924
-0.0107206255197525
-0.01069803070276976
-0.01067551784217358
-0.01065308414399624
-0.01063073240220547
-0.01060845889151096
-0.01058626733720303
-0.01056415494531393
-0.01054212171584368
-0.01052016764879227
-0.0104982927441597
-0.01047649886459112
-0.01045478414744139
-0.01043314859271049
-0.0104115903377533
-0.01039011031389236
-0.0103687085211277
-0.01034738309681416
-0.01032613404095173
-0.01030495949089527
-0.01028385944664478
-0.01026283297687769
-0.01024187915027142
-0.01022099796682596
-0.0102001903578639
-0.01017945352941751
-0.01015879027545452
-0.01013819687068462
-0.0101176742464304
-0.01009722240269184
-0.01007683947682381
-0.01005652640014887
-0.01003628317266703
-0.01001611165702343
-0.009996009059250355
-0.009975978173315525
-0.009956016205251217
-0.009936125017702579
-0.009916304610669613
-0.009896554052829742
-0.009876872412860394
-0.009857260622084141
-0.009837714955210686
-0.009818236343562603
-0.009798823855817318
-0.009779475629329681
-0.009760193526744843
-0.009740974754095078
-0.009721821174025536
-0.009702730923891068
-0.009683702141046524
-0.009664739482104778
-0.009645841084420681
-0.009627007879316807
-0.00960824079811573
-0.009589537046849728
-0.009570895694196224
-0.009552318602800369
-0.009533802978694439
-0.009515349753201008
-0.009496957063674927
-0.009478624910116196
-0.009460351429879665
-0.00944213755428791
-0.009423982352018356
-0.009405885823071003
-0.00938784796744585
-0.009369870647788048
-0.009351952001452446
-0.009334092028439045
-0.009316293522715569
-0.009298554621636868
-0.009280875325202942
-0.009263252839446068
-0.009245687164366245
-0.009228180162608624
-0.009210729971528053
-0.00919333565980196
-0.009175999090075493
-0.009158716537058353
-0.009141488000750542
-0.009124313481152058
-0.009107193909585476
-0.009090129286050797
-0.009073118679225445
-0.00905616395175457
-0.009039263240993023
-0.009022416546940804
-0.009005622938275337
-0.008988884277641773
-0.008972199633717537
-0.008955568075180054
-0.008938991464674473
-0.00892246887087822
-0.008906000293791294
-0.008889583870768547
-0.008873219601809978
-0.008856907486915588
-0.008840645663440228
-0.00882443506270647
-0.008808273822069168
-0.008792162872850895
-0.008776102215051651
-0.008760089986026287
-0.008744128979742527
-0.008728217333555222
-0.008712355047464371
-0.008696543052792549
-0.008680780418217182
-0.00866506714373827
-0.008649403229355812
-0.008633788675069809
-0.00861822348088026
-0.008602705784142017
-0.008587234653532505
-0.008571811951696873
-0.008556433953344822
-0.008541104383766651
-0.008525819517672062
-0.008510582149028778
-0.008495391346514225
-0.008480246178805828
-0.008465148508548737
-0.008450097404420376
-0.008435091935098171
-0.008420133031904697
-0.008405217900872231
-0.008390349335968494
-0.008375526405870914
-0.008360747247934341
-0.008346013724803925
-0.008331324905157089
-0.008316680788993835
-0.008302082307636738
-0.008287526667118073
-0.008273015730082989
-0.008258548565208912
-0.008244122378528118
-0.008229740895330906
-0.008215402252972126
-0.008201106451451778
-0.008186852559447289
-0.008172641508281231
-0.008158472366631031
-0.008144345134496689
-0.008130259811878204
-0.008116216398775578
-0.008102213963866234
-0.008088252507150173
-0.00807433295994997
-0.008060455322265625
-0.008046616800129414
-0.008032819256186485
-0.00801906269043684
-0.008005346171557903
-0.0079916687682271
-0.007978031411767006
-0.007964433170855045
-0.007950872182846069
-0.007937351241707802
-0.007923867553472519
-0.007910423912107944
-0.007897019386291504
-0.007883653044700623
-0.00787032674998045
-0.007857040502130985
-0.007843793369829655
-0.007830585353076458
-0.00781741738319397
-0.007804287597537041
-0.007791195064783096
-0.007778139319270849
-0.007765120361000299
-0.00775213772431016
-0.00773919140920043
-0.007726281881332397
-0.007713408209383488
-0.007700569927692413
-0.007687767967581749
-0.007675002329051495
-0.007662272546440363
-0.007649579551070929
-0.007636922877281904
-0.007624302990734577
-0.00761171942576766
-0.007599172182381153
-0.007586659863591194
-0.007574182469397783
-0.007561740931123495
-0.007549334783107042
-0.007536964025348425
-0.007524627726525068
-0.00751232635229826
-0.007500058505684137
-0.007487825118005276
-0.007475624326616526
-0.007463456597179174
-0.007451321464031935
-0.007439219392836094
-0.007427149452269077
-0.007415112107992172
-0.007403107825666666
-0.007391135673969984
-0.007379195652902126
-0.007367288693785667
-0.007355414796620607
-0.007343574427068233
-0.007331766653805971
-0.00731999333947897
-0.007308254018425941
-0.007296547759324312
-0.007284875027835369
-0.00727323442697525
-0.007261625956743956
-0.007250050082802773
-0.007238505873829126
-0.00722699286416173
-0.007215509656816721
-0.007204058114439249
-0.007192636374384165
-0.007181244902312756
-0.007169883698225021
-0.007158552762120962
-0.007147251162678003
-0.007135979831218719
-0.007124738767743111
-0.007113528437912464
-0.00710234884172678
-0.007091198582202196
-0.007080078590661287
-0.007068987470120192
-0.007057926151901484
-0.007046894170343876
-0.007035890128463507
-0.007024914491921663
-0.007013967260718346
-0.007003048900514841
-0.006992159876972437
-0.006981299724429846
-0.00697046797722578
-0.006959665101021528
-0.006948891095817089
-0.00693814642727375
-0.006927431561052799
-0.006916746031492949
-0.006906089372932911
-0.006895462051033974
-0.006884863134473562
-0.006874291691929102
-0.006863748654723167
-0.006853232625871897
-0.00684274360537529
-0.006832282058894634
-0.00682184798642993
-0.006811440922319889
-0.00680105946958065
-0.006790704093873501
-0.006780374329537153
-0.006770070176571608
-0.006759791634976864
-0.006749538704752922
-0.006739311385899782
-0.006729109678417444
-0.006718933582305908
-0.006708783097565174
-0.006698659155517817
-0.006688562221825123
-0.006678492296487093
-0.00666844891384244
-0.00665843253955245
-0.00664844224229455
-0.006638478022068739
-0.006628539878875017
-0.006618627347052097
-0.006608739960938692
-0.006598877254873514
-0.006589038763195276
-0.006579224951565266
-0.00656943628564477
-0.006559671834111214
-0.006549932062625885
-0.006540216505527496
-0.006530525162816048
-0.006520858500152826
-0.006511216517537832
-0.006501598749309778
-0.006492005195468664
-0.006482434924691916
-0.00647288840264082
-0.006463365629315376
-0.006453866604715586
-0.006444390863180161
-0.006434937473386526
-0.006425508297979832
-0.006416102405637503
-0.006406720262020826
-0.006397361401468515
-0.006388026755303144
-0.006378714460879564
-0.006369426380842924
-0.006360162049531937
-0.006350921001285315
-0.006341703701764345
-0.006332509685307741
-0.006323338951915503
-0.006314191035926342
-0.006305065006017685
-0.006295961327850819
-0.006286879535764456
-0.006277819164097309
-0.006268779747188091
-0.006259761285036802
-0.006250763777643442
-0.006241786759346724
-0.006232830695807934
-0.006223896518349648
-0.006214984226971865
-0.006206094287335873
-0.006197226233780384
-0.006188380066305399
-0.006179557181894779
-0.00617075664922595
-0.006161978933960199
-0.006153223104774952
-0.006144488230347633
-0.006135774776339531
-0.006127083208411932
-0.006118411663919687
-0.006109760608524084
-0.006101129576563835
-0.006092518102377653
-0.006083926185965538
-0.00607535382732749
-0.006066801026463509
-0.006058268714696169
-0.006049756426364183
-0.006041265092790127
-0.006032793782651424
-0.006024342961609364
-0.006015913560986519
-0.006007504183799028
-0.005999114830046892
-0.005990745034068823
-0.00598239479586482
-0.005974063649773598
-0.005965752527117729
-0.005957461427897215
-0.00594918942078948
-0.005940936505794525
-0.00593270268291235
-0.005924488417804241
-0.005916293244808912
-0.005908119026571512
-0.005899964831769466
-0.005891830194741488
-0.005883715115487576
-0.005875618197023869
-0.005867540836334229
-0.005859481636434793
-0.005851440597325563
-0.005843417253345251
-0.005835411138832569
-0.005827422719448805
-0.005819451063871384
-0.005811496637761593
-0.005803560838103294
-0.005795642733573914
-0.005787742789834738
-0.005779861472547054
-0.005771998781710863
-0.005764155182987452
-0.005756331142038107
-0.005748526193201542
-0.005740740802139044
-0.005732974037528038
-0.005725226365029812
-0.005717497318983078
-0.005709786433726549
-0.005702093243598938
-0.005694417748600245
-0.005686759017407894
-0.005679117050021887
-0.00567149231210351
-0.005663884337991476
-0.005656293127685785
-0.005648718681186438
-0.005641160067170858
-0.005633617285639048
-0.00562609126791358
-0.005618582013994455
-0.005611088592559099
-0.005603611934930086
-0.005596152506768703
-0.005588709842413664
-0.005581284407526255
-0.005573875736445189
-0.00556648476049304
-0.00555910961702466
-0.005551751237362623
-0.005544409621506929
-0.005537084769457579
-0.005529777146875858
-0.005522486288100481
-0.00551521172747016
-0.005507953930646181
-0.005500712431967258
-0.005493487231433392
-0.00548627832904458
-0.005479085724800825
-0.005471908021718264
-0.005464745685458183
-0.005457599181681871
-0.005450467113405466
-0.005443349946290255
-0.005436248145997524
-0.005429161246865988
-0.005422088783234358
-0.005415031686425209
-0.005407989956438541
-0.005400963593274355
-0.005393952131271362
-0.005386957433074713
-0.005379978567361832
-0.005373015999794006
-0.005366070196032524
-0.005359139293432236
-0.005352224688977003
-0.005345325451344252
-0.005338441580533981
-0.005331573076546192
-0.00532471900805831
-0.005317880306392908
-0.005311056971549988
-0.005304248072206974
-0.005297453608363867
-0.005290673114359379
-0.005283906124532223
-0.005277153570204973
-0.00527041545137763
-0.005263690836727619
-0.005256980657577515
-0.005250285379588604
-0.005243603140115738
-0.005236935336142778
-0.005230281967669725
-0.005223643034696579
-0.005217019002884626
-0.00521040940657258
-0.005203814711421728
-0.00519723491743207
-0.005190669093281031
-0.005184117704629898
-0.005177580751478672
-0.005171057302504778
-0.005164547823369503
-0.005158052314072847
-0.005151570308953524
-0.005145101808011532
-0.005138647276908159
-0.005132206715643406
-0.005125779192894697
-0.005119364708662033
-0.005112964659929276
-0.00510657811537385
-0.005100204143673182
-0.005093843676149845
-0.005087496712803841
-0.005081162787973881
-0.00507484283298254
-0.005068535450845957
-0.005062240641564131
-0.005055959802120924
-0.005049691535532475
-0.005043437238782644
-0.005037195514887571
-0.005030966363847256
-0.005024750251322985
-0.005018546711653471
-0.005012355744838715
-0.005006177816540003
-0.005000012461096048
-0.004993859678506851
-0.004987719003111124
-0.004981590900570154
-0.004975475370883942
-0.004969371948391199
-0.004963281098753214
-0.004957202821969986
-0.004951137118041515
-0.004945083986967802
-0.004939042963087559
-0.004933014512062073
-0.004926998633891344
-0.00492099579423666
-0.004915005993098021
-0.004909028299152851
-0.004903064575046301
-0.004897112958133221
-0.004891174379736185
-0.004885248839855194
-0.004879335407167673
-0.004873434547334909
-0.004867544863373041
-0.004861666820943356
-0.00485580088570714
-0.004849946592003107
-0.00484410347416997
-0.004838271532207727
-0.004832450766116381
-0.004826641175895929
-0.004820842761546373
-0.004815056454390287
-0.004809281323105097
-0.004803517833352089
-0.004797766450792551
-0.004792027175426483
-0.004786299075931311
-0.004780583549290895
-0.004774879664182663
-0.004769187420606613
-0.004763506818562746
-0.004757837858051062
-0.004752179607748985
-0.004746533464640379
-0.004740898497402668
-0.00473527517169714
-0.004729662090539932
-0.00472406018525362
-0.004718468524515629
-0.004712888039648533
-0.004707318730652332
-0.004701761063188314
-0.004696214571595192
-0.004690679721534252
-0.004685156047344208
-0.004679644014686346
-0.004674143623560667
-0.004668654873967171
-0.004663176834583282
-0.004657710436731577
-0.004652255214750767
-0.004646811634302139
-0.004641379695385695
-0.004635958466678858
-0.004630548879504204
-0.004625150933861732
-0.004619763698428869
-0.004614388104528189
-0.004609024617820978
-0.00460367277264595
-0.004598332103341818
-0.004593002609908581
-0.004587684292346239
-0.00458237761631608
-0.004577083047479391
-0.004571800585836172
-0.004566529765725136
-0.004561270121484995
-0.004556022584438324
-0.004550787154585123
-0.004545565228909254
-0.004540355876088142
-0.004535160027444363
-0.004529977682977915
-0.004524808842688799
-0.004519654903560877
-0.004514515865594149
-0.00450939079746604
-0.004504282027482986
-0.00449918769299984
-0.004494108725339174
-0.004489044658839703
-0.004483995959162712
-0.004478962626308203
-0.004473944660276175
-0.004468942061066628
-0.004463955760002136
-0.004458985757082701
-0.004454032517969608
-0.004449095577001572
-0.004444175399839878
-0.004439271986484528
-0.004434385802596807
-0.004429516848176718
-0.004424666985869408
-0.00441983575001359
-0.004415024071931839
-0.004410230554640293
-0.004405457060784101
-0.004400701727718115
-0.00439596688374877
-0.00439125020056963
-0.004386552143841982
-0.004381872247904539
-0.004377210512757301
-0.004372566007077694
-0.004367939196527004
-0.004363329615443945
-0.004358735401183367
-0.004354156088083982
-0.004349591210484505
-0.004345040302723646
-0.004340502433478832
-0.004335977602750063
-0.004331464413553476
-0.004326962865889072
-0.004322471562772989
-0.004317989107221365
-0.004313514102250338
-0.004309045150876045
-0.004304580856114626
-0.00430011935532093
-0.004295659251511097
-0.004291198216378689
-0.004286735318601131
-0.004282267298549414
-0.004277792759239674
-0.004273310303688049
-0.004268819466233253
-0.004264318384230137
-0.004259806592017412
-0.004255281295627356
-0.004250742960721254
-0.004246191121637821
-0.004241624381393194
-0.004237040877342224
-0.004232441075146198
-0.004227824974805117
-0.004223191644996405
-0.004218540620058775
-0.00421387143433094
-0.004209184087812901
-0.00420447951182723
-0.004199759103357792
-0.004195023328065872
-0.004190274048596621
-0.004185512196272612
-0.004180740099400282
-0.004175959620624781
-0.004171173088252544
-0.004166382364928722
-0.004161591175943613
-0.004156800918281078
-0.004152014851570129
-0.004147236235439777
-0.004142467398196459
-0.004137712996453047
-0.004132975824177265
-0.00412825820967555
-0.004123564343899488
-0.004118897952139378
-0.004114261362701654
-0.004109658300876617
-0.004105091094970703
-0.004100562538951635
-0.004096075426787138
-0.004091630689799786
-0.004087230656296015
-0.0040828762575984
-0.004078568425029516
-0.00407430762425065
-0.004070093389600515
-0.004065926652401686
-0.0040618060156703
-0.004057729616761208
-0.00405369745567441
-0.004049707669764757
-0.004045756068080664
-0.004041840322315693
-0.004037957172840834
-0.004034103360027075
-0.004030274227261543
-0.004026466049253941
-0.004022674635052681
-0.004018895328044891
-0.004015123005956411
-0.004011353943496943
-0.004007583949714899
-0.004003808833658695
-0.004000023938715458
-0.003996226005256176
-0.003992411773651838
-0.003988578449934721
-0.003984723705798388
-0.003980846144258976
-0.003976942971348763
-0.00397301372140646
-0.003969057463109493
-0.003965073730796576
-0.003961063921451569
-0.003957028966397047
-0.003952971193939447
-0.003948892466723919
-0.003944794181734324
-0.003940680995583534
-0.003936555702239275
-0.003932422026991844
-0.00392828369513154
-0.003924145363271236
-0.003920011688023806
-0.003915885929018259
-0.003911773208528757
-0.003907677717506886
-0.00390360364690423
-0.003899554722011089
-0.003895534435287118
-0.003891546046361327
-0.003887591883540154
-0.003883674275130033
-0.00387979531660676
-0.003875955939292908
-0.003872156608849764
-0.003868397092446685
-0.003864676458761096
-0.003860993310809135
-0.003857345320284367
-0.003853729460388422
-0.003850142704322934
-0.003846581326797605
-0.003843041369691491
-0.003839518409222364
-0.003836008021607995
-0.003832506015896797
-0.003829007502645254
-0.003825509455054998
-0.003822006983682513
-0.003818496596068144
-0.003814975032582879
-0.003811439964920282
-0.003807888366281986
-0.003804318839684129
-0.003800729988142848
-0.003797121113166213
-0.003793492680415511
-0.003789845388382673
-0.003786180634051561
-0.003782500280067325
-0.003778807353228331
-0.003775104181841016
-0.003771393559873104
-0.003767679445445538
-0.003763965331017971
-0.00376025540754199
-0.00375655316747725
-0.003752862336114049
-0.003749186405912042
-0.003745528869330883
-0.003741892520338297
-0.003738280152902007
-0.003734693629667163
-0.003731134347617626
-0.003727603703737259
-0.003724101698026061
-0.003720628097653389
-0.003717182436957955
-0.003713763318955898
-0.003710368415340781
-0.003706995630636811
-0.003703642403706908
-0.003700305940583348
-0.003696983214467764
-0.003693671431392431
-0.003690366866067052
-0.003687066258862615
-0.003683766815811396
-0.003680465975776315
-0.003677160944789648
-0.003673849860206246
-0.003670531092211604
-0.003667203243821859
-0.003663865150883794
-0.003660516580566764
-0.003657157067209482
-0.003653787774965167
-0.003650408936664462
-0.003647022182121873
-0.003643629606813192
-0.003640232607722282
-0.003636834677308798
-0.003633437911048532
-0.003630045568570495
-0.003626660443842411
-0.003623285330832005
-0.003619923023506999
-0.003616575850173831
-0.003613245906308293
-0.003609935054555535
-0.003606643760576844
-0.003603372955694795
-0.003600122407078743
-0.003596891416236758
-0.003593679051846266
-0.003590484149754047
-0.003587305312976241
-0.003584140446037054
-0.003580987919121981
-0.003577845869585872
-0.003574711969122291
-0.003571583656594157
-0.003568459302186966
-0.003565337043255568
-0.003562215249985456
-0.003559092059731483
-0.003555966541171074
-0.00355283753015101
-0.003549704561010003
-0.003546567400917411
-0.003543425817042589
-0.003540280275046825
-0.00353713147342205
-0.003533980809152126
-0.003530829213559628
-0.00352767831645906
-0.003524529514834285
-0.003521384438499808
-0.00351824495010078
-0.003515112679451704
-0.003511989954859018
-0.003508877707645297
-0.003505777334794402
-0.003502689767628908
-0.003499615704640746
-0.003496555844321847
-0.00349350948818028
-0.003490476636216044
-0.003487456822767854
-0.003484448883682489
-0.003481451887637377
-0.00347846420481801
-0.003475485136732459
-0.003472513053566217
-0.003469546791166067
-0.003466584719717503
-0.003463625907897949
-0.003460669191554189
-0.003457713639363647
-0.003454758320003748
-0.003451803000643849
-0.003448847448453307
-0.003445891197770834
-0.003442934714257717
-0.0034399782307446
-0.003437021980062127
-0.00343406735919416
-0.003431115532293916
-0.003428167197853327
-0.003425223287194967
-0.003422284731641412
-0.003419352695345879
-0.003416427876800299
-0.003413510741665959
-0.003410601755604148
-0.003407701384276152
-0.003404810093343258
-0.003401927649974823
-0.003399054287001491
-0.00339618930593133
-0.003393332939594984
-0.003390484722331166
-0.003387644654139876
-0.00338481180369854
-0.003381985239684582
-0.003379164729267359
-0.00337634957395494
-0.003373539075255394
-0.00337073253467679
-0.003367929719388485
-0.003365130396559834
-0.003362333867698908
-0.003359539899975061
-0.003356748027727008
-0.003353958250954747
-0.003351169871166348
-0.003348383819684386
-0.003345600096508861
-0.003342818934470415
-0.003340041264891624
-0.003337267087772489
-0.003334497800096869
-0.003331733634695411
-0.003328975522890687
-0.003326223697513342
-0.003323478857055306
-0.003320741001516581
-0.003318010596558452
-0.003315287409350276
-0.003312571439892054
-0.003309862222522497
-0.00330715999007225
-0.003304464276880026
-0.003301774384453893
-0.003299090079963207
-0.003296410897746682
-0.00329373637214303
-0.003291066270321608
-0.003288400359451771
-0.003285737941041589
-0.003283079015091062
-0.003280423581600189
-0.003277771407738328
-0.003275122260674834
-0.003272476140409708
-0.003269833279773593
-0.003267193678766489
-0.00326455757021904
-0.003261925419792533
-0.003259297227486968
-0.003256673226132989
-0.003254054114222527
-0.003251439658924937
-0.003248830325901508
-0.003246225649490952
-0.003243626095354557
-0.003241031896322966
-0.003238443052396178
-0.003235859563574195
-0.003233281662687659
-0.003230708884075284
-0.003228141460567713
-0.003225578693673015
-0.003223021049052477
-0.003220467595383525
-0.003217918565496802
-0.003215373493731022
-0.003212832612916827
-0.003210295690223575
-0.003207762492820621
-0.003205233020707965
-0.003202707739546895
-0.00320018595084548
-0.003197668120265007
-0.003195154247805476
-0.003192644333466887
-0.003190138144418597
-0.003187635680660605
-0.003185137175023556
-0.003182643093168736
-0.003180153435096145
-0.003177668200805783
-0.003175187623128295
-0.003172711469233036
-0.00317023997195065
-0.003167773364111781
-0.003165310714393854
-0.003162852488458157
-0.003160398686304688
-0.003157948842272162
-0.003155502723529935
-0.003153060097247362
-0.003150620730593801
-0.003148184856399894
-0.003145751543343067
-0.003143321024253964
-0.003140893299132586
-0.00313846836797893
-0.003136046230792999
-0.003133626654744148
-0.003131209407001734
-0.003128794953227043
-0.003126382594928145
-0.003123972332105041
-0.003121564397588372
-0.003119158092886209
-0.003116753417998552
-0.003114350605756044
-0.003111949190497398
-0.003109548939391971
-0.003107150085270405
-0.003104752628132701
-0.003102356102317572
-0.003099960507825017
-0.003097565611824393
-0.003095171181485057
-0.003092777216807008
-0.003090383717790246
-0.003087990684434772
-0.003085597418248653
-0.003083204152062535
-0.003080810187384486
-0.003078415291383862
-0.003076019464060664
-0.00307362200692296
-0.003071222919970751
-0.003068821970373392
-0.003066418925300241
-0.003064013784751296
-0.003061606315895915
-0.003059195820242167
-0.003056782297790051
-0.003054365515708923
-0.003051945939660072
-0.003049522405490279
-0.003047095378860831
-0.003044664859771729
-0.003042230848222971
-0.00303979404270649
-0.003037354676052928
-0.003034912282600999
-0.003032468026503921
-0.003030020976439118
-0.00302757159806788
-0.003025120124220848
-0.003022666787728667
-0.003020211588591337
-0.003017754992470145
-0.003015296766534448
-0.003012837842106819
-0.003010378917679191
-0.003007920458912849
-0.003005463164299726
-0.003003007499501109
-0.003000554861500859
-0.002998105948790908
-0.00299566169269383
-0.002993223257362843
-0.002990791574120522
-0.002988368039950728
-0.002985953586176038
-0.002983549609780312
-0.002981156809255481
-0.002978776814416051
-0.002976410556584597
-0.002974059199914336
-0.002971723908558488
-0.002969405613839626
-0.002967104781419039
-0.002964822109788656
-0.002962558064609766
-0.002960313577204943
-0.002958089346066117
-0.002955886069685221
-0.002953704446554184
-0.002951544942334294
-0.002949408022686839
-0.002947293920442462
-0.00294520310126245
-0.002943135565146804
-0.002941092243418097
-0.002939072204753757
-0.002937075216323137
-0.002935100113973022
-0.002933146199211478
-0.002931212307885289
-0.002929297275841236
-0.002927399706095457
-0.002925517968833447
-0.002923650201410055
-0.00292179430834949
-0.002919949125498533
-0.002918112557381392
-0.002916282275691628
-0.002914456184953451
-0.00291263242252171
-0.00291080866008997
-0.002908981870859861
-0.002907149959355593
-0.00290531013160944
-0.002903460059314966
-0.002901597181335092
-0.002899719402194023
-0.002897824393585324
-0.002895909827202559
-0.002893973840400577
-0.002892015036195517
-0.002890031784772873
-0.002888023154810071
-0.002885987516492605
-0.002883925335481763
-0.002881835447624326
-0.002879718551412225
-0.002877575112506747
-0.002875405363738537
-0.002873210469260812
-0.00287099159322679
-0.002868749899789691
-0.00286648771725595
-0.002864206442609429
-0.002861908869817853
-0.002859597327187657
-0.002857274375855923
-0.002854942809790373
-0.002852606121450663
-0.002850267570465803
-0.002847930416464806
-0.002845598384737968
-0.002843274734914303
-0.002840962959453464
-0.002838666783645749
-0.00283638876862824
-0.002834131941199303
-0.002831899095326662
-0.002829692326486111
-0.002827513264492154
-0.002825363539159298
-0.002823243848979473
-0.002821154892444611
-0.002819097135215998
-0.002817069878801703
-0.002815072657540441
-0.002813104540109634
-0.002811163663864136
-0.002809248631820083
-0.002807356882840395
-0.002805485855787992
-0.00280363205820322
-0.002801792928948998
-0.002799965208396316
-0.002798145404085517
-0.002796330256387591
-0.002794516505673528
-0.002792700193822384
-0.002790878061205149
-0.002789047081023455
-0.002787203760817647
-0.002785345772281289
-0.002783470554277301
-0.002781575778499246
-0.002779660513624549
-0.002777722897008061
-0.002775762462988496
-0.002773778513073921
-0.002771771280094981
-0.002769740996882319
-0.002767688827589154
-0.002765616402029991
-0.002763525350019336
-0.002761417999863625
-0.002759297145530581
-0.00275716558098793
-0.002755026565864682
-0.002752883825451136
-0.002750740619376302
-0.002748600672930479
-0.002746467245742679
-0.002744342898949981
-0.002742230659350753
-0.00274013401940465
-0.002738055540248752
-0.00273599661886692
-0.002733959583565593
-0.002731945598497987
-0.002729955594986677
-0.002727989805862308
-0.002726047998294234
-0.002724129473790526
-0.002722233533859253
-0.002720358315855265
-0.002718502189964056
-0.002716662595048547
-0.002714837435632944
-0.002713024150580168
-0.002711219247430563
-0.002709419466555119
-0.002707622013986111
-0.002705823630094528
-0.002704021753743291
-0.002702213358134031
-0.002700395882129669
-0.002698566764593124
-0.002696724375709891
-0.002694867551326752
-0.002692995127290487
-0.002691106405109167
-0.002689201617613435
-0.002687280997633934
-0.002685345709323883
-0.0026833969168365
-0.00268143555149436
-0.002679463941603899
-0.002677484415471554
-0.002675499534234405
-0.002673511393368244
-0.002671522786840796
-0.002669536508619785
-0.002667555119842291
-0.002665580715984106
-0.002663616091012955
-0.002661663107573986
-0.002659723628312349
-0.00265779928304255
-0.002655890071764588
-0.002653998089954257
-0.002652122639119625
-0.00265026418492198
-0.002648421796038747
-0.002646595239639282
-0.00264478218741715
-0.002642981475219131
-0.002641191007569432
-0.002639408921822906
-0.002637633122503757
-0.002635861514136195
-0.002634091768413782
-0.002632321557030082
-0.002630549017339945
-0.002628771821036935
-0.00262698857113719
-0.002625197637826204
-0.002623398788273335
-0.002621591091156006
-0.002619773847982287
-0.002617947291582823
-0.002616111189126968
-0.002614266471937299
-0.002612414071336389
-0.0026105553843081
-0.002608691807836294
-0.002606824273243546
-0.00260495487600565
-0.002603085711598396
-0.002601218177005649
-0.002599354833364487
-0.002597496611997485
-0.002595645608380437
-0.002593803452327847
-0.002591970842331648
-0.002590148244053125
-0.002588336821645498
-0.002586536342278123
-0.002584747038781643
-0.002582968445494771
-0.002581199863925576
-0.002579440595582128
-0.002577689243480563
-0.002575944643467665
-0.002574205864220858
-0.002572471043094993
-0.002570738317444921
-0.002569006755948067
-0.002567275194451213
-0.002565542003139853
-0.002563806483522058
-0.002562067471444607
-0.00256032426841557
-0.002558576175943017
-0.00255682272836566
-0.002555064624175429
-0.002553301397711039
-0.002551533747464418
-0.0025497623719275
-0.002547988668084145
-0.002546212868764997
-0.002544436370953918
-0.002542660804465413
-0.002540887333452702
-0.002539117122069001
-0.00253735133446753
-0.00253559066914022
-0.002533835824579
-0.002532087499275804
-0.002530345693230629
-0.002528610872104764
-0.002526883035898209
-0.002525161951780319
-0.002523447154089808
-0.002521738642826676
-0.002520035719498992
-0.002518337219953537
-0.002516642678529024
-0.002514951163902879
-0.00251326197758317
-0.002511573955416679
-0.002509886864572763
-0.002508199773728848
-0.002506512217223644
-0.002504823496565223
-0.002503133146092296
-0.002501440467312932
-0.002499745693057775
-0.002498048823326826
-0.002496350090950727
-0.002494649961590767
-0.002492948900908232
-0.002491247607395053
-0.002489546779543161
-0.002487846650183201
-0.002486148616299033
-0.002484452910721302
-0.002482759999111295
-0.002481070812791586
-0.002479385817423463
-0.002477705245837569
-0.002476029098033905
-0.002474357839673758
-0.002472691237926483
-0.002471028827130795
-0.002469370607286692
-0.002467716345563531
-0.002466065576300025
-0.002464417833834887
-0.002462772885337472
-0.002461130265146494
-0.002459489507600665
-0.002457849681377411
-0.002456211484968662
-0.002454573521390557
-0.002452935790643096
-0.002451298525556922
-0.002449660561978817
-0.002448021899908781
-0.002446382772177458
-0.002444742247462273
-0.002443100791424513
-0.002441457705572248
-0.002439813688397408
-0.002438168972730637
-0.002436523092910647
-0.002434876747429371
-0.002433230169117451
-0.0024315828923136
-0.002429935382679105
-0.002428287407383323
-0.002426639432087541
-0.002424990991130471
-0.002423341618850827
-0.002421691082417965
-0.00242003845050931
-0.002418382558971643
-0.002416722476482391
-0.002415056806057692
-0.002413384383544326
-0.002411703579127789
-0.002410012297332287
-0.002408309141173959
-0.002406591549515724
-0.002404857194051147
-0.002403103513643146
-0.002401327947154641
-0.002399527467787266
-0.002397699281573296
-0.002395839663222432
-0.002393945585936308
-0.002392013091593981
-0.002390037989243865
-0.002388015389442444
-0.002385940635576844
-0.002383807674050331
-0.002381610684096813
-0.002379342680796981
-0.002376996446400881
-0.002374563133344054
-0.002372034126892686
-0.00236940011382103
-0.002366650151088834
-0.002363773295655847
-0.002360757905989885
-0.002357590710744262
-0.002354258438572288
-0.002350746421143413
-0.002347039524465799
-0.002343120751902461
-0.002338973572477698
-0.002334579592570662
-0.00232991948723793
-0.002324973465874791
-0.00231972080655396
-0.002314139623194933
-0.002308207796886563
-0.002301901578903198
-0.00229519815184176
-0.002288073068484664
-0.002280501648783684
-0.002272458979859948
-0.002263919916003942
-0.002254859777167439
-0.002245253417640924
-0.002235077088698745
-0.002224306808784604
-0.002212919993326068
-0.002200894523411989
-0.002188209909945726
-0.002174847526475787
-0.002160789910703897
-0.00214602192863822
-0.002130531240254641
-0.002114307833835483
-0.002097344491630793
-0.002079638186842203
-0.002061188686639071
-0.002041999949142337
-0.002022080356255174
-0.002001442480832338
-0.001980104018002748
-0.001958087319508195
-0.001935420325025916
-0.001912135863676667
-0.001888272352516651
-0.001863873796537519
-0.001838989555835724
-0.00181367457844317
-0.001787988701835275
-0.001761996536515653
-0.001735768048092723
-0.0017093769274652
-0.001682901522144675
-0.001656422973610461
-0.00163002556655556
-0.001603795681148767
-0.001577821327373385
-0.001552191679365933
-0.001526995212770998
-0.001502319937571883
-0.001478252001106739
-0.00145487452391535
-0.001432267134077847
-0.00141050445381552
-0.001389655633829534
-0.001369782607071102
-0.001350939855910838
-0.00133317313157022
-0.001316519221290946
-0.001301004202105105
-0.0012866435572505
-0.001273441128432751
-0.001261389697901905
-0.001250469591468573
-0.001240649376995862
-0.001231885515153408
-0.001224122708663344
-0.001217294833622873
-0.0012113245902583
-0.001206125249154866
-0.001201600884087384
-0.001197648234665394
-0.001194157171994448
-0.00119101325981319
-0.001188097870908678
-0.001185291446745396
-0.001182474079541862
-0.001179527607746422
-0.001176337711513042
-0.001172795775346458
-0.001168800401501358
-0.001164259272627532
-0.001159090781584382
-0.001153225312009454
-0.001146606635302305
-0.001139192841947079
-0.001130957272835076
-0.001121889101341367
-0.001111993566155434
-0.001101291505619884
-0.001089819823391736
-0.001077630557119846
-0.001064789481461048
-0.001051375642418861
-0.001037479029037058
-0.001023199060000479
-0.001008643303066492
-0.0009939245646819472
-0.0009791585616767406
-0.0009644616511650383
-0.0009499486186541617
-0.0009357301169075072
-0.0009219102212227881
-0.0009085838682949543
-0.0008958351099863648
-0.0008837353088892996
-0.0008723415667191148
-0.0008616955019533634
-0.0008518219692632556
-0.0008427290013059974
-0.0008344072848558426
-0.0008268306264653802
-0.0008199565927498043
-0.000813727849163115
-0.0008080732077360153
-0.0008029097225517035
-0.0007981446688063443
-0.0007936778129078448
-0.0007894036825746298
-0.0007852151757106185
-0.000781005306635052
-0.0007766705239191651
-0.0007721130969002843
-0.0007672437350265682
-0.0007619837997481227
-0.0007562674582004547
-0.0007500429055653512
-0.0007432740530930459
-0.0007359412265941501
-0.0007280413410626352
-0.0007195881335064769
-0.0007106111152097583
-0.0007011548732407391
-0.0006912777898833156
-0.0006810497725382447
-0.0006705502164550126
-0.0006598656764253974
-0.0006490872474387288
-0.0006383075378835201
-0.0006276182248257101
-0.0006171069690026343
-0.0006068551447242498
-0.0005969351623207331
-0.0005874086054973304
-0.0005783243686892092
-0.0005697175511159003
-0.0005616080015897751
-0.0005540005513466895
-0.0005468844901770353
-0.000540234730578959
-0.000534012564457953
-0.0005281674675643444
-0.0005226384964771569
-0.0005173564422875643
-0.0005122469156049192
-0.0005072322674095631
-0.00050223438302055
-0.0004971775342710316
-0.0004919909406453371
-0.0004866105737164617
-0.0004809816018678248
-0.0004750606312882155
-0.0004688157350756228
-0.0004622284031938761
-0.0004552936879917979
-0.000448020116891712
-0.0004404289647936821
-0.0004325531481299549
-0.0004244361189194024
-0.0004161301185376942
-0.0004076938494108617
-0.0003991903213318437
-0.0003906850761268288
-0.000382242928026244
-0.0003739261301234365
-0.0003657916968222708
-0.000357890035957098
-0.0003502631734590977
-0.0003429434727877378
-0.0003359524707775563
-0.0003293009358458221
-0.0003229888970963657
-0.0003170056152157485
-0.0003113309212494642
-0.0003059363807551563
-0.0003007872146554291
-0.0002958434924948961
