0
0
0
0
0
0
0
0
0
0
0
0
0
0
0
0
0
0
0
0
0
0
0
0
0
0
0
0
0
0
0
0
0
0
0
0
0
0
0
0
0
0
0
0
0
0
0
0
0
0
0
0
0
0
0
0
0
0
0
0
0
0
0
0
0
0
0
0
0
0
0
0
0
0
0
0
0
0
0
0
0
0
0
0
0
0
0
0
0
0
0
0
0
0
0
0
0
0
0
0
0
0
0
0
0
0
0
0
0
0
0
0
0
0
0
0
0
0
0
0
0
0
0
0
0
0
0
0
0
0
0
0
0
0
0
0
0
0
0
0
0
0
0
0
0
0
0
0
0
0
0
0
0
0
0
0
0
0
0
0
0
0
0
0
0
0
0
0
0
0
0
0
0
0
0
0
0
0
0
0
0
0
0
0
0
0
0
0
0
0
0
0
0
0
0
0
0
0
0
0
0
0
0
0
0
0
0
0
0
0
0
0
0
0
0
0
0
0
0
0
0
0
0
0
0
0
0
0
0
0
0
0
0
0
0
0
0
0
0
0
0
0
0
0
2.802596928649634e-45
1.401298464324817e-44
6.305843089461677e-44
2.522337235784671e-43
9.668959403841238e-43
3.643376007244524e-42
1.351552368841286e-41
4.925283842408867e-41
1.764767260001388e-40
6.220756246707874e-40
2.157929570137002e-39
7.369239448591529e-39
2.478211468181854e-38
8.209549652720256e-38
2.679759553682429e-37
8.621712785304975e-37
2.734850134246569e-36
8.555252046580528e-36
2.640000747772283e-35
8.038153774870764e-35
2.41543104683108e-34
7.165075205223554e-34
2.098615207310815e-33
6.070522824004997e-33
1.734572835321608e-32
4.896899933657616e-32
1.366150130570856e-31
3.767105570585834e-31
1.026904999991342e-30
2.767862632796461e-30
7.377798264178937e-30
1.945140794655945e-29
5.073282252092426e-29
1.309213713161659e-28
3.343361179641528e-28
8.450316150140377e-28
2.114188248300127e-27
5.236697118984192e-27
1.284324718267699e-26
3.119282052099441e-26
7.503328153505011e-26
1.787839719668781e-25
4.220196301754464e-25
9.870039305584178e-25
2.28738246128543e-24
5.253421959332496e-24
1.195854204405434e-23
2.698323654313076e-23
6.035817123916045e-23
1.338595981964189e-22
2.94359647629101e-22
6.418969516154532e-22
1.388201524681305e-21
2.977698340000314e-21
6.33562874703331e-21
1.337267595735604e-20
2.800299764115514e-20
5.818154491681009e-20
1.199490211866141e-19
2.453997498742891e-19
4.982552405010367e-19
1.004069257439583e-18
2.008363301210627e-18
3.987674364947167e-18
7.860086074618745e-18
1.538138874883782e-17
2.988507931075278e-17
5.765446884261133e-17
1.104484574930856e-16
2.101175604645231e-16
3.969796196039426e-16
7.449098905729936e-16
1.388337187251923e-15
2.570200988006427e-15
4.726556924577454e-15
8.634803789142002e-15
1.56716070784553e-14
2.825862678893735e-14
5.062762004331284e-14
9.012492222784316e-14
1.594207079715082e-13
2.80225631111089e-13
4.895023730973336e-13
8.497780387348164e-13
1.466153479005861e-12
2.514175499734872e-12
4.285213243276909e-12
7.259857645602885e-12
1.222588350002773e-11
2.046661798371652e-11
3.405982093585003e-11
5.63488873617235e-11
9.268105033433116e-11
1.515565312137923e-10
2.464061177320787e-10
3.983237073512669e-10
6.402400831717614e-10
1.023258811017058e-09
1.626213386174413e-09
2.569993329260001e-09
4.038885670354375e-09
6.312168121525019e-09
9.810583456726363e-09
1.51642876033975e-08
2.331154824730675e-08
3.564125350408176e-08
5.419733994926901e-08
8.197022083322736e-08
1.233096611485962e-07
1.8450589323038e-07
2.74602399485957e-07
4.065256291596597e-07
5.986448741168715e-07
8.769120540819131e-07
1.277779006159108e-06
1.85214696557523e-06
2.670679350558203e-06
3.830900368484436e-06
5.466618858918082e-06
7.76034539740067e-06
1.095954939955845e-05
1.539779441372957e-05
2.152201159333345e-05
2.992744884977583e-05
4.140211240155622e-05
5.698288077837788e-05
7.802578329574317e-05
0.0001062933297362179
0.0001440621417714283
0.0001942544622579589
0.0002605976769700646
0.0003478154831100255
0.000461855495814234
0.0006101572071202099
0.0008019637898541987
0.001048681908287108
0.001364290481433272
0.001765799475833774
0.00227375840768218
0.002912808675318956
0.003712274599820375
0.004706779029220343
0.005936870351433754
0.007449636701494455
0.009299282915890217
0.0115476306527853
0.01426451280713081
0.01752799935638905
0.02142441086471081
0.02604806236922741
0.0315006822347641
0.03789041936397552
0.04533040896058083
0.05393683165311813
0.06382640451192856
0.07511330395936966
0.08790550380945206
0.1023004949092865
0.1183805391192436
0.1362074911594391
0.1558172404766083
0.1772141307592392
0.2003652602434158
0.2251953780651093
0.2515822350978851
0.279352992773056
0.3082817494869232
0.3380890488624573
0.3684429526329041
0.3989627361297607
0.4292245805263519
0.4587701559066772
0.48711758852005
0.5137747526168823
0.5382548570632935
0.5600932836532593
0.578865647315979
0.5942062139511108
0.6058252453804016
0.6135251522064209
0.6172142624855042
0.6169165372848511
0.6127776503562927
0.6050658822059631
0.5941675901412964
0.58057701587677
0.5648810863494873
0.547738254070282
0.5298538208007812
0.5119509696960449
0.49474036693573
0.4788885116577148
0.464987188577652
0.4535252153873444
0.4448642432689667
0.4392205774784088
0.4366530179977417
0.4370591342449188
0.4401796460151672
0.4456110298633575
0.452826052904129
0.4612017571926117
0.4700526595115662
0.4786678850650787
0.4863502383232117
0.4924543797969818
0.49642214179039
0.4978123903274536
0.4963242709636688
0.491811215877533
0.4842857718467712
0.4739148020744324
0.4610052406787872
0.44598188996315
0.4293583631515503
0.411703884601593
0.3936080634593964
0.3756457269191742
0.3583448529243469
0.3421593606472015
0.3274481594562531
0.3144620656967163
0.3033388555049896
0.2941059470176697
0.2866904735565186
0.280935525894165
0.2766203582286835
0.2734830379486084
0.2712435722351074
0.2696253955364227
0.2683739364147186
0.2672708630561829
0.2661431431770325
0.2648669183254242
0.2633666694164276
0.2616099417209625
0.2595990896224976
0.2573611736297607
0.2549375593662262
0.2523739635944366
0.2497124969959259
0.2469861209392548
0.2442160993814468
0.241411879658699
0.2385735958814621
0.2356961518526077
0.2327743023633957
0.2298073023557663
0.2268030345439911
0.2237803041934967
0.2207694351673126
0.2178105115890503
0.2149500399827957
0.2122360020875931
0.2097122669219971
0.2074131369590759
0.2053585201501846
0.2035506814718246
0.2019730061292648
0.2005908489227295
0.1993545442819595
0.1982042342424393
0.1970759481191635
0.1959080696105957
0.1946477741003036
0.1932562291622162
0.1917123943567276
0.1900146007537842
0.1881801038980484
0.1862423419952393
0.1842467039823532
0.1822449117898941
0.1802890300750732
0.1784255653619766
0.1766906678676605
0.1751065999269485
0.173679992556572
0.172402024269104
0.1712504178285599
0.1701928824186325
0.1691913157701492
0.1682067215442657
0.1672036647796631
0.1661541908979416
0.1650402992963791
0.1638553589582443
0.1626037955284119
0.1612996011972427
0.1599637120962143
0.1586209088563919
0.1572962999343872
0.156012237071991
0.154785692691803
0.1536267399787903
0.1525378376245499
0.1515142768621445
0.1505454182624817
0.149616613984108
0.1487114578485489
0.1478140354156494
0.1469108164310455
0.1459922194480896
0.1450533121824265
0.1440939903259277
0.1431183665990829
0.1421337574720383
0.1411493122577667
0.140174612402916
0.1392182260751724
0.1382866948843002
0.1373838484287262
0.1365105658769608
0.1356650292873383
0.134843185544014
0.1340396106243134
0.1332483440637589
0.1324638426303864
0.1316816061735153
0.1308986395597458
0.1301137357950211
0.1293273270130157
0.1285412162542343
0.12775819003582
0.1269813477993011
0.1262137144804001
0.1254577487707138
0.1247150376439095
0.1239861398935318
0.123270682990551
0.1225674599409103
0.1218747496604919
0.1211905777454376
0.1205130517482758
0.1198405995965004
0.1191721856594086
0.1185073107481003
0.1178460195660591
0.1171888113021851
0.116536483168602
0.1158899664878845
0.1152501255273819
0.1146176233887672
0.1139928698539734
0.1133759394288063
0.1127666011452675
0.1121644005179405
0.1115687415003777
0.1109789609909058
0.1103944927453995
0.1098148673772812
0.1092398017644882
0.1086691468954086
0.108102947473526
0.1075413450598717
0.1069845408201218
0.1064327731728554
0.1058862209320068
0.1053449884057045
0.1048090979456902
0.1042784824967384
0.1037529781460762
0.1032323986291885
0.1027165502309799
0.1022051796317101
0.1016981229186058
0.1011952459812164
0.1006964519619942
0.1002017110586166
0.09971102327108383
0.09922442585229874
0.09874194115400314
0.09826357662677765
0.09778936207294464
0.09731926023960114
0.09685322642326355
0.09639116376638412
0.09593299031257629
0.09547863155603409
0.09502798318862915
0.09458097815513611
0.09413754940032959
0.09369763731956482
0.09326121211051941
0.09282824397087097
0.09239871054887772
0.09197258949279785
0.09154987335205078
0.09113052487373352
0.09071451425552368
0.09030181169509888
0.08989236503839493
0.08948611468076706
0.08908302336931229
0.08868302404880524
0.08828608691692352
0.08789216727018356
0.08750124275684357
0.08711327612400055
0.08672825247049332
0.08634612709283829
0.08596687763929367
0.08559046685695648
0.08521686494350433
0.08484604209661484
0.08447796851396561
0.08411261439323425
0.08374994248151779
0.08338992297649384
0.08303252607584
0.08267772197723389
0.08232549577951431
0.08197580277919769
0.08162864297628403
0.08128397166728973
0.08094177395105362
0.0806020125746727
0.08026465028524399
0.0799296647310257
0.07959703356027603
0.0792667344212532
0.07893873006105423
0.0786130279302597
0.07828958332538605
0.07796837389469147
0.07764940708875656
0.07733262330293655
0.07701801508665085
0.07670555263757706
0.07639522105455399
0.07608699798583984
0.07578085362911224
0.07547676563262939
0.0751747190952301
0.07487470656633377
0.07457669824361801
0.07428067922592163
0.07398662716150284
0.07369451969861984
0.07340434193611145
0.07311607152223587
0.07282968610525131
0.07254517078399658
0.07226251065731049
0.07198167592287064
0.07170267403125763
0.07142546772956848
0.07115005701780319
0.07087640464305878
0.07060450315475464
0.07033433020114899
0.07006588578224182
0.06979914009571075
0.06953407824039459
0.06927068531513214
0.06900893896818161
0.06874882429838181
0.06849034875631332
0.06823348253965378
0.06797821819782257
0.06772453337907791
0.0674724206328392
0.06722185760736465
0.06697282940149307
0.06672531366348267
0.06647931784391403
0.06623481959104538
0.06599181145429611
0.06575026363134384
0.06551016867160797
0.0652715191245079
0.06503429263830185
0.06479848921298981
0.06456410139799118
0.06433110684156418
0.06409949064254761
0.06386926025152206
0.06364040076732635
0.06341288983821869
0.06318671256303787
0.0629618763923645
0.06273834407329559
0.06251610815525055
0.06229515746235847
0.06207548081874847
0.06185707449913025
0.0616399273276329
0.06142402440309525
0.06120935827493668
0.0609959214925766
0.06078370288014412
0.06057270243763924
0.06036289781332016
0.06015428528189659
0.05994684249162674
0.05974056571722031
0.0595354363322258
0.05933144316077232
0.05912858247756958
0.05892683565616608
0.05872619524598122
0.05852663144469261
0.05832813307642937
0.05813068896532059
0.05793426185846329
0.05773882940411568
0.05754436552524567
0.05735081806778908
0.05715814977884293
0.05696629360318184
0.05677518248558044
0.05658472329378128
0.05639480799436569
0.05620531737804413
0.05601606890559196
0.05582686141133308
0.05563743412494659
0.05544747039675713
0.05525657907128334
0.05506428703665733
0.05487000197172165
0.05467300862073898
0.05447245016694069
0.0542672798037529
0.05405621603131294
0.05383772030472755
0.0536099448800087
0.05337068811058998
0.05311731994152069
0.05284669622778893
0.05255511030554771
0.05223819985985756
0.05189081653952599
0.05150693655014038
0.05107954144477844
0.05060048401355743
0.05006033554673195
0.04944822564721107
0.04875171557068825
0.04795658588409424
0.04704669862985611
0.0460038036108017
0.04480737820267677
0.04343444481492043
0.04185943305492401
0.04005402326583862
0.03798707202076912
0.03562447428703308
0.0329291857779026
0.0298612117767334
0.02637768909335136
0.02243302017450333
0.01797912828624249
0.01296578254550695
0.007341025397181511
0.001051710685715079
-0.005955814849585295
-0.01373492088168859
-0.0223377738147974
-0.03181426599621773
-0.04221084713935852
-0.05356919392943382
-0.06592479348182678
-0.07930542528629303
-0.09372958540916443
-0.1092048436403275
-0.1257261782884598
-0.1432743817567825
-0.1618144512176514
-0.1812942624092102
-0.201643168926239
-0.2227709740400314
-0.2445672303438187
-0.2669007182121277
-0.2896194159984589
-0.3125508725643158
-0.3355031311511993
-0.3582660555839539
-0.3806132376194
-0.4023045897483826
-0.4230892658233643
-0.4427096545696259
-0.4609054327011108
-0.4774180352687836
-0.4919961094856262
-0.504400908946991
-0.5144121050834656
-0.5218334794044495
-0.5264988541603088
-0.5282779335975647
-0.527081310749054
-0.5228654146194458
-0.5156362056732178
-0.5054528117179871
-0.4924290478229523
-0.476734071969986
-0.4585915803909302
-0.4382776319980621
-0.41611647605896
-0.3924750983715057
-0.3677559196949005
-0.3423882126808167
-0.3168181478977203
-0.2914975881576538
-0.2668726146221161
-0.2433712184429169
-0.2213913798332214
-0.2012894600629807
-0.1833694577217102
-0.1678738594055176
-0.1549762040376663
-0.1447756886482239
-0.1372943371534348
-0.1324766874313354
-0.1301922053098679
-0.1302403956651688
-0.1323584169149399
-0.1362309157848358
-0.1415018290281296
-0.1477877199649811
-0.1546918898820877
-0.1618190407752991
-0.1687896698713303
-0.175253614783287
-0.1809023767709732
-0.185479462146759
-0.1887885332107544
-0.1906988173723221
-0.1911477595567703
-0.1901406794786453
-0.187747523188591
-0.1840969175100327
-0.1793676316738129
-0.1737782657146454
-0.1675751656293869
-0.161019578576088
-0.154374435544014
-0.1478916257619858
-0.1418000757694244
-0.1362956166267395
-0.1315327882766724
-0.1276191025972366
-0.1246120035648346
-0.1225186586380005
-0.1212983727455139
-0.1208674907684326
-0.1211064457893372
-0.1218685433268547
-0.1229897290468216
-0.1242990046739578
-0.1256286352872849
-0.1268236935138702
-0.1277503222227097
-0.1283023953437805
-0.1284061670303345
-0.1280225515365601
-0.1271473169326782
-0.1258090883493423
-0.1240652725100517
-0.1219964846968651
-0.1196997836232185
-0.1172811761498451
-0.1148479655385017
-0.1125015392899513
-0.1103307977318764
-0.1084069311618805
-0.1067796796560287
-0.1054752841591835
-0.1044961884617805
-0.1038224473595619
-0.1034146025776863
-0.1032178327441216
-0.1031669154763222
-0.1031916886568069
-0.1032225340604782
-0.1031954661011696
-0.1030565351247787
-0.1027652323246002
-0.1022965833544731
-0.1016420423984528
-0.1008090078830719
-0.09981919080018997
-0.09870593994855881
-0.09751081466674805
-0.09627973288297653
-0.09505905956029892
-0.09389181435108185
-0.09281443059444427
-0.09185421466827393
-0.09102769941091537
-0.0903400331735611
-0.08978527039289474
-0.08934755623340607
-0.08900310099124908
-0.08872269093990326
-0.08847443014383316
-0.08822661638259888
-0.08795040100812912
-0.08762200921773911
-0.08722440898418427
-0.08674836158752441
-0.08619259297847748
-0.08556343615055084
-0.08487372100353241
-0.08414122462272644
-0.08338678628206253
-0.08263222873210907
-0.08189842104911804
-0.08120342344045639
-0.08056113868951797
-0.0799802839756012
-0.07946402579545975
-0.07901003211736679
-0.07861105352640152
-0.07825595140457153
-0.07793091982603073
-0.07762093842029572
-0.07731123268604279
-0.07698855549097061
-0.07664234191179276
-0.07626540958881378
-0.07585443556308746
-0.07540992647409439
-0.07493589073419571
-0.07443922758102417
-0.0739288255572319
-0.07341458648443222
-0.07290639728307724
-0.07241324335336685
-0.07194233685731888
-0.07149864733219147
-0.07108451426029205
-0.07069968432188034
-0.07034150511026382
-0.07000536471605301
-0.06968526542186737
-0.06937453895807266
-0.06906653940677643
-0.06875525414943695
-0.06843586266040802
-0.06810509413480759
-0.06776145100593567
-0.067405104637146
-0.06703786551952362
-0.06666278839111328
-0.06628376245498657
-0.06590506434440613
-0.06553088128566742
-0.06516490876674652
-0.06481000036001205
-0.06446794420480728
-0.06413938105106354
-0.06382382661104202
-0.06351982057094574
-0.063225157558918
-0.0629371777176857
-0.0626530721783638
-0.0623701736330986
-0.06208622083067894
-0.06179956719279289
-0.06150928139686584
-0.06121516600251198
-0.06091771647334099
-0.06061801314353943
-0.0603175200521946
-0.06001792848110199
-0.05972092226147652
-0.05942800641059875
-0.05914036184549332
-0.05885874480009079
-0.05858344212174416
-0.05831427872180939
-0.05805069580674171
-0.0577918253839016
-0.05753661692142487
-0.05728396773338318
-0.05703284218907356
-0.05678237974643707
-0.05653197690844536
-0.05628130584955215
-0.05603033304214478
-0.05577927827835083
-0.05552858114242554
-0.05527880787849426
-0.05503058806061745
-0.05478452146053314
-0.05454112961888313
-0.05430078506469727
-0.05406368523836136
-0.0538298562169075
-0.05359914526343346
-0.05337128788232803
-0.05314592272043228
-0.05292263627052307
-0.05270101875066757
-0.05248072370886803
-0.05226148292422295
-0.0520431213080883
-0.05182557925581932
-0.05160890519618988
-0.05139321833848953
-0.0511787012219429
-0.0509655736386776
-0.05075403302907944
-0.05054427683353424
-0.05033642426133156
-0.05013055354356766
-0.04992666840553284
-0.04972472041845322
-0.04952460527420044
-0.04932618513703346
-0.04912931844592094
-0.04893385246396065
-0.04873966053128242
-0.04854664206504822
-0.04835473001003265
-0.04816390201449394
-0.04797416552901268
-0.04778555408120155
-0.04759812727570534
-0.0474119521677494
-0.04722708463668823
-0.0470435842871666
-0.04686147347092628
-0.04668077081441879
-0.04650145769119263
-0.0463235080242157
-0.04614688083529472
-0.04597151279449463
-0.04579735547304153
-0.04562435299158096
-0.04545246437191963
-0.04528164863586426
-0.04511187970638275
-0.04494315385818481
-0.04477547481656075
-0.04460884630680084
-0.0444432832300663
-0.04427880421280861
-0.04411541298031807
-0.04395312815904617
-0.04379194229841232
-0.04363185912370682
-0.04347285255789757
-0.04331491142511368
-0.04315800592303276
-0.04300211369991302
-0.04284721240401268
-0.04269327595829964
-0.0425402894616127
-0.04238823801279068
-0.04223711788654327
-0.04208691790699959
-0.04193764179944992
-0.04178927838802338
-0.04164183884859085
-0.04149531945586205
-0.04134971648454666
-0.0412050187587738
-0.04106123000383377
-0.04091833904385567
-0.040776327252388
-0.04063518717885017
-0.04049490764737129
-0.04035548120737076
-0.04021688923239708
-0.04007912054657936
-0.03994216397404671
-0.03980601951479912
-0.0396706759929657
-0.03953612968325615
-0.03940237686038017
-0.03926941752433777
-0.03913724422454834
-0.03900584951043129
-0.03887523338198662
-0.03874538838863373
-0.03861630707979202
-0.03848797455430031
-0.03836038336157799
-0.03823352605104446
-0.03810739889740944
-0.03798198699951172
-0.0378572978079319
-0.03773332014679909
-0.03761004656553268
-0.03748747706413269
-0.03736560046672821
-0.03724442049860954
-0.03712392225861549
-0.03700409457087517
-0.03688494116067886
-0.03676645085215569
-0.03664862364530563
-0.03653144463896751
-0.03641491383314133
-0.03629902750253677
-0.03618377819657326
-0.03606916591525078
-0.03595519065856934
-0.03584183752536774
-0.03572909906506538
-0.03561697900295258
-0.03550546616315842
-0.03539455309510231
-0.03528423979878426
-0.03517451882362366
-0.03506538644433022
-0.03495684266090393
-0.0348488837480545
-0.03474149852991104
-0.03463468700647354
-0.03452844172716141
-0.03442275151610374
-0.03431762009859085
-0.03421304002404213
-0.03410900384187698
-0.03400551155209541
-0.03390256315469742
-0.0338001474738121
-0.03369826450943947
-0.03359691426157951
-0.03349608555436134
-0.03339578211307526
-0.03329599276185036
-0.03319671750068665
-0.03309794887900352
-0.0329996831715107
-0.03290191292762756
-0.03280464187264442
-0.03270785883069038
-0.03261156380176544
-0.0325157567858696
-0.03242043405771255
-0.03232559189200401
-0.03223123401403427
-0.03213734924793243
-0.0320439338684082
-0.03195098415017128
-0.03185849636793137
-0.03176646679639816
-0.03167488425970078
-0.0315837524831295
-0.03149306774139404
-0.0314028300344944
-0.03131303191184998
-0.03122367896139622
-0.03113476559519768
-0.03104628436267376
-0.03095823153853416
-0.03087060339748859
-0.03078339621424675
-0.03069660998880863
-0.03061024285852909
-0.03052428737282753
-0.03043874353170395
-0.03035360388457775
-0.03026887029409409
-0.0301845408976078
-0.03010061010718346
-0.0300170760601759
-0.02993394061923027
-0.02985119633376598
-0.02976884134113789
-0.02968687377870083
-0.02960528805851936
-0.02952408790588379
-0.02944326587021351
-0.02936282008886337
-0.02928274497389793
-0.02920304052531719
-0.02912370674312115
-0.0290447436273098
-0.02896614372730255
-0.02888790518045425
-0.02881002612411976
-0.02873250097036362
-0.02865532599389553
-0.0285785011947155
-0.02850202284753323
-0.02842588722705841
-0.0283500961959362
-0.02827464789152145
-0.02819954231381416
-0.02812477387487888
-0.02805034443736076
-0.02797625027596951
-0.02790248952805996
-0.02782906033098698
-0.02775595895946026
-0.0276831854134798
-0.02761073224246502
-0.0275385994464159
-0.02746678330004215
-0.02739528194069862
-0.02732409164309502
-0.02725321054458618
-0.02718264050781727
-0.02711237594485283
-0.02704241685569286
-0.02697276324033737
-0.02690341509878635
-0.02683437429368496
-0.02676563151180744
-0.02669718861579895
-0.02662904188036919
-0.02656119130551815
-0.02649363130331039
-0.02642636001110077
-0.02635937556624413
-0.02629267424345016
-0.02622625790536404
-0.02616011723875999
-0.02609425783157349
-0.02602867968380451
-0.02596337907016277
-0.02589835226535797
-0.02583360113203526
-0.02576912008225918
-0.02570491097867489
-0.02564097009599209
-0.02557729557156563
-0.02551388368010521
-0.02545073442161083
-0.0253878477960825
-0.0253252275288105
-0.02526286616921425
-0.02520076557993889
-0.02513892203569412
-0.02507733553647995
-0.02501600235700607
-0.02495492249727249
-0.02489409036934376
-0.02483350597321987
-0.02477317117154598
-0.02471307851374149
-0.0246532279998064
-0.02459361776709557
-0.02453424781560898
-0.02447511814534664
-0.0244162306189537
-0.02435757778584957
-0.02429916150867939
-0.02424098365008831
-0.02418303862214088
-0.02412532642483711
-0.02406784519553185
-0.02401059493422508
-0.02395357191562653
-0.02389677241444588
-0.02384019643068314
-0.02378384210169315
-0.02372771315276623
-0.02367180958390236
-0.0236161258071661
-0.02356066182255745
-0.02350541204214096
-0.02345037646591663
-0.02339555695652962
-0.02334095351397991
-0.02328656241297722
-0.02323238179087639
-0.02317840978503227
-0.02312464825809002
-0.02307109348475933
-0.02301774546504021
-0.0229646023362875
-0.02291166037321091
-0.02285891957581043
-0.02280637808144093
-0.02275403961539268
-0.02270190231502056
-0.02264996431767941
-0.02259822189807892
-0.0225466787815094
-0.0224953331053257
-0.02244418486952782
-0.02239323034882545
-0.02234246768057346
-0.02229189872741699
-0.02224152162671089
-0.02219133451581001
-0.02214133366942406
-0.02209152095019817
-0.02204189822077751
-0.02199245989322662
-0.02194320596754551
-0.02189413830637932
-0.0218452513217926
-0.02179654687643051
-0.02174802124500275
-0.02169967070221901
-0.02165149711072445
-0.02160349674522877
-0.02155567146837711
-0.02150801941752434
-0.02146053873002529
-0.02141323313117027
-0.02136610075831413
-0.02131914347410202
-0.02127235382795334
-0.02122573740780354
-0.02117929421365261
-0.02113302238285542
-0.0210869200527668
-0.02104098349809647
-0.02099521458148956
-0.02094961144030094
-0.02090417221188545
-0.0208588968962431
-0.02081378363072872
-0.02076883241534233
-0.02072404138743877
-0.02067941054701805
-0.02063493803143501
-0.02059062756597996
-0.02054647170007229
-0.02050247043371201
-0.02045862190425396
-0.0204149279743433
-0.02037138864398003
-0.02032800018787384
-0.02028476446866989
-0.02024167776107788
-0.02019874379038811
-0.02015596255660057
-0.02011333033442497
-0.02007084712386131
-0.02002851106226444
-0.01998632214963436
-0.01994427852332592
-0.01990238018333912
-0.01986062712967396
-0.01981901936233044
-0.01977755315601826
-0.01973623037338257
-0.01969505101442337
-0.01965401321649551
-0.019613116979599
-0.01957236044108868
-0.0195317454636097
-0.01949127018451691
-0.01945093460381031
-0.01941073872148991
-0.01937068253755569
-0.01933076418936253
-0.0192909799516201
-0.01925132982432842
-0.01921181194484234
-0.01917242631316185
-0.01913317292928696
-0.01909405365586281
-0.0190550684928894
-0.01901621371507645
-0.01897748932242393
-0.01893889345228672
-0.01890042796730995
-0.01886209100484848
-0.01882388070225716
-0.01878579892218113
-0.0187478456646204
-0.01871001720428467
-0.01867231167852879
-0.0186347272247076
-0.01859726570546627
-0.01855992525815964
-0.01852270774543285
-0.01848561316728592
-0.01844864338636398
-0.01841179467737675
-0.01837506517767906
-0.01833845674991608
-0.01830196753144264
-0.01826559752225876
-0.01822934299707413
-0.01819320768117905
-0.01815719157457352
-0.01812129467725754
-0.01808551512658596
-0.01804985105991364
-0.01801430620253086
-0.01797887869179249
-0.01794356480240822
-0.0179083663970232
-0.01787327975034714
-0.01783830672502518
-0.01780344359576702
-0.01776868849992752
-0.01773404330015182
-0.01769950799643993
-0.0176650807261467
-0.01763076148927212
-0.01759655028581619
-0.01756244339048862
-0.01752844825387001
-0.0174945592880249
-0.0174607802182436
-0.0174271110445261
-0.01739354990422726
-0.01736009493470192
-0.01732674799859524
-0.01729350537061691
-0.01726036705076694
-0.01722733490169048
-0.01719440706074238
-0.01716157793998718
-0.01712885126471519
-0.01709622517228127
-0.01706370152533054
-0.01703127846121788
-0.01699895411729813
-0.01696673221886158
-0.01693460904061794
-0.01690258458256721
-0.0168706588447094
-0.01683882996439934
-0.01680709980428219
-0.0167754665017128
-0.01674393005669117
-0.0167124904692173
-0.01668114960193634
-0.01664990745484829
-0.016618762165308
-0.01658771373331547
-0.01655676029622555
-0.01652589999139309
-0.01649513468146324
-0.01646446250379086
-0.01643388159573078
-0.01640339009463787
-0.01637298800051212
-0.01634267531335354
-0.01631245389580727
-0.01628232188522816
-0.01625227928161621
-0.01622233167290688
-0.0161924734711647
-0.01616270653903484
-0.0161330308765173
-0.01610344275832176
-0.01607394218444824
-0.01604452915489674
-0.01601520366966724
-0.01598596759140491
-0.0159568190574646
-0.01592775620520115
-0.01589877717196941
-0.01586988568305969
-0.01584107801318169
-0.01581235602498055
-0.01578371785581112
-0.01575516723096371
-0.01572669856250286
-0.01569831371307373
-0.01567001268267632
-0.01564179733395576
-0.01561366301029921
-0.01558561064302921
-0.01555763930082321
-0.01552975084632635
-0.01550194341689348
-0.01547421608120203
-0.01544656977057457
-0.01541900262236595
-0.0153915137052536
-0.01536410581320524
-0.01533677894622087
-0.01530953124165535
-0.01528236269950867
-0.01525527145713568
-0.01522825751453638
-0.01520132180303335
-0.01517446059733629
-0.0151476738974452
-0.01512096263468266
-0.0150943286716938
-0.01506776828318834
-0.01504128519445658
-0.01501487754285336
-0.01498854532837868
-0.01496229041367769
-0.01493611000478268
-0.01491000410169363
-0.0148839745670557
-0.01485801953822374
-0.01483213901519775
-0.01480633206665516
-0.01478059962391853
-0.01475493796169758
-0.01472935080528259
-0.01470383536070585
-0.01467839162796736
-0.01465301960706711
-0.01462771743535995
-0.01460248604416847
-0.01457732357084751
-0.01455223187804222
-0.01452720817178488
-0.01450225152075291
-0.01447736378759146
-0.01445254404097795
-0.0144277922809124
-0.01440310943871737
-0.01437849178910255
-0.01435394305735826
-0.01432946138083935
-0.01430504862219095
-0.01428070291876793
-0.014256427064538
-0.01423221919685602
-0.01420808117836714
-0.01418401021510363
-0.01416000537574291
-0.014136066660285
-0.01411219500005245
-0.01408838573843241
-0.01406464166939259
-0.01404096186161041
-0.01401734445244074
-0.01399378944188356
-0.01397029869258404
-0.01394687034189701
-0.01392350438982248
-0.01390019990503788
-0.01387695781886578
-0.01385377626866102
-0.01383065804839134
-0.01380760408937931
-0.01378461252897978
-0.01376168336719275
-0.01373881474137306
-0.0137160075828433
-0.01369326375424862
-0.01367058139294386
-0.0136479614302516
-0.01362540107220411
-0.01360290125012398
-0.01358046289533377
-0.01355808321386576
-0.01353576220571995
-0.01351350173354149
-0.0134913008660078
-0.01346915867179632
-0.01344707701355219
-0.01342505309730768
-0.01340308785438538
-0.01338118221610785
-0.01335933618247509
-0.01333754695951939
-0.01331581734120846
-0.01329414360225201
-0.01327252760529518
-0.01325096748769283
-0.01322946231812239
-0.01320801302790642
-0.01318661589175463
-0.01316527277231216
-0.01314398273825645
-0.0131227457895875
-0.01310156285762787
-0.01308043301105499
-0.01305935624986887
-0.01303833350539207
-0.01301736384630203
-0.01299645006656647
-0.01297558937221766
-0.01295478362590075
-0.01293403375893831
-0.01291334070265293
-0.01289270166307688
-0.0128721185028553
-0.0128515912219882
-0.012831118889153
-0.01281070057302713
-0.01279033441096544
-0.01277002319693565
-0.01274976506829262
-0.01272955723106861
-0.01270939968526363
-0.01268929243087769
-0.01266923360526562
-0.01264922507107258
-0.01262926589697599
-0.01260935515165329
-0.01258949376642704
-0.01256968080997467
-0.01254991721361876
-0.01253020484000444
-0.01251054089516401
-0.01249092631042004
-0.01247136108577251
-0.01245184522122145
-0.01243237685412169
-0.0124129569157958
-0.01239358447492123
-0.01237426046282053
-0.01235498487949371
-0.0123357567936182
-0.01231657713651657
-0.01229744590818882
-0.0122783649712801
-0.01225933246314526
-0.01224034838378429
-0.01222141366451979
-0.01220252923667431
-0.01218369137495756
-0.01216490101069212
-0.01214615721255541
-0.01212745811790228
-0.01210880372673273
-0.01209019497036934
-0.01207163091748953
-0.01205311063677073
-0.01203463599085808
-0.01201620791107416
-0.01199782360345125
-0.01197948586195707
-0.01196119375526905
-0.01194294728338718
-0.01192474644631147
-0.01190659217536449
-0.01188848353922367
-0.01187041960656643
-0.01185239944607019
-0.01183442212641239
-0.01181648764759302
-0.01179859414696693
-0.0117807425558567
-0.01176293101161718
-0.01174516044557095
-0.01172743178904057
-0.01170974411070347
-0.01169209741055965
-0.0116744926199317
-0.01165693067014217
-0.01163941249251366
-0.01162193715572357
-0.01160450465977192
-0.01158711593598127
-0.01156977098435163
-0.01155247073620558
-0.01153521239757538
-0.01151799596846104
-0.0115008233115077
-0.01148369163274765
-0.01146660093218088
-0.0114495512098074
-0.01143254153430462
-0.0114155737683177
-0.01139864511787891
-0.01138175837695599
-0.01136490982025862
-0.01134810037910938
-0.01133132912218571
-0.01131459511816502
-0.01129789929836988
-0.01128124166280031
-0.01126462128013372
-0.01124803815037012
-0.01123149320483208
-0.01121498644351959
-0.01119851786643267
-0.01118208840489388
-0.01116569805890322
-0.01114934682846069
-0.01113303564488888
-0.01111676264554262
-0.01110053062438965
-0.01108433678746223
-0.01106818206608295
-0.01105206646025181
-0.01103598903864622
-0.01101994886994362
-0.011003945954144
-0.01098798029124737
-0.010972049087286
-0.01095615327358246
-0.01094029191881418
-0.01092446595430374
-0.01090867631137371
-0.01089292485266924
-0.0108772087842226
-0.01086152903735638
-0.01084588468074799
-0.01083027757704258
-0.01081470679491758
-0.010799172334373
-0.01078367419540882
-0.01076821144670248
-0.0107527868822217
-0.01073739770799875
-0.01072204206138849
-0.01070672180503607
-0.0106914360076189
-0.01067618560045958
-0.01066096778959036
-0.01064578536897898
-0.01063063647598028
-0.01061552297323942
-0.01060044579207897
-0.01058540120720863
-0.01057039014995098
-0.01055541262030602
-0.01054046861827374
-0.01052555721253157
-0.01051067747175694
-0.01049583032727242
-0.01048101671040058
-0.01046623662114143
-0.01045149005949497
-0.01043677795678377
-0.01042209938168526
-0.01040745433419943
-0.01039284467697144
-0.0103782694786787
-0.01036372594535351
-0.01034921500831842
-0.01033473666757345
-0.01032028999179602
-0.01030587498098612
-0.01029149070382118
-0.01027713809162378
-0.01026281528174877
-0.01024852227419615
-0.01023426186293364
-0.01022003404796124
-0.01020583789795637
-0.0101916715502739
-0.01017753686755896
-0.01016343291848898
-0.01014935970306396
-0.01013531722128391
-0.0101213064044714
-0.01010732725262642
-0.0100933788344264
-0.01007946114987135
-0.01006557326763868
-0.0100517151877284
-0.01003788784146309
-0.01002409122884274
-0.01001032441854477
-0.009996588341891766
-0.009982883930206299
-0.00996920932084322
-0.009955563582479954
-0.009941947646439075
-0.009928362444043159
-0.009914807975292206
-0.009901281446218491
-0.009887784719467163
-0.009874315932393074
-0.009860877878963947
-0.009847469627857208
-0.009834090247750282
-0.009820740669965744
-0.009807417169213295
-0.009794122539460659
-0.009780855849385262
-0.009767617098987103
-0.009754405356943607
-0.009741221554577351
-0.009728066623210907
-0.009714940562844276
-0.009701842442154884
-0.009688772261142731
-0.009675730019807816
-0.009662715718150139
-0.009649728424847126
-0.009636769071221352
-0.009623836725950241
-0.009610931389033794
-0.009598053060472012
-0.009585201740264893
-0.009572378359735012
-0.009559581987559795
-0.009546813555061817
-0.009534073062241077
-0.009521360509097576
-0.009508674964308739
-0.009496016427874565
-0.00948338583111763
-0.00947078038007021
-0.009458202868700027
-0.009445649571716785
-0.009433120489120483
-0.009420618414878845
-0.009408142417669296
-0.009395691566169262
-0.009383267723023891
-0.00937086995691061
-0.009358498267829418
-0.009346152655780315
-0.009333833120763302
-0.009321541525423527
-0.009309276007115841
-0.009297036565840244
-0.009284822270274162
-0.009272634983062744
-0.009260470978915691
-0.009248332120478153
-0.009236219339072704
-0.009224132634699345
-0.0092120710760355
-0.009200034663081169
-0.009188023395836353
-0.009176038205623627
-0.009164078161120415
-0.009152141399681568
-0.009140228852629662
-0.00912833958864212
-0.00911647267639637
-0.009104629047214985
-0.009092808701097965
-0.00908101350069046
-0.009069240652024746
-0.009057491086423397
-0.009045766666531563
-0.009034065529704094
-0.00902238767594099
-0.009010734967887402
-0.008999106474220753
-0.008987503126263618
-0.008975923992693424
-0.00896436907351017
-0.008952838368713856
-0.008941331878304482
-0.008929847739636898
-0.008918385021388531
-0.008906944654881954
-0.008895526640117168
-0.008884131908416748
-0.008872761391103268
-0.008861414156854153
-0.008850089274346828
-0.008838786743581295
-0.008827506564557552
-0.008816249668598175
-0.008805016987025738
-0.00879380851984024
-0.008782623335719109
-0.008771461434662342
-0.008760322816669941
-0.00874920841306448
-0.008738116361200809
-0.00872704666107893
-0.008715997450053692
-0.00870496965944767
-0.008693963289260864
-0.008682976476848125
-0.008672011084854603
-0.008661067113280296
-0.008650145493447781
-0.008639245294034481
-0.008628366515040398
-0.008617508225142956
-0.00860667135566473
-0.008595856837928295
-0.008585064671933651
-0.008574295789003372
-0.008563549257814884
-0.008552824147045612
-0.008542121388018131
-0.008531439118087292
-0.008520778268575668
-0.008510136976838112
-0.008499517105519772
-0.008488915860652924
-0.008478334173560143
-0.008467773906886578
-0.008457232266664505
-0.008446712046861649
-0.008436212316155434
-0.00842573307454586
-0.008415275253355503
-0.008404839783906937
-0.008394425734877586
-0.008384030312299728
-0.008373656310141087
-0.008363300934433937
-0.008352965116500854
-0.008342647925019264
-0.008332351222634315
-0.008322075009346008
-0.008311818353831768
-0.008301582187414169
-0.008291366510093212
-0.008281172253191471
-0.008270999416708946
-0.008260847069323063
-0.008250714279711246
-0.008240601047873497
-0.008230507373809814
-0.008220432326197624
-0.008210375905036926
-0.008200338110327721
-0.008190318942070007
-0.008180320262908936
-0.008170340210199356
-0.008160378783941269
-0.008150435984134674
-0.008140512742102146
-0.00813060998916626
-0.00812072679400444
-0.008110863156616688
-0.008101018145680428
-0.008091190829873085
-0.00808138120919466
-0.008071589283645153
-0.008061815053224564
-0.008052056655287743
-0.008042316883802414
-0.008032595738768578
-0.008022894151508808
-0.008013212122023106
-0.00800354965031147
-0.007993906736373901
-0.0079842833802104
-0.007974679581820965
-0.007965093478560448
-0.007955524139106274
-0.007945972494781017
-0.007936438545584679
-0.007926921360194683
-0.007917421869933605
-0.007907940074801445
-0.007898475974798203
-0.007889029569923878
-0.007879600860178471
-0.007870190776884556
-0.007860798388719559
-0.007851423695683479
-0.007842066697776318
-0.007832727394998074
-0.007823406718671322
-0.007814102806150913
-0.007804816588759422
-0.007795548066496849
-0.007786297239363194
-0.007777064107358456
-0.007767847739160061
-0.007758648134768009
-0.007749464362859726
-0.007740296889096498
-0.007731146644800901
-0.007722013164311647
-0.007712896913290024
-0.007703797891736031
-0.00769471563398838
-0.007685650140047073
-0.007676601409912109
-0.007667569443583488
-0.007658554706722498
-0.007649557664990425
-0.007640577852725983
-0.007631615269929171
-0.007622670382261276
-0.007613742258399725
-0.007604830898344517
-0.007595935370773077
-0.00758705660700798
-0.007578194607049227
-0.007569347973912954
-0.007560516707599163
-0.007551700808107853
-0.007542900741100311
-0.007534116506576538
-0.007525347173213959
-0.007516594603657722
-0.007507857866585255
-0.007499137427657843
-0.007490433286875486
-0.007481745444238186
-0.007473072968423367
-0.007464416790753603
-0.007455775514245033
-0.007447149138897657
-0.007438538130372763
-0.007429942488670349
-0.007421362213790417
-0.007412797305732965
-0.007404247764497995
-0.007395714055746794
-0.007387195713818073
-0.007378693204373121
-0.00737020606175065
-0.007361734285950661
-0.007353277876973152
-0.007344836834818125
-0.007336410228163004
-0.00732799805700779
-0.007319600321352482
-0.007311217952519655
-0.007302850484848022
-0.007294498383998871
-0.0072861616499722
-0.007277840748429298
-0.007269536610692739
-0.007261248771101236
-0.007252976763993502
-0.007244720589369535
-0.007236479315906763
-0.007228252477943897
-0.007220039609819651
-0.007211840711534023
-0.007203654851764441
-0.007195482030510902
-0.007187322247773409
-0.00717917550355196
-0.00717104272916913
-0.00716292392462492
-0.007154820021241903
-0.007146730553358793
-0.007138655986636877
-0.007130596321076155
-0.007122551556676626
-0.007114521227777004
-0.007106504868716002
-0.007098502479493618
-0.007090514991432428
-0.007082542404532433
-0.007074583787471056
-0.007066640071570873
-0.007058711256831884
-0.007050796411931515
-0.007042897399514914
-0.007035011891275644
-0.007027140352874994
-0.007019282784312963
-0.00701143778860569
-0.007003605831414461
-0.006995785981416702
-0.006987978238612413
-0.006980182137340307
-0.006972398143261671
-0.006964626722037792
-0.006956869270652533
-0.006949124857783318
-0.006941395346075296
-0.006933680735528469
-0.006925981491804123
-0.006918297149240971
-0.006910627707839012
-0.006902973167598248
-0.006895333062857389
-0.006887706462293863
-0.006880092434585094
-0.00687249144539237
-0.006864903494715691
-0.006857328116893768
-0.006849765311926603
-0.006842214614152908
-0.006834676023572683
-0.006827149540185928
-0.006819636095315218
-0.00681213615462184
-0.006804648786783218
-0.006797173526138067
-0.006789710838347673
-0.006782260723412037
-0.006774821784347296
-0.006767395883798599
-0.006759982090443373
-0.006752580404281616
-0.006745191290974617
-0.006737814284861088
-0.006730449851602316
-0.006723098456859589
-0.006715760100632906
-0.006708434317260981
-0.006701122038066387
-0.006693822797387838
-0.006686536129564047
-0.006679262034595013
-0.006672000512480736
-0.006664751097559929
-0.006657513789832592
-0.006650288589298725
-0.006643075030297041
-0.006635874509811401
-0.006628686096519232
-0.00662151025608182
-0.006614347919821739
-0.006607198156416416
-0.00660006096586585
-0.006592937745153904
-0.006585826631635427
-0.006578728556632996
-0.006571642588824034
-0.006564568728208542
-0.006557506043463945
-0.006550454534590244
-0.006543414667248726
-0.006536385044455528
-0.006529366131871939
-0.006522357929497957
-0.006515360902994871
-0.006508374586701393
-0.006501398980617523
-0.006494434550404549
-0.006487481296062469
-0.006480539217591286
-0.006473609246313572
-0.006466692313551903
-0.006459787953644991
-0.006452896166592836
-0.006446016021072865
-0.00643914844840765
-0.006432293448597193
-0.006425450090318918
-0.006418618839234114
-0.006411798764020205
-0.006404989399015903
-0.00639819074422121
-0.006391402799636126
-0.006384626030921936
-0.006377859972417355
-0.006371104158461094
-0.006364360451698303
-0.006357627455145121
-0.006350905634462833
-0.006344194523990154
-0.006337494589388371
-0.006330806296318769
-0.006324129179120064
-0.006317462772130966
-0.006310807075351477
-0.006304161623120308
-0.00629752641543746
-0.006290901452302933
-0.006284285802394152
-0.006277679931372404
-0.006271085236221552
-0.006264501251280308
-0.006257927976548672
-0.006251366343349218
-0.00624481588602066
-0.006238277070224285
-0.00623175036162138
-0.006225235760211945
-0.006218732334673405
-0.006212241016328335
-0.00620576087385416
-0.006199292372912169
-0.006192835047841072
-0.006186388432979584
-0.006179951131343842
-0.006173524539917707
-0.006167108193039894
-0.006160701625049114
-0.006154304370284081
-0.00614791689440608
-0.006141539197415113
-0.006135170813649893
-0.006128811743110418
-0.006122462451457977
-0.006116123404353857
-0.006109794601798058
-0.006103475112468004
-0.006097165867686272
-0.00609086686745286
-0.006084578111767769
-0.006078298669308424
-0.006072029005736113
-0.006065769586712122
-0.006059519946575165
-0.006053281016647816
-0.0060470518656075
-0.006040833424776793
-0.006034624762833118
-0.006028426345437765
-0.006022239103913307
-0.006016060709953308
-0.006009893026202917
-0.006003735587000847
-0.005997588392347097
-0.005991450976580381
-0.005985322874039412
-0.005979204550385475
-0.005973096005618572
-0.005966997239738703
-0.005960907787084579
-0.00595482811331749
-0.005948757752776146
-0.005942697636783123
-0.005936646834015846
-0.005930605344474316
-0.005924574099481106
-0.005918552633374929
-0.005912540014833212
-0.005906537640839815
-0.005900544580072165
-0.00589456083253026
-0.005888586863875389
-0.005882622208446264
-0.005876666400581598
-0.005870720371603966
-0.005864783655852079
-0.005858855322003365
-0.005852936301380396
-0.005847026593983173
-0.00584112573415041
-0.005835234187543392
-0.005829351954162121
-0.005823479034006596
-0.005817615892738104
-0.005811762064695358
-0.005805918015539646
-0.00580008327960968
-0.005794258788228035
-0.005788444075733423
-0.00578263821080327
-0.005776841193437576
-0.005771053023636341
-0.005765273701399565
-0.005759502295404673
-0.005753740202635527
-0.005747986491769552
-0.005742240697145462
-0.005736503750085831
-0.005730775650590658
-0.00572505546733737
-0.005719343665987253
-0.005713641177862883
-0.005707948468625546
-0.005702265538275242
-0.005696591921150684
-0.005690927617251873
-0.005685272626578808
-0.005679626483470201
-0.005673989653587341
-0.005668361205607653
-0.005662741139531136
-0.005657129921019077
-0.005651527550071478
-0.005645933095365763
-0.005640347953885794
-0.005634770262986422
-0.005629201419651508
-0.005623640492558479
-0.005618087481707335
-0.005612543318420649
-0.005607007071375847
-0.005601479206234217
-0.005595959257334471
-0.005590447690337896
-0.005584944505244493
-0.005579448770731688
-0.005573961418122053
-0.00556848244741559
-0.005563010927289724
-0.00555754778906703
-0.005552093498408794
-0.005546647123992443
-0.005541209131479263
-0.005535779986530542
-0.005530359223484993
-0.005524947308003902
-0.005519544240087271
-0.005514149554073811
-0.005508764646947384
-0.005503388121724129
-0.005498020444065332
-0.005492661613970995
-0.005487311631441116
-0.005481970030814409
-0.005476636812090874
-0.00547131197527051
-0.005465995520353317
-0.005460686516016722
-0.005455384962260723
-0.005450091324746609
-0.005444804672151804
-0.005439525470137596
-0.005434253253042698
-0.005428988020867109
-0.00542372977361083
-0.005418478511273861
-0.005413235165178776
-0.005407999269664288
-0.005402770824730396
-0.005397549830377102
-0.005392336752265692
-0.005387132056057453
-0.005381936207413673
-0.005376748740673065
-0.005371569655835629
-0.005366399418562651
-0.005361238494515419
-0.005356085952371359
-0.00535094179213047
-0.005345805082470179
-0.005340675823390484
-0.005335554480552673
-0.005330440122634172
-0.005325332749634981
-0.005320230964571238
-0.005315136164426804
-0.005310048349201679
-0.00530496658757329
-0.00529989181086421
-0.005294824484735727
-0.005289764609187841
-0.005284712184220552
-0.005279667675495148
-0.005274631548672915
-0.005269603803753853
-0.005264583509415388
-0.005259571596980095
-0.005254567135125399
-0.005249570589512587
-0.005244581960141659
-0.005239600781351328
-0.005234626121819019
-0.00522965844720602
-0.005224698223173618
-0.005219745449721813
-0.005214799661189318
-0.005209860857576132
-0.00520492997020483
-0.0052000074647367
-0.00519509194418788
-0.005190183408558369
-0.005185282323509455
-0.005180388689041138
-0.005175501573830843
-0.005170621443539858
-0.005165748298168182
-0.005160882603377104
-0.005156023427844048
-0.005151171237230301
-0.005146326031535864
-0.005141487345099449
-0.005136655177921057
-0.005131830461323261
-0.005127013195306063
-0.005122202448546886
-0.00511739868670702
-0.00511260237544775
-0.005107812583446503
-0.005103029776364565
-0.005098253954201937
-0.005093486048281193
-0.005088725592941046
-0.005083971656858921
-0.005079225171357393
-0.005074485670775175
-0.005069753620773554
-0.00506502715870738
-0.005060308147221804
-0.005055594723671675
-0.005050888285040855
-0.005046187900006771
-0.005041493568569422
-0.005036805756390095
-0.00503212446346879
-0.005027449689805508
-0.005022781435400248
-0.005018120165914297
-0.005013466347008944
-0.0050088195130229
-0.005004180129617453
-0.004999548196792603
-0.004994923248887062
-0.004990305285900831
-0.004985693376511335
-0.004981087986379862
-0.004976489115506411
-0.004971896298229694
-0.004967309534549713
-0.004962728824466467
-0.004958154167979956
-0.004953585565090179
-0.004949023947119713
-0.004944469779729843
-0.004939922597259283
-0.004935381934046745
-0.004930848255753517
-0.004926322493702173
-0.004921802785247564
-0.004917290527373552
-0.004912783857434988
-0.004908283706754446
-0.004903789609670639
-0.004899301566183567
-0.00489481957629323
-0.004890343174338341
-0.004885872825980186
-0.004881408531218767
-0.004876949824392796
-0.004872496239840984
-0.004868049174547195
-0.004863608162850142
-0.004859173204749823
-0.004854744765907526
-0.004850321915000677
-0.004845905117690563
-0.004841495305299759
-0.004837092477828264
-0.004832696169614792
-0.004828305914998055
-0.004823921248316765
-0.004819543100893497
-0.004815171472728252
-0.004810805432498455
-0.00480644591152668
-0.004802092909812927
-0.004797745496034622
-0.004793404135853052
-0.004789069294929504
-0.004784740973263979
-0.004780418705195189
-0.00477610295638442
-0.004771793726831675
-0.004767491016536951
-0.00476319482550025
-0.004758904688060284
-0.004754621535539627
-0.004750344436615705
-0.004746072459965944
-0.004741805605590343
-0.004737543873488903
-0.00473328772932291
-0.004729037173092365
-0.004724792670458555
-0.00472055422142148
-0.004716320894658566
-0.004712093621492386
-0.004707872867584229
-0.004703657701611519
-0.004699448589235544
-0.004695245530456305
-0.004691048990935087
-0.004686858505010605
-0.004682672675698996
-0.004678492899984121
-0.004674318712204695
-0.004670149646699429
-0.00466598616912961
-0.004661827813833952
-0.004657675046473742
-0.004653527867048979
-0.004649386741220951
-0.004645252134650946
-0.004641123116016388
-0.004637000150978565
-0.004632883705198765
-0.004628773778676987
-0.004624669440090656
-0.004620571155101061
-0.004616477992385626
-0.004612390417605639
-0.004608307965099812
-0.004604231100529432
-0.004600159823894501
-0.00459609366953373
-0.004592032637447119
-0.004587977658957243
-0.004583927802741528
-0.004579883068799973
-0.004575843922793865
-0.004571810830384493
-0.004567782860249281
-0.004563760478049517
-0.0045597436837852
-0.004555732477456331
-0.00455172685906291
-0.004547726828604937
-0.004543731920421124
-0.004539741668850183
-0.004535756539553404
-0.004531776066869497
-0.004527800250798464
-0.004523829091340303
-0.004519862588495016
-0.004515900276601315
-0.004511942621320486
-0.004507990553975105
-0.004504043608903885
-0.004500102251768112
-0.004496167413890362
-0.004492239560931921
-0.004488318227231503
-0.004484402947127819
-0.004480493720620871
-0.004476591013371944
-0.004472694825381041
-0.004468805156648159
-0.004464921075850725
-0.004461042117327452
-0.004457167815417051
-0.004453297704458237
-0.004449432250112295
-0.004445571452379227
-0.004441715776920319
-0.004437865223735571
-0.004434018861502409
-0.004430177621543407
-0.004426341503858566
-0.004422510508447886
-0.004418684635311365
-0.004414863884449005
-0.004411048255860806
-0.004407237283885479
-0.004403431434184313
-0.004399629309773445
-0.004395831376314163
-0.004392038565129042
-0.004388250410556793
-0.004384466912597418
-0.004380688071250916
-0.004376914352178574
-0.004373145755380392
-0.004369382280856371
-0.004365624859929085
-0.004361873026937246
-0.004358126781880856
-0.0043543865904212
-0.004350651986896992
-0.004346922505646944
-0.004343198146671057
-0.00433947890996933
-0.004335764329880476
-0.004332054872065783
-0.004328350536525249
-0.004324650857597589
-0.004320955369621515
-0.00431726360693574
-0.00431357603520155
-0.004309892654418945
-0.004306214395910501
-0.004302540794014931
-0.00429887231439352
-0.004295208491384983
-0.004291549790650606
-0.00428789621219039
-0.004284248221665621
-0.00428060395643115
-0.004276965279132128
-0.004273331258445978
-0.004269701894372702
-0.004266077186912298
-0.004262457136064768
-0.004258841741830111
-0.004255231004208326
-0.004251624923199415
-0.004248023498803377
-0.004244426265358925
-0.004240833688527346
-0.004237245302647352
-0.004233662504702806
-0.004230084363371134
-0.004226510412991047
-0.004222941119223833
-0.00421937694773078
-0.004215817432850599
-0.004212262574583292
-0.004208712372928858
-0.004205167293548584
-0.004201626870781183
-0.004198091570287943
-0.004194561392068863
-0.004191036336123943
-0.004187515936791897
-0.004183999728411436
-0.004180488642305136
-0.004176981747150421
-0.004173479042947292
-0.004169980995357037
-0.004166486207395792
-0.004162996076047421
-0.004159510135650635
-0.004156028386205435
-0.004152550362050533
-0.004149076528847218
-0.004145606886595488
-0.004142141435295343
-0.004138680640608072
-0.004135224502533674
-0.004131773021072149
-0.00412832573056221
-0.004124883562326431
-0.004121446516364813
-0.00411801366135478
-0.004114585462957621
-0.004111162386834621
-0.004107743967324495
-0.00410433067008853
-0.004100922960788012
-0.004097519908100367
-0.004094121512025595
-0.004090728238224983
-0.004087339155375957
-0.004083954263478518
-0.004080573562532663
-0.004077196586877108
-0.004073822870850563
-0.00407045241445303
-0.004067086149007082
-0.004063723608851433
-0.004060364328324795
-0.004057008773088455
-0.004053656943142414
-0.004050308372825384
-0.004046963527798653
-0.00404362240806222
-0.004040285479277372
-0.004036954138427973
-0.004033626522868872
-0.004030304029583931
-0.004026986192911863
-0.004023673478513956
-0.004020365420728922
-0.004017062019556761
-0.004013764206320047
-0.004010471049696207
-0.00400718254968524
-0.004003897774964571
-0.004000616725534201
-0.003997339867055416
-0.003994067199528217
-0.00399079779163003
-0.003987532109022141
-0.00398427015170455
-0.003981011919677258
-0.003977757878601551
-0.003974507562816143
-0.003971261903643608
-0.003968020435422659
-0.003964782692492008
-0.003961548674851656
-0.003958318848162889
-0.003955093212425709
-0.003951871301978827
-0.00394865358248353
-0.003945440519601107
-0.003942231647670269
-0.00393902650102973
-0.003935825545340776
-0.003932629246264696
-0.003929437138140202
-0.00392624968662858
-0.003923065960407257
-0.003919885959476233
-0.003916710615158081
-0.003913538530468941
-0.003910370171070099
-0.003907205071300268
-0.003904043463990092
-0.003900885349139571
-0.003897730726748705
-0.003894579829648137
-0.00389143219217658
-0.003888288279995322
-0.003885148093104362
-0.003882012097164989
-0.0038788802921772
-0.003875752678140998
-0.003872629255056381
-0.003869509790092707
-0.003866394283249974
-0.003863283200189471
-0.003860176540911198
-0.00385707407258451
-0.003853975795209408
-0.003850881708785892
-0.003847792046144605
-0.003844706574454904
-0.003841624828055501
-0.003838546574115753
-0.003835472278296947
-0.003832401009276509
-0.00382933346554637
-0.003826269414275885
-0.003823208389803767
-0.003820151090621948
-0.003817097516730428
-0.003814047435298562
-0.003811000613495708
-0.003807957749813795
-0.003804918378591537
-0.003801883198320866
-0.00379885220900178
-0.003795825410634279
-0.003792802570387721
-0.003789783921092749
-0.003786768764257431
-0.003783757099881768
-0.003780748695135117
-0.003777743550017476
-0.003774741664528847
-0.003771742805838585
-0.003768747206777334
-0.003765754401683807
-0.003762764856219292
-0.003759778803214431
-0.003756796941161156
-0.003753818571567535
-0.003750844392925501
-0.003747873939573765
-0.003744907444342971
-0.003741945372894406
-0.003738987492397428
-0.003736033570021391
-0.00373308383859694
-0.003730138065293431
-0.003727196017280221
-0.003724257694557309
-0.003721323097124696
-0.003718391759321094
-0.003715464379638433
-0.003712540492415428
-0.003709620097652078
-0.003706703195348382
-0.003703789319843054
-0.003700878703966737
-0.003697971347719431
-0.003695066785439849
-0.003692165482789278
-0.003689267439767718
-0.003686372423544526
-0.003683480434119701
-0.003680591471493244
-0.003677705535665154
-0.003674822859466076
-0.003671943675726652
-0.003669068450108171
-0.003666197182610631
-0.00366332964040339
-0.003660465823486447
-0.003657605964690447
-0.003654750296846032
-0.003651898819953203
-0.003649051301181316
-0.003646207507699728
-0.003643367439508438
-0.003640530630946159
-0.003637697314843535
-0.003634867025539279
-0.00363203976303339
-0.003629215294495225
-0.003626393619924784
-0.003623574506491423
-0.003620758187025785
-0.003617944894358516
-0.003615134861320257
-0.00361232808791101
-0.003609524574130774
-0.003606725018471479
-0.00360392895527184
-0.003601137083023787
-0.003598348936066031
-0.003595564980059862
-0.003592785215005279
-0.003590009175240993
-0.003587237093597651
-0.003584468504413962
-0.003581702942028642
-0.003578940173611045
-0.003576180199161172
-0.003573423018679023
-0.003570668632164598
-0.003567916573956609
-0.003565166844055057
-0.003562420140951872
-0.003559676464647055
-0.003556935815140605
-0.003554197959601879
-0.003551463363692164
-0.003548732493072748
-0.003546004882082343
-0.003543280996382236
-0.003540560370311141
-0.003537843003869057
-0.003535128897055984
-0.003532418049871922
-0.003529710229486227
-0.003527005203068256
-0.003524303203448653
-0.003521604230627418
-0.003518908051773906
-0.003516214666888118
-0.003513524308800697
-0.003510837210342288
-0.00350815337151289
-0.003505473025143147
-0.003502796171233058
-0.003500122576951981
-0.003497452475130558
-0.003494786098599434
-0.003492123447358608
-0.003489464288577437
-0.003486808389425278
-0.003484155749902129
-0.003481506370007992
-0.003478860482573509
-0.003476218087598681
-0.003473578486591578
-0.003470941912382841
-0.003468308364972472
-0.003465678077191114
-0.003463050816208124
-0.003460426582023501
-0.003457804908975959
-0.003455186495557427
-0.003452570410445333
-0.003449957352131605
-0.003447346854954958
-0.003444739151746035
-0.003442134009674191
-0.003439531428739429
-0.003436931176111102
-0.0034343337174505
-0.003431739285588264
-0.003429147880524397
-0.003426559502258897
-0.003423974616453052
-0.003421393688768148
-0.003418816020712256
-0.003416241845116019
-0.00341367069631815
-0.003411102807149291
-0.0034085379447788
-0.003405975876376033
-0.003403416834771633
-0.003400860819965601
-0.003398307599127293
-0.003395757172256708
-0.003393209539353848
-0.003390664700418711
-0.003388122655451298
-0.003385583637282252
-0.003383047413080931
-0.003380513750016689
-0.003377983113750815
-0.003375455271452665
-0.003372930223122239
-0.003370407968759537
-0.003367888508364558
-0.003365371841937304
-0.003362857969477773
-0.003360347123816609
-0.003357839304953814
-0.003355334745720029
-0.003352833213284612
-0.003350334474816918
-0.003347838763147593
-0.003345346311107278
-0.003342856420204043
-0.003340369556099176
-0.003337885485962033
-0.003335404442623258
-0.003332926193252206
-0.003330450737848878
-0.003327978076413274
-0.00332550797611475
-0.003323040204122663
-0.003320574993267655
-0.003318112343549728
-0.003315652022138238
-0.003313194261863828
-0.003310739295557141
-0.003308287356048822
-0.00330583774484694
-0.003303391160443425
-0.003300947137176991
-0.003298506373539567
-0.003296068636700511
-0.003293634159490466
-0.003291202709078789
-0.003288774285465479
-0.00328634912148118
-0.003283926984295249
-0.003281507175415754
-0.003279090160503983
-0.003276675706729293
-0.003274264046922326
-0.003271854715421796
-0.003269447945058346
-0.003267043735831976
-0.00326464232057333
-0.003262243466451764
-0.003259847173467278
-0.003257453441619873
-0.003255062503740191
-0.003252673894166946
-0.003250287612900138
-0.00324790389277041
-0.003245523199439049
-0.003243145765736699
-0.003240771126002073
-0.003238399978727102
-0.003236032323911786
-0.003233667695894837
-0.003231306094676256
-0.003228947753086686
-0.00322659220546484
-0.003224239218980074
-0.003221888560801744
-0.003219539998099208
-0.003217193530872464
-0.003214849391952157
-0.003212507115676999
-0.00321016670204699
-0.003207827918231487
-0.003205491229891777
-0.003203156869858503
-0.003200824605301023
-0.003198495134711266
-0.003196168458089232
-0.00319384434260428
-0.003191523719578981
-0.003189206589013338
-0.003186892252415419
-0.003184580942615867
-0.003182272659614682
-0.003179967170581222
-0.003177664708346128
-0.003175364807248116
-0.003173067467287183
-0.003170772455632687
-0.003168480005115271
-0.003166190115734935
-0.003163902321830392
-0.003161616623401642
-0.003159333253279328
-0.003157051978632808
-0.003154773032292724
-0.003152496414259076
-0.003150221658870578
-0.00314794946461916
-0.003145679831504822
-0.00314341252669692
-0.003141147783026099
-0.003138885600492358
-0.003136625979095697
-0.003134368686005473
-0.003132114186882973
-0.00312986271455884
-0.003127613570541143
-0.003125366987660527
-0.003123123431578279
-0.003120882203802466
-0.003118643537163734
-0.003116407198831439
-0.003114173654466867
-0.003111942671239376
-0.003109714249148965
-0.003107488853856921
-0.003105266252532601
-0.003103046445176005
-0.00310082919895649
-0.00309861428104341
-0.003096401924267411
-0.003094191662967205
-0.003091983729973435
-0.003089777892455459
-0.003087574383243918
-0.003085372969508171
-0.003083172952756286
-0.003080975264310837
-0.003078779438510537
-0.003076585941016674
-0.003074394771829247
-0.00307220546528697
-0.003070018021389842
-0.003067833138629794
-0.003065650584176183
-0.003063470125198364
-0.003061292227357626
-0.003059117356315255
-0.003056945046409965
-0.003054775763303041
-0.003052609506994486
-0.003050446044653654
-0.003048285376280546
-0.003046127501875162
-0.003043972421437502
-0.003041819902136922
-0.003039669943973422
-0.003037522081285715
-0.003035376546904445
-0.003033233107998967
-0.003031091531738639
-0.003028951585292816
-0.003026813734322786
-0.003024678211659193
-0.003022545017302036
-0.003020413918420672
-0.003018285147845745
-0.003016158705577254
-0.003014034358784556
-0.003011912340298295
-0.003009792417287827
-0.003007674822583795
-0.003005559556186199
-0.00300344661809504
-0.003001335542649031
-0.00299922632984817
-0.002997118746861815
-0.002995013259351254
-0.002992909867316484
-0.002990809036418796
-0.002988710068166256
-0.002986613195389509
-0.002984518185257912
-0.002982425503432751
-0.002980334917083383
-0.002978246426209807
-0.002976160030812025
-0.002974076196551323
-0.002971994690597057
-0.002969915280118585
-0.002967838430777192
-0.002965764375403523
-0.002963693113997579
-0.002961624646559358
-0.002959558507427573
-0.002957495162263513
-0.002955434378236532
-0.002953376621007919
-0.002951321192085743
-0.002949268091470003
-0.002947217551991343
-0.002945168875157833
-0.002943122293800116
-0.002941077807918191
-0.002939035184681416
-0.002936994889751077
-0.002934956690296531
-0.002932920353487134
-0.00293088611215353
-0.002928854199126363
-0.002926824381574988
-0.00292479689233005
-0.002922771032899618
-0.002920747501775622
-0.002918725600466132
-0.002916705561801791
-0.002914687152951956
-0.002912670373916626
-0.002910655457526445
-0.002908641938120127
-0.002906630514189601
-0.002904620720073581
-0.002902613487094641
-0.002900608349591494
-0.002898605540394783
-0.002896604826673865
-0.002894606906920671
-0.00289261108264327
-0.00289061781950295
-0.002888626884669065
-0.002886638510972261
-0.002884652465581894
-0.002882668515667319
-0.002880686428397894
-0.002878706203773618
-0.002876728074625134
-0.002874751575291157
-0.002872776938602328
-0.002870803931728005
-0.002868833020329475
-0.002866863738745451
-0.002864896552637219
-0.002862931462004781
-0.002860968932509422
-0.0028590087313205
-0.002857051091268659
-0.00285509554669261
-0.002853142796084285
-0.002851192373782396
-0.002849244512617588
-0.002847298746928573
-0.00284535507671535
-0.002843413501977921
-0.002841474022716284
-0.00283953663893044
-0.002837601117789745
-0.002835667692124844
-0.002833736129105091
-0.002831806428730488
-0.002829878823831677
-0.002827953780069947
-0.002826030366122723
-0.002824109280481935
-0.002822190290316939
-0.002820273162797093
-0.002818357199430466
-0.0028164426330477
-0.002814529929310083
-0.002812618855386972
-0.00281070894561708
-0.002808800665661693
-0.002806894015520811
-0.002804989228025079
-0.002803086303174496
-0.002801185706630349
-0.002799286972731352
-0.002797390334308147
-0.00279549602419138
-0.002793604042381048
-0.002791714388877153
-0.002789827063679695
-0.002787941368296742
-0.002786057768389583
-0.002784175332635641
-0.002782294293865561
-0.002780414884909987
-0.002778537105768919
-0.002776661189273
-0.00277478713542223
-0.002772914711385965
-0.002771044615656137
-0.00276917708106339
-0.002767311641946435
-0.00276544876396656
-0.002763588214293122
-0.002761730458587408
-0.002759874798357487
-0.002758021000772715
-0.002756169531494379
-0.002754320157691836
-0.002752472180873156
-0.002750626299530268
-0.002748782280832529
-0.002746939426288009
-0.002745098201557994
-0.002743258373811841
-0.002741420408710837
-0.002739584539085627
-0.002737750532105565
-0.002735918620601296
-0.002734088804572821
-0.002732261316850781
-0.002730435691773891
-0.002728612162172794
-0.00272679072804749
-0.002724971389397979
-0.002723153913393617
-0.002721337834373116
-0.002719523152336478
-0.002717710332944989
-0.002715899143368006
-0.002714089350774884
-0.002712281187996268
-0.002710474655032158
-0.002708669751882553
-0.002706866478547454
-0.002705065300688148
-0.00270326598547399
-0.002701468532904983
-0.002699673175811768
-0.002697879914194345
-0.00269608898088336
-0.002694300143048167
-0.002692513633519411
-0.002690729219466448
-0.002688946900889277
-0.002687165979295969
-0.002685387386009097
-0.002683610189706087
-0.002681834390386939
-0.002680059988051653
-0.002678287448361516
-0.002676516072824597
-0.002674746094271541
-0.002672977512702346
-0.002671210560947657
-0.002669445471838117
-0.002667682245373726
-0.002665920648723841
-0.002664160914719105
-0.002662403043359518
-0.002660647034645081
-0.002658892655745149
-0.002657139906659722
-0.002655388787388802
-0.002653639065101743
-0.002651891205459833
-0.002650145208463073
-0.002648400608450174
-0.002646657871082425
-0.002644916996359825
-0.002643178217113018
-0.00264144130051136
-0.002639706013724208
-0.002637972589582205
-0.002636240795254707
-0.002634510630741715
-0.002632782561704516
-0.002631055656820536
-0.00262933038175106
-0.002627606736496091
-0.002625884488224983
-0.002624164102599025
-0.002622445812448859
-0.002620729152113199
-0.002619014354422688
-0.002617301419377327
-0.002615590346977115
-0.002613881370052695
-0.002612174255773425
-0.002610469236969948
-0.002608766313642263
-0.002607065020129085
-0.002605365589261055
-0.002603668021038175
-0.002601972315460443
-0.002600278705358505
-0.00259858719073236
-0.002596897771582007
-0.002595210215076804
-0.002593524288386106
-0.002591840457171202
-0.002590158255770802
-0.002588477684184909
-0.002586798975244164
-0.002585121663287282
-0.002583445981144905
-0.00258177169598639
-0.002580098807811737
-0.002578427083790302
-0.002576756523922086
-0.002575087128207088
-0.002573418663814664
-0.002571751130744815
-0.002570084761828184
-0.002568419557064772
-0.002566755516454577
-0.002565093105658889
-0.002563432557508349
-0.002561773406341672
-0.002560115652158856
-0.00255845976062119
-0.002556805498898029
-0.002555153798311949
-0.002553503960371017
-0.002551856683567166
-0.002550211269408464
-0.002548567950725555
-0.002546926960349083
-0.002545287366956472
-0.00254364893771708
-0.00254201190546155
-0.002540376037359238
-0.0025387411005795
-0.002537107560783625
-0.002535475185140967
-0.002533843973651528
-0.002532214624807239
-0.002530586672946811
-0.002528960816562176
-0.002527337055653334
-0.002525715390220284
-0.002524095820263028
-0.002522478345781565
-0.002520862966775894
-0.002519249450415373
-0.002517637563869357
-0.002516027074307203
-0.002514417981728911
-0.002512810286134481
-0.00251120375469327
-0.002509598154574633
-0.002507993718609214
-0.002506390912458301
-0.002504789503291249
-0.00250318949110806
-0.00250159134157002
-0.002499994821846485
-0.002498400630429387
-0.002496808301657438
-0.002495218068361282
-0.002493629930540919
-0.002492043655365705
-0.002490459475666285
-0.002488876925781369
-0.002487295772880316
-0.002485716016963124
-0.002484137658029795
-0.002482560696080327
-0.002480984898284078
-0.002479409798979759
-0.002477835863828659
-0.002476262394338846
-0.002474689623340964
-0.002473118016496301
-0.002471547340974212
-0.002469977829605341
-0.002468409715220332
-0.002466843463480473
-0.002465279074385762
-0.00246371584944427
-0.002462154487147927
-0.002460594987496734
-0.002459037350490689
-0.00245748134329915
-0.002455927198752761
-0.002454374684020877
-0.002452823566272855
-0.002451274311169982
-0.002449726453050971
-0.002448179991915822
-0.002446634694933891
-0.002445091027766466
-0.00244354922324419
-0.002442009281367064
-0.002440471202135086
-0.002438934752717614
-0.002437400165945292
-0.002435867208987474
-0.002434335649013519
-0.002432805951684713
-0.002431277651339769
-0.002429750515148044
-0.00242822477594018
-0.002426699968054891
-0.00242517632432282
-0.002423653611913323
-0.002422132296487689
-0.002420611912384629
-0.002419092692434788
-0.002417574636638165
-0.002416058210656047
-0.002414543414488435
-0.002413030248135328
-0.002411518944427371
-0.002410009037703276
-0.002408501459285617
-0.002406995510682464
-0.00240549142472446
-0.002403988968580961
-0.002402488375082612
-0.002400989178568125
-0.002399491611868143
-0.002397994976490736
-0.002396499272435904
-0.002395004965364933
-0.002393512055277824
-0.00239202007651329
-0.002390529029071331
-0.002389038912951946
-0.00238754996098578
-0.002386062406003475
-0.002384576015174389
-0.002383091021329165
-0.002381607657298446
-0.002380125923082232
-0.002378646284341812
-0.002377168741077185
-0.002375692594796419
-0.002374218311160803
-0.002372745424509048
-0.002371274400502443
-0.002369805239140987
-0.00236833724193275
-0.002366870641708374
-0.00236540543846786
-0.002363941865041852
-0.002362479455769062
-0.002361018443480134
-0.002359559293836355
-0.002358101774007082
-0.002356645418331027
-0.002355190459638834
-0.002353736897930503
-0.00235228450037539
-0.002350833266973495
-0.002349382732063532
-0.002347932895645499
-0.002346483524888754
-0.002345034619793296
-0.002343586413189769
-0.002342138905078173
-0.002340692561119795
-0.002339247148483992
-0.002337802900001407
-0.002336360048502684
-0.002334918361157179
-0.00233347830362618
-0.002332040341570973
-0.002330603776499629
-0.002329169074073434
-0.002327736001461744
-0.00232630455866456
-0.002324874512851238
-0.002323446096852422
-0.002322019077837467
-0.002320593455806375
-0.002319169230759144
-0.002317746868357062
-0.002316326135769486
-0.002314906800165772
-0.002313489094376564
-0.002312073484063148
-0.002310659736394882
-0.002309247385710478
-0.002307836432009935
-0.002306427340954542
-0.002305019181221724
-0.002303612185642123
-0.002302206587046385
-0.002300801686942577
-0.002299397252500057
-0.002297993749380112
-0.002296591177582741
-0.002295189537107944
-0.002293788827955723
-0.002292389050126076
-0.002290990436449647
-0.002289593452587724
-0.002288198098540306
-0.00228680414147675
-0.002285411581397057
-0.002284020185470581
-0.002282629953697324
-0.002281241584569216
-0.002279854146763682
-0.002278468338772655
-0.002277084160596132
-0.002275700913742185
-0.002274318831041455
-0.002272937912493944
-0.002271558623760939
-0.002270180266350508
-0.002268803538754582
-0.002267428208142519
-0.002266054507344961
-0.002264682203531265
-0.002263311529532075
-0.002261942252516747
-0.00226057437248528
-0.002259208122268319
-0.00225784326903522
-0.002256479347124696
-0.002255116356536746
-0.002253754530102015
-0.002252393402159214
-0.002251033438369632
-0.002249674405902624
-0.002248316071927547
-0.002246958669275045
-0.002245602430775762
-0.002244247123599052
-0.002242893213406205
-0.002241540933027864
-0.002240190049633384
-0.002238840563222766
-0.002237492939457297
-0.002236146479845047
-0.002234801417216659
-0.002233457751572132
-0.002232115250080824
-0.002230774145573378
-0.002229433739557862
-0.002228094730526209
-0.002226756419986486
-0.002225419040769339
-0.002224083058536053
-0.002222748240455985
-0.002221414586529136
-0.002220082329586148
-0.002218751469627023
-0.002217422239482403
-0.002216094639152288
-0.00221476866863668
-0.002213444327935576
-0.002212121617048979
-0.002210800303146243
-0.002209479920566082
-0.002208160236477852
-0.002206841250881553
-0.002205522730946541
-0.00220420490950346
-0.002202888019382954
-0.002201571594923735
-0.00220025610178709
-0.002198941307142377
-0.002197627676650882
-0.002196314977481961
-0.002195003442466259
-0.002193693537265062
-0.002192385494709015
-0.002191079081967473
-0.002189774299040437
-0.002188471145927906
-0.002187169855460525
-0.002185870194807649
-0.002184572163969278
-0.002183275995776057
-0.002181980991736054
-0.002180687384679914
-0.002179395407438278
-0.002178104361519217
-0.002176814246922731
-0.002175525296479464
-0.00217423727735877
-0.002172949956730008
-0.002171663334593177
-0.00217037764377892
-0.002169092884287238
-0.002167809056118131
-0.002166525926440954
-0.002165243262425065
-0.002163961296901107
-0.002162680495530367
-0.002161400858312845
-0.002160122152417898
-0.002158844843506813
-0.002157568698748946
-0.002156294183805585
-0.002155021065846086
-0.002153749344870448
-0.002152478788048029
-0.002151209628209472
-0.002149941865354776
-0.002148675266653299
-0.002147409832105041
-0.002146145794540644
-0.002144883153960109
-0.002143622143194079
-0.002142362296581268
-0.002141102915629745
-0.002139844698831439
-0.002138587413355708
-0.002137331059202552
-0.00213607563637197
-0.002134821377694607
-0.002133567584678531
-0.002132314955815673
-0.002131063723936677
-0.002129813190549612
-0.002128563821315765
-0.002127316081896424
-0.002126069273799658
-0.00212482362985611
-0.00212357915006578
-0.002122335834428668
-0.002121093450114131
-0.002119851997122169
-0.002118611708283424
-0.002117372117936611
-0.002116132993251085
-0.00211489456705749
-0.00211365707218647
-0.002112420275807381
-0.002111184410750866
-0.002109949709847569
-0.002108716405928135
-0.002107484266161919
-0.002106253057718277
-0.002105023479089141
-0.00210379553027451
-0.002102568978443742
-0.002101344056427479
-0.002100120298564434
-0.002098898170515895
-0.002097677206620574
-0.002096458105370402
-0.002095239935442805
-0.00209402316249907
-0.002092807088047266
-0.002091591712087393
-0.002090377733111382
-0.002089164685457945
-0.002087952569127083
-0.002086741616949439
-0.00208553159609437
-0.002084322506561875
-0.002083114581182599
-0.002081907587125897
-0.002080701990053058
-0.002079497324302793
-0.002078294288367033
-0.002077092183753848
-0.002075891476124525
-0.002074691466987133
-0.002073492156341672
-0.002072294242680073
-0.002071096561849117
-0.00206990004517138
-0.002068704226985574
-0.002067509340122342
-0.002066314918920398
-0.002065121429041028
-0.002063928870484233
-0.002062737010419369
-0.002061546081677079
-0.002060356317088008
-0.002059167483821511
-0.002057980047538877
-0.002056793542578816
-0.002055608201771975
-0.002054424025118351
-0.002053241012617946
-0.002052059629932046
-0.002050879178568721
-0.002049700589850545
-0.002048522932454944
-0.002047346904873848
-0.002046172041445971
-0.002044998807832599
-0.002043826505541801
-0.002042655600234866
-0.002041485859081149
-0.00204031728208065
-0.002039149636402726
-0.002037982456386089
-0.00203681574203074
-0.002035649493336678
-0.002034483710303903
-0.002033318160101771
-0.002032153075560927
-0.002030988456681371
-0.002029824536293745
-0.002028661547228694
-0.002027499489486217
-0.002026338828727603
-0.00202517956495285
-0.002024021465331316
-0.002022864995524287
-0.00202170992270112
-0.002020556479692459
-0.00201940443366766
-0.002018253551796079
-0.002017103834077716
-0.002015954814851284
-0.002014806494116783
-0.002013659104704857
-0.002012512413784862
-0.002011366188526154
-0.002010220428928733
-0.002009075134992599
-0.002007930539548397
-0.002006786409765482
-0.002005642745643854
-0.002004499780014157
-0.002003357978537679
-0.002002217574045062
-0.002001078566536307
-0.001999941188842058
-0.001998805440962315
-0.00199767155572772
-0.001996539300307631
-0.001995408674702048
-0.001994279911741614
-0.001993152545765042
-0.001992026576772332
-0.001990902004763484
-0.001989777898415923
-0.001988654723390937
-0.001987532246857882
-0.00198641000315547
-0.001985287992283702
-0.001984166447073221
-0.001983045367524028
-0.001981924986466765
-0.001980805536732078
-0.001979687251150608
-0.001978570129722357
-0.001977454405277967
-0.001976339612156153
-0.001975225983187556
-0.001974113518372178
-0.001973001752048731
-0.001971891149878502
-0.001970781246200204
-0.001969672273844481
-0.001968563534319401
-0.001967455027624965
-0.001966346986591816
-0.001965239644050598
-0.001964133000001311
-0.001963026821613312
-0.001961921574547887
-0.001960817258805037
-0.001959714107215405
-0.001958612352609634
-0.001957511994987726
-0.00195641303434968
-0.001955315237864852
-0.001954218605533242
-0.001953123020939529
-0.001952028134837747
-0.001950933947227895
-0.001949840458109975
-0.001948747667483985
-0.001947655575349927
-0.001946564414538443
-0.001945473719388247
-0.001944383722729981
-0.001943294540978968
-0.00194220629055053
-0.001941119087859988
-0.001940033282153308
-0.00193894887343049
-0.001937865861691535
-0.001936784014105797
-0.001935703330673277
-0.001934623811393976
-0.001933545107021928
-0.00193246710114181
-0.001931389910168946
-0.001930313184857368
-0.001929236925207078
-0.001928161131218076
-0.001927086152136326
-0.001926011871546507
-0.001924938405863941
-0.001923866104334593
-0.001922794966958463
-0.001921725342981517
-0.001920657232403755
-0.00191959086805582
-0.001918526366353035
-0.001917463494464755
-0.001916401903145015
-0.001915341592393816
-0.001914282445795834
-0.001913224114105105
-0.001912166248075664
-0.001911108731292188
-0.001910051447339356
-0.001908994279801846
-0.001907937112264335
-0.001906880177557468
-0.001905823475681245
-0.001904767123050988
-0.001903711119666696
-0.001902655698359013
-0.001901601208373904
-0.001900547416880727
-0.001899494673125446
-0.001898442860692739
-0.00189739209599793
-0.001896342146210372
-0.001895293244160712
-0.001894245273433626
-0.001893197768367827
-0.001892151194624603
-0.001891105086542666
-0.001890059560537338
-0.001889014733023942
-0.001887970021925867
-0.001886925427243114
-0.001885881065391004
-0.001884836587123573
-0.001883792108856142
-0.001882747514173388
-0.001881702453829348
-0.00188065692782402
-0.001879610819742084
-0.001878564129583538
-0.001877516624517739
-0.001876468188129365
-0.001875418587587774
-0.001874367240816355
-0.00187331426423043
-0.001872259192168713
-0.001871201675385237
-0.001870141364634037
-0.001869077677838504
-0.001868010382167995
-0.001866939011961222
-0.001865863101556897
-0.001864782185293734
-0.001863695797510445
-0.001862603239715099
-0.001861503929831088
-0.001860397285781801
-0.001859282376244664
-0.001858158619143069
-0.001857024850323796
-0.001855880138464272
-0.001854723552241921
-0.001853554043918848
-0.001852370100095868
-0.001851170207373798
-0.001849953201599419
-0.001848717452958226
-0.001847460982389748
-0.001846182160079479
-0.001844879006966949
-0.001843549660407007
-0.001842192141339183
-0.001840804237872362
-0.001839383621700108
-0.001837928080931306
-0.001836435170844197
-0.001834902097471058
-0.001833326416090131
-0.001831705216318369
-0.001830035354942083
-0.001828313921578228
-0.001826537656597793
-0.001824703300371766
-0.001822807476855814
-0.001820846810005605
-0.001818817458115518
-0.001816716161556542
-0.001814539078623056
-0.001812282716855407
-0.001809943467378616
-0.001807517372071743
-0.001805000938475132
-0.001802390441298485
-0.001799682271666825
-0.001796872937120497
-0.001793958828784525
-0.001790936687029898
-0.001787803019396961
-0.001784554799087346
-0.001781188999302685
-0.001777702826075256
-0.001774093951098621
-0.001770360395312309
-0.001766500296071172
-0.001762512372806668
-0.001758395927026868
-0.001754150493070483
-0.001749776769429445
-0.001745275338180363
-0.001740647829137743
-0.001735896337777376
-0.00173102377448231
-0.001726033631712198
-0.001720930333249271
-0.001715718768537045
-0.001710404874756932
-0.001704995171166956
-0.001699497108347714
-0.001693918951787055
-0.001688270014710724
-0.001682559959590435
-0.001676799613051116
-0.00167100050020963
-0.001665174844674766
-0.001659335917793214
-0.00165349745657295
-0.001647674245759845
-0.001641881302930415
-0.00163613457698375
-0.001630450133234262
-0.001624845201149583
-0.00161933689378202
-0.001613942789845169
-0.001608680235221982
-0.001603567390702665
-0.001598622067831457
-0.001593861961737275
-0.001589305000379682
-0.001584968296810985
-0.001580868847668171
-0.001577022951096296
-0.001573446672409773
-0.001570155029185116
-0.001567162107676268
-0.001564481412060559
-0.001562124816700816
-0.001560103381052613
-0.001558426884002984
-0.00155710382387042
-0.00155614095274359
-0.00155554385855794
-0.00155531638301909
-0.001555460854433477
-0.001555978087708354
-0.001556867035105824
-0.001558125368319452
-0.001559749362058938
-0.001561733428388834
-0.001564070698805153
-0.001566752674989402
-0.001569769927300513
-0.001573111512698233
-0.001576765556819737
-0.001580719253979623
-0.001584958750754595
-0.001589469611644745
-0.001594236586242914
-0.001599244074895978
-0.001604475895874202
-0.001609915751032531
-0.001615547225810587
-0.001621353905647993
-0.001627319725230336
-0.001633428735658526
-0.001639664988033473
-0.001646013464778662
-0.001652459381148219
-0.001658988650888205
-0.001665587304159999
-0.001672242651693523
-0.001678942469879985
-0.001685675233602524
-0.001692429766990244
-0.001699195825494826
-0.001705963513813913
-0.001712723169475794
-0.001719465828500688
-0.001726182526908815
-0.001732864184305072
-0.001739502069540322
-0.001746087335050106
-0.001752610551193357
-0.00175906193908304
-0.001765431487001479
-0.001771708368323743
-0.001777881640009582
-0.001783939427696168
-0.001789868925698102
-0.001795657095499337
-0.001801290083676577
-0.001806753571145236
-0.001812032540328801
-0.001817112206481397
-0.001821977086365223
-0.001826611929573119
-0.001831001485697925
-0.001835131202824414
-0.001838986761868
-0.001842554775066674
-0.001845823251642287
-0.001848781714215875
-0.001851420965977013
-0.001853734254837036
-0.001855716807767749
-0.00185736664570868
-0.001858684583567083
-0.001859674230217934
-0.00186034245416522
-0.001860699499957263
-0.001860758988186717
-0.001860537799075246
-0.001860056072473526
-0.00185933755710721
-0.001858408562839031
-0.001857298775576055
-0.001856039860285819
-0.001854666275903583
-0.001853213761933148
-0.001851719687692821
-0.001850222353823483
-0.001848760060966015
-0.00184737122617662
-0.001846093218773603
-0.001844962011091411
-0.00184401182923466
-0.001843274338170886
-0.001842777826823294
-0.001842547324486077
-0.001842603087425232
-0.001842961413785815
-0.001843633595854044
-0.001844625687226653
-0.001845938619226217
-0.001847567968070507
-0.001849503605626523
-0.001851730397902429
-0.001854227739386261
-0.001856970600783825
-0.0018599295290187
-0.001863071229308844
-0.001866359147243202
-0.001869753934442997
-0.001873214263468981
-0.001876697409898043
-0.001880160649307072
-0.001883561373688281
-0.001886858372017741
-0.001890012295916677
-0.001892986474558711
-0.001895747729577124
-0.001898267189972103
-0.001900520408526063
-0.001902488176710904
-0.001904156757518649
-0.001905518816784024
-0.001906572608277202
-0.001907321973703802
-0.001907777041196823
-0.001907953177578747
-0.001907871454022825
-0.001907557249069214
-0.001907040015794337
-0.00190635328181088
-0.001905533135868609
-0.001904617762193084
-0.001903646159917116
-0.001902657910250127
-0.001901692245155573
-0.001900786999613047
-0.001899977563880384
-0.001899296883493662
-0.001898774062283337
-0.001898433780297637
-0.001898296177387238
-0.001898376154713333
-0.001898683258332312
-0.001899221446365118
-0.001899989088997245
-0.001900979201309383
-0.001902179326862097
-0.001903572352603078
-0.001905136625282466
-0.001906846999190748
-0.00190867530182004
-0.001910590683110058
-0.001912561245262623
-0.001914554042741656
-0.001916536362841725
-0.001918476191349328
-0.001920343609526753
-0.001922110794112086
-0.001923753297887743
-0.001925250166095793
-0.00192658428568393
-0.001927743433043361
-0.001928719691932201
-0.001929510035552084
-0.001930115977302194
-0.001930543687194586
-0.001930803991854191
-0.001930911210365593
-0.00193088361993432
-0.001930741709657013
-0.001930508762598038
-0.001930209342390299
-0.001929868827573955
-0.001929513062350452
-0.001929167308844626
-0.001928855432197452
-0.001928599667735398
-0.001928420038893819
-0.001928333309479058
-0.001928353449329734
-0.001928490702994168
-0.001928751589730382
-0.001929139136336744
-0.001929652178660035
-0.001930286176502705
-0.001931033446453512
-0.001931882463395596
-0.001932819606736302
-0.001933828578330576
-0.001934891566634178
-0.001935989945195615
-0.001937104389071465
-0.001938215107657015
-0.001939303590916097
-0.001940351794473827
-0.001941344235092402
-0.001942266942933202
-0.001943108392879367
-0.001943860319443047
-0.001944516669027507
-0.001945074880495667
-0.001945535070262849
-0.001945900497958064
-0.001946176984347403
-0.001946372794918716
-0.001946498174220324
-0.001946565345861018
-0.001946587464772165
-0.001946578617207706
-0.001946553122252226
-0.001946525531820953
-0.001946509699337184
-0.001946518314071
-0.001946562784723938
-0.001946652890183032
-0.001946796546690166
-0.001946999225765467
-0.001947264419868588
-0.001947593176737428
-0.001947984681464732
-0.001948435325175524
-0.001948940218426287
-0.00194949225988239
-0.001950083300471306
-0.001950703677721322
-0.001951343729160726
-0.001951992860995233
-0.001952640595845878
-0.001953276805579662
-0.00195389217697084
-0.001954478211700916
-0.001955027226358652
-0.001955533865839243
-0.001955993939191103
-0.001956404419615865
-0.001956765307113528
-0.001957076601684093
-0.001957341097295284
-0.001957562519237399
-0.001957746222615242
-0.001957898493856192
-0.00195802585221827
-0.001958136213943362
-0.001958237262442708
-0.001958336913958192
-0.001958442153409123
-0.001958559732884169
-0.001958695705980062
-0.001958854729309678
-0.001959040760993958
-0.001959256129339337
-0.001959502231329679
-0.001959779066964984
-0.001960085704922676
-0.001960419816896319
-0.001960777444764972
-0.001961154863238335
-0.001961547648534179
-0.001961949979886413
-0.001962356269359589
-0.001962760696187615
-0.001963158138096333
-0.001963544171303511
-0.001963913906365633
-0.001964263850823045
-0.001964591443538666
-0.001964893890544772
-0.001965170493349433
-0.001965421484783292
-0.001965647330507636
-0.001965850125998259
-0.001966032199561596
-0.001966196577996016
-0.001966346986591816
-0.001966487616300583
-0.001966622658073902
-0.001966756070032716
-0.001966892275959253
-0.001967034768313169
-0.001967186573892832
-0.001967350486665964
-0.001967528136447072
-0.001967720687389374
-0.001967928372323513
-0.001968151656910777
-0.00196838891133666
-0.001968638505786657
-0.001968899043276906
-0.001969167729839683
-0.00196944153867662
-0.001969717675819993
-0.001969993580132723
-0.001970266457647085
-0.001970533281564713
-0.001970792189240456
-0.001971041318029165
-0.001971279038116336
-0.001971504651010036
-0.001971718622371554
-0.001971920486539602
-0.001972111174836755
-0.00197229185141623
-0.001972464844584465
-0.001972632016986609
-0.00197279523126781
-0.001972956815734506
-0.001973120030015707
-0.00197328650392592
-0.001973459497094154
-0.001973640639334917
-0.001973832026124001
-0.001974035520106554
-0.001974251586943865
-0.001974481390789151
-0.0019747253973037
-0.001974983839318156
-0.001975256251171231
-0.001975542167201638
-0.00197584112174809
-0.001976151950657368
-0.001976474421098828
-0.001976808300241828
-0.001977152423933148
-0.00197750679217279
-0.001977871637791395
-0.001978246960788965
-0.001978633692488074
-0.001979032997041941
-0.001979446038603783
-0.001979874679818749
-0.001980321016162634
-0.00198078784160316
-0.001981277484446764
-0.001981793204322457
-0.001982337795197964
-0.001982914283871651
-0.001983526162803173
-0.001984176924452186
-0.001984869129955769
-0.001985606737434864
-0.001986392075195909
-0.001987227937206626
-0.001988117350265384
-0.001989062409847975
-0.001990065909922123
-0.001991129945963621
-0.001992256380617619
-0.001993447542190552
-0.001994704827666283
-0.001996031031012535
-0.00199742685072124
-0.001998895080760121
-0.002000437350943685
-0.002002055989578366
-0.002003753092139959
-0.002005530754104257
-0.002007390605285764
-0.002009335439652205
-0.002011367352679372
-0.002013488207012415
-0.00201570033095777
-0.002018004888668656
-0.002020403975620866
-0.00202289829030633
-0.002025488531216979
-0.002028175396844745
-0.002030958654358983
-0.00203383807092905
-0.002036812249571085
-0.002039879327639937
-0.002043036976829171
-0.002046281937509775
-0.002049610717222095
-0.002053019125014544
-0.002056502271443605
-0.002060054335743189
-0.002063669729977846
-0.002067341469228268
-0.002071061870083213
-0.002074822783470154
-0.002078615827485919
-0.002082432387396693
-0.002086261985823512
-0.002090095309540629
-0.00209392118267715
-0.002097728429362178
-0.002101505640894175
-0.002105240477249026
-0.002108920831233263
-0.00211253366433084
-0.002116065239533782
-0.002119502751156688
-0.002122832229360938
-0.002126039238646626
-0.002129109343513846
-0.002132027875632048
-0.002134780865162611
-0.002137353178113699
-0.002139730844646692
-0.002141900127753615
-0.002143846591934562
-0.002145556733012199
-0.002147017512470484
-0.002148216357454658
-0.002149142092093825
-0.002149783074855804
-0.002150129294022918
-0.00215017213486135
-0.00214990321546793
-0.002149316016584635
-0.002148405183106661
-0.002147165592759848
-0.002145594917237759
-0.002143691293895245
-0.002141453791409731
-0.002138883573934436
-0.002135982969775796
-0.002132755238562822
-0.002129205735400319
-0.002125340746715665
-0.002121167490258813
-0.002116695046424866
-0.002111933194100857
-0.002106893109157681
-0.002101587364450097
-0.002096028765663505
-0.002090232446789742
-0.002084213076159358
-0.00207798695191741
-0.002071571070700884
-0.002064983127638698
-0.002058240585029125
-0.002051362302154303
-0.002044366905465722
-0.002037273719906807
-0.002030101837590337
-0.002022870816290379
-0.002015599515289068
-0.002008306561037898
-0.002001011045649648
-0.001993731129914522
-0.001986484508961439
-0.001979288412258029
-0.001972159603610635
-0.001965113915503025
-0.001958166714757681
-0.001951333018951118
-0.001944626565091312
-0.001938060508109629
-0.00193164695519954
-0.00192539778072387
-0.001919323694892228
-0.001913434476591647
-0.001907739439047873
-0.001902246964164078
-0.001896964269690216
-0.001891898340545595
-0.001887054881080985
-0.001882438897155225
-0.001878054579719901
-0.001873905654065311
-0.001869994448497891
-0.001866322942078114
-0.001862892066128552
-0.00185970205347985
-0.001856752205640078
-0.001854040892794728
-0.001851565204560757
-0.001849321997724473
-0.001847306732088327
-0.001845513936132193
-0.001843937090598047
-0.001842568279244006
-0.001841399003751576
-0.001840419135987759
-0.00183961761649698
-0.001838981872424483
-0.00183849863242358
-0.001838152762502432
-0.001837928546592593
-0.001837809104472399
-0.001837776508182287
-0.001837811898440123
-0.00183789583388716
-0.001838007825426757
-0.001838127500377595
-0.001838234020397067
-0.001838306547142565
-0.001838324242271483
-0.001838266849517822
-0.001838114578276873
-0.001837848452851176
-0.001837451127357781
-0.001836906303651631
-0.001836199429817498
-0.001835317583754659
-0.001834250171668828
-0.001832988928072155
-0.001831527682952583
-0.001829862943850458
-0.00182799412868917
-0.001825923565775156
-0.001823656144551933
-0.001821200014092028
-0.001818565768189728
-0.001815767260268331
-0.001812820672057569
-0.001809744630008936
-0.00180656008888036
-0.001803289982490242
-0.001799958874471486
-0.001796592492610216
-0.001793217496015131
-0.001789860893040895
-0.001786549924872816
-0.00178331125061959
-0.001780170481652021
-0.001777151832357049
-0.001774277770891786
-0.001771568553522229
-0.001769041758961976
-0.001766712171956897
-0.001764590968377888
-0.001762686064466834
-0.001761001534759998
-0.001759537495672703
-0.001758290571160614
-0.00175725354347378
-0.001756415120325983
-0.001755761099047959
-0.001755273784510791
-0.001754932687617838
-0.001754714408889413
-0.001754594151861966
-0.001754544908180833
-0.001754539087414742
-0.001754548167809844
-0.001754544209688902
-0.001754499273374677
-0.001754387049004436
-0.001754182507283986
-0.001753863180056214
-0.001753409276716411
-0.001752803917042911
-0.001752033829689026
-0.001751089468598366
-0.001749965129420161
-0.001748659298755229
-0.001747174421325326
-0.00174551666714251
-0.001743696397170424
-0.001741727697663009
-0.001739627332426608
-0.00173741509206593
-0.001735113211907446
-0.001732745906338096
-0.001730338321067393
-0.001727916300296783
-0.001725505804643035
-0.001723132329061627
-0.001720819855108857
-0.00171859108377248
-0.001716466271318495
-0.001714463229291141
-0.001712596393190324
-0.001710877055302262
-0.001709312433376908
-0.001707906601950526
-0.001706659677438438
-0.001705567701719701
-0.001704623340629041
-0.001703815651126206
-0.00170313089620322
-0.001702552428469062
-0.001702061388641596
-0.001701637404039502
-0.001701258355751634
-0.001700902124866843
-0.001700546476058662
-0.001700169406831264
-0.001699750311672688
-0.00169926998205483
-0.001698711537756026
-0.001698060659691691
-0.001697305939160287
-0.00169643887784332
-0.001695454586297274
-0.001694351551122963
-0.001693131402134895
-0.00169179926160723
-0.001690363278612494
-0.00168883427977562
-0.001687225303612649
-0.001685551716946065
-0.001683830283582211
-0.001682078465819359
-0.001680314657278359
-0.001678556902334094
-0.001676822896115482
-0.0016751290531829
-0.001673490274697542
-0.001671919832006097
