0
0
0
0
0
0
0
0
0
0
0
0
0
0
0
0
0
0
0
0
0
0
0
0
0
0
0
0
0
0
0
0
0
0
0
0
0
0
0
0
0
0
0
0
0
0
0
0
0
0
0
0
0
0
0
0
0
0
0
0
0
0
0
0
0
0
0
0
0
0
0
0
0
0
0
0
0
0
0
0
0
0
0
0
0
0
0
0
0
0
0
0
0
0
0
0
0
0
0
0
0
0
0
0
0
0
0
0
0
0
0
0
0
0
0
0
0
0
0
0
0
0
0
0
0
0
0
0
0
0
0
0
0
0
0
0
0
0
0
0
0
0
0
0
0
0
0
0
0
0
0
0
0
0
0
0
0
0
0
0
0
0
0
0
0
0
0
0
0
0
0
0
0
0
0
0
0
0
0
0
0
0
0
0
0
0
0
0
0
0
0
0
0
0
0
0
0
0
0
0
0
0
0
0
0
0
0
0
0
0
0
0
0
0
0
0
0
0
0
0
0
0
0
0
0
0
0
0
0
0
0
0
0
0
0
0
0
0
0
0
0
0
0
0
0
0
0
0
0
0
0
0
0
0
0
0
0
0
0
0
0
0
0
0
0
0
0
0
0
0
0
0
0
0
0
0
0
0
0
0
0
0
0
0
0
0
0
0
0
0
0
0
0
0
0
0
0
0
0
0
0
0
0
0
0
0
0
0
0
0
0
0
0
0
0
0
0
0
0
0
0
0
0
0
0
0
0
0
0
0
0
0
0
0
0
0
0
0
0
0
0
0
0
0
0
0
0
0
0
0
0
0
0
0
0
0
0
0
0
0
0
0
0
0
0
0
0
0
0
0
0
0
0
0
0
0
0
0
0
0
0
0
0
0
0
0
0
0
0
0
0
0
0
0
0
0
0
0
0
0
0
0
0
0
0
0
0
0
0
0
0
0
0
0
0
0
0
0
0
0
0
0
0
0
0
0
0
0
0
0
0
0
0
0
0
0
0
0
0
0
0
0
0
0
0
0
0
0
0
0
0
0
0
0
0
0
0
0
0
0
0
0
0
0
0
0
0
0
0
0
0
0
0
0
0
0
0
0
0
0
0
0
0
0
0
0
0
0
0
0
0
0
0
0
0
0
0
0
0
0
0
0
0
0
0
0
0
0
0
0
0
0
0
0
0
0
0
0
0
0
0
0
0
0
0
0
0
0
0
0
0
0
0
0
0
0
0
0
0
0
0
0
0
0
0
0
0
0
0
0
0
0
0
0
0
0
0
0
0
0
0
0
0
0
0
0
0
0
0
0
0
0
0
0
0
0
0
0
0
0
0
0
0
0
0
0
0
0
0
0
0
0
0
0
0
0
0
0
0
0
0
0
0
0
0
0
0
0
0
0
0
0
0
0
0
0
0
0
0
0
0
0
0
0
0
0
0
0
0
0
0
0
0
0
0
0
0
0
0
0
0
0
0
0
0
0
0
0
0
0
0
0
0
0
0
0
0
0
0
0
0
0
0
0
0
0
0
0
0
0
0
0
0
0
0
0
0
0
0
0
0
0
0
0
0
0
0
0
0
0
0
0
0
0
0
0
0
0
0
0
0
0
0
0
0
0
0
0
0
0
0
0
0
0
0
0
0
0
0
0
0
0
0
0
0
0
0
0
0
0
0
0
0
0
0
0
0
0
0
0
0
0
0
0
0
0
0
0
0
0
0
0
0
0
0
0
0
0
0
0
0
0
0
0
0
0
0
0
0
0
0
0
0
0
0
0
0
0
0
0
0
0
0
0
0
0
0
0
0
0
0
0
0
0
0
0
0
0
0
0
0
0
0
0
0
0
0
0
0
0
0
0
0
0
0
0
0
0
0
0
0
0
0
0
0
0
0
0
0
0
0
0
0
0
0
0
0
0
0
0
0
0
0
0
0
0
0
0
0
0
0
0
0
0
0
0
0
0
0
0
0
0
0
0
0
0
0
0
0
0
0
0
0
0
0
0
7.006492321624085e-45
3.503246160812043e-44
1.008934894313868e-43
2.550363205071167e-43
6.193739212315691e-43
1.448942612111861e-42
3.347702031271988e-42
7.663701301392425e-42
1.738871264380666e-41
3.923495570263055e-41
8.803237212581366e-41
1.965138927415194e-40
4.365100768310378e-40
9.649565433094982e-40
2.123028830584528e-39
4.648939377453227e-39
1.01325397644061e-38
2.198174862032411e-38
4.746766825844671e-38
1.020320836700077e-37
2.183182874230047e-37
4.650174650075499e-37
9.860187094307877e-37
2.08136739767146e-36
4.373920921998021e-36
9.150869093533524e-36
1.906046727209847e-35
3.952711392164959e-35
8.161260405414253e-35
1.677761505587054e-34
3.434189067594303e-34
6.99921295232253e-34
1.420414384452369e-33
2.870328534322593e-33
5.775752187172954e-33
1.157325248920406e-32
2.309307729079531e-32
4.588777297304964e-32
9.080511070730618e-32
1.789496427657917e-31
3.512107226754046e-31
6.864834816852983e-31
1.336369498410288e-30
2.590992110398855e-30
5.003308327156339e-30
9.622961629277741e-30
1.843440258383254e-29
3.517439306745195e-29
6.685127328177238e-29
1.265570816545008e-28
2.386520664671061e-28
4.482846057181743e-28
8.388037353528727e-28
1.563481388136727e-27
2.90307784987731e-27
5.369895589495979e-27
9.895139935141937e-27
1.81649629383122e-26
3.322086481177702e-26
6.052831734445253e-26
1.098714252175829e-25
1.98699443446523e-25
3.580151541113067e-25
6.426967137895235e-25
1.149522786276948e-24
2.04853233969397e-24
3.637379652697552e-24
6.435194365491011e-24
1.134406199737605e-23
1.992581236142857e-23
3.487469496093053e-23
6.082164910908314e-23
1.056977371965719e-22
1.830371365407988e-22
3.158529139874292e-22
5.431363120689884e-22
9.307160188995163e-22
1.589336569270165e-21
2.70464795850112e-21
4.586777485020843e-21
7.75197561712255e-21
1.305661379959123e-20
2.19163280441772e-20
3.666313921488492e-20
6.112537731930975e-20
1.015661405317992e-19
1.681965793110598e-19
2.776076296864781e-19
4.566641340127759e-19
7.487187574408282e-19
1.223494321158182e-18
1.992744270089248e-18
3.234986536433368e-18
5.234430762689142e-18
8.442039068413077e-18
1.357096997500629e-17
2.174525977812269e-17
3.473066363441901e-17
5.529181602003327e-17
8.77429783357705e-17
1.387944084555058e-16
2.188486966754816e-16
3.439794975448201e-16
5.389418121681713e-16
8.417363443560008e-16
1.310506506102278e-15
2.03392579437489e-15
3.146790079487823e-15
4.853342510188373e-15
7.462054486416427e-15
1.143731055095474e-14
1.747595835676231e-14
2.662032276741239e-14
4.042446106046309e-14
6.119800846637879e-14
9.23625122239459e-14
1.389705814617767e-13
2.084596194664237e-13
3.117425209035046e-13
4.64780991471514e-13
6.908468480441854e-13
1.023762780279214e-12
1.51252935957219e-12
2.227912082250483e-12
3.271785620206913e-12
4.790344770161381e-12
6.992725842813741e-12
1.017715686030263e-11
1.476757605090029e-11
2.136471208280533e-11
3.081714050612305e-11
4.431974925944715e-11
6.35497765522075e-11
9.085412977505314e-11
1.295064055994999e-10
1.840584629153597e-10
2.608194771269723e-10
3.685070582015726e-10
5.191284624395109e-10
7.291700021561098e-10
1.02119623868191e-09
1.425993656489766e-09
1.98543359530845e-09
2.756282757587769e-09
3.815260107842278e-09
5.265718083791171e-09
7.246450550724148e-09
9.943248002741711e-09
1.360402190897503e-08
1.855852183041407e-08
2.524393849512307e-08
3.423806305136168e-08
4.630205552302868e-08
6.243539019124e-08
8.394622597052148e-08
1.125412438796047e-07
1.504397459939355e-07
2.005182864195376e-07
2.664930320861458e-07
3.531492041020101e-07
4.666280801757239e-07
6.147853923721414e-07
8.0763629739522e-07
1.057906388268748e-06
1.381711172143696e-06
1.799389565348974e-06
2.336523721169215e-06
3.025181740667904e-06
3.905421635863604e-06
5.027110091759823e-06
6.452108664234402e-06
8.256888577307109e-06
1.053564574249322e-05
1.340399285254534e-05
1.700332541076932e-05
2.15059317270061e-05
2.712098648771644e-05
3.41014820151031e-05
4.275229366612621e-05
5.343939483282156e-05
6.660042708972469e-05
8.275672007584944e-05
0.0001025267993099988
0.0001266415929421782
0.0001559613738209009
0.0001914944587042555
0.0002344176609767601
0.0002860986278392375
0.0003481198218651116
0.0004223040596116334
0.0005107414908707142
0.0006158176111057401
0.0007402417832054198
0.000887076195795089
0.001059763948433101
0.001262156409211457
0.001498537720181048
0.001773646683432162
0.002092694863677025
0.002461376367136836
0.002885873196646571
0.003372851992025971
0.00392944784834981
0.004563238471746445
0.005282202735543251
0.006094667594879866
0.007009232416749001
0.008034682832658291
0.009179875254631042
0.01045361533761024
0.01186450105160475
0.01342076249420643
0.01513006631284952
0.01699931547045708
0.01903443224728107
0.02124013192951679
0.02361967228353024
0.02617463283240795
0.02890467643737793
0.03180732205510139
0.03487774729728699
0.03810861706733704
0.04148993641138077
0.04500894993543625
0.0486501082777977
0.05239509046077728
0.05622288957238197
0.060109943151474
0.06403043121099472
0.06795653700828552
0.07185886800289154
0.07570695132017136
0.07946976274251938
0.083116315305233
0.08661638200283051
0.08994113653898239
0.09306390583515167
0.09596084803342819
0.09861169010400772
0.1010002866387367
0.1031152606010437
0.1049504205584526
0.1065051406621933
0.1077845394611359
0.1087995171546936
0.1095666885375977
0.1101080402731895
0.1104504242539406
0.1106249690055847
0.1106662824749947
0.1106114462018013
0.1104989945888519
0.1103677973151207
0.1102558299899101
0.1101990044116974
0.1102300360798836
0.1103773787617683
0.1106642782688141
0.1111080199480057
0.1117193847894669
0.1125023290514946
0.1134538799524307
0.1145643666386604
0.1158178299665451
0.117192767560482
0.1186630427837372
0.1201989874243736
0.1217687204480171
0.1233394518494606
0.1248788759112358
0.1263566166162491
0.1277454495429993
0.1290224492549896
0.1301698833703995
0.1311760395765305
0.1320354491472244
0.1327491253614426
0.1333243101835251
0.1337739825248718
0.1341161578893661
0.1343727707862854
0.1345685720443726
0.1347298324108124
0.1348829865455627
0.1350532472133636
0.1352634131908417
0.1355327516794205
0.1358761489391327
0.1363034248352051
0.1368190795183182
0.1374222040176392
0.1381067484617233
0.1388620734214783
0.1396737396717072
0.1405244767665863
0.1413952261209488
0.1422664076089859
0.1431190669536591
0.1439359337091446
0.1447024345397949
0.1454073935747147
0.1460435837507248
0.1466080248355865
0.1471018642187119
0.1475302577018738
0.1479017734527588
0.1482277512550354
0.1485214084386826
0.1487969160079956
0.1490684747695923
0.1493493616580963
0.1496511101722717
0.1499829143285751
0.1503510177135468
0.1507586240768433
0.1512057185173035
0.1516893357038498
0.1522038578987122
0.1527416110038757
0.1532934457063675
0.1538496315479279
0.154400423169136
0.1549367904663086
0.1554510295391083
0.1559372693300247
0.1563918143510818
0.1568132191896439
0.1572022587060928
0.1575618237257004
0.1578964740037918
0.1582120656967163
0.1585152298212051
0.1588128060102463
0.159111276268959
0.1594163775444031
0.1597326844930649
0.1600632518529892
0.1604096293449402
0.1607717126607895
0.1611479371786118
0.1615355163812637
0.1619306951761246
0.1623291671276093
0.162726417183876
0.1631181836128235
0.1635006964206696
0.1638710796833038
0.1642273664474487
0.1645686775445938
0.1648952960968018
0.1652084290981293
0.1655100882053375
0.1658029407262802
0.1660899519920349
0.1663741022348404
0.1666581779718399
0.1669445335865021
0.1672349125146866
0.1675303727388382
0.1678312569856644
0.1681371778249741
0.1684471070766449
0.1687595993280411
0.1690728813409805
0.1693850159645081
0.169694185256958
0.1699987947940826
0.1702975779771805
0.1705897599458694
0.1708750128746033
0.1711534857749939
0.1714257299900055
0.1716926991939545
0.1719554662704468
0.1722153276205063
0.1724734753370285
0.1727309823036194
0.1729886829853058
0.1732471585273743
0.1735066622495651
0.1737671196460724
0.1740281581878662
0.1742891818284988
0.174549400806427
0.1748079806566238
0.1750640571117401
0.1753167808055878
0.1755653917789459
0.1758093535900116
0.1760481745004654
0.176281526684761
0.1765091419219971
0.1767307221889496
0.1769459992647171
0.1771545112133026
0.1773556470870972
0.1775485575199127
0.1777319759130478
0.1779042780399323
0.1780633628368378
0.178206667304039
0.1783311665058136
0.1784332990646362
0.1785090118646622
0.1785537153482437
0.1785623580217361
0.1785293817520142
0.1784487068653107
0.1783138066530228
0.1781177073717117
0.177852988243103
0.1775118112564087
0.1770860254764557
0.1765672713518143
0.1759469956159592
0.1752166748046875
0.1743680387735367
0.173393189907074
0.172284871339798
0.1710367649793625
0.169643834233284
0.1681025773286819
0.1664113849401474
0.1645707935094833
0.1625838428735733
0.1604562252759933
0.1581966429948807
0.1558167934417725
0.1533314883708954
0.1507585942745209
0.1481188982725143
0.1454358696937561
0.1427352428436279
0.1400445252656937
0.1373923867940903
0.1348080337047577
0.1323202848434448
0.1299568563699722
0.1277434080839157
0.1257026642560959
0.1238536015152931
0.1222105696797371
0.120782732963562
0.1195734813809395
0.1185801103711128
0.1177937537431717
0.1171994581818581
0.1167766004800797
0.1164995059370995
0.1163383424282074
0.1162601932883263
0.1162304133176804
0.1162139251828194
0.1161767318844795
0.1160874143242836
0.1159184277057648
0.1156473904848099
0.1152580380439758
0.1147408783435822
0.1140936464071274
0.1133212074637413
0.1124351993203163
0.1114533022046089
0.1103981286287308
0.1092958673834801
0.1081747561693192
0.1070633754134178
0.1059889867901802
0.1049760207533836
0.1040446236729622
0.1032095924019814
0.1024796590209007
0.1018570736050606
0.1013377532362938
0.1009117290377617
0.1005640253424644
0.1002758517861366
0.10002601146698
0.09979243576526642
0.09955371171236038
0.09929057955741882
0.0989871472120285
0.09863188117742538
0.09821818023920059
0.0977446660399437
0.0972149521112442
0.0966370552778244
0.09602260589599609
0.09538567066192627
0.09474151581525803
0.09410535544157028
0.0934910848736763
0.09291023015975952
0.09237118065357208
0.09187863022089005
0.09143346548080444
0.09103293716907501
0.09067106992006302
0.09033942222595215
0.09002800285816193
0.08972622454166412
0.08942385762929916
0.08911196142435074
0.08878356218338013
0.0884341299533844
0.08806180953979492
0.08766738325357437
0.08725400269031525
0.08682665973901749
0.08639160543680191
0.08595564216375351
0.08552538603544235
0.08510666340589523
0.08470394462347031
0.084320068359375
0.08395606279373169
0.08361120522022247
0.0832832008600235
0.08296860009431839
0.08266322314739227
0.08236264437437057
0.08206267654895782
0.08175980299711227
0.08145146071910858
0.08113623410463333
0.08081388473510742
0.0804852619767189
0.08015209436416626
0.0798167809844017
0.07948192954063416
0.07915017753839493
0.07882380485534668
0.0785045325756073
0.07819338887929916
0.07789064198732376
0.07759584486484528
0.07730796933174133
0.07702553272247314
0.07674688845872879
0.07647033780813217
0.0761943981051445
0.07591791450977325
0.07564017921686172
0.07536092400550842
0.07508031278848648
0.07479888945817947
0.07451740652322769
0.07423675805330276
0.07395779341459274
0.07368122786283493
0.07340750843286514
0.0731368362903595
0.07286904007196426
0.07260371744632721
0.07234020531177521
0.07207766175270081
0.07181516289710999
0.07155178487300873
0.071286641061306
0.07101891934871674
0.07074792683124542
0.07047303766012192
0.07019367814064026
0.06990928947925568
0.06961926817893982
0.0693228542804718
0.06901915371417999
0.06870701909065247
0.068385049700737
0.06805156916379929
0.06770461797714233
0.06734197586774826
0.0669611468911171
0.06655938923358917
0.06613373756408691
0.06568101793527603
0.06519779562950134
0.06468044966459274
0.06412512063980103
0.06352771818637848
0.06288387626409531
0.06218895316123962
0.06143802776932716
0.06062590330839157
0.05974709615111351
0.05879585444927216
0.05776621773838997
0.05665205791592598
0.05544710531830788
0.05414505675435066
0.05273962765932083
0.05122463032603264
0.04959408566355705
0.04784229025244713
0.04596392810344696
0.04395415261387825
0.04180869460105896
0.03952401131391525
0.03709735348820686
0.03452691063284874
0.0318119116127491
0.02895276248455048
0.02595114335417747
0.02281011827290058
0.01953423582017422
0.0161296185106039
0.01260402053594589
0.008966876193881035
0.005229328759014606
0.001404219656251371
-0.002493946114555001
-0.006449070293456316
-0.01044355984777212
-0.01445845980197191
-0.01847362890839577
-0.02246794849634171
-0.02641954831779003
-0.03030609898269176
-0.0341050997376442
-0.03779420629143715
-0.04135157540440559
-0.04475624114274979
-0.04798847436904907
-0.05103018507361412
-0.05386525392532349
-0.05647991597652435
-0.05886309593915939
-0.06100669875741005
-0.06290587782859802
-0.0645592138171196
-0.06596889346837997
-0.06714078038930893
-0.06808438152074814
-0.06881284713745117
-0.06934273242950439
-0.06969381123781204
-0.06988871097564697
-0.06995255500078201
-0.06991244852542877
-0.06979695707559586
-0.06963548809289932
-0.06945767998695374
-0.06929276138544083
-0.0691688060760498
-0.06911212950944901
-0.06914664059877396
-0.06929325312376022
-0.06956934183835983
-0.06998831033706665
-0.07055925577878952
-0.07128676027059555
-0.07217072695493698
-0.07320646941661835
-0.07438480108976364
-0.07569238543510437
-0.07711206376552582
-0.07862350344657898
-0.08020371943712234
-0.08182785660028458
-0.0834699347615242
-0.08510370552539825
-0.08670344948768616
-0.08824481815099716
-0.08970557153224945
-0.09106636047363281
-0.09231124073266983
-0.09342823922634125
-0.09440967440605164
-0.09525235742330551
-0.09595766663551331
-0.09653141349554062
-0.09698358923196793
-0.09732791036367416
-0.09758129715919495
-0.09776316583156586
-0.09789467602968216
-0.09799793362617493
-0.0980951189994812
-0.09820765256881714
-0.09835537523031235
-0.0985558032989502
-0.09882355481386185
-0.09916979074478149
-0.0996018722653389
-0.1001231297850609
-0.1007328853011131
-0.1014265641570091
-0.1021960005164146
-0.1030298545956612
-0.1039142608642578
-0.1048334240913391
-0.1057704091072083
-0.1067079156637192
-0.1076290383934975
-0.108518049120903
-0.1093610525131226
-0.1101465225219727
-0.1108658015727997
-0.1115134358406067
-0.1120872423052788
-0.1125883683562279
-0.113021120429039
-0.1133926585316658
-0.11371248960495
-0.1139920279383659
-0.1142438799142838
-0.1144812777638435
-0.1147173047065735
-0.1149643063545227
-0.115233302116394
-0.1155334860086441
-0.115871787071228
-0.1162526458501816
-0.1166778579354286
-0.1171465963125229
-0.1176555156707764
-0.1181991249322891
-0.1187700405716896
-0.1193595081567764
-0.1199579462409019
-0.1205554232001305
-0.121142216026783
-0.121709331870079
-0.1222489103674889
-0.1227545887231827
-0.1232217401266098
-0.1236476451158524
-0.1240314617753029
-0.1243740916252136
-0.1246780753135681
-0.1249472051858902
-0.1251861900091171
-0.1254002451896667
-0.1255946010351181
-0.125774085521698
-0.1259427815675735
-0.126103550195694
-0.1262578368186951
-0.1264053881168365
-0.1265442222356796
-0.1266705989837646
-0.1267791092395782
-0.1268628388643265
-0.1269136369228363
-0.1269223392009735
-0.1268791556358337
-0.1267741173505783
-0.1265972703695297
-0.1263390928506851
-0.1259907931089401
-0.1255445331335068
-0.1249936148524284
-0.1243325471878052
-0.1235572099685669
-0.122664786875248
-0.1216537356376648
-0.1205237209796906
-0.1192755252122879
-0.1179109141230583
-0.1164325922727585
-0.1148440912365913
-0.1131496950984001
-0.1113544777035713
-0.1094642728567123
-0.1074857860803604
-0.1054266393184662
-0.1032954379916191
-0.1011019572615623
-0.09885716438293457
-0.09657333046197891
-0.09426406025886536
-0.09194424003362656
-0.08963000029325485
-0.08733852952718735
-0.0850878432393074
-0.08289649337530136
-0.08078314363956451
-0.07876619696617126
-0.07686325907707214
-0.0750906839966774
-0.07346301525831223
-0.07199250906705856
-0.07068865746259689
-0.06955777853727341
-0.06860274821519852
-0.06782274693250656
-0.06721316277980804
-0.06676558405160904
-0.06646798551082611
-0.06630493700504303
-0.06625803560018539
-0.06630640476942062
-0.06642724573612213
-0.06659651547670364
-0.0667896494269371
-0.06698226928710938
-0.06715098768472672
-0.0672740638256073
-0.06733209639787674
-0.06730859726667404
-0.06719048321247101
-0.06696850806474686
-0.06663743406534195
-0.06619623303413391
-0.06564797461032867
-0.06499967724084854
-0.06426198780536652
-0.06344874203205109
-0.06257637590169907
-0.06166325882077217
-0.0607290118932724
-0.05979366227984428
-0.05887690931558609
-0.05799733474850655
-0.05717166513204575
-0.05641412362456322
-0.05573591589927673
-0.05514479801058769
-0.05464483425021172
-0.0542362779378891
-0.05391566827893257
-0.05367602407932281
-0.05350726097822189
-0.05339671671390533
-0.05332976579666138
-0.05329058319330215
-0.0532628707587719
-0.05323066934943199
-0.05317911133170128
-0.05309509485960007
-0.05296787619590759
-0.05278955399990082
-0.05255534872412682
-0.0522637628018856
-0.05191654711961746
-0.05151848867535591
-0.05107704922556877
-0.05060188099741936
-0.05010422691702843
-0.04959621280431747
-0.04909017309546471
-0.04859794303774834
-0.04813021048903465
-0.04769594594836235
-0.04730194434523582
-0.04695254191756248
-0.04664943367242813
-0.04639169573783875
-0.04617594927549362
-0.04599664732813835
-0.04584653675556183
-0.04571714997291565
-0.04559938982129097
-0.04548410326242447
-0.04536266997456551
-0.04522751271724701
-0.04507251083850861
-0.04489333555102348
-0.04468763992190361
-0.04445507004857063
-0.04419722408056259
-0.04391743615269661
-0.04362044110894203
-0.04331200197339058
-0.04299845546483994
-0.04268624261021614
-0.04238148033618927
-0.04208954051136971
-0.04181472957134247
-0.04156003519892693
-0.04132699966430664
-0.04111567884683609
-0.04092474281787872
-0.04075163975358009
-0.04059284180402756
-0.04044417291879654
-0.0403011292219162
-0.04015925154089928
-0.04001443088054657
-0.03986317664384842
-0.03970286250114441
-0.03953186050057411
-0.03934957832098007
-0.03915645927190781
-0.03895387053489685
-0.03874392807483673
-0.03852930292487144
-0.03831295669078827
-0.03809789568185806
-0.03788693621754646
-0.03768249228596687
-0.03748640790581703
-0.03729984909296036
-0.03712325170636177
-0.03695634379982948
-0.03679821267724037
-0.03664740920066833
-0.03650212287902832
-0.03636034205555916
-0.03622003644704819
-0.03607931360602379
-0.03593659400939941
-0.03579068183898926
-0.03564085438847542
-0.03548688814043999
-0.03532904013991356
-0.03516798838973045
-0.03500472009181976
-0.03484045714139938
-0.03467650711536407
-0.03451415151357651
-0.03435453400015831
-0.0341985709965229
-0.03404687717556953
-0.03389975801110268
-0.03375716879963875
-0.03361877799034119
-0.03348400071263313
-0.033352080732584
-0.03322215750813484
-0.03309336677193642
-0.03296490386128426
-0.03283610194921494
-0.03270647302269936
-0.03257574513554573
-0.03244385868310928
-0.03231096267700195
-0.03217737376689911
-0.03204354271292686
-0.03190997987985611
-0.03177723288536072
-0.03164580464363098
-0.03151611611247063
-0.03138847276568413
-0.03126304596662521
-0.03113986365497112
-0.0310188215225935
-0.03089970536530018
-0.03078221529722214
-0.03066600486636162
-0.03055071085691452
-0.03043600171804428
-0.03032160550355911
-0.03020731545984745
-0.03009301982820034
-0.02997869811952114
-0.02986440807580948
-0.02975028567016125
-0.02963650971651077
-0.02952328696846962
-0.0294108223170042
-0.02929931133985519
-0.02918889746069908
-0.02907967753708363
-0.02897169999778271
-0.02886495180428028
-0.02875936403870583
-0.02865483239293098
-0.02855122089385986
-0.02844838798046112
-0.02834619767963886
-0.02824452705681324
-0.02814328484237194
-0.02804241329431534
-0.02794188819825649
-0.02784172631800175
-0.02774196490645409
-0.02764267101883888
-0.0275439191609621
-0.02744578383862972
-0.02734833769500256
-0.02725163288414478
-0.02715571224689484
-0.02706058323383331
-0.02696623839437962
-0.02687264978885651
-0.02677977085113525
-0.02668754756450653
-0.02659592404961586
-0.02650484815239906
-0.02641427330672741
-0.02632416784763336
-0.02623450756072998
-0.02614528499543667
-0.02605650946497917
-0.02596819400787354
-0.0258803628385067
-0.02579304203391075
-0.02570625580847263
-0.02562002278864384
-0.02553435787558556
-0.02544927224516869
-0.02536476030945778
-0.02528081275522709
-0.02519741281867027
-0.02511453814804554
-0.0250321701169014
-0.02495028451085091
-0.02486886456608772
-0.02478788793087006
-0.02470734715461731
-0.02462723478674889
-0.02454754710197449
-0.02446829155087471
-0.02438947185873985
-0.02431109361350536
-0.02423316612839699
-0.02415569312870502
-0.02407867833971977
-0.02400212362408638
-0.02392603084445
-0.02385038696229458
-0.02377518825232983
-0.02370042540132999
-0.02362608537077904
-0.02355216071009636
-0.02347863838076591
-0.02340551465749741
-0.02333278022706509
-0.02326043322682381
-0.02318847551941872
-0.02311690337955952
-0.02304571866989136
-0.02297492325305939
-0.02290451526641846
-0.02283449470996857
-0.02276485599577427
-0.02269560098648071
-0.02262672781944275
-0.02255822904407978
-0.02249010466039181
-0.02242234535515308
-0.02235495112836361
-0.02228791452944279
-0.02222123183310032
-0.02215489745140076
-0.0220889076590538
-0.0220232680439949
-0.02195796929299831
-0.02189301326870918
-0.02182839624583721
-0.02176411636173725
-0.0217001736164093
-0.02163656800985336
-0.02157329395413399
-0.02151034772396088
-0.02144772931933403
-0.02138543128967285
-0.02132345363497734
-0.0212617926299572
-0.02120044082403183
-0.02113940194249153
-0.02107867039740086
-0.02101824060082436
-0.02095811627805233
-0.02089829370379448
-0.02083877101540565
-0.02077954635024071
-0.02072061970829964
-0.020661985501647
-0.02060364559292793
-0.02054559253156185
-0.02048783004283905
-0.02043035626411438
-0.02037316747009754
-0.02031626179814339
-0.02025963738560677
-0.02020328864455223
-0.02014721743762493
-0.02009141817688942
-0.0200358908623457
-0.01998063176870346
-0.01992563903331757
-0.01987091451883316
-0.01981645449995995
-0.01976225711405277
-0.01970831677317619
-0.01965463347733021
-0.01960120722651482
-0.01954803429543972
-0.01949511282145977
-0.01944243907928467
-0.01939001493155956
-0.01933783665299416
-0.0192859061062336
-0.01923422329127789
-0.01918278262019157
-0.01913158409297466
-0.01908062770962715
-0.01902990974485874
-0.01897942647337914
-0.01892917975783348
-0.01887916773557663
-0.01882938668131828
-0.01877983286976814
-0.01873051002621651
-0.01868141070008278
-0.01863253675401211
-0.01858388260006905
-0.01853544823825359
-0.0184872355312109
-0.01843924075365067
-0.01839146390557289
-0.01834390126168728
-0.01829655282199383
-0.01824941858649254
-0.01820249669253826
-0.01815578527748585
-0.0181092843413353
-0.01806299202144146
-0.01801690645515919
-0.01797102205455303
-0.01792534440755844
-0.01787986792623997
-0.01783458888530731
-0.01778950914740562
-0.0177446287125349
-0.0176999419927597
-0.01765545085072517
-0.01761115714907646
-0.01756705716252327
-0.0175231508910656
-0.0174794364720583
-0.01743591204285622
-0.01739257760345936
-0.01734942756593227
-0.01730646379292011
-0.01726368628442287
-0.01722109504044056
-0.01717868447303772
-0.0171364564448595
-0.01709440723061562
-0.01705253683030605
-0.01701084524393082
-0.01696933060884476
-0.01692799106240273
-0.01688682660460472
-0.01684583723545074
-0.01680502109229565
-0.01676437817513943
-0.01672390662133694
-0.01668360643088818
-0.0166434720158577
-0.01660350523889065
-0.01656370423734188
-0.0165240652859211
-0.01648459024727345
-0.01644527539610863
-0.01640612073242664
-0.01636712625622749
-0.01632829196751118
-0.01628961786627769
-0.0162511058151722
-0.01621275208890438
-0.0161745548248291
-0.01613651402294636
-0.016098627820611
-0.01606089808046818
-0.01602332293987274
-0.01598589867353439
-0.01594862714409828
-0.01591150462627411
-0.01587452925741673
-0.01583770290017128
-0.01580102555453777
-0.01576449349522591
-0.01572811044752598
-0.01569187082350254
-0.01565577462315559
-0.01561982091516256
-0.01558401249349117
-0.01554834842681885
-0.01551282498985529
-0.01547744031995535
-0.01544219255447388
-0.01540708262473345
-0.01537210959941149
-0.015337273478508
-0.01530257519334555
-0.01526801381260157
-0.01523358840495348
-0.01519929803907871
-0.01516514085233212
-0.01513111684471369
-0.01509722508490086
-0.01506346184760332
-0.01502982899546623
-0.01499632280319929
-0.01496294140815735
-0.01492968667298555
-0.01489655673503876
-0.01486355159431696
-0.01483067125082016
-0.01479791663587093
-0.01476528774946928
-0.01473278552293777
-0.01470040716230869
-0.01466815453022718
-0.01463602483272552
-0.01460401620715857
-0.01457212865352631
-0.01454035844653845
-0.01450870744884014
-0.01447717379778624
-0.01444575563073158
-0.01441445574164391
-0.01438327133655548
-0.01435220241546631
-0.01432124897837639
-0.01429041009396315
-0.01425968669354916
-0.01422907877713442
-0.01419858355075121
-0.01416820287704468
-0.01413793303072453
-0.01410777494311333
-0.01407772675156593
-0.01404778845608234
-0.01401795912533998
-0.01398823969066143
-0.01395862642675638
-0.01392912119626999
-0.01389972399920225
-0.01387043390423059
-0.01384124904870987
-0.0138121722266078
-0.01378319971263409
-0.01375433336943388
-0.01372557040303946
-0.01369691081345081
-0.01366835366934538
-0.01363989803940058
-0.01361154206097126
-0.01358328666538
-0.01355513278394938
-0.01352707762271166
-0.013499123044312
-0.01347126625478268
-0.01344350818544626
-0.01341584790498018
-0.01338828448206186
-0.0133608179166913
-0.01333344634622335
-0.01330617163330317
-0.01327899191528559
-0.01325190626084805
-0.01322491466999054
-0.01319801807403564
-0.01317121461033821
-0.01314450427889824
-0.01311788614839315
-0.01309136115014553
-0.01306492835283279
-0.01303858775645494
-0.01301233563572168
-0.01298617199063301
-0.0129600977525115
-0.01293411385267973
-0.01290821935981512
-0.01288241147994995
-0.01285669207572937
-0.01283106207847595
-0.01280551869422197
-0.01278006285429001
-0.01275469455868006
-0.0127294110134244
-0.0127042131498456
-0.01267910003662109
-0.01265407353639603
-0.01262913271784782
-0.01260427571833134
-0.01257950346916914
-0.01255481503903866
-0.01253021042793989
-0.01250568684190512
-0.01248124800622463
-0.01245688926428556
-0.01243261061608791
-0.01240841206163168
-0.01238429266959429
-0.01236025150865316
-0.01233628857880831
-0.01231240388005972
-0.01228859834372997
-0.01226486917585135
-0.01224122010171413
-0.01221764832735062
-0.01219415478408337
-0.01217073947191238
-0.01214740239083767
-0.01212413981556892
-0.01210095267742872
-0.01207784097641706
-0.01205480378121138
-0.01203184109181166
-0.01200895290821791
-0.01198613829910755
-0.01196339633315802
-0.01194072887301445
-0.01191813312470913
-0.01189560908824205
-0.01187315862625837
-0.01185078267008066
-0.0118284784257412
-0.01180624775588512
-0.01178408786654472
-0.01176199875771999
-0.01173997949808836
-0.0117180310189724
-0.01169615238904953
-0.01167434453964233
-0.01165260374546051
-0.01163093373179436
-0.01160933170467615
-0.01158779766410589
-0.01156633254140615
-0.01154493447393179
-0.01152360532432795
-0.01150234416127205
-0.01148114819079638
-0.01146001741290092
-0.0114389518275857
-0.01141795050352812
-0.01139701344072819
-0.01137614157050848
-0.01135533303022385
-0.01133458875119686
-0.01131391059607267
-0.01129329483956099
-0.01127273961901665
-0.01125224865972996
-0.01123182009905577
-0.01121145486831665
-0.01119115296751261
-0.01117091532796621
-0.01115074008703232
-0.0111306281760335
-0.01111057866364717
-0.01109059154987335
-0.01107066683471203
-0.01105080265551805
-0.01103100087493658
-0.01101125869899988
-0.01099157519638538
-0.01097194943577051
-0.01095238234847784
-0.01093287579715252
-0.01091342605650425
-0.01089403685182333
-0.01087470538914204
-0.01085543166846037
-0.01083621568977833
-0.01081705745309591
-0.0107979541644454
-0.01077890861779451
-0.01075991988182068
-0.01074098609387875
-0.01072210818529129
-0.01070328615605831
-0.01068452000617981
-0.01066580973565578
-0.01064715627580881
-0.01062855776399374
-0.01061001606285572
-0.01059153117239475
-0.01057310309261084
-0.01055472996085882
-0.01053641177713871
-0.0105181485414505
-0.01049993745982647
-0.01048177853226662
-0.01046367269009352
-0.01044561807066202
-0.01042761467397213
-0.01040966156870127
-0.01039175875484943
-0.0103739071637392
-0.01035610772669315
-0.01033836044371128
-0.01032066438347101
-0.01030301861464977
-0.01028542406857014
-0.01026788167655468
-0.01025039050728083
-0.010232949629426
-0.01021555997431278
-0.01019821874797344
-0.01018092874437571
-0.010163689032197
-0.01014649961143732
-0.01012935861945152
-0.01011226698756218
-0.01009522285312414
-0.01007822714745998
-0.01006127893924713
-0.01004437822848558
-0.01002752501517534
-0.01001071836799383
-0.009993959218263626
-0.009977246634662151
-0.009960581548511982
-0.009943965822458267
-0.009927396662533283
-0.009910875000059605
-0.009894401766359806
-0.009877974167466164
-0.009861593134701252
-0.009845258668065071
-0.009828970767557621
-0.009812726639211178
-0.009796527214348316
-0.009780371561646461
-0.009764260612428188
-0.009748193435370922
-0.009732170961797237
-0.009716194123029709
-0.009700261056423187
-0.009684372693300247
-0.009668528102338314
-0.009652728214859962
-0.009636971168220043
-0.009621256962418556
-0.009605585597455502
-0.009589957073330879
-0.009574370458722115
-0.009558825753629208
-0.009543323889374733
-0.009527864865958691
-0.009512448683381081
-0.009497073478996754
-0.009481742046773434
-0.009466453455388546
-0.009451207704842091
-0.009436002001166344
-0.009420839138329029
-0.009405715391039848
-0.009390631690621376
-0.009375586174428463
-0.009360580705106258
-0.009345612488687038
-0.009330683387815952
-0.009315793402493
-0.009300942532718182
-0.009286131709814072
-0.009271360002458096
-0.009256628341972828
-0.009241938591003418
-0.009227290749549866
-0.009212682954967022
-0.009198116138577461
-0.009183590300381184
-0.009169104509055614
-0.009154656901955605
-0.009140249341726303
-0.009125879965722561
-0.009111548773944378
-0.009097253903746605
-0.009082996286451817
-0.009068774059414864
-0.009054587222635746
-0.009040436707437038
-0.009026321582496166
-0.009012241847813129
-0.008998198434710503
-0.008984189480543137
-0.008970216847956181
-0.008956283330917358
-0.008942386135458946
-0.008928527124226093
-0.008914703503251076
-0.008900917135179043
-0.00888716708868742
-0.008873453363776207
-0.008859775029122829
-0.008846132084727287
-0.008832524530589581
-0.008818952366709709
-0.008805413730442524
-0.008791908621788025
-0.008778439834713936
-0.008765007369220257
-0.008751609362661839
-0.008738245815038681
-0.008724917657673359
-0.008711623027920723
-0.008698362857103348
-0.008685136213898659
-0.008671943098306656
-0.008658782579004765
-0.00864565372467041
-0.008632556535303593
-0.008619491010904312
-0.008606458082795143
-0.008593457750976086
-0.00858049001544714
-0.008567556738853455
-0.008554655127227306
-0.008541787974536419
-0.008528953418135643
-0.008516152389347553
-0.008503385819494724
-0.008490650914609432
-0.008477948606014252
-0.008465279825031757
-0.0084526427090168
-0.00844003539532423
-0.008427459746599197
-0.008414915762841702
-0.008402402512729168
-0.008389919996261597
-0.008377469144761562
-0.008365049958229065
-0.00835266150534153
-0.008340302854776382
-0.008327974937856197
-0.0083156768232584
-0.008303407579660416
-0.008291168138384819
-0.008278959430754185
-0.008266780525445938
-0.008254630491137505
-0.008242510259151459
-0.008230419829487801
-0.008218358270823956
-0.008206325583159924
-0.008194322697818279
-0.008182348683476448
-0.00817040354013443
-0.008158487267792225
-0.008146600797772408
-0.008134743198752403
-0.008122914470732212
-0.008111115545034409
-0.008099344559013844
-0.008087604306638241
-0.008075893856585026
-0.008064211346209049
-0.008052559569478035
-0.008040935732424259
-0.008029340766370296
-0.008017775602638721
-0.008006238378584385
-0.007994728162884712
-0.007983244955539703
-0.007971787825226784
-0.007960357703268528
-0.007948953658342361
-0.007937575690448284
-0.007926225662231445
-0.007914899848401546
-0.007903601042926311
-0.007892328314483166
-0.007881080731749535
-0.007869859226047993
-0.00785866379737854
-0.007847495377063751
-0.007836355827748775
-0.007825241424143314
-0.007814154960215092
-0.00780309597030282
-0.007792063988745213
-0.007781058549880981
-0.007770079653710127
-0.007759126368910074
-0.007748199626803398
-0.007737298961728811
-0.007726423908025026
-0.007715575397014618
-0.007704752031713724
-0.007693953812122345
-0.00768318073824048
-0.00767243281006813
-0.007661710027605295
-0.007651011925190687
-0.007640338037163019
-0.007629687897861004
-0.007619061041623354
-0.007608459331095219
-0.007597881834954023
-0.007587328553199768
-0.007576799020171165
-0.00756629416719079
-0.007555813528597355
-0.007545357570052147
-0.007534925360232592
-0.007524516433477402
-0.007514131721109152
-0.007503771223127842
-0.007493434473872185
-0.00748312147334218
-0.007472832687199116
-0.007462567184120417
-0.00745232542976737
-0.007442107424139977
-0.007431912235915661
-0.007421740330755711
-0.007411591708660126
-0.007401465903967619
-0.00739136291667819
-0.007381282281130552
-0.00737122492864728
-0.007361189927905798
-0.007351177744567394
-0.007341188844293356
-0.00733122369274497
-0.007321280892938375
-0.007311361376196146
-0.007301464676856995
-0.007291590329259634
-0.00728173740208149
-0.007271906360983849
-0.007262097205966711
-0.007252309005707502
-0.00724254222586751
-0.007232797332108021
-0.007223073393106461
-0.007213370874524117
-0.007203690707683563
-0.007194032426923513
-0.007184396032243967
-0.007174781989306211
-0.007165190298110247
-0.007155620958656073
-0.007146073505282402
-0.007136547937989235
-0.007127044256776571
-0.007117561530321836
-0.007108099292963743
-0.007098657079041004
-0.007089234422892332
-0.007079831790179014
-0.007070449180901051
-0.007061086129397154
-0.007051743101328611
-0.007042421028017998
-0.007033119443804026
-0.007023838814347982
-0.007014578673988581
-0.007005339954048395
-0.006996121723204851
-0.006986924447119236
-0.006977747194468975
-0.006968589033931494
-0.006959449965506792
-0.00695032998919487
-0.006941229104995728
-0.006932146847248077
-0.006923084147274494
-0.006914041470736265
-0.006905017886310816
-0.006896013859659433
-0.006887029390782118
-0.006878065411001444
-0.006869121920317411
-0.006860198453068733
-0.006851295474916697
-0.006842411588877439
-0.006833547726273537
-0.006824702955782413
-0.00681587727740407
-0.006807069759815931
-0.006798280868679285
-0.006789509207010269
-0.006780756171792746
-0.006772020366042852
-0.006763302721083164
-0.006754602771252394
-0.00674592237919569
-0.006737259682267904
-0.006728615611791611
-0.006719990633428097
-0.006711384281516075
-0.006702796556055546
-0.006694227457046509
-0.006685676984488964
-0.006677145604044199
-0.006668633315712214
-0.00666013965383172
-0.006651664152741432
-0.006643206346780062
-0.006634766235947609
-0.006626343820244074
-0.006617937702685595
-0.006609547883272171
-0.006601175293326378
-0.006592819467186928
-0.006584480404853821
-0.006576158106327057
-0.006567852571606636
-0.006559564732015133
-0.006551295053213835
-0.006543042603880167
-0.00653480738401413
-0.00652658985927701
-0.006518390029668808
-0.006510206963866949
-0.006502040661871433
-0.006493890658020973
-0.006485756952315569
-0.006477640010416508
-0.006469540763646364
-0.006461457815021276
-0.006453391164541245
-0.00644534220919013
-0.006437310948967934
-0.00642929645255208
-0.00642129871994257
-0.00641331821680069
-0.00640535494312644
-0.006397409364581108
-0.006389480084180832
-0.006381567101925611
-0.006373671814799309
-0.006365792360156775
-0.006357928737998009
-0.006350080948323011
-0.006342248991131783
-0.006334432400763035
-0.006326631177216768
-0.00631884578615427
-0.006311075761914253
-0.00630332063883543
-0.006295580882579088
-0.006287856958806515
-0.006280148401856422
-0.006272454746067524
-0.006264776457101107
-0.006257114000618458
-0.00624946691095829
-0.006241835188120604
-0.006234218366444111
-0.006226615980267525
-0.00621902896091342
-0.006211456842720509
-0.006203900091350079
-0.006196360103785992
-0.006188835017383099
-0.006181325763463974
-0.006173831876367331
-0.006166351959109306
-0.006158887874335051
-0.006151437759399414
-0.006144002545624971
-0.006136581301689148
-0.006129174958914518
-0.006121781654655933
-0.00611440185457468
-0.006107036489993334
-0.006099685095250607
-0.006092348136007786
-0.006085026077926159
-0.006077719386667013
-0.006070428527891636
-0.006063153967261314
-0.006055894307792187
-0.006048650946468115
-0.006041422486305237
-0.006034208461642265
-0.006027009803801775
-0.006019826047122478
-0.006012656260281801
-0.006005499511957169
-0.005998355336487293
-0.005991225130856037
-0.005984108429402113
-0.005977005697786808
-0.005969916004687548
-0.005962840281426907
-0.005955777131021023
-0.005948727950453758
-0.005941692739725113
-0.005934670567512512
-0.005927661899477243
-0.005920667201280594
-0.005913686007261276
-0.005906717851758003
-0.005899762734770775
-0.005892820656299591
-0.005885892082005739
-0.005878977477550507
-0.005872076842933893
-0.005865190178155899
-0.005858317483216524
-0.005851458292454481
-0.005844613071531057
-0.005837780889123678
-0.005830962676554918
-0.00582415796816349
-0.005817366298288107
-0.005810587201267481
-0.005803821142762899
-0.005797067657113075
-0.005790326278656721
-0.005783597473055124
-0.005776880774646997
-0.005770176183432341
-0.005763484165072441
-0.005756804253906012
-0.005750137381255627
-0.005743482615798712
-0.005736841820180416
-0.005730213597416878
-0.005723597947508097
-0.005716994870454073
-0.005710404831916094
-0.005703827366232872
-0.005697261542081833
-0.005690708756446838
-0.005684167612344027
-0.005677639041095972
-0.005671123508363962
-0.005664621014147997
-0.005658131092786789
-0.005651653744280338
-0.005645190831273794
-0.005638740491122007
-0.005632303189486265
-0.00562587846070528
-0.005619465839117765
-0.005613065324723721
-0.005606675054877996
-0.005600296892225742
-0.005593928974121809
-0.005587571300566196
-0.005581224337220192
-0.005574888084083796
-0.00556856207549572
-0.00556224724277854
-0.005555943585932255
-0.00554965203627944
-0.005543372593820095
-0.00553710525855422
-0.005530850030481815
-0.00552460690960288
-0.005518375895917416
-0.005512156523764133
-0.005505948793143034
-0.005499752704054117
-0.00549356872215867
-0.005487396847456694
-0.005481236148625612
-0.005475086625665426
-0.005468948744237423
-0.005462822038680315
-0.00545670697465539
-0.00545060308650136
-0.005444510374218225
-0.005438429769128561
-0.005432360339909792
-0.005426302086561918
-0.005420254543423653
-0.00541421864181757
-0.005408192984759808
-0.005402178503572941
-0.005396174732595682
-0.005390182137489319
-0.005384200252592564
-0.005378229077905416
-0.005372269079089165
-0.005366321187466383
-0.005360383540391922
-0.005354457069188356
-0.005348541773855686
-0.005342637654393911
-0.005336744245141745
-0.005330860614776611
-0.005324986763298512
-0.00531912362203002
-0.005313270725309849
-0.005307427607476711
-0.00530159380286932
-0.005295770242810249
-0.005289957858622074
-0.005284156184643507
-0.005278365220874548
-0.00527258450165391
-0.005266814492642879
-0.005261056125164032
-0.005255308002233505
-0.005249570123851299
-0.005243843421339989
-0.005238126963376999
-0.005232420284301043
-0.005226723849773407
-0.005221036728471518
-0.005215358920395374
-0.005209690891206264
-0.005204032175242901
-0.005198383238166571
-0.005192744545638561
-0.005187116097658873
-0.005181497428566217
-0.00517588946968317
-0.005170291755348444
-0.005164704285562038
-0.005159127060323954
-0.00515356007963419
-0.005148003809154034
-0.005142457783222198
-0.005136921536177397
-0.005131395068019629
-0.005125877913087606
-0.00512037007138133
-0.005114870611578226
-0.005109380465000868
-0.005103901028633118
-0.005098430905491114
-0.005092970561236143
-0.005087519530206919
-0.00508207781240344
-0.005076646339148283
-0.005071224644780159
-0.005065812729299068
-0.005060410592705011
-0.0050550177693367
-0.005049634259194136
-0.005044260062277317
-0.005038895178586245
-0.005033539142459631
-0.005028191488236189
-0.005022852681577206
-0.005017522722482681
-0.005012201610952616
-0.005006888881325722
-0.005001584533601999
-0.004996288567781448
-0.004991000983864069
-0.004985722247511148
-0.004980452358722687
-0.004975191317498684
-0.004969940055161715
-0.004964699037373066
-0.004959468264132738
-0.004954247735440731
-0.004949036985635757
-0.004943836480379105
-0.004938645288348198
-0.004933463875204325
-0.004928292240947485
-0.004923129919916391
-0.004917976446449757
-0.004912831820547581
-0.004907694645226002
-0.004902566317468882
-0.004897446371614933
-0.004892333876341581
-0.004887229762971401
-0.00488213449716568
-0.00487704761326313
-0.004871969576925039
-0.00486689992249012
-0.004861839115619659
-0.004856787156313658
-0.004851743578910828
-0.004846708383411169
-0.004841682035475969
-0.004836665000766516
-0.004831655882298946
-0.004826655611395836
-0.004821663722395897
-0.004816680215299129
-0.004811704624444246
-0.004806737415492535
-0.004801779054105282
-0.004796829074621201
-0.004791887011379004
-0.004786953330039978
-0.004782027564942837
-0.00477710971608758
-0.004772199783474207
-0.004767297301441431
-0.004762402735650539
-0.004757516551762819
-0.004752638749778271
-0.004747768864035606
-0.004742906894534826
-0.00473805284127593
-0.004733207169920206
-0.004728369880467653
-0.004723541438579559
-0.004718722309917212
-0.00471391249448061
-0.004709110595285892
-0.004704316612333059
-0.004699531011283398
-0.00469475332647562
-0.004689982626587152
-0.004685219377279282
-0.004680463578552008
-0.004675714299082756
-0.004670972470194101
-0.004666238091886044
-0.004661510232836008
-0.004656790755689144
-0.00465207826346159
-0.004647374618798494
-0.00464267935603857
-0.004637992475181818
-0.004633314441889524
-0.004628643859177828
-0.004623982589691877
-0.004619329702109098
-0.004614684730768204
-0.004610047675669193
-0.00460541807115078
-0.004600794520229101
-0.004596177488565445
-0.004591566976159811
-0.004586962517350912
-0.00458236550912261
-0.004577775485813618
-0.004573192913085222
-0.004568617325276136
-0.004564049188047647
-0.004559488501399755
-0.004554936662316322
-0.004550392273813486
-0.004545856732875109
-0.004541328642517328
-0.004536808002740145
-0.004532294813543558
-0.004527789540588856
-0.004523292183876038
-0.004518801812082529
-0.004514319822192192
-0.00450984388589859
-0.004505375400185585
-0.004500914830714464
-0.004496461246162653
-0.004492014646530151
-0.004487575963139534
-0.004483144730329514
-0.00447872094810009
-0.004474303219467402
-0.00446989294141531
-0.004465489182621241
-0.004461091943085194
-0.004456700757145882
-0.004452316090464592
-0.004447937943041325
-0.004443565383553505
-0.004439199343323708
-0.004434840753674507
-0.004430488683283329
-0.004426143132150173
-0.004421805031597614
-0.004417474381625652
-0.004413151647895575
-0.004408837296068668
-0.004404531326144934
-0.004400232806801796
-0.004395941272377968
-0.004391656257212162
-0.004387377295643091
-0.004383104853332043
-0.004378838464617729
-0.004374578129500151
-0.004370323847979307
-0.004366074223071337
-0.004361831117421389
-0.004357593599706888
-0.00435336260125041
-0.004349138587713242
-0.00434492202475667
-0.004340711981058121
-0.004336509387940168
-0.0043323147110641
-0.004328127484768629
-0.004323947709053755
-0.004319775383919477
-0.00431561004370451
-0.004311451222747564
-0.004307297989726067
-0.004303151275962591
-0.004299011081457138
-0.004294877871870995
-0.004290750250220299
-0.004286628682166338
-0.004282513167709112
-0.004278404638171196
-0.004274302162230015
-0.004270206205546856
-0.004266116768121719
-0.004262034315615892
-0.004257958382368088
-0.004253889434039593
-0.004249826539307833
-0.004245770163834095
-0.00424172030761838
-0.004237675573676825
-0.00423363596200943
-0.004229601472616196
-0.004225572105497122
-0.004221548791974783
-0.004217531997710466
-0.004213520791381598
-0.004209517035633326
-0.004205519333481789
-0.004201528616249561
-0.004197544418275356
-0.004193567205220461
-0.004189596977084875
-0.004185633268207312
-0.00418167607858777
-0.004177724476903677
-0.004173778928816319
-0.004169839899986982
-0.004165906924754381
-0.004161979537457228
-0.004158058203756809
-0.004154143389314413
-0.004150235094130039
-0.004146331921219826
-0.004142434801906347
-0.004138542804867029
-0.004134656395763159
-0.004130775574594736
-0.004126900341361761
-0.004123030230402946
-0.00411916570737958
-0.00411530677229166
-0.004111453425139189
-0.004107605665922165
-0.004103763494640589
-0.004099926445633173
-0.00409609591588378
-0.004092271439731121
-0.004088453482836485
-0.004084642045199871
-0.00408083712682128
-0.004077038262039423
-0.004073245450854301
-0.004069458693265915
-0.004065677989274263
-0.004061903338879347
-0.004058134276419878
-0.004054369870573282
-0.00405061012133956
-0.004046855960041285
-0.00404310692101717
-0.004039362538605928
-0.004035623278468847
-0.004031889140605927
-0.004028160125017166
-0.004024436697363853
-0.004020719323307276
-0.004017008002847433
-0.004013302735984325
-0.00400960398837924
-0.00400591129437089
-0.004002224653959274
-0.003998544067144394
-0.003994869068264961
-0.003991199657320976
-0.003987534902989864
-0.003983875270932913
-0.003980222158133984
-0.003976573701947927
-0.003972930368036032
-0.003969292622059584
-0.003965660464018583
-0.003962033893913031
-0.003958412911742926
-0.003954798448830843
-0.003951189108192921
-0.003947584889829159
-0.003943986259400845
-0.003940392751246691
-0.003936804365366697
-0.003933220636099577
-0.003929642029106617
-0.003926067613065243
-0.003922498784959316
-0.003918933682143688
-0.003915373701602221
-0.003911817912012339
-0.003908267244696617
-0.003904721466824412
-0.003901181276887655
-0.00389764690771699
-0.003894118359312415
-0.003890595398843288
-0.003887077793478966
-0.003883565543219447
-0.003880058415234089
-0.003876556875184178
-0.003873060923069715
-0.0038695705588907
-0.003866085782647133
-0.003862606361508369
-0.00385913229547441
-0.003855663351714611
-0.003852199530228972
-0.003848740831017494
-0.003845287254080176
-0.003841838566586375
-0.003838394302874804
-0.003834954462945461
-0.003831519279628992
-0.003828088287264109
-0.003824661485850811
-0.003821239341050386
-0.003817822085693479
-0.003814409719780087
-0.003811002010479569
-0.003807599423453212
-0.003804201958701015
-0.003800809616222978
-0.003797421930357814
-0.00379403936676681
-0.00379066145978868
-0.003787288209423423
-0.003783919848501682
-0.003780556377023458
-0.003777197794988751
-0.003773844335228205
-0.003770495764911175
-0.003767152316868305
-0.003763813525438309
-0.003760480089113116
-0.003757151775062084
-0.003753828816115856
-0.003750510513782501
-0.003747196635231376
-0.00374388718046248
-0.003740581916645169
-0.003737280610948801
-0.003733983263373375
-0.003730690805241466
-0.003727402538061142
-0.003724119625985622
-0.003720842069014907
-0.003717569867148995
-0.003714303486049175
-0.003711042227223516
-0.003707786556333303
-0.003704536473378539
-0.003701291279867291
-0.003698050742968917
-0.003694814629852772
-0.003691582707688212
-0.003688354743644595
-0.003685130504891276
-0.003681909292936325
-0.003678691340610385
-0.0036754768807441
-0.003672266146168113
-0.003669059369713068
-0.003665856784209609
-0.003662658622488379
-0.003659465117380023
-0.003656276734545827
-0.003653093473985791
-0.00364991556853056
-0.003646743716672063
-0.003643576987087727
-0.003640415612608194
-0.003637259360402822
-0.003634107997640967
-0.003630961058661342
-0.003627818077802658
-0.003624679520726204
-0.003621544921770692
-0.003618414048105478
-0.00361528736539185
-0.003612164873629808
-0.003609045408666134
-0.003605929668992758
-0.00360281765460968
-0.003599709365516901
-0.003596605034545064
-0.003593504894524813
-0.003590408945456147
-0.003587316954508424
-0.00358422938734293
-0.003581146709620953
-0.003578068688511848
-0.003574995324015617
-0.003571926848962903
-0.003568863263353705
-0.003565803868696094
-0.003562749363481998
-0.003559699049219489
-0.003556652693077922
-0.003553610295057297
-0.003550571855157614
-0.00354753783904016
-0.003544507781043649
-0.003541481913998723
-0.003538460237905383
-0.003535442985594273
-0.003532430157065392
-0.00352942175231874
-0.003526417771354318
-0.003523418447002769
-0.003520423546433449
-0.003517433069646358
-0.003514447249472141
-0.003511465853080153
-0.003508488647639751
-0.003505514934659004
-0.003502545645460486
-0.003499580547213554
-0.003496618941426277
-0.003493661526590586
-0.003490707371383905
-0.003487756941467524
-0.003484810004010797
-0.003481866326183081
-0.003478925907984376
-0.003475988749414682
-0.003473055316135287
-0.003470125375315547
-0.003467198461294174
-0.0034642752725631
-0.003461355809122324
-0.003458439838141203
-0.00345552759245038
-0.0034526193048805
-0.003449714742600918
-0.003446814371272922
-0.003443917725235224
-0.003441025502979755
-0.003438137471675873
-0.003435254096984863
-0.00343237491324544
-0.003429499920457602
-0.003426629584282637
-0.003423763439059258
-0.003420901950448751
-0.003418044885620475
-0.003415192477405071
-0.003412344492971897
-0.003409500932320952
-0.00340666132979095
-0.003403825918212533
-0.003400994231924415
-0.003398166038095951
-0.003395341569557786
-0.003392520593479276
-0.00338970310986042
-0.00338688911870122
-0.003384078154340386
-0.003381270216777921
-0.003378465538844466
-0.003375664120540023
-0.003372865961864591
-0.003370071295648813
-0.003367280820384622
-0.003364494536072016
-0.003361711977049708
-0.003358933376148343
-0.003356158966198564
-0.00335338874720037
-0.003350622253492475
-0.003347859485074878
-0.003345100441947579
-0.003342345356941223
-0.003339593997225165
-0.003336846362799406
-0.003334102686494589
-0.003331362269818783
-0.003328625112771988
-0.003325891681015491
-0.003323161276057363
-0.003320434596389532
-0.003317711409181356
-0.003314991714432836
-0.003312275744974613
-0.003309562802314758
-0.003306853352114558
-0.003304147161543369
-0.003301443997770548
-0.003298744093626738
-0.003296046983450651
-0.003293353831395507
-0.00329066370613873
-0.003287977539002895
-0.003285295329988003
-0.003282617079094052
-0.003279942786321044
-0.00327727198600769
-0.003274604910984635
-0.003271941561251879
-0.003269281471148133
-0.003266624640673399
-0.003263971535488963
-0.003261321457102895
-0.003258674638345838
-0.003256030613556504
-0.003253389615565538
-0.003250751877203584
-0.00324811739847064
-0.003245486412197351
-0.003242859151214361
-0.003240235382691026
-0.003237615572288632
-0.003234999720007181
-0.003232388524338603
-0.003229781286790967
-0.00322717847302556
-0.003224579617381096
-0.003221984254196286
-0.003219392150640488
-0.0032168033067137
-0.003214217256754637
-0.00321163353510201
-0.003209052141755819
-0.003206472843885422
-0.003203895874321461
-0.003201321233063936
-0.003198749152943492
-0.003196180099621415
-0.003193614771589637
-0.003191053401678801
-0.003188496455550194
-0.003185943700373173
-0.003183395601809025
-0.003180851927027106
-0.003178312908858061
-0.003175778081640601
-0.003173246281221509
-0.003170717973262072
-0.003168192226439714
-0.003165668807923794
-0.00316314771771431
-0.003160628722980618
-0.00315811182372272
-0.003155597252771258
-0.003153084777295589
-0.003150574630126357
-0.00314806797541678
-0.003145564580336213
-0.003143064910545945
-0.003140568966045976
-0.003138076979666948
-0.003135589184239507
-0.003133105346933007
-0.00313062546774745
-0.003128149313852191
-0.003125676885247231
-0.003123207483440638
-0.003120741341263056
-0.003118277760222554
-0.003115816507488489
-0.003113357583060861
-0.003110900986939669
-0.003108447184786201
-0.0031059964094311
-0.003103548428043723
-0.00310110324062407
-0.003098661312833428
-0.003096222644671798
-0.003093786770477891
-0.003091354388743639
-0.003088925266638398
-0.003086498705670238
-0.003084075404331088
-0.003081654896959662
-0.003079236717894673
-0.003076821565628052
-0.003074409207329154
-0.003071999410167336
-0.003069593338295817
-0.003067190293222666
-0.003064791206270456
-0.003062396077439189
-0.00306000467389822
-0.003057617228478193
-0.003055233508348465
-0.003052853280678391
-0.003050476312637329
-0.003048102604225278
-0.003045731689780951
-0.00304336310364306
-0.003040997078642249
-0.003038633149117231
-0.003036271315068007
-0.003033911343663931
-0.003031553234905005
-0.003029197221621871
-0.003026844235137105
-0.003024493809789419
-0.003022146411240101
-0.00301980203948915
-0.00301746092736721
-0.003015123540535569
-0.003012789878994226
-0.003010459477081895
-0.003008132567629218
-0.003005808917805552
-0.003003488993272185
-0.003001171862706542
-0.002998857526108623
-0.002996545983478427
-0.002994236769154668
-0.002991929883137345
-0.002989625558257103
-0.002987323328852654
-0.002985023893415928
-0.002982726553454995
-0.002980432007461786
-0.002978139789775014
-0.002975850831717253
-0.002973564201965928
-0.002971281064674258
-0.002969000721350312
-0.002966723404824734
-0.002964449347928166
-0.002962177852168679
-0.002959909616038203
-0.002957644406706095
-0.002955381525680423
-0.002953121671453118
-0.002950864378362894
-0.00294860964640975
-0.002946357242763042
-0.002944107633084059
-0.002941860817372799
-0.002939616795629263
-0.002937375567853451
-0.002935137134045362
-0.002932901727035642
-0.002930669579654932
-0.002928440691903234
-0.00292621529661119
-0.002923993160948157
-0.002921774284914136
-0.002919557970017195
-0.002917344681918621
-0.002915133954957128
-0.002912926021963358
-0.002910720417276025
-0.002908517140895128
-0.002906316425651312
-0.002904117573052645
-0.002901921281591058
-0.002899727551266551
-0.002897536149248481
-0.002895347308367491
-0.002893160795792937
-0.002890976844355464
-0.002888795454055071
-0.002886616392061114
-0.002884439658373594
-0.002882265020161867
-0.002880093175917864
-0.002877923892810941
-0.002875757170841098
-0.002873592777177691
-0.002871431177482009
-0.00286927237175405
-0.002867116359993815
-0.002864962909370661
-0.002862812019884586
-0.002860663924366236
-0.002858518622815609
-0.002856376115232706
-0.00285423593595624
-0.002852098550647497
-0.002849963726475835
-0.002847831696271896
-0.002845702227205038
-0.002843575552105904
-0.002841451438143849
-0.002839329885318875
-0.002837210660800338
-0.002835093764588237
-0.002832979196682572
-0.002830866491422057
-0.002828756580129266
-0.002826648997142911
-0.002824543975293636
-0.002822441281750798
-0.00282034114934504
-0.002818243578076363
-0.002816148800775409
-0.002814056817442179
-0.002811967395246029
-0.002809880999848247
-0.002807797864079475
-0.002805717522278428
-0.002803639741614461
-0.00280156428925693
-0.002799491630867124
-0.00279742106795311
-0.002795353066176176
-0.002793287159875035
-0.002791223116219044
-0.002789161168038845
-0.002787101082503796
-0.002785042859613895
-0.002782986499369144
-0.002780932700261474
-0.002778881229460239
-0.002776832319796085
-0.002774785738438368
-0.002772741718217731
-0.002770700259134173
-0.00276866159401834
-0.0027666250243783
-0.00276459101587534
-0.002762559335678816
-0.002760530216619372
-0.002758503425866365
-0.002756478963419795
-0.002754456829279661
-0.002752437023445964
-0.002750419545918703
-0.002748404163867235
-0.002746391110122204
-0.002744380384683609
-0.002742372220382094
-0.002740366384387016
-0.002738363342359662
-0.002736363094300032
-0.002734365640208125
-0.002732370514422655
-0.002730378182604909
-0.002728388411924243
-0.002726400969550014
-0.002724416321143508
-0.002722434001043439
-0.002720453776419163
-0.002718475414440036
-0.002716498915106058
-0.002714524744078517
-0.002712552668526769
-0.00271058245562017
-0.002708613872528076
-0.002706647152081132
-0.00270468182861805
-0.002702718367800117
-0.002700756769627333
-0.002698797266930342
-0.002696840092539787
-0.002694885246455669
-0.002692932961508632
-0.002690983237698674
-0.002689035842195153
-0.002687090774998069
-0.002685148036107421
-0.002683207392692566
-0.002681269077584147
-0.002679333090782166
-0.00267739943228662
-0.002675468334928155
-0.002673539565876126
-0.002671613590791821
-0.002669690176844597
-0.002667769556865096
-0.002665852196514606
-0.002663937164470553
-0.002662025392055511
-0.00266011618077755
-0.002658209297806025
-0.00265630497597158
-0.002654402749612927
-0.002652501687407494
-0.002650602255016565
-0.002648704219609499
-0.002646807581186295
-0.002644912572577596
-0.002643018960952759
-0.002641126746311784
-0.002639236859977245
-0.0026373490691185
-0.002635463839396834
-0.002633580937981606
-0.002631700830534101
-0.002629823517054319
-0.002627948764711618
-0.002626076573505998
-0.00262420647777617
-0.002622338710352778
-0.00262047303840518
-0.002618608996272087
-0.0026167465839535
-0.002614885568618774
-0.002613026415929198
-0.002611169125884771
-0.002609313698485494
-0.002607460366562009
-0.002605609828606248
-0.002603761618956923
-0.002601915737614036
-0.002600072184577584
-0.002598230727016926
-0.002596391597762704
-0.002594554796814919
-0.00259272032417357
-0.002590887248516083
-0.002589055569842458
-0.002587225520983338
-0.002585397334769368
-0.002583571011200547
-0.002581746550276875
-0.002579923951998353
-0.00257810321636498
-0.002576284343376756
-0.002574467798694968
-0.002572653815150261
-0.002570841927081347
-0.002569032134488225
-0.002567224903032184
-0.002565419999882579
-0.002563617192208767
-0.002561816480010748
-0.002560017630457878
-0.002558220643550158
-0.00255642575211823
-0.002554633188992739
-0.00255284272134304
-0.002551053883507848
-0.002549267141148448
-0.002547482261434197
-0.002545699011534452
-0.0025439178571105
-0.002542138798162341
-0.002540361136198044
-0.002538585336878896
-0.002536811633035541
-0.002535040024667978
-0.002533270046114922
-0.002531502163037658
-0.00252973660826683
-0.002527973148971796
-0.002526212017983198
-0.00252445274963975
-0.002522695576772094
-0.002520940499380231
-0.002519187750294805
-0.002517437329515815
-0.002515688771381974
-0.002513942308723927
-0.002512197941541672
-0.002510455204173923
-0.002508714329451323
-0.002506975084543228
-0.002505237469449639
-0.002503501018509269
-0.002501766430214047
-0.002500033238902688
-0.002498301677405834
-0.00249657197855413
-0.002494844142347574
-0.002493117935955524
-0.002491393825039268
-0.002489672042429447
-0.002487952588126063
-0.002486235462129116
-0.002484520431607962
-0.002482807030901313
-0.002481095492839813
-0.002479385584592819
-0.002477677538990974
-0.002475971356034279
-0.002474267268553376
-0.002472565276548266
-0.002470865845680237
-0.002469168510288
-0.002467473270371556
-0.002465780358761549
-0.002464089775457978
-0.0024624012876302
-0.002460714662447572
-0.002459029667079449
-0.002457345835864544
-0.002455662935972214
-0.002453980967402458
-0.002452299930155277
-0.002450619358569384
-0.002448939718306065
-0.002447261475026608
-0.002445584395900369
-0.002443908946588635
-0.002442235359922051
-0.002440564101561904
-0.002438895404338837
-0.002437229035422206
-0.002435565460473299
-0.002433905145153403
-0.002432247158139944
-0.002430592197924852
-0.002428939798846841
-0.002427289262413979
-0.002425640588626266
-0.002423993777483702
-0.002422348828986287
-0.002420705510303378
-0.002419063588604331
-0.002417423529550433
-0.00241578440181911
-0.002414147136732936
-0.002412511501461267
-0.002410877263173461
-0.00240924465470016
-0.002407613908872008
-0.002405985025689006
-0.002404357772320509
-0.00240273168310523
-0.002401107223704457
-0.002399484161287546
-0.002397862728685141
-0.002396242693066597
-0.002394624287262559
-0.002393007278442383
-0.002391391433775425
-0.002389777218922973
-0.002388164633885026
-0.002386553678661585
-0.002384944353252649
-0.002383336657658219
-0.002381731057539582
-0.002380127320066094
-0.002378525445237756
-0.002376925433054566
-0.00237532751634717
-0.002373732160776854
-0.00237213890068233
-0.002370548201724887
-0.002368959365412593
-0.002367372624576092
-0.002365788212046027
-0.002364205894991755
-0.002362625673413277
-0.00236104684881866
-0.002359469886869192
-0.00235789455473423
-0.002356320153921843
-0.002354747150093317
-0.00235317531041801
-0.002351604169234633
-0.002350034425035119
-0.002348465844988823
-0.002346897963434458
-0.002345331246033311
-0.002343765459954739
-0.002342201070860028
-0.002340637845918536
-0.002339075785130262
-0.002337515354156494
-0.002335956785827875
-0.002334400080144405
-0.002332845237106085
-0.002331292256712914
-0.002329741138964891
-0.002328192116692662
-0.002326645189896226
-0.002325100358575583
-0.002323557855561376
-0.002322017680853605
-0.002320479834452271
-0.002318944083526731
-0.002317410195246339
-0.002315878169611096
-0.002314347308129072
-0.002312818076461554
-0.002311290241777897
-0.002309763338416815
-0.002308238064870238
-0.00230671395547688
-0.002305191475898027
-0.002303671091794968
-0.002302152803167701
-0.002300636377185583
-0.002299121813848615
-0.002297609345987439
-0.002296098507940769
-0.002294589532539248
-0.00229308195412159
-0.002291575539857149
-0.002290070289745927
-0.002288565738126636
-0.002287061884999275
-0.002285558264702559
-0.002284054877236485
-0.002282552188262343
-0.002281050430610776
-0.002279549837112427
-0.002278050640597939
-0.002276553073897958
-0.002275057137012482
-0.002273563062772155
-0.002272071782499552
-0.002270583063364029
-0.002269096905365586
-0.00226761307567358
-0.002266131574288011
-0.00226465193554759
-0.002263174159452319
-0.00226169778034091
-0.002260222798213363
-0.002258748980239034
-0.002257276559248567
-0.002255804836750031
-0.002254334511235356
-0.002252864884212613
-0.002251396188512444
-0.002249928656965494
-0.002248462056741118
-0.002246997086331248
-0.002245533745735884
-0.002244072267785668
-0.002242612885311246
-0.002241155365481973
-0.002239699708297849
-0.002238246612250805
-0.00223679537884891
-0.002235346240922809
-0.0022338991984725
-0.002232453785836697
-0.002231010468676686
-0.002229568548500538
-0.002228128258138895
-0.002226689597591758
-0.002225252101197839
-0.002223816234618425
-0.002222381299361587
-0.002220947295427322
-0.002219514455646276
-0.002218082547187805
-0.002216652035713196
-0.002215222688391805
-0.002213794738054276
-0.002212367719039321
-0.002210941864177585
-0.00220951740629971
-0.002208094112575054
-0.002206672681495547
-0.002205252647399902
-0.002203834010288119
-0.002202416770160198
-0.002201000694185495
-0.002199585782364011
-0.002198172267526388
-0.002196760382503271
-0.002195349661633372
-0.002193940570577979
-0.002192533109337091
-0.002191127510741353
-0.002189723309129477
-0.002188320970162749
-0.002186920493841171
-0.002185521414503455
-0.002184124430641532
-0.002182728610932827
-0.002181334188207984
-0.002179941395297647
-0.002178549999371171
-0.00217715953476727
-0.002175770234316587
-0.002174381865188479
-0.002172994893044233
-0.002171609317883849
-0.002170224906876683
-0.002168842358514667
-0.002167461672797799
-0.002166082616895437
-0.002164704957976937
-0.002163328696042299
-0.002161954063922167
-0.002160581294447184
-0.002159210154786706
-0.00215784041211009
-0.002156472066417336
-0.002155104419216514
-0.002153737703338265
-0.002152371453121305
-0.002151006134226918
-0.002149641513824463
-0.002148277824744582
-0.002146915066987276
-0.002145553240552545
-0.002144192578271031
-0.002142833545804024
-0.002141476143151522
-0.002140120603144169
-0.002138766460120678
-0.00213741441257298
-0.002136063994839787
-0.002134715672582388
-0.00213336874730885
-0.002132023451849818
-0.002130679786205292
-0.002129337284713984
-0.002127996180206537
-0.002126656239852309
-0.002125317230820656
-0.002123979385942221
-0.00212264247238636
-0.002121307188645005
-0.002119972603395581
-0.002118639880791306
-0.002117308089509606
-0.002115977928042412
-0.002114649163559079
-0.002113321796059608
-0.002111995825544
-0.002110670786350965
-0.002109347144141793
-0.002108024666085839
-0.00210670311935246
-0.002105382969602942
-0.002104063751176
-0.002102745929732919
-0.002101429039612412
-0.002100113779306412
-0.002098799450322986
-0.002097486751154065
-0.00209617568179965
-0.002094866009429097
-0.002093557734042406
-0.002092251088470221
-0.002090946072712541
-0.002089642686769366
-0.002088340930640697
-0.002087040804326534
-0.002085742307826877
-0.002084444975480437
-0.00208314904011786
-0.002081854501739144
-0.002080560894683003
-0.002079268684610724
-0.002077977871522307
-0.002076687756925821
-0.002075398340821266
-0.002074109623208642
-0.00207282230257988
-0.002071535680443048
-0.002070250222459435
-0.002068965695798397
-0.002067682333290577
-0.002066400367766619
-0.002065119333565235
-0.002063839929178357
-0.002062562154605985
-0.002061285311356187
-0.002060010563582182
-0.002058737212792039
-0.002057465258985758
-0.002056194702163339
-0.002054925542324781
-0.002053657779470086
-0.002052391180768609
-0.002051125979050994
-0.002049862174317241
-0.002048599766567349
-0.002047338522970676
-0.002046078210696578
-0.002044819062575698
-0.002043560845777392
-0.002042303560301661
-0.002041047206148505
-0.00203979155048728
-0.002038536593317986
-0.002037282567471266
-0.002036029938608408
-0.002034778706729412
-0.002033528639003634
-0.002032280433923006
-0.002031034324318171
-0.002029789611697197
-0.002028546296060085
-0.002027304843068123
-0.002026065019890666
-0.002024826360866427
-0.002023589098826051
-0.002022353233769536
-0.002021118300035596
-0.002019884064793587
-0.002018650295212865
-0.00201741699129343
-0.002016184153035283
-0.00201495224609971
-0.002013721037656069
-0.002012490760535002
-0.002011261181905866
-0.002010033233091235
-0.002008806681260467
-0.00200758152641356
-0.002006357768550515
-0.002005135174840689
-0.002003913978114724
-0.002002693712711334
-0.002001474611461163
-0.002000257140025496
-0.001999041065573692
-0.00199782638810575
-0.001996612874791026
-0.00199540052562952
-0.001994189573451877
-0.001992980018258095
-0.001991771860048175
-0.001990564865991473
-0.00198935903608799
-0.001988154370337725
-0.001986950403079391
-0.001985747367143631
-0.001984545262530446
-0.001983343856409192
-0.001982143381610513
-0.001980943838134408
-0.001979744760319591
-0.001978547312319279
-0.001977351261302829
-0.001976157072931528
-0.001974964747205377
-0.001973774284124374
-0.001972585916519165
-0.001971399178728461
-0.001970213837921619
-0.001969030126929283
-0.001967848045751452
-0.001966667361557484
-0.001965486910194159
-0.001964307157322764
-0.001963127870112658
-0.001961949048563838
-0.001960770459845662
-0.00195959210395813
-0.001958414213731885
-0.001957236789166927
-0.001956060063093901
-0.001954883802682161
-0.001953708240762353
-0.001952534075826406
-0.001951360958628356
-0.001950189238414168
-0.001949018682353199
-0.001947849639691412
-0.001946681877598166
-0.001945515628904104
-0.001944350893609226
-0.001943187438882887
-0.001942025381140411
-0.001940864720381796
-0.001939705340191722
-0.001938547356985509
-0.001937390537932515
-0.001936234766617417
-0.001935080043040216
-0.001933926367200911
-0.001932773622684181
-0.001931621925905347
-0.001930471160449088
-0.001929321559146047
-0.001928173005580902
-0.001927025732584298
-0.001925879623740911
-0.001924734679050744
-0.001923591014929116
-0.001922448631376028
-0.001921307295560837
-0.001920167007483542
-0.001919027883559465
-0.001917889574542642
-0.001916752080433071
-0.001915615517646074
-0.001914479769766331
-0.001913344720378518
-0.001912210369482636
-0.001911076833494008
-0.001909943879581988
-0.001908811740577221
-0.00190768064931035
-0.001906550605781376
-0.001905421842820942
-0.001904294244013727
-0.001903168042190373
-0.001902043353766203
-0.001900920295156538
-0.001899798633530736
-0.001898678485304117
-0.001897559966892004
-0.001896442961879075
-0.001895327353850007
-0.00189421302638948
-0.001893100095912814
-0.001891988446004689
-0.00189087784383446
-0.001889768172986805
-0.001888659200631082
-0.001887550693936646
-0.001886442536488175
-0.00188533472828567
-0.001884227152913809
-0.001883119810372591
-0.001882013049907982
-0.001880906755104661
-0.001879801042377949
-0.001878696260973811
-0.00187759252730757
-0.001876490190625191
-0.001875389367341995
-0.001874290290288627
-0.001873192843049765
-0.00187209714204073
-0.001871002954430878
-0.001869910163804889
-0.001868818653747439
-0.001867728191427886
-0.001866638427600265
-0.001865548896603286
-0.001864459831267595
-0.001863370882347226
-0.001862281933426857
-0.001861193566583097
-0.001860105665400624
-0.001859018695540726
-0.001857932657003403
-0.001856848015449941
-0.001855765120126307
-0.001854683854617178
-0.001853604451753199
-0.001852526795119047
-0.001851451001130044
-0.001850376720540226
-0.001849303836934268
-0.001848232350312173
-0.001847161562182009
-0.00184609170537442
-0.001845022547058761
-0.00184395385440439
-0.001842885743826628
-0.001841818098910153
-0.001840751036070287
-0.001839684788137674
-0.001838619238696992
-0.001837554504163563
-0.001836490700952709
-0.001835427829064429
-0.001834366004914045
-0.001833304879255593
-0.001832244684919715
-0.00183118530549109
-0.001830126508139074
-0.001829068409278989
-0.001828011125326157
-0.001826954539865255
-0.001825898652896285
-0.001824843580834568
-0.001823789323680103
-0.001822736230678856
-0.001821684185415506
-0.001820633420720696
-0.00181958416942507
-0.001818536198697984
-0.001817489857785404
-0.001816444913856685
-0.00181540148332715
-0.001814359449781477
-0.001813318463973701
-0.001812278525903821
-0.001811239519156516
-0.001810201094485819
-0.001809163251891732
-0.001808125874958932
-0.001807089080102742
-0.001806052983738482
-0.001805017585866153
-0.001803983119316399
-0.00180294958408922
-0.001801916980184615
-0.001800885540433228
-0.00179985526483506
-0.001798826036974788
-0.001797797973267734
-0.001796770957298577
-0.001795744989067316
-0.001794719719327986
-0.001793695380911231
-0.001792671857401729
-0.001791648799553514
-0.001790626440197229
-0.001789604895748198
-0.001788584049791098
-0.001787564135156572
-0.001786545151844621
-0.001785527099855244
-0.001784510212019086
-0.001783494371920824
-0.001782479463145137
-0.001781465718522668
-0.001780453021638095
-0.001779441256076097
-0.001778430421836674
-0.001777420402504504
-0.001776410965248942
-0.00177540211006999
-0.001774393953382969
-0.001773386262357235
-0.001772379036992788
-0.001771372277289629
-0.001770366099663079
-0.001769361086189747
-0.00176835700403899
-0.001767354086041451
-0.001766352681443095
-0.001765352440997958
-0.001764353713952005
-0.00176335615105927
-0.001762359985150397
-0.001761364750564098
-0.001760370330885053
-0.00175937672611326
-0.00175838393624872
-0.001757391961291432
-0.001756400684826076
-0.001755410339683294
-0.001754420693032444
-0.001753431861288846
-0.001752443960867822
-0.001751457108184695
-0.001750471303239465
-0.001749486429616809
-0.001748502254486084
-0.001747518894262612
-0.001746536232531071
-0.001745554385706782
-0.001744573120959103
-0.001743592438288033
-0.001742611988447607
-0.001741632120683789
-0.001740652951411903
-0.001739674597047269
-0.001738697290420532
-0.001737720682285726
-0.001736745471134782
-0.001735771540552378
-0.001734799006953835
-0.001733827753923833
-0.00173285766504705
-0.001731888740323484
-0.001730920979753137
-0.001729954150505364
-0.001728988136164844
-0.001728022587485611
-0.001727057504467666
-0.001726092770695686
-0.001725128153339028
-0.001724163768813014
-0.001723199617117643
-0.00172223593108356
-0.001721272710710764
-0.001720310188829899
-0.001719348598271608
-0.001718388171866536
-0.001717429142445326
-0.001716471626423299
-0.001715515390969813
-0.001714561018161476
-0.001713608158752322
-0.001712656812742352
-0.001711706863716245
-0.001710758195258677
-0.001709810574539006
-0.001708863885141909
-0.001707917544990778
-0.001706971786916256
-0.001706026494503021
-0.00170508143492043
-0.001704136491753161
-0.001703191781416535
-0.001702247420325875
-0.001701303292065859
-0.001700359513051808
-0.001699416432529688
-0.001698473934084177
-0.001697532250545919
-0.001696591265499592
-0.001695651211775839
-0.001694712089374661
-0.00169377401471138
-0.001692836871370673
-0.001691900892183185
-0.001690966077148914
-0.001690032426267862
-0.001689100172370672
-0.001688169199042022
-0.00168723938986659
-0.001686310628429055
-0.001685383031144738
-0.001684456248767674
-0.001683530281297863
-0.00168260489590466
-0.001681680092588067
-0.001680755638517439
-0.001679831533692777
-0.00167890777811408
-0.001677984255366027
-0.001677061198279262
-0.001676138490438461
-0.001675215899012983
-0.001674293889664114
-0.001673372578807175
-0.001672452199272811
-0.0016715326346457
-0.001670614001341164
-0.001669696299359202
-0.001668779761530459
-0.001667864504270256
-0.001666950178332627
-0.001666037016548216
-0.00166512478608638
-0.001664213486947119
-0.001663303002715111
-0.001662393566220999
-0.001661485061049461
-0.001660577370785177
-0.001659670611843467
-0.00165876466780901
-0.001657859538681805
-0.001656955457292497
-0.00165605207439512
-0.001655149506404996
-0.001654247753322124
-0.001653346698731184
-0.001652446459047496
-0.001651547034271061
-0.001650648307986557
-0.001649750163778663
-0.001648853067308664
-0.001647956902161241
-0.001647061435505748
-0.00164616690017283
-0.001645273412577808
-0.001644380739890039
-0.001643488649278879
-0.001642597373574972
-0.001641706563532352
-0.00164081621915102
-0.001639926340430975
-0.001639036694541574
-0.001638147397898138
-0.001637258450500667
-0.001636369968764484
-0.001635481719858944
-0.001634593936614692
-0.001633706735447049
-0.001632820349186659
-0.001631934777833521
-0.001631050370633602
-0.001630166778340936
-0.001629284117370844
-0.001628402504138649
-0.00162752193864435
-0.001626642188057303
-0.001625763135962188
-0.001624885015189648
-0.001624007476493716
-0.001623130752705038
-0.00162225472740829
-0.001621379749849439
-0.001620505703613162
-0.001619632705114782
-0.001618760754354298
-0.001617889967747033
-0.001617020228877664
-0.001616151654161513
-0.001615284010767937
-0.001614417415112257
-0.001613551517948508
-0.001612686202861369
-0.001611821353435516
-0.001610956736840308
-0.001610092353075743
-0.0016092280857265
-0.001608363701961935
-0.00160749931819737
-0.001606635050848126
-0.001605770783498883
-0.001604906632564962
-0.001604042947292328
-0.001603179960511625
-0.001602317905053496
-0.001601457013748586
-0.001600597286596894
-0.001599738956429064
-0.001598882139660418
-0.001598026836290956
-0.001597172929905355
-0.001596320420503616
-0.00159546930808574
-0.001594619359821081
-0.001593770342878997
-0.001592922140844166
-0.001592074637301266
-0.001591227832250297
-0.001590381376445293
-0.001589535037055612
-0.001588688930496573
-0.001587843289598823
-0.001586997997947037
-0.001586153288371861
-0.001585309044457972
-0.001584465382620692
-0.0015836221864447
-0.001582779688760638
-0.001581938005983829
-0.001581097021698952
-0.001580256735906005
-0.001579416799359024
-0.00157857732847333
-0.001577738323248923
-0.001576899900101125
-0.001576061826199293
-0.001575224217958748
-0.001574387075379491
-0.001573550398461521
-0.001572714420035481
-0.001571879256516695
-0.001571045140735805
-0.00157021195627749
-0.001569379819557071
-0.001568548730574548
-0.001567718689329922
-0.001566889812238514
-0.001566061866469681
-0.001565234852023423
-0.001564408536069095
-0.00156358303502202
-0.001562757999636233
-0.001561933429911733
-0.001561109209433198
-0.001560285454615951
-0.001559462281875312
-0.001558639691211283
-0.001557817566208541
-0.001556995906867087
-0.00155617471318692
-0.001555354450829327
-0.001554534770548344
-0.001553715788759291
-0.00155289750546217
-0.001552079920656979
-0.001551263383589685
-0.001550447661429644
-0.001549632754176855
-0.001548818545415998
-0.001548005267977715
-0.001547193038277328
-0.001546381739899516
-0.001545571256428957
-0.001544761471450329
-0.001543952501378953
-0.001543144229799509
-0.001542336540296674
-0.001541529432870448
-0.001540722791105509
-0.001539916615001857
-0.001539110671728849
-0.001538305194117129
-0.001537500182166696
-0.001536695868708193
-0.0015358921373263
-0.001535088988021016
-0.001534286537207663
-0.001533484784886241
-0.001532683847472072
-0.001531883608549833
-0.001531083835288882
-0.001530284760519862
-0.001529486617073417
-0.00152868905570358
-0.001527892309240997
-0.001527096377685666
-0.001526301028206944
-0.001525506260804832
-0.00152471219189465
-0.001523918705061078
-0.001523125451058149
-0.001522332546301186
-0.00152154010720551
-0.0015207480173558
-0.001519956509582698
-0.001519165351055562
-0.001518374658189714
-0.001517584430985153
-0.001516794902272522
-0.001516006188467145
-0.00151521828956902
-0.001514431205578148
-0.001513644936494529
-0.001512859598733485
-0.001512075192295015
-0.001511291367933154
-0.001510508474893868
-0.001509726280346513
-0.001508944784291089
-0.001508163870312274
-0.001507383305579424
-0.00150660309009254
-0.001505823456682265
-0.001505044288933277
-0.00150426581967622
-0.001503487932495773
-0.001502710860222578
-0.001501934719271958
-0.001501159742474556
-0.001500385580584407
-0.001499612466432154
-0.001498840167187154
-0.001498068682849407
-0.001497298013418913
-0.001496527926065028
-0.001495758187957108
-0.001494988799095154
-0.001494219759479165
-0.001493451069109142
-0.001492682378739119
-0.001491913804784417
-0.001491145580075681
-0.001490377704612911
-0.001489610411226749
-0.001488843699917197
-0.001488077687099576
-0.001487312605604529
-0.001486548222601414
-0.001485784887336195
-0.00148502248339355
-0.001484261127188802
-0.001483500585891306
-0.00148274062667042
-0.001481981598772109
