0
0
0
0
0
0
0
0
0
0
0
0
0
0
0
0
0
0
0
0
0
0
0
0
0
0
0
0
0
0
0
0
0
0
0
0
0
0
0
0
0
0
0
0
0
0
0
0
0
0
0
0
0
0
0
0
0
0
0
0
0
0
0
0
0
0
0
0
0
0
0
0
0
0
0
0
0
0
0
0
0
0
0
0
0
0
0
0
0
0
0
0
0
0
0
0
0
0
0
0
0
0
0
0
0
0
0
0
0
0
0
0
0
0
0
0
0
0
0
0
0
0
0
0
0
0
0
0
0
0
0
0
0
0
0
0
0
0
0
0
0
0
0
0
0
0
0
0
0
0
0
0
0
0
0
0
0
0
0
0
0
0
0
0
0
0
0
0
0
0
0
0
0
0
0
0
0
0
0
0
0
0
0
0
0
0
0
0
0
0
0
0
0
0
0
0
0
0
0
0
0
0
0
0
0
0
0
0
0
0
0
0
0
0
0
0
0
0
0
0
0
0
0
0
0
0
0
0
0
0
0
0
0
0
0
0
0
0
0
0
0
0
0
0
0
0
0
0
0
0
0
0
0
0
0
0
0
0
0
0
0
0
0
0
0
0
0
0
0
0
0
0
0
0
0
0
0
0
0
0
0
0
0
0
0
0
0
0
0
0
0
0
0
0
0
0
0
0
0
0
0
0
0
0
0
0
0
0
0
0
0
0
0
0
0
0
0
0
0
0
0
0
0
0
0
0
0
0
0
0
0
0
0
0
0
0
0
0
0
0
0
0
0
0
0
0
0
0
0
0
0
0
0
0
0
0
0
0
0
0
0
0
0
0
0
0
0
0
0
0
0
0
0
0
0
0
0
0
0
0
0
0
0
0
0
0
0
0
0
0
0
0
0
0
0
0
0
0
0
0
0
0
0
0
0
0
0
0
0
0
0
0
0
0
0
0
0
0
0
0
0
0
0
0
0
0
0
0
0
0
0
0
0
0
0
0
0
0
0
0
0
0
0
0
0
0
0
0
0
0
0
0
0
0
0
0
0
0
0
0
0
0
0
0
0
0
0
0
0
0
0
0
0
0
0
0
0
0
0
0
0
0
0
0
0
0
0
0
0
0
0
0
0
0
0
0
0
0
0
0
0
0
0
0
0
0
0
0
0
0
0
0
0
0
0
0
0
0
0
0
0
0
0
0
0
0
0
0
0
0
0
0
0
0
0
0
0
0
0
0
0
0
0
0
0
0
0
0
0
0
0
0
0
0
0
0
0
0
0
0
0
0
0
0
0
0
0
0
0
0
0
0
0
0
0
0
0
0
0
0
0
0
0
0
0
0
0
0
0
0
0
0
0
0
0
0
0
0
0
0
0
0
0
0
0
0
0
0
0
0
0
0
0
0
0
0
0
0
0
0
0
0
0
0
0
0
0
0
0
0
0
0
0
0
0
0
0
0
0
0
0
0
0
0
0
0
0
0
0
0
0
0
0
0
0
0
0
0
0
0
0
0
0
0
0
0
0
0
0
0
0
0
0
0
0
0
0
0
0
0
0
0
0
0
0
0
0
0
0
0
0
0
0
0
0
0
0
0
0
0
0
0
0
0
0
0
0
0
0
0
0
0
0
0
0
0
0
0
0
0
0
0
0
0
0
0
0
0
0
0
0
0
0
0
0
0
0
0
0
0
0
0
0
0
0
0
0
0
0
0
0
0
0
0
0
0
0
0
0
0
0
0
0
0
0
0
0
0
0
0
0
0
0
0
0
0
0
0
0
0
0
0
0
0
0
0
0
0
0
0
0
0
0
0
0
0
0
0
0
0
0
0
0
0
0
0
0
0
0
0
0
0
0
0
0
0
0
0
0
0
0
0
0
0
0
0
0
0
0
0
0
0
0
0
0
0
0
0
0
0
0
0
0
0
0
0
0
0
0
0
0
0
0
0
0
0
0
0
0
0
0
0
0
0
0
0
0
0
0
0
0
0
0
0
0
0
0
0
0
0
0
0
0
0
0
0
0
0
0
0
0
0
0
0
0
0
0
0
0
0
0
0
0
0
0
0
0
0
0
0
0
0
0
0
0
0
0
0
0
0
0
0
0
0
0
0
0
0
0
0
0
0
0
0
0
0
0
2.802596928649634e-45
1.401298464324817e-44
3.923635700109488e-44
7.847271400218976e-44
1.45735040289781e-43
2.60641514364416e-43
4.736388809417882e-43
8.688050478813866e-43
1.597480249330291e-42
2.953937162796714e-42
5.445445832366239e-42
1.002068531838677e-41
1.84074566273708e-41
3.374046442401295e-41
6.171318436886494e-41
1.126363705624288e-40
2.051290757001883e-40
3.727341811226867e-40
6.757817896145003e-40
1.222505391963149e-39
2.206665329427755e-39
3.974365507114975e-39
7.142432285648236e-39
1.280780910939333e-38
2.291694438684828e-38
4.091607945729639e-38
7.289355066516379e-38
1.295818693175511e-37
2.29859179788205e-37
4.068593187907384e-37
7.186110086157978e-37
1.266522430015522e-36
2.22742780825427e-36
3.909024529177789e-36
6.845567833762735e-36
1.196269620701185e-35
2.086072567793171e-35
3.630050246273112e-35
6.303488585182445e-35
1.092286455145229e-34
1.888780764275775e-34
3.259252778906647e-34
5.612394563758646e-34
9.64437370703519e-34
1.653855715746671e-33
2.830225258847344e-33
4.833327876734002e-33
8.237120910385696e-33
1.400910380145434e-32
2.377678153943201e-32
4.027222193145254e-32
6.80722078243387e-32
1.148279658260355e-31
1.93304074481423e-31
3.247519435107121e-31
5.444798144449472e-31
9.110305973392605e-31
1.521272690924576e-30
2.53516327574045e-30
4.216298496399454e-30
6.998180168863369e-30
1.15922829257753e-29
1.916393581896981e-29
3.161797083214648e-29
5.206173223814468e-29
8.555397295318575e-29
1.403137946172022e-28
2.296682292037716e-28
3.75183190228786e-28
6.116872429547927e-28
9.953152989519764e-28
1.616362320695248e-27
2.619781836556709e-27
4.237809316281874e-27
6.84178215689008e-27
1.102427568368124e-26
1.772904487321168e-26
2.845618192209704e-26
4.558535662515845e-26
7.288414709531609e-26
1.163057322131632e-25
1.852383579376866e-25
2.944584059146865e-25
4.671771345301114e-25
7.397845864082417e-25
1.169220150042251e-24
1.844403733630586e-24
2.903926759737453e-24
4.563380870847616e-24
7.157484087781327e-24
1.120489904508601e-23
1.750776593803073e-23
2.730422720090881e-23
4.250173666963109e-23
6.60332050368842e-23
1.02399591793377e-22
1.584948912293552e-22
2.448582597950225e-22
3.775702357683003e-22
5.81119623867469e-22
8.927278098525361e-22
1.36886173499826e-21
2.09501948212059e-21
3.200410459530073e-21
4.879928193846362e-21
7.426981685888008e-21
1.128245113395206e-20
1.710754909601712e-20
2.589204241144261e-20
3.911470221768749e-20
5.898067893671874e-20
8.877211861039595e-20
1.333648567464585e-19
1.999885294468024e-19
2.993426016125273e-19
4.472317417890455e-19
6.66957692455461e-19
9.928100885318175e-19
1.475153682769784e-18
2.187823857416763e-18
3.238859809651648e-18
4.786052548571098e-18
7.059420736601105e-18
1.039363937483394e-17
1.527474531554504e-17
2.240725903979378e-17
3.281048295638537e-17
4.795636842174567e-17
6.996654271720581e-17
1.018932791420293e-16
1.481195265207264e-16
2.149271988274902e-16
3.113030310825582e-16
4.500789503970122e-16
6.495431921954608e-16
9.35711155842958e-16
1.345521154075876e-15
1.931322364133372e-15
2.767163888572075e-15
3.95759585110453e-15
5.649952433125572e-15
8.051474221224594e-15
1.145311533871755e-14
1.626259382421589e-14
2.305018223275508e-14
3.261200513739355e-14
4.605743344761153e-14
6.492938511067775e-14
9.136973539965523e-14
1.283462675331568e-13
1.799633982417156e-13
2.518868089367715e-13
3.519225384197855e-13
4.908054756884439e-13
6.832701722123136e-13
9.495031714004676e-13
1.317107989513844e-12
1.823759025743055e-12
2.520778724646178e-12
3.477948831709377e-12
4.789970937252308e-12
6.585121337110422e-12
9.036825107666679e-12
1.237910034895817e-11
1.692712983669686e-11
2.310460676946402e-11
3.147999569352855e-11
4.281455398547074e-11
5.812577155706045e-11
7.877101054765134e-11
1.065575336300917e-10
1.438870550485305e-10
1.939451377275248e-10
2.609488181093411e-10
3.504698753431512e-10
4.69855931939378e-10
6.287773079982628e-10
8.399373419010203e-10
1.119990211684296e-09
1.490728318565004e-09
1.980611008534083e-09
2.626731721022679e-09
3.477342636060143e-09
4.595090086212394e-09
6.061144919300432e-09
7.9804758357227e-09
1.048855491347922e-08
1.375987768170717e-08
1.801875626483707e-08
2.355296579992228e-08
3.073095555805594e-08
4.002352937959586e-08
5.203105857276569e-08
6.751758974132827e-08
8.745351465222484e-08
1.130687721229151e-07
1.459191025787732e-07
1.879682827166107e-07
2.416900599655492e-07
3.101941672412067e-07
3.973817968017102e-07
5.081366794001951e-07
6.485598191829922e-07
8.262569508588058e-07
1.050689661497017e-06
1.333602995146066e-06
1.6895457974897e-06
2.136501507266075e-06
2.696650653888355e-06
3.397290811335552e-06
4.27194572694134e-06
5.361692274163943e-06
6.71675434205099e-06
8.398401405429468e-06
1.04812115750974e-05
1.305575824517291e-05
1.623179014131892e-05
2.01419916265877e-05
2.494639920769259e-05
3.083760384470224e-05
3.804682273766957e-05
4.685099338530563e-05
5.75810408918187e-05
7.063142402330413e-05
8.647123468108475e-05
0.0001056569162756205
0.000128846921143122
0.000156818496179767
0.0001904867094708607
0.0002309262490598485
0.0002793959574773908
0.0003373664221726358
0.0004065513203386217
0.0004889419651590288
0.0005868460866622627
0.0007029305561445653
0.0008402690291404724
0.001002393430098891
0.001193350879475474
0.001417764346115291
0.001680899527855217
0.001988734817132354
0.002348038135096431
0.002766444114968181
0.003252537688240409
0.003815940115600824
0.004467396531254053
0.005218863487243652
0.006083595100790262
0.007076231297105551
0.00821287464350462
0.00951116532087326
0.01099034491926432
0.01267130486667156
0.01457662507891655
0.01673058792948723
0.01915916614234447
0.02188998088240623
0.0249522402882576
0.02837662026286125
0.03219512477517128
0.03644085675477982
0.04114780575037003
0.04635048657655716
0.05208360403776169
0.0583815909922123
0.06527811288833618
0.07280547171831131
0.08099397271871567
0.08987116813659668
0.09946111589670181
0.1097835004329681
0.1208527237176895
0.132676973938942
0.1452571898698807
0.158586174249649
0.1726474612951279
0.1874144077301025
0.2028493285179138
0.2189025431871414
0.2355116605758667
0.2526010572910309
0.2700813710689545
0.2878493368625641
0.3057877719402313
0.3237658441066742
0.3416397869586945
0.3592538237571716
0.3764412999153137
0.3930265009403229
0.4088265001773834
0.4236537218093872
0.4373186230659485
0.4496325254440308
0.4604112207889557
0.4694783389568329
0.4766691029071808
0.481834203004837
0.484843522310257
0.4855898320674896
0.4839923679828644
0.4800000786781311
0.4735942780971527
0.4647911787033081
0.4536436498165131
0.4402421414852142
0.4247151613235474
0.4072287082672119
0.3879849910736084
0.3672203719615936
0.3452022075653076
0.322225034236908
0.2986060976982117
0.2746797800064087
0.2507917881011963
0.227292463183403
0.2045301049947739
0.1828436404466629
0.1625555753707886
0.1439646184444427
0.1273389160633087
0.1129094064235687
0.1008640006184578
0.09134241938591003
0.08443205058574677
0.08016487210988998
0.0785156637430191
0.07940151542425156
0.08268287777900696
0.08816605061292648
0.0956072211265564
0.1047179475426674
0.1151720508933067
0.1266138404607773
0.1386672407388687
0.1509459316730499
0.1630639433860779
0.1746465861797333
0.1853411346673965
0.1948272138834
0.2028261572122574
0.2091093808412552
0.2135051935911179
0.2159038186073303
0.2162604182958603
0.2145960032939911
0.2109961807727814
0.2056076377630234
0.1986325532197952
0.1903211176395416
0.1809624135494232
0.170873835682869
0.16038978099823
0.1498495042324066
0.1395851224660873
0.1299098581075668
0.1211070939898491
0.1134205907583237
0.1070463284850121
0.1021261513233185
0.09874362498521805
0.09692205488681793
0.09662497043609619
0.09775884449481964
0.1001781448721886
0.1036922633647919
0.1080742850899696
0.1130710616707802
0.1184142008423805
0.123831570148468
0.1290588080883026
0.1338501274585724
0.137988343834877
0.14129339158535
0.1436289548873901
0.1449070870876312
0.1450905948877335
0.144193023443222
0.1422763466835022
0.1394465118646622
0.1358470618724823
0.1316511631011963
0.1270524710416794
0.1222552433609962
0.1174643486738205
0.1128754243254662
0.1086658537387848
0.104986883699894
0.101957231760025
0.09965861588716507
0.09813313186168671
0.09738275408744812
0.0973709300160408
0.09802596271038055
0.09924614429473877
0.1009062677621841
0.1028650477528572
0.104973241686821
0.107081763446331
0.1090495735406876
0.110750824213028
0.1120808944106102
0.1129610538482666
0.1133415549993515
0.1132029667496681
0.1125558167695999
0.1114385351538658
0.1099139526486397
0.1080646142363548
0.1059870794415474
0.1037857308983803
0.1015664339065552
0.09943033009767532
0.09746825695037842
0.09575597196817398
0.09435047209262848
0.09328766912221909
0.09258134663105011
0.09222351014614105
0.09218605607748032
0.09242355078458786
0.09287688136100769
0.09347766637802124
0.09415296465158463
0.09482996165752411
0.09544053673744202
0.09592518210411072
0.09623629599809647
0.09634044766426086
0.09621970355510712
0.09587182849645615
0.09530951827764511
0.09455869346857071
0.09365604817867279
0.09264598041772842
0.09157722443342209
0.0904993861913681
0.08945964276790619
0.08849971741437912
0.08765344321727753
0.08694498986005783
0.08638785779476166
0.08598458021879196
0.08572731167078018
0.08559899777173996
0.08557511866092682
0.08562585711479187
0.0857185423374176
0.0858200341463089
0.08589914441108704
0.08592864125967026
0.08588692545890808
0.08575917035341263
0.08553791791200638
0.08522314578294754
0.08482170104980469
0.08434637635946274
0.08381457626819611
0.08324672281742096
0.08266455680131912
0.08208943158388138
0.08154080808162689
0.08103488385677338
0.08058368414640427
0.08019442856311798
0.07986931502819061
0.07960575819015503
0.07939688861370087
0.07923238724470139
0.07909952104091644
0.07898430526256561
0.07887262105941772
0.07875135540962219
0.07860929518938065
0.07843790203332901
0.07823172211647034
0.0779886394739151
0.07770971208810806
0.07739890366792679
0.07706253975629807
0.0767086073756218
0.0763460099697113
0.07598377019166946
0.0756303146481514
0.07529281824827194
0.07497674971818924
0.07468553632497787
0.07442043721675873
0.07418064028024673
0.07396345585584641
0.07376469671726227
0.07357916980981827
0.07340113073587418
0.07322486490011215
0.07304509729146957
0.07285743206739426
0.07265863567590714
0.07244680821895599
0.07222147285938263
0.07198341935873032
0.07173460721969604
0.07147789001464844
0.0712166354060173
0.07095447182655334
0.07069490849971771
0.07044105976819992
0.07019536942243576
0.06995949894189835
0.06973423063755035
0.06951948255300522
0.0693143829703331
0.06911737471818924
0.06892648339271545
0.06873948127031326
0.06855408102273941
0.06836820393800735
0.06818009912967682
0.06798850744962692
0.06779266893863678
0.06759241968393326
0.06738811731338501
0.06718054413795471
0.06697084009647369
0.06676033139228821
0.06655039638280869
0.06634236127138138
0.06613734364509583
0.06593620777130127
0.0657394677400589
0.06554729491472244
0.06535952538251877
0.06517569720745087
0.06499513238668442
0.06481702625751495
0.06464048475027084
0.06446468830108643
0.06428889185190201
0.06411255151033401
0.06393530964851379
0.06375702470541
0.06357777118682861
0.06339779496192932
0.06321749091148376
0.06303735077381134
0.06285785883665085
0.06267952919006348
0.06250277906656265
0.06232794001698494
0.06215521693229675
0.06198468059301376
0.0618162602186203
0.06164978444576263
0.06148498877882957
0.06132156774401665
0.06115918979048729
0.06099754199385643
0.06083636358380318
0.06067546084523201
0.06051471456885338
0.0603540875017643
0.06019362062215805
0.0600334145128727
0.05987361446022987
0.05971439927816391
0.05955596640706062
0.05939847230911255
0.05924206227064133
0.05908682197332382
0.05893281102180481
0.05878001824021339
0.05862840265035629
0.05847787857055664
0.05832833424210548
0.05817965418100357
0.05803171917796135
0.05788442492485046
0.05773768946528435
0.05759144946932793
0.05744567513465881
0.0573003776371479
0.05715557560324669
0.05701132118701935
0.05686767399311066
0.05672469735145569
0.05658245831727982
0.05644099414348602
0.05630034208297729
0.05616051331162453
0.05602150410413742
0.05588329955935478
0.05574585497379303
0.05560914054512978
0.05547311156988144
0.05533770844340324
0.0552028976380825
0.05506864562630653
0.05493492260575294
0.05480172857642174
0.05466904863715172
0.05453688651323318
0.05440524965524673
0.05427415296435356
0.05414359271526337
0.05401357635855675
0.0538841038942337
0.05375516787171364
0.05362674593925476
0.05349880084395409
0.05337129533290863
0.05324417725205421
0.05311737582087517
0.05299082398414612
0.0528644435107708
0.05273814126849174
0.0526118166744709
0.05248535796999931
0.05235863104462624
0.05223149061203003
0.05210375413298607
0.05197522789239883
0.05184567719697952
0.05171483010053635
0.05158235505223274
0.05144788324832916
0.05131096765398979
0.05117108672857285
0.05102765187621117
0.05087995901703835
0.05072721093893051
0.05056848749518394
0.05040274187922478
0.05022876709699631
0.050045195966959
0.0498504526913166
0.04964276775717735
0.04942013323307037
0.04918026924133301
0.04892060905694962
0.04863825067877769
0.04832994937896729
0.0479920357465744
0.04762043058872223
0.04721059277653694
0.04675744101405144
0.04625536873936653
0.04569815844297409
0.04507895931601524
0.0443902388215065
0.04362375289201736
0.04277047887444496
0.04182061180472374
0.0407634973526001
0.03958762064576149
0.03828057274222374
0.03682904690504074
0.03521881997585297
0.03343474119901657
0.03146077319979668
0.02928000502288342
0.02687467820942402
0.02422627247869968
0.0213155597448349
0.01812272518873215
0.01462746970355511
0.01080916915088892
0.006647036876529455
0.002120320685207844
-0.002791460137814283
-0.008108275011181831
-0.01384929195046425
-0.02003256976604462
-0.02667471952736378
-0.03379053995013237
-0.04139263182878494
-0.04949098080396652
-0.05809253454208374
-0.06720077991485596
-0.07681525498628616
-0.08693112432956696
-0.09753870964050293
-0.1086230725049973
-0.1201635748147964
-0.1321335136890411
-0.1444997191429138
-0.1572223305702209
-0.1702544540166855
-0.1835420280694962
-0.1970237046480179
-0.210630863904953
-0.224287673830986
-0.2379112988710403
-0.2514122128486633
-0.2646945416927338
-0.2776569128036499
-0.2901928722858429
-0.3021918535232544
-0.3135401904582977
-0.3241223096847534
-0.3338219225406647
-0.3425235450267792
-0.3501140773296356
-0.3564842939376831
-0.3615308701992035
-0.3651580214500427
-0.3672795593738556
-0.3678207695484161
-0.3667202293872833
-0.3639319241046906
-0.359426885843277
-0.353194922208786
-0.3452461957931519
-0.3356123864650726
-0.3243478536605835
-0.3115301728248596
-0.2972606718540192
-0.2816642224788666
-0.2648887038230896
-0.2471041679382324
-0.2285010516643524
-0.2092883735895157
-0.1896909922361374
-0.1699466854333878
-0.1503024846315384
-0.1310107707977295
-0.1123248115181923
-0.09449421614408493
-0.07775998115539551
-0.0623496025800705
-0.04847210273146629
-0.0363132655620575
-0.02603116258978844
-0.01775205507874489
-0.01156689785420895
-0.007528482005000114
-0.005649358499795198
-0.005900623742491007
-0.008211642503738403
-0.01247075293213129
-0.0185269620269537
-0.02619263902306557
-0.03524716570973396
-0.04544145613908768
-0.0565033033490181
-0.06814337521791458
-0.08006177842617035
-0.09195498377084732
-0.1035230159759521
-0.1144765987992287
-0.1245442777872086
-0.133479043841362
-0.1410645693540573
-0.147120788693428
-0.1515084356069565
-0.1541327685117722
-0.1549459844827652
-0.1539486348628998
-0.1511895954608917
-0.1467647701501846
-0.140814334154129
-0.1335189640522003
-0.1250945329666138
-0.1157860159873962
-0.1058602929115295
-0.0955982580780983
-0.0852864608168602
-0.07520847767591476
-0.06563632935285568
-0.05682213976979256
-0.04899051040410995
-0.04233160987496376
-0.03699546307325363
-0.03308749943971634
-0.03066560812294483
-0.02973875589668751
-0.03026730380952358
-0.03216496109962463
-0.03530231863260269
-0.03951187804341316
-0.04459435492753983
-0.05032607540488243
-0.05646712332963943
-0.0627700462937355
-0.06898870319128036
-0.07488696277141571
-0.08024703711271286
-0.0848768949508667
-0.08861679583787918
-0.09134445339441299
-0.09297875314950943
-0.09348192065954208
-0.09286002069711685
-0.09116171300411224
-0.08847547322511673
-0.08492527902126312
-0.08066492527723312
-0.07587134093046188
-0.07073703408241272
-0.06546201556921005
-0.06024560332298279
-0.05527834594249725
-0.05073446780443192
-0.04676513746380806
-0.04349279776215553
-0.04100686311721802
-0.03936086595058441
-0.03857118636369705
-0.03861748427152634
-0.03944459930062294
-0.04096602648496628
-0.04306861013174057
-0.04561835527420044
-0.04846696555614471
-0.05145891383290291
-0.05443858355283737
-0.05725726112723351
-0.05977964401245117
-0.06188949570059776
-0.06349431723356247
-0.06452880054712296
-0.06495685875415802
-0.06477230042219162
-0.06399805843830109
-0.06268402934074402
-0.06090374663472176
-0.05874999985098839
-0.05632966756820679
-0.05375800654292107
-0.05115274339914322
-0.04862821474671364
-0.04628986492753029
-0.04422936588525772
-0.04252061992883682
-0.04121673107147217
-0.04034817218780518
-0.03992217034101486
-0.03992326557636261
-0.04031505808234215
-0.04104295000433922
-0.04203774780035019
-0.04321985691785812
-0.04450388625264168
-0.04580341279506683
-0.04703556746244431
-0.04812527447938919
-0.04900890216231346
-0.04963717609643936
-0.04997716099023819
-0.05001332238316536
-0.04974755644798279
-0.04919830337166786
-0.04839873686432838
-0.04739424958825111
-0.04623938351869583
-0.04499432444572449
-0.0437212698161602
-0.04248083755373955
-0.04132870212197304
-0.04031267017126083
-0.03947032615542412
-0.03882738947868347
-0.03839682415127754
-0.0381787121295929
-0.03816089779138565
-0.03832031786441803
-0.03862491995096207
-0.03903600946068764
-0.03951087221503258
-0.04000552743673325
-0.04047741740942001
-0.04088789597153664
-0.04120432212948799
-0.04140173643827438
-0.0414639376103878
-0.0413840226829052
-0.04116429015994072
-0.04081559181213379
-0.04035621136426926
-0.03981029614806175
-0.03920604661107063
-0.03857371583580971
-0.03794360160827637
-0.03734412416815758
-0.03680014610290527
-0.03633158653974533
-0.03595243766903877
-0.03567019104957581
-0.03548575192689896
-0.03539375215768814
-0.03538327291607857
-0.03543886169791222
-0.03554182127118111
-0.03567162156105042
-0.03580735623836517
-0.03592914342880249
-0.03601938858628273
-0.03606380149722099
-0.0360521525144577
-0.03597871586680412
-0.03584236279129982
-0.03564636781811714
-0.03539789840579033
-0.03510730713605881
-0.03478720784187317
-0.03445148095488548
-0.03411422297358513
-0.03378878906369209
-0.03348689526319504
-0.0332179106771946
-0.03298835828900337
-0.03280165046453476
-0.03265804424881935
-0.03255481272935867
-0.03248664736747742
-0.03244620189070702
-0.03242473304271698
-0.03241283819079399
-0.03240114822983742
-0.03238100185990334
-0.03234501555562019
-0.03228755295276642
-0.03220499306917191
-0.03209585696458817
-0.03196078538894653
-0.03180232644081116
-0.03162463009357452
-0.03143301978707314
-0.03123354911804199
-0.03103247284889221
-0.03083577193319798
-0.03064873814582825
-0.03047561645507812
-0.03031936660408974
-0.03018152713775635
-0.03006219305098057
-0.02996012568473816
-0.02987292222678661
-0.02979729510843754
-0.02972938120365143
-0.02966507337987423
-0.0296003557741642
-0.02953161485493183
-0.02945586666464806
-0.02937096357345581
-0.02927568554878235
-0.02916977182030678
-0.02905386872589588
-0.02892941422760487
-0.02879844792187214
-0.02866343408823013
-0.02852702140808105
-0.02839181199669838
-0.02826016955077648
-0.0281340479850769
-0.02801485732197762
-0.02790340036153793
-0.02779985032975674
-0.0277037788182497
-0.02761424705386162
-0.02752991020679474
-0.02744916453957558
-0.02737029455602169
-0.02729161642491817
-0.02721162512898445
-0.02712908200919628
-0.02704311534762383
-0.02695325575768948
-0.02685944549739361
-0.02676199935376644
-0.02666155993938446
-0.02655901946127415
-0.02645541355013847
-0.02635183371603489
-0.02624932676553726
-0.02614880912005901
-0.0260510016232729
-0.02595638111233711
-0.02586516179144382
-0.0257773008197546
-0.02569251321256161
-0.02561032399535179
-0.0255301259458065
-0.02545122802257538
-0.0253729373216629
-0.02529461123049259
-0.02521570771932602
-0.0251358225941658
-0.02505471929907799
-0.02497232332825661
-0.02488872408866882
-0.02480415627360344
-0.02471894957125187
-0.02463351562619209
-0.02454828657209873
-0.02446368150413036
-0.02438006550073624
-0.02429773099720478
-0.02421686612069607
-0.02413755655288696
-0.02405978366732597
-0.02398342825472355
-0.02390829659998417
-0.02383414097130299
-0.02376068942248821
-0.02368766441941261
-0.02361482009291649
-0.02354195341467857
-0.02346891723573208
-0.02339563705027103
-0.02332209423184395
-0.02324834279716015
-0.02317448146641254
-0.02310065366327763
-0.02302701771259308
-0.02295373752713203
-0.02288096584379673
-0.02280883118510246
-0.02273743040859699
-0.0226668156683445
-0.02259699441492558
-0.02252793870866299
-0.02245958708226681
-0.02239184454083443
-0.02232461608946323
-0.02225778624415398
-0.02219126187264919
-0.02212495356798172
-0.02205880172550678
-0.02199276350438595
-0.02192682400345802
-0.02186099998652935
-0.02179532125592232
-0.0217298399657011
-0.02166461199522018
-0.02159969508647919
-0.02153514698147774
-0.02147101983428001
-0.0214073471724987
-0.0213441476225853
-0.02128142490983009
-0.02121917344629765
-0.02115736156702042
-0.02109595760703087
-0.02103492431342602
-0.02097421512007713
-0.02091379277408123
-0.02085362374782562
-0.02079368755221367
-0.02073396556079388
-0.02067445404827595
-0.02061516232788563
-0.02055609598755836
-0.0204972755163908
-0.02043872140347958
-0.02038045413792133
-0.02032249420881271
-0.02026485651731491
-0.02020754851400852
-0.02015057764947414
-0.02009394206106663
-0.02003763243556023
-0.01998164318501949
-0.01992595568299294
-0.01987055502831936
-0.01981542445719242
-0.01976054720580578
-0.01970591209828854
-0.0196515116840601
-0.01959734037518501
-0.01954339817166328
-0.01948969066143036
-0.01943621970713139
-0.01938299462199211
-0.01933002099394798
-0.01927730441093445
-0.01922484859824181
-0.0191726591438055
-0.01912073418498039
-0.01906907372176647
-0.01901767402887344
-0.01896653138101101
-0.01891564019024372
-0.01886499300599098
-0.0188145823776722
-0.01876440644264221
-0.01871445588767529
-0.01866472512483597
-0.01861521229147911
-0.01856591738760471
-0.01851684041321278
-0.01846797950565815
-0.01841934025287628
-0.01837091892957687
-0.01832271926105022
-0.01827474124729633
-0.0182269886136055
-0.01817945949733257
-0.01813215389847755
-0.01808506995439529
-0.01803820766508579
-0.01799155957996845
-0.01794512569904327
-0.01789890229701996
-0.01785288192331791
-0.01780706644058228
-0.01776145398616791
-0.01771604083478451
-0.01767082512378693
-0.01762581057846546
-0.01758098788559437
-0.01753636449575424
-0.01749193295836449
-0.01744769886136055
-0.01740365847945213
-0.01735981181263924
-0.01731615513563156
-0.01727269217371941
-0.01722942106425762
-0.01718633808195591
-0.01714344695210457
-0.017100740224123
-0.01705821976065636
-0.01701587997376919
-0.01697372458875179
-0.01693175174295902
-0.01688996143639088
-0.01684834808111191
-0.01680690981447697
-0.01676565036177635
-0.01672456599771976
-0.01668365858495235
-0.01664292626082897
-0.01660236530005932
-0.01656197011470795
-0.01652174443006516
-0.01648168452084064
-0.01644179411232471
-0.01640206761658192
-0.0163625068962574
-0.01632311381399632
-0.01628388650715351
-0.01624482497572899
-0.01620592549443245
-0.01616718806326389
-0.01612861454486847
-0.01609019748866558
-0.01605193689465523
-0.01601383276283741
-0.01597588509321213
-0.01593809016048908
-0.01590045355260372
-0.01586297154426575
-0.01582564599812031
-0.01578846946358681
-0.01575144752860069
-0.01571457460522652
-0.01567784883081913
-0.01564127020537853
-0.01560483686625957
-0.01556854881346226
-0.01553240604698658
-0.01549640856683254
-0.01546055637300014
-0.01542484667152166
-0.01538928039371967
-0.01535385753959417
-0.01531857810914516
-0.01528343930840492
-0.0152484392747283
-0.01521357707679272
-0.01517884992063046
-0.01514425780624151
-0.01510979793965816
-0.01507547311484814
-0.0150412805378437
-0.01500722207129002
-0.01497329771518707
-0.01493950467556715
-0.01490584667772055
-0.01487231999635696
-0.01483892556279898
-0.01480566058307886
-0.01477252412587404
-0.01473951525986195
-0.01470663212239742
-0.01467387564480305
-0.01464124489575624
-0.01460873801261187
-0.01457635499536991
-0.01454409584403038
-0.0145119596272707
-0.01447994634509087
-0.01444805413484573
-0.0144162829965353
-0.01438463199883699
-0.01435310021042824
-0.01432168763130903
-0.01429039426147938
-0.0142592191696167
-0.01422816142439842
-0.0141972191631794
-0.01416639238595963
-0.01413567923009396
-0.01410507969558239
-0.0140745909884572
-0.01404421590268612
-0.01401395164430141
-0.01398379914462566
-0.01395375840365887
-0.01392382942140102
-0.01389401033520699
-0.0138643030077219
-0.01383470743894577
-0.01380522176623344
-0.01377584598958492
-0.01374657638370991
-0.01371741201728582
-0.01368835382163525
-0.01365939993411303
-0.01363055035471916
-0.01360180322080851
-0.01357315946370363
-0.01354461722075939
-0.01351617742329836
-0.01348784100264311
-0.01345960795879364
-0.01343147736042738
-0.0134034501388669
-0.01337552443146706
-0.0133476983755827
-0.01331997197121382
-0.01329234428703785
-0.01326481439173222
-0.01323738135397434
-0.01321004517376423
-0.01318280585110188
-0.01315566059201956
-0.01312861125916243
-0.01310165598988533
-0.01307479478418827
-0.01304802764207125
-0.01302135363221169
-0.01299477089196444
-0.01296828128397465
-0.01294188294559717
-0.01291557587683201
-0.01288936194032431
-0.01286323927342892
-0.01283720787614584
-0.01281126774847507
-0.01278541795909405
-0.01275965757668018
-0.01273398566991091
-0.01270840130746365
-0.01268290355801582
-0.01265749335289001
-0.01263216976076365
-0.01260693371295929
-0.01258178427815437
-0.01255672052502632
-0.01253174338489771
-0.01250685378909111
-0.0124820489436388
-0.01245733257383108
-0.01243270002305508
-0.01240815129131079
-0.01238368544727564
-0.01235930249094963
-0.01233500055968761
-0.01231077685952187
-0.01228663418442011
-0.01226257067173719
-0.01223858632147312
-0.01221468113362789
-0.01219085417687893
-0.01216710545122623
-0.01214343495666981
-0.01211984269320965
-0.01209632866084576
-0.01207289099693298
-0.01204953156411648
-0.01202625036239624
-0.0120030464604497
-0.01197991892695427
-0.01195686683058739
-0.01193389017134905
-0.01191098894923925
-0.01188816037029028
-0.01186540722846985
-0.01184272952377796
-0.01182012725621462
-0.01179759949445724
-0.01177514437586069
-0.01175276190042496
-0.01173045299947262
-0.01170821487903595
-0.01168604847043753
-0.01166395470499992
-0.01164193265140057
-0.0116199804469943
-0.01159809809178114
-0.01157628558576107
-0.0115545429289341
-0.01153287012130022
-0.01151126530021429
-0.01148972939699888
-0.01146826148033142
-0.01144686248153448
-0.01142553333193064
-0.01140427030622959
-0.01138307340443134
-0.01136194448918104
-0.01134088262915611
-0.01131988782435656
-0.01129895728081465
-0.01127809192985296
-0.01125729363411665
-0.01123655866831541
-0.01121588796377182
-0.01119528245180845
-0.01117474213242531
-0.01115426607429981
-0.01113385614007711
-0.01111351046711206
-0.01109322812408209
-0.01107300817966461
-0.01105285063385963
-0.01103275362402201
-0.01101272087544203
-0.01099274959415197
-0.01097284071147442
-0.01095299236476421
-0.01093320548534393
-0.01091347727924585
-0.01089380867779255
-0.01087419968098402
-0.01085465028882027
-0.01083515863865614
-0.01081572659313679
-0.01079635415226221
-0.01077703945338726
-0.01075778342783451
-0.01073858700692654
-0.01071945019066334
-0.01070037018507719
-0.01068134792149067
-0.01066238339990377
-0.01064347475767136
-0.01062462478876114
-0.0106058306992054
-0.01058709342032671
-0.01056841295212507
-0.01054978836327791
-0.01053121872246265
-0.0105127040296793
-0.01049424521625042
-0.01047584041953087
-0.01045749057084322
-0.01043919567018747
-0.01042095571756363
-0.01040276885032654
-0.01038463599979877
-0.01036655437201262
-0.01034852582961321
-0.01033055037260056
-0.01031262706965208
-0.01029475685209036
-0.01027693878859282
-0.01025917381048203
-0.01024146191775799
-0.01022380217909813
-0.01020619552582502
-0.0101886410266161
-0.01017113775014877
-0.0101536838337779
-0.01013628114014864
-0.0101189287379384
-0.01010162476450205
-0.0100843720138073
-0.01006716769188643
-0.01005001366138458
-0.01003290992230177
-0.01001585647463799
-0.009998852387070656
-0.009981896728277206
-0.009964988566935062
-0.009948128834366798
-0.009931317530572414
-0.009914553724229336
-0.009897838346660137
-0.009881168603897095
-0.009864546358585358
-0.009847971610724926
-0.009831445291638374
-0.009814966470003128
-0.009798533283174038
-0.009782146662473679
-0.00976580660790205
-0.009749512188136578
-0.009733262471854687
-0.009717058390378952
-0.009700900875031948
-0.009684786200523376
-0.009668717160820961
-0.009652692824602127
-0.009636711329221725
-0.00962077546864748
-0.009604884311556816
-0.009589036926627159
-0.009573232382535934
-0.009557472541928291
-0.00954175740480423
-0.009526086039841175
-0.009510460309684277
-0.009494876489043236
-0.009479335509240627
-0.009463837370276451
-0.009448382072150707
-0.009432969614863396
-0.009417600929737091
-0.009402274154126644
-0.009386991150677204
-0.009371750056743622
-0.009356551803648472
-0.009341394528746605
-0.009326279163360596
-0.009311205707490444
-0.009296173229813576
-0.009281179867684841
-0.00926622562110424
-0.009251311421394348
-0.009236437268555164
-0.00922160129994154
-0.009206803515553474
-0.009192044846713543
-0.009177327156066895
-0.00916264858096838
-0.009148012846708298
-0.009133416227996349
-0.009118859656155109
-0.009104342199862003
-0.00908986572176218
-0.009075429290533066
-0.00906103290617466
-0.009046674706041813
-0.0090323556214571
-0.009018074721097946
-0.009003831073641777
-0.008989625610411167
-0.008975457400083542
-0.008961323648691177
-0.008947227150201797
-0.008933166041970253
-0.008919141255319118
-0.008905151858925819
-0.00889119878411293
-0.008877282962203026
-0.008863402530550957
-0.008849560283124447
-0.008835756219923496
-0.008821988478302956
-0.00880825612694025
-0.008794562891125679
-0.008780905976891518
-0.008767286315560341
-0.008753703907132149
-0.008740156888961792
-0.008726643398404121
-0.008713164366781712
-0.008699720725417137
-0.008686311542987823
-0.008672936819493771
-0.008659596554934978
-0.008646290749311447
-0.008633019402623177
-0.008619782514870167
-0.008606579154729843
-0.008593409322202206
-0.008580273948609829
-0.008567171171307564
-0.008554101921617985
-0.008541064336895943
-0.008528059348464012
-0.008515087887644768
-0.00850214995443821
-0.008489243686199188
-0.008476369082927704
-0.008463527075946331
-0.008450718596577644
-0.008437941782176495
-0.008425198495388031
-0.008412486873567104
-0.008399807848036289
-0.008387160487473011
-0.00837454479187727
-0.008361960761249065
-0.008349408395588398
-0.008336890488862991
-0.008324405178427696
-0.008311951532959938
-0.008299527689814568
-0.008287137374281883
-0.008274776861071587
-0.008262448012828827
-0.00825014989823103
-0.008237879723310471
-0.008225641213357449
-0.00821343157440424
-0.008201252669095993
-0.008189103566110134
-0.008176983334124088
-0.008164893835783005
-0.008152834139764309
-0.008140805177390575
-0.00812880601733923
-0.008116837590932846
-0.008104898035526276
-0.008092989213764668
-0.008081111125648022
-0.008069263771176338
-0.008057444356381893
-0.008045652881264687
-0.008033892139792442
-0.008022159337997437
-0.008010454475879669
-0.00799877755343914
-0.007987129501998425
-0.007975509390234947
-0.007963918149471283
-0.007952355779707432
-0.00794081948697567
-0.007929310202598572
-0.007917829789221287
-0.00790637731552124
-0.007894952781498432
-0.007883555255830288
-0.007872185669839382
-0.00786084309220314
-0.007849528454244137
-0.007838240824639797
-0.007826980203390121
-0.00781574659049511
-0.007804540451616049
-0.007793360389769077
-0.00778220733627677
-0.007771081291139126
-0.007759982254356146
-0.00774891022592783
-0.00773786474019289
-0.007726845797151327
-0.007715852931141853
-0.007704885676503181
-0.007693943567574024
-0.007683025673031807
-0.007672132924199104
-0.007661265786737204
-0.007650423794984818
-0.007639606948941946
-0.007628816645592451
-0.007618051487952471
-0.00760731240734458
-0.007596599403768778
-0.007585911080241203
-0.007575247902423143
-0.007564610335975885
-0.007553997449576855
-0.007543410174548626
-0.007532848510891199
-0.007522311527282
-0.007511800155043602
-0.007501313928514719
-0.007490853313356638
-0.007480417843908072
-0.007470007054507732
-0.007459620945155621
-0.007449259050190449
-0.00743892090395093
-0.007428605575114489
-0.007418313529342413
-0.007408044300973415
-0.007397798355668783
-0.007387574762105942
-0.007377373520284891
-0.007367195561528206
-0.007357040885835886
-0.007346909493207932
-0.007336801383644342
-0.007326715625822544
-0.007316653616726398
-0.007306614890694618
-0.007296599447727203
-0.007286606822162867
-0.007276636548340321
-0.007266689091920853
-0.007256763521581888
-0.007246860302984715
-0.007236978970468044
-0.007227119989693165
-0.007217282894998789
-0.007207468617707491
-0.007197677157819271
-0.007187908980995417
-0.00717816362157464
-0.007168441079556942
-0.007158742286264896
-0.007149065379053354
-0.007139411754906178
-0.007129780948162079
-0.007120172027498484
-0.007110584527254105
-0.00710101705044508
-0.007091469131410122
-0.007081942167133093
-0.007072434760630131
-0.007062946911901236
-0.007053479552268982
-0.007044033147394657
-0.007034607697278261
-0.007025203667581081
-0.007015821058303118
-0.00700645986944437
-0.006997120101004839
-0.006987801752984524
-0.006978504825383425
-0.006969229318201542
-0.006959974765777588
-0.00695074163377285
-0.006941528990864754
-0.006932336837053299
-0.006923165172338486
-0.006914013531059027
-0.006904881447553635
-0.006895767990499735
-0.006886673625558615
-0.006877598818391562
-0.006868543103337288
-0.006859506480395794
-0.00685048894956708
-0.006841490976512432
-0.006832512561231852
-0.006823554635047913
-0.006814616732299328
-0.006805699784308672
-0.00679680285975337
-0.006787925492972136
-0.006779068149626255
-0.006770229898393154
-0.006761410273611546
-0.006752609275281429
-0.006743826437741518
-0.006735061760991812
-0.006726315710693598
-0.006717588286846876
-0.006708879023790359
-0.006700187921524048
-0.006691515445709229
-0.006682862527668476
-0.006674229167401791
-0.006665615364909172
-0.006657020188868046
-0.006648445036262274
-0.006639889441430569
-0.006631353404372931
-0.006622835993766785
-0.006614337209612131
-0.006605856120586395
-0.00659739226102829
-0.006588945630937815
-0.00658051623031497
-0.006572103593498468
-0.006563708651810884
-0.006555330473929644
-0.006546969525516033
-0.006538625340908766
-0.006530297920107841
-0.006521988660097122
-0.006513697095215321
-0.006505423691123724
-0.006497167982161045
-0.006488929968327284
-0.00648070964962244
-0.00647250609472394
-0.00646431976929307
-0.006456151138991117
-0.006447999738156796
-0.006439866032451391
-0.006431748159229755
-0.00642364751547575
-0.006415562704205513
-0.006407494191080332
-0.006399441510438919
-0.006391405593603849
-0.006383386440575123
-0.006375384051352739
-0.006367398425936699
-0.006359429098665714
-0.006351476069539785
-0.0063435398042202
-0.006335618905723095
-0.006327714771032333
-0.00631982833147049
-0.006311958655714989
-0.006304106675088406
-0.006296271923929453
-0.006288454402238131
-0.006280653644353151
-0.006272868718951941
-0.006265100091695786
-0.006257346831262112
-0.006249609403312206
-0.006241886410862207
-0.006234177388250828
-0.006226482335478067
-0.006218802649527788
-0.006211137864738703
-0.006203488912433386
-0.006195854861289263
-0.006188236642628908
-0.006180634722113609
-0.006173049099743366
-0.006165480241179466
-0.006157928146421909
-0.006150392815470695
-0.00614287331700325
-0.006135370582342148
-0.006127884145826101
-0.006120413076132536
-0.00611295597627759
-0.006105512380599976
-0.006098083220422268
-0.006090667564421892
-0.006083266343921423
-0.006075878627598286
-0.006068505346775055
-0.006061146501451731
-0.006053801625967026
-0.006046472582966089
-0.006039158906787634
-0.006031860131770372
-0.006024575792253017
-0.006017306819558144
-0.006010053213685751
-0.006002814043313265
-0.005995589774101973
-0.005988380871713161
-0.005981186870485544
-0.005974007304757833
-0.005966841243207455
-0.005959689617156982
-0.005952551960945129
-0.005945428740233183
-0.005938319023698568
-0.005931222811341286
-0.005924139637500048
-0.005917069967836142
-0.00591001333668828
-0.005902969744056463
-0.005895939189940691
-0.005888922140002251
-0.00588191719725728
-0.005874925293028355
-0.005867946427315474
-0.005860981065779924
-0.005854030139744282
-0.005847093183547258
-0.005840170662850142
-0.005833262577652931
-0.005826368927955627
-0.005819490645080805
-0.005812626797705889
-0.005805777851492167
-0.005798942409455776
-0.005792120937258005
-0.005785312503576279
-0.005778517108410597
-0.005771733820438385
-0.005764963570982218
-0.005758205428719521
-0.005751459859311581
-0.005744725931435823
-0.005738004576414824
-0.005731295794248581
-0.005724599119275808
-0.005717915948480368
-0.005711245350539684
-0.005704588256776333
-0.005697944667190313
-0.005691314581781626
-0.00568469800055027
-0.005678094457834959
-0.005671503953635693
-0.005664926953613758
-0.005658362992107868
-0.005651811603456736
-0.00564527278766036
-0.005638746544718742
-0.005632231943309307
-0.005625729914754629
-0.005619240459054708
-0.005612762644886971
-0.005606296937912703
-0.005599842872470617
-0.005593400448560715
-0.005586969666182995
-0.00558055005967617
-0.005574142094701529
-0.005567746236920357
-0.005561362486332655
-0.005554990842938423
-0.005548631306737661
-0.00554228387773037
-0.005535948555916548
-0.005529625806957483
-0.005523315165191889
-0.005517016630619764
-0.005510729737579823
-0.005504454486072063
-0.005498191807419062
-0.005491940304636955
-0.005485699977725744
-0.005479470361024141
-0.005473252385854721
-0.005467045120894909
-0.005460849963128567
-0.00545466598123312
-0.005448494106531143
-0.005442334339022636
-0.005436186213046312
-0.005430050659924746
-0.005423927213996649
-0.005417815409600735
-0.005411715246737003
-0.00540562579408288
-0.005399547517299652
-0.005393480882048607
-0.005387424491345882
-0.005381378810852766
-0.005375344306230545
-0.005369320977479219
-0.005363308824598789
-0.00535730691626668
-0.005351316649466753
-0.005345337092876434
-0.005339369177818298
-0.005333412904292345
-0.005327467806637287
-0.005321533419191837
-0.005315610207617283
-0.005309698171913624
-0.00530379731208086
-0.00529790623113513
-0.00529202539473772
-0.005286155268549919
-0.005280295386910439
-0.005274446215480566
-0.005268607288599014
-0.005262778606265783
-0.00525696063414216
-0.00525115430355072
-0.005245359148830175
-0.005239574238657951
-0.005233800504356623
-0.005228037014603615
-0.005222284700721502
-0.005216542631387711
-0.005210811272263527
-0.005205089226365089
-0.005199378356337547
-0.005193677265197039
-0.005187985952943563
-0.005182305350899696
-0.005176634062081575
-0.005170973483473063
-0.005165323615074158
-0.005159684456884861
-0.005154055543243885
-0.005148435942828655
-0.005142826586961746
-0.005137227009981871
-0.005131636746227741
-0.005126055795699358
-0.005120483227074146
-0.005114920902997255
-0.005109368357807398
-0.005103825125843287
-0.005098291207104921
-0.005092767532914877
-0.005087253637611866
-0.005081749986857176
-0.005076256114989519
-0.005070772022008896
-0.005065297707915306
-0.00505983317270875
-0.005054378416389227
-0.005048933904618025
-0.005043498706072569
-0.005038073752075434
-0.005032658576965332
-0.005027253646403551
-0.005021858029067516
-0.00501647312194109
-0.005011098925024271
-0.005005734972655773
-0.005000381264835596
-0.00499503780156374
-0.004989704117178917
-0.00498437974601984
-0.004979064222425222
-0.004973757080733776
-0.004968458320945501
-0.004963167477399111
-0.004957885015755892
-0.004952610470354557
-0.004947345238178968
-0.004942088387906551
-0.004936839453876019
-0.004931599833071232
-0.004926368594169617
-0.00492114620283246
-0.004915933590382338
-0.004910729825496674
-0.004905535373836756
-0.004900350701063871
-0.00489517580717802
-0.004890010692179203
-0.004884855356067419
-0.004879708401858807
-0.00487457076087594
-0.004869441967457533
-0.00486432109028101
-0.004859209526330233
-0.004854106344282627
-0.004849011078476906
-0.004843924660235643
-0.004838846623897552
-0.00483377743512392
-0.004828717093914747
-0.004823665134608746
-0.004818621091544628
-0.004813586361706257
-0.004808560479432344
-0.004803543444722891
-0.004798534791916609
-0.004793534986674786
-0.004788544494658709
-0.004783562384545803
-0.004778589121997356
-0.004773624241352081
-0.004768668673932552
-0.00476372241973877
-0.004758784547448158
-0.004753855057060719
-0.00474893394857645
-0.004744021221995354
-0.004739116877317429
-0.004734220448881388
-0.004729332868009806
-0.004724454134702682
-0.004719582386314869
-0.004714718088507652
-0.004709861241281033
-0.00470501184463501
-0.004700169432908297
-0.004695335403084755
-0.004690509289503098
-0.004685691557824612
-0.00468088174238801
-0.004676080774515867
-0.004671288188546896
-0.004666503984481096
-0.004661727696657181
-0.00465695932507515
-0.004652198869735003
-0.004647446796298027
-0.004642703104764223
-0.004637966863811016
-0.004633238539099693
-0.004628518596291542
-0.004623806104063988
-0.004619101528078318
-0.004614404868334532
-0.004609715659171343
-0.004605034366250038
-0.004600360989570618
-0.004595695994794369
-0.004591038916260004
-0.004586390219628811
-0.004581749904900789
-0.004577118437737226
-0.004572495352476835
-0.004567879252135754
-0.004563270136713982
-0.004558668006211519
-0.004554071929305792
-0.004549481905996799
-0.004544898867607117
-0.004540322814136744
-0.004535753279924393
-0.004531190730631351
-0.004526635631918907
-0.004522087518125772
-0.004517547786235809
-0.004513015039265156
-0.004508490674197674
-0.004503974691033363
-0.004499466624110937
-0.004494966939091682
-0.004490475635975599
-0.0044859922491014
-0.004481515847146511
-0.004477046430110931
-0.004472584463655949
-0.004468129482120275
-0.004463681485503912
-0.004459240473806858
-0.004454805981367826
-0.004450378473848104
-0.004445958882570267
-0.004441546741873026
-0.004437141586095095
-0.004432743415236473
-0.004428351763635874
-0.004423967562615871
-0.004419590346515179
-0.004415219649672508
-0.004410856403410435
-0.004406498745083809
-0.004402148071676493
-0.004397803451865911
-0.004393465351313353
-0.004389134701341391
-0.004384811036288738
-0.004380494356155396
-0.00437618512660265
-0.004371883813291788
-0.004367590416222811
-0.004363304935395718
-0.004359027370810509
-0.004354757256805897
-0.004350494593381882
-0.004346238914877176
-0.004341991152614355
-0.004337749443948269
-0.004333514254540205
-0.004329285584390163
-0.004325062967836857
-0.004320846404880285
-0.004316636361181736
-0.004312432371079922
-0.00430823490023613
-0.004304042551666498
-0.004299856256693602
-0.004295676480978727
-0.004291502758860588
-0.004287335090339184
-0.004283173475414515
-0.004279018845409155
-0.004274870734661818
-0.004270730074495077
-0.004266595467925072
-0.004262467846274376
-0.004258346743881702
-0.004254232626408339
-0.004250125028192997
-0.004246024414896965
-0.004241931717842817
-0.004237846937030554
-0.0042337691411376
-0.004229697864502668
-0.004225632175803185
-0.004221572540700436
-0.004217518493533134
-0.004213470499962568
-0.004209428559988737
-0.004205393139272928
-0.004201363306492567
-0.004197339061647654
-0.004193321336060762
-0.004189308732748032
-0.004185301717370749
-0.004181301221251488
-0.004177306778728962
-0.004173318389803171
-0.004169336054474115
-0.004165359772741795
-0.004161390010267496
-0.004157426301389933
-0.004153469111770391
-0.004149518441408873
-0.004145574290305376
-0.004141636658459902
-0.004137706477195024
-0.004133783746510744
-0.004129867069423199
-0.004125956911593676
-0.004122052807360888
-0.004118155222386122
-0.004114262759685516
-0.004110375884920359
-0.004106495063751936
-0.004102619830518961
-0.004098749253898859
-0.004094884265214205
-0.004091025330126286
-0.004087171051651239
-0.004083322826772928
-0.004079480655491352
-0.004075644537806511
-0.004071814008057117
-0.004067989531904459
-0.004064171575009823
-0.004060360137373209
-0.00405655475333333
-0.004052755422890186
-0.004048962146043777
-0.004045174457132816
-0.00404139282181859
-0.004037616774439812
-0.004033845849335194
-0.004030080977827311
-0.004026322159916162
-0.004022568464279175
-0.004018820356577635
-0.004015077371150255
-0.004011339973658323
-0.004007608164101839
-0.004003881011158228
-0.004000159911811352
-0.003996443934738636
-0.003992732148617506
-0.003989025484770536
-0.003985324408859015
-0.003981628455221653
-0.003977937158197165
-0.003974250983446836
-0.003970570396631956
-0.003966895863413811
-0.003963227849453688
-0.003959565423429012
-0.003955909516662359
-0.003952259197831154
-0.003948614932596684
-0.003944976255297661
-0.003941343165934086
-0.003937715664505959
-0.003934093751013279
-0.003930477891117334
-0.003926868084818125
-0.003923263866454363
-0.003919664770364761
-0.003916071262210608
-0.003912483807653189
-0.003908901941031218
-0.00390532542951405
-0.003901754505932331
-0.00389818986877799
-0.003894630586728454
-0.003891076426953077
-0.003887527389451861
-0.003883983707055449
-0.003880445146933198
-0.003876911476254463
-0.003873382695019245
-0.0038698585703969
-0.003866339102387428
-0.003862824756652117
-0.003859315067529678
-0.003855810035020113
-0.003852309659123421
-0.003848813939839602
-0.003845322877168655
-0.003841836238279939
-0.003838354256004095
-0.003834876930341125
-0.003831405192613602
-0.003827939042821527
-0.003824478480964899
-0.003821023739874363
-0.003817574819549918
-0.003814131487160921
-0.003810693277046084
-0.003807260189205408
-0.003803832223638892
-0.003800409147515893
-0.003796990960836411
-0.003793577430769801
-0.003790168790146708
-0.003786765038967133
-0.00378336594440043
-0.003779971739277244
-0.003776582190766931
-0.003773197764530778
-0.003769818693399429
-0.003766444744542241
-0.003763075917959213
-0.003759712446480989
-0.003756353864446282
-0.003752999939024448
-0.003749650437384844
-0.003746305359527469
-0.003742964705452323
-0.00373962870799005
-0.003736297367140651
-0.003732970450073481
-0.003729648189619184
-0.003726331051439047
-0.003723019035533071
-0.003719712141901255
-0.003716410836204886
-0.003713114652782679
-0.003709823358803988
-0.003706536954268813
-0.003703254973515868
-0.003699977649375796
-0.003696704749017954
-0.003693436970934272
-0.003690173616632819
-0.003686914686113596
-0.003683660877868533
-0.0036804114934057
-0.003677166998386383
-0.003673927392810583
-0.003670692211017013
-0.003667461453005672
-0.003664235351607203
-0.003661013441160321
-0.003657795488834381
-0.00365458196029067
-0.003651372389867902
-0.003648167010396719
-0.003644965589046478
-0.003641768591478467
-0.003638576017692685
-0.003635388100519776
-0.003632205072790384
-0.003629026934504509
-0.003625853918492794
-0.003622685791924596
-0.003619522787630558
-0.003616364905610681
-0.00361321191303432
-0.003610063577070832
-0.003606919664889574
-0.003603779943659902
-0.003600644180551171
-0.00359751284122467
-0.003594385692849755
-0.003591262735426426
-0.003588143968954682
-0.003585029393434525
-0.003581919008865952
-0.003578812815248966
-0.003575710812583566
-0.003572613233700395
-0.003569519845768809
-0.003566430415958166
-0.003563344711437821
-0.003560263197869062
-0.003557185176759958
-0.003554110880941153
-0.003551040543243289
-0.003547974629327655
-0.00354491313919425
-0.003541856538504362
-0.003538804594427347
-0.003535758005455136
-0.003532716771587729
-0.003529680659994483
-0.003526649670675397
-0.003523624036461115
-0.00352060329169035
-0.003517586970701814
-0.003514575073495507
-0.003511566901579499
-0.003508562687784433
-0.003505561500787735
-0.003502563340589404
-0.003499567974358797
-0.003496575634926558
-0.003493586555123329
-0.003490600967779756
-0.003487618640065193
-0.003484640503302217
-0.003481666091829538
-0.00347869610413909
-0.003475731005892158
-0.003472770564258099
-0.003469815012067556
-0.003466864349320531
-0.003463918576017022
-0.003460977226495743
-0.003458040067926049
-0.003455107333138585
-0.00345217902213335
-0.003449254902079701
-0.003446334972977638
-0.003443419234827161
-0.003440507454797626
-0.003437599400058389
-0.00343469507060945
-0.003431794233620167
-0.003428897354751825
-0.003426003735512495
-0.003423113375902176
-0.003420226741582155
-0.003417343599721789
-0.003414464183151722
-0.003411588491871953
-0.003408716525882483
-0.003405848285183311
-0.003402983536943793
-0.003400122513994575
-0.003397265216335654
-0.003394411643967032
-0.003391562029719353
-0.003388716140761971
-0.003385873744264245
-0.003383034840226173
-0.003380200127139688
-0.003377368673682213
-0.00337454117834568
-0.003371717408299446
-0.003368897596374154
-0.003366081509739161
-0.003363269614055753
-0.003360461909323931
-0.003357658162713051
-0.0033548588398844
-0.003352064173668623
-0.003349273465573788
-0.003346486715599895
-0.003343704622238874
-0.003340927185490727
-0.003338153939694166
-0.003335384884849191
-0.003332620020955801
-0.003329859580844641
-0.003327103331685066
-0.00332435080781579
-0.003321601776406169
-0.00331885670311749
-0.003316114889457822
-0.003313376102596521
-0.003310640109702945
-0.003307907143607736
-0.003305176738649607
-0.003302449360489845
-0.003299725009128451
-0.003297003917396069
-0.003294286318123341
-0.003291572211310267
-0.003288861829787493
-0.00328615540638566
-0.003283452708274126
-0.00328075373545289
-0.003278058487921953
-0.003275367198511958
-0.003272679867222905
-0.003269996028393507
-0.003267316147685051
-0.003264638828113675
-0.00326196476817131
-0.003259293269366026
-0.003256624564528465
-0.003253958653658628
-0.003251295536756516
-0.00324863544665277
-0.003245978616178036
-0.003243325743824244
-0.00324067659676075
-0.003238031174987555
-0.003235389711335301
-0.003232752438634634
-0.003230120055377483
-0.003227492328733206
-0.003224869025871158
-0.003222249448299408
-0.0032196338288486
-0.003217021701857448
-0.003214412834495306
-0.003211806761100888
-0.003209203481674194
-0.003206602763384581
-0.003204004839062691
-0.003201410174369812
-0.003198818303644657
-0.003196229692548513
-0.003193644108250737
-0.003191062482073903
-0.003188483882695436
-0.003185909008607268
-0.003183338092640042
-0.003180770669132471
-0.003178206738084555
-0.003175646299496293
-0.003173089120537043
-0.00317053496837616
-0.003167983610183001
-0.003165435278788209
-0.003162889974191785
-0.003160348162055016
-0.003157809842377901
-0.003155274782329798
-0.003152742981910706
-0.003150214906781912
-0.003147690556943417
-0.003145169699564576
-0.003142652334645391
-0.003140137996524572
-0.003137627150863409
-0.003135119564831257
-0.003132615005597472
-0.003130113473162055
-0.003127614734694362
-0.003125118557363749
-0.003122625174000859
-0.003120134817436337
-0.003117646789178252
-0.003115161554887891
-0.00311267888173461
-0.003110199235379696
-0.003107723314315081
-0.00310525088571012
-0.003102781716734171
-0.003100316040217876
-0.003097854321822524
-0.003095395863056183
-0.003092941362410784
-0.003090490587055683
-0.003088043304160237
-0.003085599513724446
-0.003083159448578954
-0.003080722410231829
-0.003078288398683071
-0.003075857879593968
-0.003073430387303233
-0.003071005456149578
-0.003068583086133003
-0.003066163044422865
-0.00306374579668045
-0.00306133134290576
-0.003058919915929437
-0.003056511515751481
-0.003054106142371893
-0.003051704028621316
-0.003049304708838463
-0.003046909114345908
-0.003044516546651721
-0.003042127005755901
-0.003039740724489093
-0.003037357702851295
-0.003034977242350578
-0.003032599575817585
-0.003030224936082959
-0.003027853090316057
-0.003025483805686235
-0.003023117082193494
-0.003020752919837832
-0.003018391784280539
-0.003016033675521612
-0.003013678826391697
-0.003011327004060149
-0.003008978674188256
-0.003006633836776018
-0.003004292026162148
-0.003001952776685357
-0.002999617019668221
-0.00299728405661881
-0.002994954120367765
-0.002992626745253801
-0.002990302164107561
-0.002987980144098401
-0.002985660685226321
-0.002983344253152609
-0.00298103061504662
-0.002978720003738999
-0.002976412419229746
-0.002974107628688216
-0.002971805864945054
-0.002969506895169616
-0.002967210486531258
-0.002964916871860623
-0.002962626051157713
-0.002960337791591883
-0.002958052093163133
-0.002955768955871463
-0.002953488379716873
-0.002951209899038076
-0.002948934212327003
-0.002946661319583654
-0.002944391220808029
-0.002942123916000128
-0.002939860103651881
-0.002937600016593933
-0.002935343654826283
-0.002933091018348932
-0.002930841874331236
-0.002928596222773194
-0.00292635359801352
-0.002924114000052214
-0.002921877428889275
-0.002919643884524703
-0.002917412901297212
-0.0029151844792068
-0.002912958152592182
-0.002910734154284
-0.002908512484282255
-0.002906292444095016
-0.002904074732214212
-0.002901858882978559
-0.002899645129218698
-0.002897433936595917
-0.002895225072279572
-0.002893018536269665
-0.002890814328566194
-0.002888612681999803
-0.002886413130909204
-0.002884216839447618
-0.002882022876292467
-0.002879831939935684
-0.002877643797546625
-0.002875458681955934
-0.002873275894671679
-0.002871096367016435
-0.002868919400498271
-0.002866744995117188
-0.002864573383703828
-0.002862404566258192
-0.002860238775610924
-0.002858075778931379
-0.002855915809050202
-0.002853759098798037
-0.002851605648174882
-0.002849455224350095
-0.002847307827323675
-0.002845163689926267
-0.002843022579327226
-0.002840884262695909
-0.002838748972862959
-0.002836616244167089
-0.002834485610947013
-0.002832356840372086
-0.002830229932442307
-0.002828105352818966
-0.002825982170179486
-0.002823861315846443
-0.002821742091327906
-0.002819625195115805
-0.00281751062721014
-0.002815398620441556
-0.002813289407640696
-0.002811182755976915
-0.002809079131111503
-0.002806978765875101
-0.002804881427437067
-0.002802786882966757
-0.00280069513246417
-0.002798605943098664
-0.002796519082039595
-0.002794434316456318
-0.002792352112010121
-0.002790272003039718
-0.002788194222375751
-0.002786118304356933
-0.002784044714644551
-0.00278197368606925
-0.002779904985800385
-0.002777838846668601
-0.00277577550150454
-0.002773714950308204
-0.002771657193079591
-0.002769601764157414
-0.002767548663541675
-0.002765498124063015
-0.002763449680060148
-0.002761403098702431
-0.002759358612820506
-0.002757316222414374
-0.002755275694653392
-0.002753237495198846
-0.002751201391220093
-0.002749167615547776
-0.002747136168181896
-0.002745107281953096
-0.002743080956861377
-0.002741057425737381
-0.002739037154242396
-0.002737019443884492
-0.002735004527494311
-0.002732992172241211
-0.002730982378125191
-0.002728975145146251
-0.002726970240473747
-0.00272496766410768
-0.002722967183217406
-0.002720969030633569
-0.002718973439186811
-0.002716979710385203
-0.002714988542720675
-0.002712999703362584
-0.002711013657972217
-0.002709030406549573
-0.002707049949094653
-0.002705072052776814
-0.002703096717596054
-0.002701123943552375
-0.002699153963476419
-0.002697186311706901
-0.002695220522582531
-0.002693256828933954
-0.002691294997930527
-0.002689335029572248
-0.002687376923859119
-0.002685420447960496
-0.002683465369045734
-0.002681511919945478
-0.002679560566321015
-0.002677611075341702
-0.002675663447007537
-0.002673718146979809
-0.002671774942427874
-0.002669833833351731
-0.002667895518243313
-0.002665959531441331
-0.002664026105776429
-0.002662094309926033
-0.002660164842382073
-0.00265823770314455
-0.00265631265938282
-0.002654389943927526
-0.002652469556778669
-0.002650551730766892
-0.002648636698722839
-0.00264672446064651
-0.002644814783707261
-0.00264290813356638
-0.002641004510223866
-0.002639103680849075
-0.002637205179780722
-0.002635309007018805
-0.002633415395393968
-0.00263152364641428
-0.002629633992910385
-0.002627745969220996
-0.002625859342515469
-0.002623974578455091
-0.002622091677039862
-0.002620210638269782
-0.002618331229314208
-0.002616453915834427
-0.002614578930661082
-0.002612706040963531
-0.002610835479572415
-0.002608967712149024
-0.002607102040201426
-0.002605238696560264
-0.002603377681225538
-0.002601518528535962
-0.002599661471322179
-0.002597805811092257
-0.002595951780676842
-0.002594099845737219
-0.002592249540612102
-0.002590401098132133
-0.002588554751127958
-0.002586710266768932
-0.002584868110716343
-0.002583028050139546
-0.00258119055069983
-0.00257935537956655
-0.002577522303909063
-0.002575691789388657
-0.002573863603174686
-0.002572037512436509
-0.002570213284343481
-0.002568391151726246
-0.002566571114584804
-0.002564752707257867
-0.002562935929745436
-0.002561121247708797
-0.002559308428317308
-0.002557497471570969
-0.002555689075961709
-0.00255388324148953
-0.002552079502493143
-0.002550278091803193
-0.002548479242250323
-0.002546683186665177
-0.002544889226555824
-0.002543097361922264
-0.00254130782559514
-0.002539520151913166
-0.002537734340876341
-0.002535950392484665
-0.002534167841076851
-0.002532386919483542
-0.002530607394874096
-0.002528829267248511
-0.002527052536606789
-0.002525277202948928
-0.002523503033444285
-0.002521730726584792
-0.002519960049539804
-0.002518191002309322
-0.002516424050554633
-0.002514659659937024
-0.002512897364795208
-0.002511137397959828
-0.002509380225092173
-0.002507625380530953
-0.002505873097106814
-0.002504123607650399
-0.002502376213669777
-0.002500631147995591
-0.002498888410627842
-0.002497148001566529
-0.002495409687981009
-0.002493673004209995
-0.00249193818308413
-0.002490204991772771
-0.002488473197445273
-0.002486743032932281
-0.002485014498233795
-0.002483287826180458
-0.002481562783941627
-0.002479839371517301
-0.002478117821738124
-0.002476397901773453
-0.002474680310115218
-0.002472964581102133
-0.002471250714734197
-0.002469539176672697
-0.002467829268425703
-0.002466121455654502
-0.00246441550552845
-0.002462711185216904
-0.002461008261889219
-0.002459307201206684
-0.002457607304677367
-0.002455908805131912
-0.002454211935400963
-0.002452516695484519
-0.002450823318213224
-0.002449132036417723
-0.00244744261726737
-0.002445755526423454
-0.002444070996716619
-0.002442389260977507
-0.002440709853544831
-0.002439033007249236
-0.002437358256429434
-0.002435685833916068
-0.002434015739709139
-0.002432347740978003
-0.002430681604892015
-0.002429017331451178
-0.002427354687824845
-0.002425693208351731
-0.002424033358693123
-0.002422374673187733
-0.002420717384666204
-0.002419061027467251
-0.002417406067252159
-0.002415752504020929
-0.002414100570604205
-0.002412450267001987
-0.002410801593214273
-0.00240915478207171
-0.002407509833574295
-0.002405866980552673
-0.002404225990176201
-0.002402587095275521
-0.002400950528681278
-0.002399316057562828
-0.002397683914750814
-0.002396053867414594
-0.002394425217062235
-0.002392798895016313
-0.002391174202784896
-0.002389551373198628
-0.002387930173426867
-0.002386310370638967
-0.002384692430496216
-0.002383076120167971
-0.002381461672484875
-0.002379848854616284
-0.0023782376665622
-0.00237662810832262
-0.002375019947066903
-0.002373413648456335
-0.002371808746829629
-0.002370205475017428
-0.002368604065850377
-0.002367004519328475
-0.002365406369790435
-0.002363809384405613
-0.002362214028835297
-0.00236062053591013
-0.002359028905630112
-0.002357438905164599
-0.002355850301682949
-0.002354263793677092
-0.00235267891548574
-0.002351095667108893
-0.002349513815715909
-0.002347933361306787
-0.00234635453671217
-0.002344777574762702
-0.002343202009797096
-0.002341628540307283
-0.002340056700631976
-0.002338486257940531
-0.002336917677894235
-0.002335350960493088
-0.002333786338567734
-0.002332223579287529
-0.00233066244982183
-0.002329103415831923
-0.002327546710148454
-0.002325992099940777
-0.002324439119547606
-0.00232288776896894
-0.002321338513866067
-0.002319790422916412
-0.00231824372895062
-0.002316698199138045
-0.002315154299139977
-0.002313611563295126
-0.002312070224434137
-0.002310530282557011
-0.002308991737663746
-0.002307454822584987
-0.002305919304490089
-0.002304385649040341
-0.002302853390574455
-0.002301322761923075
-0.0022997937630862
-0.002298266626894474
-0.002296741120517254
-0.002295217476785183
-0.002293695695698261
-0.002292176010087132
-0.002290657721459866
-0.002289141062647104
-0.002287626033648849
-0.002286112401634455
-0.002284600399434566
-0.002283089561387897
-0.002281579887494445
-0.002280071377754211
-0.002278564497828484
-0.002277059014886618
-0.002275554928928614
-0.002274052705615759
-0.002272552577778697
-0.002271054312586784
-0.002269558142870665
-0.002268063835799694
-0.002266571158543229
-0.002265080343931913
-0.00226359092630446
-0.002262102905660868
-0.002260616747662425
-0.002259131986647844
-0.002257648389786482
-0.002256166189908981
-0.002254685387015343
-0.002253205981105566
-0.002251727739349008
-0.002250250894576311
-0.00224877567961812
-0.002247302327305079
-0.002245829906314611
-0.002244359347969294
-0.002242890652269125
-0.002241423586383462
-0.002239958150312304
-0.002238494344055653
-0.00223703240044415
-0.002235572319477797
-0.002234113868325949
-0.002232656814157963
-0.002231201389804482
-0.002229747362434864
-0.002228294732049108
-0.002226844197139144
-0.002225394360721111
-0.002223946154117584
-0.002222498878836632
-0.002221052767708898
-0.002219608053565025
-0.002218164736405015
-0.002216722583398223
-0.002215282060205936
-0.002213842701166868
-0.002212404971942306
-0.002210968639701605
-0.00220953393727541
-0.002208100399002433
-0.002206668490543962
-0.002205238211899996
-0.002203809563070536
-0.002202382544055581
-0.002200956922024488
-0.002199532929807901
-0.002198110800236464
-0.002196690300479531
-0.002195271430537105
-0.002193854423239827
-0.002192439045757055
-0.002191025298088789
-0.002189613180235028
-0.002188202459365129
-0.002186793135479093
-0.002185385441407561
-0.002183979377150536
-0.002182574709877372
-0.002181171672418714
-0.002179769799113274
-0.002178368857130408
-0.002176968846470118
-0.002175569767132401
-0.002174172084778547
-0.002172775799408555
-0.002171380678191781
-0.002169986721128225
-0.002168593928217888
-0.002167202299460769
-0.002165812067687511
-0.002164422767236829
-0.002163034630939364
-0.002161647891625762
-0.002160262316465378
-0.002158878138288856
-0.002157495589926839
-0.002156114438548684
-0.002154734684154391
-0.002153356792405248
-0.002151980763301253
-0.002150606364011765
-0.002149233827367425
-0.002147863153368235
-0.00214649410918355
-0.002145126694813371
-0.002143760677427053
-0.002142396057024598
-0.002141032833606005
-0.00213967077434063
-0.002138310112059116
-0.002136950846761465
-0.002135592745617032
-0.002134235808625817
-0.002132880035787821
-0.002131525194272399
-0.002130171749740839
-0.002128819469362497
-0.002127468585968018
-0.0021261190995574
-0.002124771242961287
-0.002123425016179681
-0.002122080186381936
-0.002120736753568053
-0.00211939518339932
-0.002118055475875735
-0.002116716932505369
-0.002115380251780152
-0.002114044968038797
-0.002112710848450661
-0.002111377660185099
-0.002110045636072755
-0.002108714776113629
-0.002107384847477078
-0.002106055850163102
-0.002104727318510413
-0.002103399951010942
-0.002102073514834046
-0.002100748242810369
-0.002099424134939909
-0.002098101424053311
-0.002096780575811863
-0.002095461124554276
-0.002094143535941839
-0.002092827809974551
-0.002091513480991125
-0.002090200781822205
-0.002088889479637146
-0.002087579108774662
-0.002086270367726684
-0.002084962790831923
-0.002083656145259738
-0.002082350663840771
-0.002081046812236309
-0.002079743891954422
-0.002078442834317684
-0.002077142708003521
-0.00207584397867322
-0.002074546413496137
-0.002073250478133559
-0.002071955939754844
-0.002070663031190634
-0.002069371286779642
-0.002068080473691225
-0.002066790824756026
-0.002065502107143402
-0.002064213855192065
-0.002062926068902016
-0.002061638748273253
-0.002060352126136422
-0.002059066202491522
-0.002057780511677265
-0.002056495519354939
-0.002055211225524545
-0.002053927397355437
-0.002052644267678261
-0.002051361603662372
-0.00205007940530777
-0.002048797672614455
-0.002047516405582428
-0.002046235138550401
-0.00204495363868773
-0.002043671673163772
-0.002042388776317239
-0.002041105180978775
-0.002039820188656449
-0.002038532868027687
-0.002037243219092488
-0.002035950543358922
-0.002034654607996345
-0.002033354947343469
-0.002032051328569651
-0.002030742820352316
-0.00202942849136889
-0.002028107643127441
-0.002026779111474752
-0.002025442430749536
-0.002024095971137285
-0.002022738568484783
-0.002021369291469455
-0.002019986510276794
-0.002018589060753584
-0.00201717484742403
-0.002015742706134915
-0.002014289610087872
-0.00201281369663775
-0.002011312870308757
-0.002009784104302526
-0.002008224371820688
-0.002006630646064878
-0.002004999667406082
-0.00200332747772336
-0.002001610351726413
-0.001999844331294298
-0.0019980245269835
-0.001996146282181144
-0.001994204008951783
-0.00199219211935997
-0.001990104792639613
-0.001987935975193977
-0.001985678914934397
-0.001983326161280274
-0.001980869797989726
-0.001978302374482155
-0.001975615276023746
-0.001972799189388752
-0.001969844801351428
-0.001966742565855384
-0.001963482005521655
-0.001960052642971277
-0.001956443535163999
-0.001952643622644246
-0.001948641031049192
-0.001944424002431333
-0.001939980778843164
-0.001935299020260572
-0.001930366386659443
-0.001925170072354376
-0.001919697504490614
-0.001913935760967433
-0.001907872268930078
-0.001901494455523789
-0.001894789631478488
-0.00188774592243135
-0.001880351221188903
-0.001872594584710896
-0.001864465302787721
-0.001855953712947667
-0.001847050967626274
-0.001837749383412302
-0.001828042208217084
-0.001817924319766462
-0.001807391876354814
-0.001796442549675703
-0.001785075524821877
-0.001773291849531233
-0.001761094317771494
-0.001748487818986177
-0.001735479454509914
-0.001722078188322484
-0.001708295661956072
-0.001694145379588008
-0.001679643639363348
-0.001664808951318264
-0.001649662619456649
-0.001634228508919477
-0.001618532696738839
-0.001602604286745191
-0.001586474711075425
-0.001570177380926907
-0.001553748152218759
-0.001537224859930575
-0.001520647434517741
-0.001504056854173541
-0.001487495959736407
-0.001471008523367345
-0.001454638782888651
-0.001438432256691158
-0.001422433764673769
-0.001406688592396677
-0.001391241210512817
-0.001376135158352554
-0.001361412578262389
-0.001347114215604961
-0.001333278371021152
-0.001319940784014761
-0.001307134050875902
-0.001294888090342283
-0.001283228397369385
-0.001272176625207067
-0.001261749886907637
-0.001251960289664567
-0.00124281516764313
-0.001234316732734442
-0.001226461608894169
-0.001219241064973176
-0.001212640316225588
-0.001206639572046697
-0.001201213337481022
-0.0011963308788836
-0.001191956573165953
-0.001188049907796085
-0.001184566062875092
-0.001181456027552485
-0.001178667647764087
-0.001176145509816706
-0.001173832337372005
-0.001171668875031173
-0.001169595052488148
-0.001167550683021545
-0.001165475929155946
-0.001163312350399792
-0.00116100360173732
-0.001158496248535812
-0.001155740232206881
-0.001152689568698406
-0.001149303396232426
-0.001145546557381749
-0.001141389599069953
-0.001136809820309281
-0.001131791505031288
-0.001126325922086835
-0.001120411674492061
-0.001114054815843701
-0.001107268501073122
-0.001100072986446321
-0.001092495513148606
-0.001084569375962019
-0.001076334272511303
-0.001067834557034075
-0.001059119356796145
-0.001050241640768945
-0.001041257055476308
-0.001032222877256572
-0.001023197546601295
-0.001014239387586713
-0.001005405676551163
-0.0009967517107725143
-0.0009883299935609102
-0.0009801887208595872
-0.0009723716648295522
-0.0009649170096963644
-0.0009578570025041699
-0.0009512172546237707
-0.0009450161596760154
-0.0009392650681547821
-0.0009339677053503692
-0.000929120578803122
-0.0009247129783034325
-0.0009207275579683483
-0.0009171403362415731
-0.000913921685423702
-0.0009110372047871351
-0.0009084482444450259
-0.0009061134187504649
-0.000903989071957767
-0.0009020307334139943
-0.0009001939324662089
-0.0008984360028989613
-0.0008967163157649338
-0.0008949982584454119
-0.0008932497585192323
-0.0008914439240470529
-0.0008895603241398931
-0.0008875854546204209
-0.0008855132036842406
-0.0008833453175611794
-0.000881091458722949
-0.0008787692058831453
-0.0008764037629589438
-0.0008740279590710998
-0.0008716812590137124
-0.0008694095886312425
-0.0008672642288729548
-0.0008653009426780045
-0.000863578577991575
-0.0008621585438959301
-0.0008611030643805861
-0.0008604744216427207
-0.0008603334426879883
-0.0008607384515926242
-0.0008617439307272434
-0.000863399647641927
-0.0008657496655359864
-0.0008688316447660327
-0.0008726759697310627
-0.0008773055160418153
-0.000882734835613519
-0.000888970447704196
-0.000896010547876358
-0.0009038455900736153
-0.0009124581702053547
-0.0009218238410539925
-0.0009319114033132792
-0.0009426838951185346
-0.0009540993487462401
-0.0009661117801442742
-0.0009786718292161822
-0.0009917276911437511
-0.001005226513370872
-0.001019114628434181
-0.001033338368870318
-0.001047844998538494
-0.001062583411112428
-0.00107750401366502
-0.001092559890821576
-0.001107705757021904
-0.001122899120673537
-0.001138099585659802
-0.001153268851339817
-0.001168370246887207
-0.00118336861487478
-0.00119822914712131
-0.001212917850352824
-0.001227400847710669
-0.001241643447428942
-0.001255610259249806
-0.001269264612346888
-0.001282568438909948
-0.001295482506975532
-0.001307966187596321
-0.001319977338425815
-0.001331473467871547
-0.001342411269433796
-0.001352748367935419
-0.00136244238819927
-0.001371453399769962
-0.001379743800498545
-0.001387280062772334
-0.001394033199176192
-0.001399980159476399
-0.001405104296281934
-0.001409396878443658
-0.001412857556715608
-0.001415495295077562
-0.001417328952811658
-0.001418387517333031
-0.001418710220605135
-0.001418346888385713
-0.001417356776073575
-0.00141580868512392
-0.001413780264556408
-0.001411356264725327
-0.001408627605997026
-0.001405689981766045
-0.001402642228640616
-0.001399584580212831
-0.001396617037244141
-0.001393837039358914
-0.001391338184475899
-0.001389208249747753
-0.001387527212500572
-0.001386366318911314
-0.001385785872116685
-0.001385834882967174
-0.001386549673043191
-0.001387953641824424
-0.001390056218951941
-0.001392853097058833
-0.001396326930262148
-0.001400447101332247
-0.001405170536600053
-0.001410442986525595
-0.00141620053909719
-0.001422370318323374
-0.001428872696124017
-0.001435622572898865
-0.001442531473003328
-0.001449509407393634
-0.001456466852687299
-0.001463316264562309
-0.001469973940402269
-0.001476361649110913
-0.001482408028095961
-0.001488049980252981
-0.001493233605287969
-0.001497915480285883
-0.001502062659710646
-0.001505653955973685
-0.00150867912452668
-0.00151113944593817
-0.001513047725893557
-0.001514426781795919
-0.001515309908427298
-0.001515738782472908
-0.001515763578936458
-0.00151544064283371
-0.00151483213994652
-0.001514003844931722
-0.001513024559244514
-0.001511963200755417
-0.00151088903658092
-0.001509869005531073
-0.001508966903202236
-0.001508241984993219
-0.001507747685536742
-0.001507530338130891
-0.001507629058323801
-0.001508073997683823
-0.001508886693045497
-0.001510079251602292
-0.00151165435090661
-0.001513605238869786
-0.001515915966592729
-0.001518562203273177
-0.001521511119790375
-0.001524723251350224
-0.001528152730315924
-0.00153174891602248
-0.001535457791760564
-0.001539222779683769
-0.001542986952699721
-0.00154669361654669
-0.001550288638100028
-0.001553721143864095
-0.001556945266202092
-0.00155992095824331
-0.001562615274451673
-0.001565003301948309
-0.001567068276926875
-0.001568802515976131
-0.001570207299664617
-0.001571292639710009
-0.001572077278979123
-0.001572587876580656
-0.001572857960127294
-0.001572927460074425
-0.001572840963490307
-0.001572646317072213
-0.001572393695823848
-0.001572133856825531
-0.001571916160173714
-0.001571787521243095
-0.001571790780872107
-0.001571964006870985
-0.00157233839854598
-0.001572937937453389
-0.001573779038153589
-0.001574869151227176
-0.001576207345351577
-0.00157778465654701
-0.001579584204591811
-0.001581581425853074
-0.001583745703101158
-0.001586041646078229
-0.001588428975082934
-0.001590865897014737
-0.001593309338204563
-0.001595716807059944
-0.001598047791048884
-0.001600265153683722
-0.00160233664792031
-0.001604235381819308
-0.001605941564776003
-0.001607442041859031
-0.00160873169079423
-0.001609812257811427
-0.001610693754628301
-0.001611392362974584
-0.001611930201761425
-0.001612334628589451
-0.001612637424841523
-0.00161287235096097
-0.001613074913620949
-0.001613280386663973
-0.001613523229025304
-0.001613834756426513
-0.001614243141375482
-0.001614771666936576
-0.001615438377484679
-0.001616255147382617
-0.001617228030227125
-0.001618357142433524
-0.001619636197574437
-0.001621053204871714
-0.001622592099010944
-0.001624231925234199
-0.00162594928406179
-0.001627718447707593
-0.001629513106308877
-0.001631306600756943
-0.00163307401817292
-0.001634792541153729
-0.001636442728340626
-0.001638009212911129
-0.001639480818994343
-0.001640851725824177
-0.001642120885662735
-0.001643292140215635
-0.001644374337047338
-0.001645380631089211
-0.001646327669732273
-0.001647235127165914
-0.001648124656639993
-0.001649019424803555
-0.001649942481890321
-0.001650916528888047
-0.001651962986215949
-0.001653100713156164
-0.001654345775023103
-0.001655711210332811
-0.001657206681557
-0.001658838125877082
-0.001660607755184174
-0.001662514870986342
-0.001664555049501359
-0.001666721771471202
-0.0016690066549927
-0.001671400154009461
-0.001673892256803811
-0.001676472835242748
-0.001679132925346494
-0.00168186507653445
-0.001684663933701813
-0.001687526702880859
-0.001690453616902232
-0.00169344840105623
-0.001696517574600875
-0.001699671149253845
-0.001702922279946506
-0.001706286333501339
-0.001709781121462584
-0.001713426318019629
-0.00171724206302315
-0.001721249660477042
-0.001725470065139234
-0.00172992330044508
-0.001734628458507359
-0.001739603001624346
-0.001744862413033843
-0.001750419265590608
-0.001756284502334893
-0.001762465923093259
-0.001768969232216477
-0.001775798271410167
-0.001782954321242869
-0.001790436916053295
-0.001798244076780975
-0.001806373009458184
-0.001814819872379303
-0.001823580358177423
-0.001832649810239673
-0.001842023455537856
-0.001851696753874421
-0.001861664932221174
-0.001871923916041851
-0.0018824691651389
-0.001893296372145414
-0.001904400764033198
-0.001915776869282126
-0.001927418168634176
-0.001939317444339395
-0.00195146503392607
-0.001963849877938628
-0.001976458355784416
-0.001989274518564343
-0.002002279739826918
-0.002015452133491635
-0.002028767019510269
-0.002042197156697512
-0.002055712509900331
-0.00206928001716733
-0.002082864986732602
-0.00209642993286252
-0.002109936438500881
-0.002123346086591482
-0.002136618597432971
-0.002149714389815927
-0.002162594115361571
-0.002175219124183059
-0.002187553094699979
-0.002199561102315784
-0.002211210085079074
-0.002222470240667462
-0.00223331362940371
-0.002243716502562165
-0.002253656974062324
-0.002263117115944624
-0.002272083191201091
-0.002280543558299541
-0.002288490766659379
-0.002295920392498374
-0.002302832202985883
-0.002309229224920273
-0.00231511821039021
-0.002320509403944016
-0.002325416076928377
-0.002329855225980282
-0.002333848038688302
-0.002337418030947447
-0.002340593142434955
-0.002343404106795788
-0.002345884684473276
-0.002348071429878473
-0.002350003691390157
-0.002351723611354828
-0.002353274496272206
-0.002354701748117805
-0.002356051933020353
-0.00235737138427794
-0.002358707599341869
-0.002360107144340873
-0.002361615188419819
-0.002363275270909071
-0.002365128137171268
-0.002367211505770683
-0.002369559369981289
-0.002372201299294829
-0.002375162672251463
-0.002378463046625257
-0.002382116857916117
-0.002386132255196571
-0.002390512265264988
-0.002395252930000424
-0.002400344237685204
-0.002405771519988775
-0.002411514287814498
-0.002417545765638351
-0.002423835219815373
-0.002430346794426441
-0.002437041373923421
-0.002443876583129168
-0.002450806554406881
-0.002457784488797188
-0.002464761724695563
-0.002471689134836197
-0.002478517824783921
