0
0
0
0
0
0
0
0
0
0
0
0
0
0
0
0
0
0
0
0
0
0
0
0
0
0
0
0
0
0
0
0
0
0
0
0
0
0
0
0
0
0
0
0
0
0
0
0
0
0
0
0
0
0
0
0
0
0
0
0
0
0
0
0
0
0
0
0
0
0
0
0
0
0
0
0
0
0
0
0
0
0
0
0
0
0
0
0
0
0
0
0
0
0
0
0
0
0
0
0
0
0
0
0
0
0
0
0
0
0
0
0
0
0
0
0
0
0
0
0
0
0
0
0
0
0
0
0
0
0
0
0
0
0
0
0
0
0
0
0
0
0
0
0
0
0
0
0
0
0
0
0
0
0
0
0
0
0
0
0
0
0
0
0
0
0
0
0
0
0
0
0
0
0
0
0
0
0
0
0
0
0
0
0
0
0
0
0
0
0
0
0
0
0
0
0
0
0
0
0
0
0
0
0
0
0
0
0
0
0
0
0
0
0
0
0
0
0
0
0
0
0
0
0
0
0
0
0
0
0
0
0
0
0
0
0
0
0
0
0
0
0
0
0
0
0
0
0
0
0
0
0
0
0
0
0
0
0
0
0
0
0
0
0
0
0
0
0
0
0
0
0
0
0
0
0
0
0
0
0
0
0
0
0
0
0
0
0
0
0
0
0
0
0
0
0
0
0
0
0
0
0
0
0
0
0
0
0
0
0
0
0
0
0
0
0
0
0
0
0
0
0
0
0
0
0
0
0
0
0
0
0
0
0
0
0
0
0
0
0
0
0
0
0
0
0
0
0
0
0
0
0
0
0
0
0
0
0
0
0
0
0
0
0
0
0
0
0
0
0
0
0
0
0
0
0
0
0
0
0
0
0
0
0
0
0
0
0
0
0
0
0
0
0
0
0
0
0
0
0
0
0
0
0
0
0
0
0
0
0
0
0
0
0
0
0
0
0
0
0
0
0
0
0
0
0
0
0
0
0
0
0
0
0
0
0
0
0
0
0
0
0
0
0
0
0
0
0
0
0
0
0
0
0
0
0
0
0
0
0
0
0
0
0
0
0
0
0
0
0
0
0
0
0
0
0
0
0
0
0
0
0
0
0
0
0
0
0
0
0
0
0
0
0
0
0
0
0
0
0
0
0
0
0
0
0
0
0
0
0
0
0
0
0
0
0
0
0
0
0
0
0
0
0
0
0
0
0
0
0
0
0
0
0
0
0
0
0
0
0
0
0
0
0
0
0
0
0
0
0
0
0
0
0
0
0
0
0
0
0
0
0
0
0
0
0
0
0
0
0
0
0
0
0
0
0
0
0
0
0
0
0
0
0
0
0
0
0
0
0
0
0
0
0
0
0
0
0
0
0
0
0
0
0
0
0
0
0
0
0
0
0
0
0
0
0
0
0
0
0
0
0
0
0
0
0
0
0
0
0
0
0
0
0
0
0
0
0
0
0
0
0
0
0
0
0
0
0
0
0
0
0
0
0
0
0
0
0
0
0
0
0
0
0
0
0
0
0
0
0
0
0
0
0
0
0
0
0
0
0
0
0
0
0
0
0
0
0
0
0
0
0
0
0
0
0
0
0
0
0
0
0
0
0
0
0
0
0
0
0
0
0
0
0
0
0
0
0
0
0
0
0
0
0
0
0
0
0
0
0
0
0
0
0
0
0
0
0
0
0
0
0
0
0
0
0
0
0
0
0
0
0
0
0
0
0
0
0
0
0
0
0
0
0
0
0
0
0
0
0
0
0
0
0
0
0
0
0
0
0
0
0
0
0
0
0
0
0
0
0
0
0
0
0
0
0
0
0
0
0
0
0
0
0
0
0
0
0
0
0
0
0
0
0
0
0
0
0
0
0
0
0
0
0
0
0
0
0
0
0
0
0
0
0
0
0
0
0
0
0
0
0
0
0
0
0
0
0
0
0
0
0
0
0
0
0
0
0
0
0
0
0
0
0
0
0
0
0
0
0
0
0
0
0
0
0
0
0
0
0
0
0
0
0
0
0
0
0
0
0
0
0
0
0
0
0
0
0
0
0
0
0
0
0
0
0
0
0
0
0
0
0
0
0
0
0
0
0
0
0
0
0
0
0
0
0
0
0
0
0
0
0
0
0
0
0
0
0
0
0
0
0
0
0
0
0
0
0
0
0
0
0
0
0
0
0
0
0
0
0
0
0
0
0
0
0
0
0
0
0
0
0
0
0
0
0
0
0
0
0
0
0
0
0
0
0
0
0
0
0
0
0
0
0
0
0
0
0
0
0
0
0
0
0
0
0
0
0
0
0
0
0
0
0
0
0
0
0
0
0
0
0
0
0
0
0
0
0
0
0
0
0
0
0
0
0
0
0
0
0
0
0
0
0
0
0
0
0
0
0
0
0
0
0
0
0
0
0
0
0
0
0
0
0
0
0
0
0
0
0
0
0
0
0
0
0
0
0
0
0
0
0
0
0
0
0
0
0
0
0
0
0
0
0
0
0
0
0
0
0
0
0
0
0
0
0
0
0
0
0
0
0
0
0
0
0
0
0
0
0
0
0
0
0
0
0
0
0
0
0
0
0
0
0
0
0
0
0
0
0
0
0
0
0
0
0
0
0
0
0
0
0
0
0
0
0
0
0
0
0
0
0
0
0
0
0
0
0
0
0
0
0
0
0
0
0
0
0
0
0
0
0
0
0
0
0
0
0
0
0
0
0
0
0
0
0
0
0
0
0
0
0
0
0
0
0
0
0
0
0
0
0
0
0
0
0
0
0
0
0
0
0
0
0
0
0
0
0
0
0
0
0
0
0
0
0
0
0
0
0
0
0
0
0
0
0
0
0
0
0
0
0
0
0
0
0
0
0
0
0
0
0
0
0
0
0
0
0
0
0
0
0
0
0
0
0
0
0
0
0
0
0
0
0
0
0
0
0
0
0
0
0
0
0
0
0
0
0
0
0
0
0
0
0
0
0
0
0
0
0
0
0
0
0
0
0
0
0
0
0
0
0
0
0
0
0
0
0
0
0
0
0
0
0
0
0
0
0
0
0
0
0
0
0
0
0
0
0
0
0
0
0
0
0
0
0
0
0
0
0
0
0
0
0
0
0
0
0
0
0
0
0
0
0
0
0
0
0
0
0
0
0
0
0
0
0
0
0
0
0
0
0
0
0
0
0
0
0
0
0
0
0
0
0
0
0
0
0
0
0
0
0
0
0
0
0
0
0
0
0
0
0
0
0
0
0
0
0
0
0
0
0
0
0
0
0
0
0
0
0
0
0
0
0
0
0
0
0
0
0
0
0
0
0
0
0
0
0
0
0
0
0
0
0
0
0
0
0
0
0
0
0
0
0
0
0
0
0
0
0
0
0
0
0
0
0
0
0
0
0
0
0
0
0
0
0
0
0
0
0
0
0
0
0
0
0
0
0
0
0
0
0
0
0
0
0
0
0
0
0
0
0
0
0
0
0
0
0
0
0
0
0
0
0
0
0
0
0
0
0
0
0
0
0
0
0
0
0
0
0
0
0
0
0
0
0
0
0
0
0
0
0
0
0
0
0
0
0
0
0
0
0
0
0
0
0
0
0
0
0
0
0
0
0
0
0
0
0
0
0
0
0
0
0
0
0
0
0
0
0
0
0
0
0
0
0
0
0
0
0
0
0
0
0
0
0
0
0
0
0
0
0
0
0
0
0
0
0
0
0
0
0
0
0
0
0
0
0
0
0
0
0
0
0
0
0
0
0
0
0
0
0
0
0
0
0
0
0
0
0
0
0
0
0
0
0
0
0
0
0
0
0
0
0
0
0
0
0
0
0
0
0
0
0
0
0
0
0
0
0
0
0
0
0
0
0
0
0
0
0
0
0
0
0
0
0
0
0
0
0
0
0
0
0
0
0
0
0
0
0
0
0
0
0
0
0
0
0
0
0
0
0
0
0
0
0
0
0
0
0
0
0
0
0
0
0
0
0
0
0
0
0
0
0
0
0
0
0
0
0
0
0
0
0
0
0
2.802596928649634e-45
2.382207389352189e-44
6.58610278232664e-44
1.499389356827554e-43
3.222986467947079e-43
6.375908012677918e-43
1.212123171640967e-42
2.239274945991058e-42
4.09599541122144e-42
7.454907830208027e-42
1.349450421144799e-41
2.432654134067882e-41
4.371770949000564e-41
7.838303090047297e-41
1.402531606973423e-40
2.50486304393454e-40
4.465097426724597e-40
7.944941903182415e-40
1.411128573052056e-39
2.50188528469785e-39
4.427867729124415e-39
7.822604343351466e-39
1.379550312158496e-38
2.428591769819805e-38
4.26778843723442e-38
7.486574933424225e-38
1.31097939731298e-37
2.291613779945221e-37
3.998712563465171e-37
6.96518518180435e-37
1.211097824739039e-36
2.102133340507779e-36
3.642303756080398e-36
6.299807416716137e-36
1.087712100383007e-35
1.87472077851258e-35
3.225488196006089e-35
5.5397610662867e-35
9.497810683651767e-35
1.625523294279355e-34
2.777157061284243e-34
4.736369796600318e-34
8.06359920976311e-34
1.37041050780732e-33
2.324936257081499e-33
3.937408326865487e-33
6.656548267534171e-33
1.123381380172474e-32
1.892540027352129e-32
3.182752341239102e-32
5.343191939247446e-32
8.954453407537138e-32
1.498021083526893e-31
2.501713643592321e-31
4.170596122395416e-31
6.940645738921694e-31
1.153036108071861e-30
1.912173651217077e-30
3.165581084165539e-30
5.231439619125506e-30
8.630398273567706e-30
1.421289053488832e-29
2.336555511807439e-29
3.834528625760863e-29
6.281885746071161e-29
1.027331236123741e-28
1.677155647540792e-28
2.733245832559095e-28
4.44658464818882e-28
7.221326326588439e-28
1.170711857510261e-27
1.894635316127893e-27
3.060862549466151e-27
4.936334862647391e-27
7.94708875941347e-27
1.277185604112646e-26
2.049002568586216e-26
3.281508215770231e-26
5.246225156642262e-26
8.37264547548758e-26
1.333892300209195e-25
2.121392420368701e-25
3.367932673428576e-25
5.337620732228422e-25
8.444499610596735e-25
1.333650021303679e-24
2.102574439297493e-24
3.309042333309178e-24
5.198696706185052e-24
8.153192999821245e-24
1.276444076710631e-23
1.994879030187585e-23
3.112230767129126e-23
4.846935266621407e-23
7.535336944012975e-23
1.169439717642306e-22
1.811725596616695e-22
2.801858240244223e-22
4.325524524670117e-22
6.666071548799493e-22
1.025508776445141e-21
1.574877266370218e-21
2.414302312836822e-21
3.694654308653166e-21
5.644075058783435e-21
8.606928172507192e-21
1.310206107346119e-20
1.990979144210242e-20
3.020153061822171e-20
4.573260271368347e-20
6.912850484212514e-20
1.043091037547678e-19
1.571160814156058e-19
2.362391123311765e-19
3.545808440394177e-19
5.31264193037695e-19
7.945788396728986e-19
1.186298697348664e-18
1.767995575345834e-18
2.630254022545091e-18
3.906096985756575e-18
5.790507478971284e-18
8.568754039269463e-18
1.265743170650272e-17
1.866378534887482e-17
2.747130672631894e-17
4.036301914335383e-17
5.919867607990492e-17
8.666894717609695e-17
1.266594438762263e-16
1.847708009670976e-16
2.690604921513613e-16
3.910989080791724e-16
5.674692994965449e-16
8.218951269621608e-16
1.188250005660328e-15
1.714808884353911e-15
2.470240088802106e-15
3.552034993651513e-15
5.098340860951048e-15
7.304544474709754e-15
1.044645479738844e-14
1.491266386364955e-14
2.124961380359051e-14
3.022422264721547e-14
4.291079075185653e-14
6.081125322266248e-14
8.602136608278424e-14
1.214597676992349e-13
1.711832037882763e-13
2.408191918448765e-13
3.381590526260053e-13
4.739687375215906e-13
6.630950671361602e-13
9.259720811297112e-13
1.290668418495178e-12
1.795662468544179e-12
2.493598860384139e-12
3.456359113848673e-12
4.78189406474816e-12
6.603412261441122e-12
9.101702898306474e-12
1.252163563808528e-11
1.71942043936113e-11
2.356590096674882e-11
3.223778882732731e-11
4.401735573256182e-11
5.998718188848784e-11
8.159562608911486e-11
1.107764643903941e-10
1.501061219766342e-10
2.030101087235892e-10
2.740333238104853e-10
3.691930927640641e-10
4.964393340856077e-10
6.662530527279387e-10
8.924225802786623e-10
1.193048104752847e-09
1.591839771108994e-09
2.119788122811883e-09
2.817312383385229e-09
3.737013809512746e-09
4.947195986204633e-09
6.536358121422836e-09
8.618911806479446e-09
1.134243632350262e-08
1.489687306843734e-08
1.952612116440378e-08
2.554267553023237e-08
3.334598019932855e-08
4.344547122059339e-08
5.648936962643347e-08
7.330052653742314e-08
9.492107722053333e-08
1.226677710519652e-07
1.582003363864715e-07
2.036058788235096e-07
2.615025209706801e-07
3.351667317019746e-07
4.286887076432322e-07
5.471619033414754e-07
6.969133892198442e-07
8.857829811859119e-07
1.123460265262111e-06
1.421890942765458e-06
1.795763637346681e-06
2.263093620058498e-06
2.845917606464354e-06
3.571120259948657e-06
4.471413831197424e-06
5.586491170106456e-06
6.964388376218267e-06
8.663073458592407e-06
1.075230557034956e-05
1.331579460384091e-05
1.645370502956212e-05
2.028554445132613e-05
2.495346961950418e-05
3.06260772049427e-05
3.750271935132332e-05
4.58183822047431e-05
5.584918835666031e-05
6.791858322685584e-05
8.24041708256118e-05
9.974536806112155e-05
0.0001204517757287249
0.0001451124117011204
0.0001744056062307209
0.0002091097994707525
0.0002501150302123278
0.0002984350721817464
0.00035522022517398
0.0004217704408802092
0.0004995487979613245
0.000590195064432919
0.000695538823492825
0.000817612512037158
0.0009586631786078215
0.001121162436902523
0.001307816011831164
0.001521568978205323
0.001765609486028552
0.002043367363512516
0.002358510391786695
0.002714932197704911
0.003116737585514784
0.003568218788132071
0.004073825199157
0.004638124257326126
0.00526575418189168
0.005961368326097727
0.006729567889124155
0.007574825081974268
0.008501401171088219
0.009513246826827526
0.01061390340328217
0.01180638838559389
0.01309308502823114
0.01447561662644148
0.01595472730696201
0.01753015443682671
0.01920052990317345
0.02096325345337391
0.02281440421938896
0.02474866062402725
0.02675924822688103
0.02883789502084255
0.03097483515739441
0.03315883129835129
0.03537724539637566
0.03761614859104156
0.03986047580838203
0.04209420457482338
0.04430061206221581
0.0464625246822834
0.0485626719892025
0.05058401450514793
0.05251013487577438
0.05432562530040741
0.05601648986339569
0.05757058039307594
0.05897795781493187
0.06023124977946281
0.06132597476243973
0.06226079538464546
0.06303772330284119
0.06366220861673355
0.06414315104484558
0.06449278444051743
0.06472651660442352
0.06486260890960693
0.06492172926664352
0.06492647528648376
0.0649007260799408
0.06486897170543671
0.06485560536384583
0.06488408148288727
0.06497621536254883
0.0651513859629631
0.06542584300041199
0.06581208854913712
0.06631837785243988
0.06694836914539337
0.06770087778568268
0.06856989115476608
0.06954468786716461
0.07061026245355606
0.0717478021979332
0.07293540239334106
0.07414895296096802
0.0753631591796875
0.07655253261327744
0.07769253104925156
0.07876063883304596
0.07973736524581909
0.08060715347528458
0.0813591331243515
0.08198767155408859
0.0824926570057869
0.08287952840328217
0.08315906673669815
0.08334686607122421
0.08346258848905563
0.0835290402173996
0.08357097208499908
0.08361384272575378
0.08368250727653503
0.08379991352558136
0.08398588746786118
0.08425608277320862
0.08462113887071609
0.08508610725402832
0.08565018326044083
0.08630680292844772
0.08704403042793274
0.08784526586532593
0.08869024366140366
0.08955621719360352
0.09041937440633774
0.09125623106956482
0.09204504638910294
0.09276720881462097
0.09340829402208328
0.09395894408226013
0.09441544860601425
0.09477990120649338
0.09505999833345413
0.09526852518320084
0.09542243182659149
0.09554171562194824
0.09564801305532455
0.09576316922903061
0.09590775519609451
0.09609967470169067
0.09635300189256668
0.0966770276427269
0.09707573056221008
0.09754753857851028
0.09808554500341415
0.09867808967828751
0.09930969029664993
0.09996221214532852
0.1006162539124489
0.1012526154518127
0.1018536984920502
0.1024048179388046
0.1028952300548553
0.10331891477108
0.1036748960614204
0.1039672493934631
0.1042046770453453
0.1043997257947922
0.1045677289366722
0.1047255173325539
0.1048900857567787
0.1050771698355675
0.105300061404705
0.1055685579776764
0.1058882400393486
0.1062601357698441
0.1066807731986046
0.1071425229310989
0.1076344400644302
0.1081431731581688
0.1086542159318924
0.1091532111167908
0.1096271127462387
0.110065333545208
0.1104605570435524
0.1108093410730362
0.1111122518777847
0.111373707652092
0.1116015315055847
0.1118060573935509
0.1119991913437843
0.1121932864189148
0.1123999655246735
0.112629123032093
0.1128880456089973
0.1131808459758759
0.1135081648826599
0.1138672605156898
0.1142523586750031
0.1146552935242653
0.1150664016604424
0.1154754608869553
0.1158727183938026
0.1162497997283936
0.1166004911065102
0.1169212087988853
0.1172113344073296
0.1174730882048607
0.117711253464222
0.1179326251149178
0.1181451752781868
0.11835727840662
0.118576854467392
0.1188105493783951
0.1190631687641144
0.1193372085690498
0.1196327209472656
0.1199474111199379
0.1202769875526428
0.1206156685948372
0.1209568381309509
0.1212938278913498
0.1216205507516861
0.1219322085380554
0.1222256347537041
0.1224996373057365
0.1227550134062767
0.1229943856596947
0.1232218146324158
0.1234423369169235
0.1236613318324089
0.1238839328289032
0.1241144835948944
0.1243561282753944
0.124610461294651
0.1248774826526642
0.1251556277275085
0.1254420876502991
0.1257331371307373
0.1260245442390442
0.1263122260570526
0.1265925765037537
0.1268628984689713
0.12712162733078
0.1273685246706009
0.1276045888662338
0.1278318464756012
0.1280531287193298
0.1282716989517212
0.1284907907247543
0.1287132650613785
0.1289413273334503
0.1291762590408325
0.1294183284044266
0.1296668201684952
0.1299202144145966
0.1301763355731964
0.1304326951503754
0.1306868493556976
0.1309366077184677
0.1311803311109543
0.1314170956611633
0.1316467672586441
0.1318699270486832
0.1320878267288208
0.1323021501302719
0.1325148046016693
0.1327275931835175
0.1329421252012253
0.1331595033407211
0.1333802938461304
0.1336044818162918
0.1338314116001129
0.1340600401163101
0.1342889368534088
0.1345166116952896
0.1347416192293167
0.1349627375602722
0.1351790875196457
0.1353902220726013
0.1355960816144943
0.135796993970871
0.1359935849905014
0.1361865252256393
0.1363765448331833
0.1365641802549362
0.1367496252059937
0.1369327306747437
0.1371129304170609
0.1372892111539841
0.1374602168798447
0.1376242488622665
0.1377794593572617
0.1379238665103912
0.1380554586648941
0.1381722539663315
0.1382723748683929
0.1383540034294128
0.1384153068065643
0.1384544521570206
0.1384694576263428
0.1384581625461578
0.1384180784225464
0.1383463740348816
0.1382398754358292
0.1380950659513474
0.1379079967737198
0.137674406170845
0.1373898983001709
0.1370499283075333
0.1366499811410904
0.1361855864524841
0.135652482509613
0.1350467205047607
0.1343646347522736
0.133603036403656
0.1327591985464096
0.1318309009075165
0.1308165490627289
0.1297152787446976
0.1285268813371658
0.1272520124912262
0.12589231133461
0.1244504451751709
0.1229302510619164
0.1213368102908134
0.1196765229105949
0.117957204580307
0.1161880493164062
0.1143796220421791
0.1125437691807747
0.1106935515999794
0.1088430434465408
0.1070071309804916
0.1052012667059898
0.1034412235021591
0.1017427071928978
0.1001210883259773
0.09859104454517365
0.09716617316007614
0.0958586186170578
0.09467875957489014
0.09363485872745514
0.09273269772529602
0.09197534620761871
0.09136293828487396
0.09089241921901703
0.09055753797292709
0.09034880250692368
0.0902535691857338
0.0902562290430069
0.09033848345279694
0.09047974646091461
0.09065768122673035
0.09084872901439667
0.09102881699800491
0.09117411077022552
0.09126172959804535
0.09127052873373032
0.09118185937404633
0.09098023176193237
0.09065393358469009
0.09019550681114197
0.08960206061601639
0.08887547999620438
0.0880223736166954
0.08705388754606247
0.08598522841930389
0.08483511954545975
0.08362500369548798
0.08237810432910919
0.0811183750629425
0.07986935973167419
0.07865304499864578
0.0774887278676033
0.07639197260141373
0.07537368685007095
0.07443943619728088
0.07358885556459427
0.07281551510095596
0.07210696488618851
0.07144510746002197
0.07080689817667007
0.07016529887914658
0.06949049979448318
0.06875134259462357
0.06791684031486511
0.06695777177810669
0.065848208963871
0.06456694751977921
0.06309875100851059
0.06143530458211899
0.05957577005028725
0.05752701684832573
0.0553034283220768
0.05292630195617676
0.0504227802157402
0.04782458767294884
0.04516638442873955
0.04248401522636414
0.03981266543269157
0.03718506172299385
0.03462985157966614
0.03217022493481636
0.02982294373214245
0.02759773284196854
0.02549721300601959
0.0235172938555479
0.02164801768958569
0.01987484097480774
0.01818020083010197
0.01654534228146076
0.0149521604180336
0.01338502857834101
0.0118323927745223
0.01028804760426283
0.008751948364078999
0.007230515591800213
0.005736364051699638
0.004287472926080227
0.002905834931880236
0.001615679822862148
0.0004413963761180639
-0.0005946892197243869
-0.00147450459189713
-0.002186215948313475
-0.002725834725424647
-0.00309830135665834
-0.003317934460937977
-0.003408184042200446
-0.00340067851357162
-0.003333608852699399
-0.003249557688832283
-0.003192914184182882
-0.003207070985808969
-0.00333160744048655
-0.003599680727347732
-0.004035833291709423
-0.004654389806091785
-0.005458586383610964
-0.006440495140850544
-0.007581769488751888
-0.008855142630636692
-0.01022656355053186
-0.01165779493749142
-0.01310926210135221
-0.0145429065451026
-0.01592481695115566
-0.01722742058336735
-0.0184310469776392
-0.01952476054430008
-0.02050639130175114
-0.02138181030750275
-0.0221635214984417
-0.02286873012781143
-0.02351708710193634
-0.02412837184965611
-0.02472030371427536
-0.02530675381422043
-0.02589648030698299
-0.02649258077144623
-0.02709262631833553
-0.02768952958285809
-0.02827297151088715
-0.02883127704262733
-0.02935346588492393
-0.02983128093183041
-0.03026093170046806
-0.03064432553946972
-0.03098965622484684
-0.03131120651960373
-0.03162841871380806
-0.0319642461836338
-0.03234298527240753
-0.03278778120875359
-0.03331808000802994
-0.03394734486937523
-0.03468121215701103
-0.03551638871431351
-0.0364404059946537
-0.03743229433894157
-0.03846412897109985
-0.03950335085391998
-0.04051559418439865
-0.04146778583526611
-0.04233117774128914
-0.0430840328335762
-0.04371363669633865
-0.04421744123101234
-0.04460326582193375
-0.0448884516954422
-0.04509811103343964
-0.04526262357831001
-0.04541468620300293
-0.04558616131544113
-0.04580513015389442
-0.04609338939189911
-0.0464647077023983
-0.0469239205121994
-0.04746707156300545
-0.0480823703110218
-0.04875200614333153
-0.0494544692337513
-0.05016715452075005
-0.05086889490485191
-0.05154217034578323
-0.05217472836375237
-0.05276045203208923
-0.0532994419336319
-0.05379725992679596
-0.05426357313990593
-0.05471033230423927
-0.05514978617429733
-0.05559257790446281
-0.05604619532823563
-0.05651400983333588
-0.05699492245912552
-0.05748377367854118
-0.05797237530350685
-0.05845097824931145
-0.05891001224517822
-0.05934184417128563
-0.05974223092198372
-0.06011129915714264
-0.06045389175415039
-0.06077921018004417
-0.06109979376196861
-0.06142996251583099
-0.06178391724824905
-0.06217379495501518
-0.06260788440704346
-0.06308934092521667
-0.06361550092697144
-0.06417796760797501
-0.06476344913244247
-0.06535525619983673
-0.06593527644872665
-0.06648614257574081
-0.06699339300394058
-0.06744725257158279
-0.06784383952617645
-0.06818564236164093
-0.06848116219043732
-0.06874384731054306
-0.06899042427539825
-0.06923875212669373
-0.06950564682483673
-0.06980489194393158
-0.0701456144452095
-0.07053136825561523
-0.07095988839864731
-0.07142370194196701
-0.07191126048564911
-0.07240868359804153
-0.0729016587138176
-0.07337728142738342
-0.07382572442293167
-0.07424125075340271
-0.0746227502822876
-0.07497353851795197
-0.07530052959918976
-0.07561296969652176
-0.0759209468960762
-0.07623384892940521
-0.07655899226665497
-0.07690069824457169
-0.07725988328456879
-0.07763414084911346
-0.0780184417963028
-0.07840614765882492
-0.07879022508859634
-0.07916448265314102
-0.07952462881803513
-0.07986895740032196
-0.08019852638244629
-0.08051691204309464
-0.08082948625087738
-0.08114247024059296
-0.08146178722381592
-0.08179197460412979
-0.08213531225919724
-0.0824914276599884
-0.08285723626613617
-0.08322736620903015
-0.08359498530626297
-0.08395286649465561
-0.08429444581270218
-0.08461489528417587
-0.08491180837154388
-0.08518554270267487
-0.08543908596038818
-0.08567755669355392
-0.08590724319219589
-0.08613455295562744
-0.08636487275362015
-0.08660160750150681
-0.08684553205966949
-0.08709446340799332
-0.0873434841632843
-0.08758546411991119
-0.08781195431947708
-0.08801424503326416
-0.08818434923887253
-0.08831588923931122
-0.08840464800596237
-0.08844874799251556
-0.08844844996929169
-0.08840560168027878
-0.08832279592752457
-0.08820249140262604
-0.08804613351821899
-0.08785348385572433
-0.0876222550868988
-0.08734807372093201
-0.08702478557825089
-0.08664509654045105
-0.08620135486125946
-0.08568635582923889
-0.08509412407875061
-0.08442045748233795
-0.08366324752569199
-0.08282241225242615
-0.08189967274665833
-0.08089803904294968
-0.07982131093740463
-0.07867346704006195
-0.07745831459760666
-0.07617922872304916
-0.07483924180269241
-0.07344125211238861
-0.07198851555585861
-0.0704851895570755
-0.06893683224916458
-0.0673508495092392
-0.06573670357465744
-0.06410589069128036
-0.06247169896960258
-0.06084872409701347
-0.05925219878554344
-0.0576973557472229
-0.05619876459240913
-0.05476978793740273
-0.0534222312271595
-0.05216618999838829
-0.05101002007722855
-0.04996050149202347
-0.04902302846312523
-0.04820177331566811
-0.04749979078769684
-0.04691895842552185
-0.04645979776978493
-0.04612117260694504
-0.0458998940885067
-0.04579034447669983
-0.04578414931893349
-0.04587004333734512
-0.04603390768170357
-0.04625906050205231
-0.04652676358819008
-0.04681691899895668
-0.04710887745022774
-0.04738231003284454
-0.04761799797415733
-0.04779855906963348
-0.04790902882814407
-0.04793723300099373
-0.04787401109933853
-0.04771332070231438
-0.04745221138000488
-0.04709078371524811
-0.0466320812702179
-0.04608205333352089
-0.04544943571090698
-0.04474566504359245
-0.04398472234606743
-0.04318288341164589
-0.04235833883285522
-0.04153066128492355
-0.0407201275229454
-0.03994686901569366
-0.03922999277710915
-0.03858660534024239
-0.0380309671163559
-0.03757370263338089
-0.03722123429179192
-0.0369754359126091
-0.03683355450630188
-0.03678839281201363
-0.03682871535420418
-0.0369398333132267
-0.03710435703396797
-0.03730303421616554
-0.03751561790704727
-0.03772173821926117
-0.03790175169706345
-0.03803755715489388
-0.03811332210898399
-0.03811614960432053
-0.03803668171167374
-0.03786951303482056
-0.03761356323957443
-0.03727218881249428
-0.0368531309068203
-0.0363682322204113
-0.03583290427923203
-0.03526538982987404
-0.03468578308820724
-0.03411493450403214
-0.03357323631644249
-0.03307944163680077
-0.03264954313635826
-0.03229581564664841
-0.03202608972787857
-0.03184335678815842
-0.03174558654427528
-0.03172595426440239
-0.03177330270409584
-0.03187288716435432
-0.03200728073716164
-0.03215746954083443
-0.03230397775769234
-0.03242801874876022
-0.03251257538795471
-0.0325433723628521
-0.0325096994638443
-0.03240501880645752
-0.03222734853625298
-0.03197934478521347
-0.03166814520955086
-0.03130492940545082
-0.03090419806540012
-0.03048284538090229
-0.03005905263125896
-0.02965106628835201
-0.02927596494555473
-0.0289484765380621
-0.0286799743771553
-0.02847766689956188
-0.02834413014352322
-0.02827714011073112
-0.02826988883316517
-0.02831152267754078
-0.02838799171149731
-0.02848310768604279
-0.02857976593077183
-0.0286612156778574
-0.02871228009462357
-0.0287204384803772
-0.02867669798433781
-0.02857618592679501
-0.02841842919588089
-0.02820731140673161
-0.02795069105923176
-0.02765975706279278
-0.0273481123149395
-0.02703073248267174
-0.02672278136014938
-0.02643847092986107
-0.02618995867669582
-0.0259864442050457
-0.02583347633481026
-0.02573257312178612
-0.02568113245069981
-0.02567270956933498
-0.02569758333265781
-0.02574359625577927
-0.02579719200730324
-0.02584455534815788
-0.02587278373539448
-0.02587094530463219
-0.02583098597824574
-0.02574834041297436
-0.02562227100133896
-0.02545584924519062
-0.02525559812784195
-0.02503086254000664
-0.02479291893541813
-0.02455394901335239
-0.02432595379650593
-0.02411968447268009
-0.02394374087452888
-0.02380385994911194
-0.0237024798989296
-0.02363859675824642
-0.02360795438289642
-0.02360351011157036
-0.02361612394452095
-0.02363544888794422
-0.02365090139210224
-0.02365262433886528
-0.02363237552344799
-0.02358424477279186
-0.02350514940917492
-0.02339504100382328
-0.02325684390962124
-0.02309610322117805
-0.0229203961789608
-0.02273854985833168
-0.02255977876484394
-0.02239277213811874
-0.02224487625062466
-0.02212141640484333
-0.0220252126455307
-0.02195638976991177
-0.02191242948174477
-0.0218884963542223
-0.02187798544764519
-0.0218732338398695
-0.021866325289011
-0.02184988930821419
-0.02181783318519592
-0.02176591195166111
-0.02169210463762283
-0.0215967558324337
-0.02148243971168995
-0.02135364525020123
-0.02121623419225216
-0.02107679471373558
-0.02094192802906036
-0.02081756852567196
-0.02070837654173374
-0.02061730250716209
-0.02054533548653126
-0.0204914566129446
-0.02045282535254955
-0.02042514458298683
-0.02040316723287106
-0.02038128674030304
-0.02035415731370449
-0.02031725645065308
-0.02026733942329884
-0.02020275965332985
-0.02012357860803604
-0.02003149688243866
-0.01992961950600147
-0.01982205361127853
-0.01971341483294964
-0.01960829272866249
-0.01951074972748756
-0.01942387036979198
-0.01934946142137051
-0.01928789913654327
-0.01923813112080097
-0.01919785887002945
-0.01916384883224964
-0.01913233660161495
-0.01909948512911797
-0.01906182616949081
-0.01901664026081562
-0.01896224543452263
-0.01889814622700214
-0.01882504299283028
-0.0187446940690279
-0.01865967363119125
-0.01857301220297813
-0.018487848341465
-0.01840703003108501
-0.01833280175924301
-0.01826656237244606
-0.01820873282849789
-0.01815875619649887
-0.01811520382761955
-0.0180759821087122
-0.01803862117230892
-0.01800058595836163
-0.0179595835506916
-0.01791383698582649
-0.01786226965487003
-0.01780460961163044
-0.01774138584733009
-0.01767382025718689
-0.01760364696383476
-0.01753287203609943
-0.01746351458132267
-0.01739735156297684
-0.01733570918440819
-0.01727932132780552
-0.0172282550483942
-0.01718194596469402
-0.01713930256664753
-0.01709885522723198
-0.01705897226929665
-0.01701807975769043
-0.01697484776377678
-0.01692835241556168
-0.01687817275524139
-0.01682442054152489
-0.01676769927144051
-0.0167089905589819
-0.0166495218873024
-0.01659058034420013
-0.01653334870934486
-0.0164787545800209
-0.01642736606299877
-0.01637932471930981
-0.01633436232805252
-0.01629185676574707
-0.01625092886388302
-0.01621057651937008
-0.01616981253027916
-0.01612779870629311
-0.01608393713831902
-0.0160379521548748
-0.01598989218473434
-0.01594012044370174
-0.0158892348408699
-0.01583798229694366
-0.015787148848176
-0.01573744229972363
-0.01568941026926041
-0.01564336568117142
-0.01559936534613371
-0.01555721648037434
-0.01551651209592819
-0.01547670364379883
-0.01543718483299017
-0.01539737544953823
-0.01535680610686541
-0.01531516760587692
-0.01527235098183155
-0.01522844564169645
-0.01518371887505054
-0.01513856183737516
-0.01509343180805445
-0.01504878327250481
-0.01500499807298183
-0.01496234349906445
-0.01492093689739704
-0.01488073822110891
-0.01484156958758831
-0.01480314508080482
-0.014765121974051
-0.01472715009003878
-0.01468892209231853
-0.01465021539479494
-0.01461092196404934
-0.01457105111330748
-0.01453072298318148
-0.01449014060199261
-0.01444955635815859
-0.01440923195332289
-0.01436940114945173
-0.01433023530989885
-0.01429182197898626
-0.01425416208803654
-0.01421716809272766
-0.01418068911880255
-0.01414453517645597
-0.01410850696265697
-0.0140724265947938
-0.01403616368770599
-0.01399964932352304
-0.01396288070827723
-0.01392591930925846
-0.01388887409120798
-0.01385188475251198
-0.01381509657949209
-0.01377863809466362
-0.01374260429292917
-0.01370704267174006
-0.01367195229977369
-0.01363728102296591
-0.01360294688493013
-0.01356884278357029
-0.01353485975414515
-0.01350090466439724
-0.01346690766513348
-0.01343283616006374
-0.01339869294315577
-0.0133645161986351
-0.01333036739379168
-0.01329632569104433
-0.01326246559619904
-0.01322885230183601
-0.01319553051143885
-0.0131625197827816
-0.01312981173396111
-0.01309737283736467
-0.01306515466421843
-0.01303309947252274
-0.01300114952027798
-0.01296926010400057
-0.01293739955872297
-0.01290555857121944
-0.01287374459207058
-0.01284198369830847
-0.01281031128019094
-0.01277876831591129
-0.01274739112704992
-0.0127162104472518
-0.01268524304032326
-0.01265449076890945
-0.01262394338846207
-0.0125935785472393
-0.01256336644291878
-0.01253327913582325
-0.01250328868627548
-0.01247337646782398
-0.01244353130459785
-0.01241375505924225
-0.01238405425101519
-0.01235444750636816
-0.01232495158910751
-0.01229558885097504
-0.01226637233048677
-0.0122373141348362
-0.01220841705799103
-0.01217967458069324
-0.01215107925236225
-0.01212261710315943
-0.01209427416324615
-0.01206603739410639
-0.01203789282590151
-0.01200983487069607
-0.01198186259716749
-0.0119539787992835
-0.0119261909276247
-0.01189850922673941
-0.01187094021588564
-0.0118434950709343
-0.01181617751717567
-0.01178899127990007
-0.0117619326338172
-0.01173499878495932
-0.01170818135142326
-0.01168147101998329
-0.01165486127138138
-0.01162834744900465
-0.01160192489624023
-0.01157559361308813
-0.01154935173690319
-0.01152320485562086
-0.01149715669453144
-0.0114712119102478
-0.01144537515938282
-0.01141964737325907
-0.01139403134584427
-0.0113685242831707
-0.01134312245994806
-0.01131782494485378
-0.01129262614995241
-0.01126752141863108
-0.01124251168221235
-0.01121759042143822
-0.01119276043027639
-0.01116801984608173
-0.01114337239414454
-0.01111881714314222
-0.0110943578183651
-0.01106999255716801
-0.01104572508484125
-0.01102155353873968
-0.01099747698754072
-0.0109734944999218
-0.01094960235059261
-0.01092579960823059
-0.01090208441019058
-0.01087845396250486
-0.01085490919649601
-0.0108314510434866
-0.01080807857215405
-0.01078479271382093
-0.01076159533113241
-0.0107384854927659
-0.01071546319872141
-0.0106925293803215
-0.01066968124359846
-0.01064691878855228
-0.0106242410838604
-0.01060164719820023
-0.01057913713157177
-0.01055670902132988
-0.01053436100482941
-0.01051209401339293
-0.01048990804702044
-0.01046780403703451
-0.01044578105211258
-0.01042383816093206
-0.01040197722613811
-0.01038019638508558
-0.01035849656909704
-0.01033687591552734
-0.01031533349305391
-0.01029386930167675
-0.01027248147875071
-0.01025117002427578
-0.01022993586957455
-0.01020877528935671
-0.01018768921494484
-0.01016667857766151
-0.01014574244618416
-0.0101248798891902
-0.01010409090667963
-0.01008337456732988
-0.01006273087114096
-0.01004215981811285
-0.01002166140824556
-0.01000123471021652
-0.009980880655348301
-0.009960600174963474
-0.009940391406416893
-0.009920254349708557
-0.009900188073515892
-0.009880192577838898
-0.00986026506870985
-0.009840407408773899
-0.009820617735385895
-0.009800896979868412
-0.009781244210898876
-0.009761659428477287
-0.009742142632603645
-0.00972269382327795
-0.009703312069177628
-0.009683996438980103
-0.009664749726653099
-0.009645569138228893
-0.00962645560503006
-0.009607409127056599
-0.009588426910340786
-0.009569508954882622
-0.009550655260682106
-0.00953186396509409
-0.009513135068118572
-0.009494468569755554
-0.009475864470005035
-0.009457324631512165
-0.009438847191631794
-0.009420431219041348
-0.009402075782418251
-0.009383780881762505
-0.009365548379719257
-0.009347377344965935
-0.009329264983534813
-0.009311215952038765
-0.009293226525187492
-0.009275298565626144
-0.009257430210709572
-0.009239623323082924
-0.009221874177455902
-0.009204183705151081
-0.009186552837491035
-0.009168979711830616
-0.009151463396847248
-0.009134004823863506
-0.009116603061556816
-0.009099257178604603
-0.009081969037652016
-0.009064733982086182
-0.009047556668519974
-0.009030434302985668
-0.00901336781680584
-0.008996357209980488
-0.008979402482509613
-0.008962502703070641
-0.008945656940340996
-0.008928866125643253
-0.008912130258977413
-0.008895449340343475
-0.008878824301064014
-0.008862251415848732
-0.008845731616020203
-0.008829266764223576
-0.008812853135168552
-0.008796492591500282
-0.008780184201896191
-0.008763927966356277
-0.008747723884880543
-0.008731571026146412
-0.00871546845883131
-0.008699416182935238
-0.008683415129780769
-0.00866746436804533
-0.00865156389772892
-0.00863571185618639
-0.00861990824341774
-0.00860415305942297
-0.008588447235524654
-0.008572791703045368
-0.008557186461985111
-0.008541631512343884
-0.008526124991476536
-0.008510667830705643
-0.00849525909870863
-0.008479899726808071
-0.008464587852358818
-0.00844932347536087
-0.008434106595814228
-0.008418937213718891
-0.00840381532907486
-0.008388739079236984
-0.008373710326850414
-0.00835872720927
-0.008343788795173168
-0.008328895084559917
-0.008314046077430248
-0.008299242705106735
-0.008284483104944229
-0.00826976727694273
-0.008255097083747387
-0.008240470662713051
-0.008225888013839722
-0.008211348205804825
-0.00819685310125351
-0.008182401768863201
-0.008167997002601624
-0.008153636939823627
-0.008139321580529213
-0.00812505092471838
-0.008110824041068554
-0.008096639066934586
-0.008082496002316475
-0.008068395778536797
-0.008054336532950401
-0.008040320128202438
-0.008026343770325184
-0.008012408390641212
-0.007998513989150524
-0.007984659634530544
-0.007970846258103848
-0.007957073859870434
-0.007943340577185154
-0.007929647341370583
-0.00791599415242672
-0.007902381010353565
-0.007888809777796268
-0.00787527859210968
-0.007861788384616375
-0.007848339155316353
-0.007834929041564465
-0.007821558974683285
-0.007808229420334101
-0.007794939912855625
-0.007781689520925283
-0.007768478244543076
-0.007755305152386427
-0.00774216977879405
-0.007729072123765945
-0.007716011721640825
-0.007702987641096115
-0.007690000347793102
-0.007677049376070499
-0.007664135657250881
-0.007651257794350386
-0.007638415787369013
-0.00762561010196805
-0.007612840738147497
-0.007600108627229929
-0.007587412372231483
-0.007574753370136023
-0.007562131155282259
-0.007549545727670193
-0.007536997552961111
-0.007524484768509865
-0.007512006908655167
-0.007499564439058304
-0.007487157825380564
-0.007474787533283234
-0.007462452631443739
-0.007450152654200792
-0.007437887601554394
-0.007425656542181969
-0.007413459476083517
-0.007401296868920326
-0.007389168720692396
-0.00737707456573844
-0.007365013472735882
-0.007352986838668585
-0.007340992800891399
-0.007329031825065613
-0.007317104376852512
-0.007305210456252098
-0.007293349597603083
-0.007281521335244179
-0.007269725203514099
-0.007257962133735418
-0.007246231660246849
-0.007234533317387104
-0.007222867570817471
-0.007211233954876661
-0.007199631072580814
-0.007188060786575079
-0.00717652216553688
-0.007165015675127506
-0.007153540384024382
-0.007142095826566219
-0.007130683399736881
-0.007119302172213793
-0.007107952143996954
-0.007096633315086365
-0.007085344288498163
-0.007074086461216211
-0.007062859833240509
-0.007051663473248482
-0.007040496915578842
-0.00702936016023159
-0.007018252741545439
-0.007007175125181675
-0.006996127776801586
-0.006985109765082598
-0.006974120624363422
-0.006963161285966635
-0.006952230352908373
-0.006941329222172499
-0.006930457428097725
-0.006919614970684052
-0.006908801384270191
-0.006898016203194857
-0.006887259427458048
-0.006876530591398478
-0.006865829229354858
-0.00685515534132719
-0.006844510324299335
-0.006833893712610006
-0.006823305040597916
-0.006812745239585638
-0.006802214309573174
-0.006791711784899235
-0.006781237665563822
-0.006770792417228222
-0.006760376039892435
-0.006749988067895174
-0.006739627104252577
-0.006729293614625931
-0.006718987133353949
-0.006708707194775343
-0.006698453333228827
-0.006688225548714399
-0.006678023375570774
-0.006667846813797951
-0.006657695863395929
-0.006647570058703423
-0.00663746939972043
-0.006627394817769527
-0.006617346312850714
-0.006607322953641415
-0.006597325205802917
-0.006587352603673935
-0.00657740468159318
-0.006567482836544514
-0.006557587068527937
-0.006547715980559587
-0.006537870969623327
-0.006528051570057869
-0.006518257316201925
-0.006508488673716784
-0.006498745642602444
-0.006489028222858906
-0.00647933641448617
-0.006469670217484236
-0.006460029631853104
-0.006450414191931486
-0.006440824829041958
-0.006431260146200657
-0.006421719677746296
-0.006412203889340162
-0.006402710918337107
-0.006393241696059704
-0.006383795291185379
-0.006374371703714132
-0.006364970933645964
-0.006355592515319586
-0.006346235983073711
-0.00633690133690834
-0.006327588576823473
-0.006318298634141684
-0.006309031043201685
-0.006299786735326052
-0.006290566176176071
-0.006281369831413031
-0.006272197235375643
-0.006263048853725195
-0.006253925152122974
-0.006244825199246407
-0.006235748995095491
-0.006226696074008942
-0.006217666435986757
-0.006208660081028938
-0.006199676543474197
-0.006190714426338673
-0.006181773263961077
-0.006172852125018835
-0.006163951475173235
-0.006155071314424276
-0.006146211177110672
-0.006137371528893709
-0.006128553301095963
-0.006119755562394857
-0.006110978778451681
-0.006102222949266434
-0.006093488540500402
-0.0060847750864923
-0.006076083518564701
-0.006067413371056318
-0.006058764643967152
-0.006050137337297201
-0.00604153098538518
-0.006032946053892374
-0.006024383008480072
-0.006015840917825699
-0.006007320247590542
-0.005998820066452026
-0.005990341305732727
-0.005981883965432644
-0.005973446648567915
-0.005965028889477253
-0.005956632550805807
-0.005948255304247141
-0.005939897615462542
-0.005931560415774584
-0.005923242308199406
-0.00591494282707572
-0.005906663369387388
-0.005898403935134411
-0.005890163592994213
-0.005881942342966795
-0.005873740650713444
-0.005865558050572872
-0.005857395008206367
-0.005849250592291355
-0.005841124802827835
-0.005833018571138382
-0.005824931897222996
-0.005816863849759102
-0.005808813963085413
-0.005800783168524504
-0.005792771000415087
-0.005784777458757162
-0.00577680254355073
-0.00576884625479579
-0.005760909058153629
-0.005752990487962961
-0.005745090544223785
-0.005737209226936102
-0.005729346070438623
-0.005721500609070063
-0.005713673774152994
-0.005705864634364843
-0.005698074586689472
-0.005690302234143019
-0.005682548973709345
-0.005674813874065876
-0.005667096469551325
-0.005659396760165691
-0.005651713814586401
-0.005644048564136028
-0.005636400543153286
-0.005628770217299461
-0.005621157586574554
-0.005613562650978565
-0.005605985410511494
-0.005598425399512053
-0.005590883083641529
-0.005583358462899923
-0.005575851537287235
-0.005568360444158316
-0.005560887046158314
-0.005553430877625942
-0.005545991938561201
-0.00553857022896409
-0.005531165283173323
-0.005523777566850185
-0.005516406148672104
-0.005509050562977791
-0.005501711275428534
-0.005494387820363045
-0.005487081129103899
-0.005479791201651096
-0.005472517572343349
-0.005465259309858084
-0.005458017345517874
-0.005450791213661432
-0.005443581379950047
-0.005436387844383717
-0.005429210606962442
-0.005422049202024937
-0.005414903629571199
-0.005407773889601231
-0.005400660447776318
-0.005393562838435173
-0.005386481527239084
-0.005379416514188051
-0.005372367333620787
-0.005365333985537291
-0.005358315538614988
-0.005351312924176455
-0.005344325210899115
-0.005337353330105543
-0.005330396350473166
-0.005323454272001982
-0.005316527560353279
-0.005309616215527058
-0.005302720237523317
-0.005295839626342058
-0.005288973450660706
-0.005282123573124409
-0.005275288131088018
-0.005268467590212822
-0.005261660553514957
-0.005254868417978287
-0.005248090252280235
-0.005241326987743378
-0.005234578158706427
-0.005227843299508095
-0.005221124272793531
-0.005214420147240162
-0.005207731388509274
-0.005201058462262154
-0.005194400437176228
-0.005187757778912783
-0.005181130487471819
-0.005174517631530762
-0.005167918745428324
-0.005161333829164505
-0.005154761485755444
-0.005148203112185001
-0.005141657311469316
-0.005135124083608389
-0.005128603894263506
-0.005122096743434668
-0.005115602631121874
-0.005109123419970274
-0.005102657712996006
-0.005096205975860357
-0.005089768674224615
-0.005083345808088779
-0.005076936911791563
-0.005070542450994253
-0.005064163357019424
-0.005057798232883215
-0.005051448475569487
-0.005045113153755665
-0.005038791801780462
-0.005032484419643879
-0.005026190541684628
-0.005019909702241421
-0.005013641435652971
-0.005007386207580566
-0.005001144018024206
-0.004994913470000029
-0.004988695029169321
-0.004982489626854658
-0.004976296331733465
-0.00497011560946703
-0.004963946994394064
-0.004957791417837143
-0.004951647482812405
-0.004945515654981136
-0.004939396865665913
-0.004933291114866734
-0.004927197936922312
-0.004921117797493935
-0.004915050696581602
-0.004908996634185314
-0.004902955610305071
-0.004896927159279585
-0.004890911281108856
-0.004884907975792885
-0.004878916777670383
-0.004872938152402639
-0.00486697256565094
-0.00486101908609271
-0.004855078645050526
-0.004849149845540524
-0.004843232221901417
-0.004837327636778355
-0.00483143562451005
-0.004825556185096502
-0.004819688852876425
-0.004813833627849817
-0.004807990044355392
-0.00480215810239315
-0.004796337801963091
-0.004790529608726501
-0.00478473212569952
-0.004778945352882147
-0.004773170687258244
-0.004767407663166523
-0.00476165721192956
-0.004755919799208641
-0.004750194493681192
-0.004744481295347214
-0.00473878113552928
-0.004733092617243528
-0.004727416206151247
-0.004721750970929861
-0.004716096445918083
-0.004710454028099775
-0.004704821854829788
-0.004699200391769409
-0.004693589638918638
-0.004687989596277475
-0.004682400263845921
-0.004676822107285261
-0.00467125466093421
-0.004665698856115341
-0.004660154227167368
-0.00465462077409029
-0.00464909803122282
-0.004643586464226246
-0.004638086073100567
-0.004632596857845783
-0.00462711788713932
-0.004621649626642466
-0.004616193473339081
-0.004610748961567879
-0.004605314694344997
-0.004599890671670437
-0.004594477824866772
-0.004589075688272715
-0.004583683796226978
-0.004578301683068275
-0.004572929348796606
-0.004567567724734545
-0.004562217742204666
-0.00455687940120697
-0.004551551770418882
-0.004546234384179115
-0.004540927708148956
-0.004535631742328405
-0.004530345555394888
-0.004525070078670979
-0.004519805312156677
-0.004514550790190697
-0.004509306978434324
-0.004504073411226273
-0.004498850088566542
-0.004493636544793844
-0.004488432314246893
-0.004483237396925688
-0.004478051327168941
-0.004472875501960516
-0.004467708989977837
-0.004462553188204765
-0.004457407165318727
-0.004452271852642298
-0.004447146784514189
-0.004442032892256975
-0.004436929244548082
-0.00443183584138751
-0.004426753148436546
-0.004421680700033903
-0.004416618030518293
-0.00441156467422843
-0.0044065210968256
-0.004401487298309803
-0.004396462813019753
-0.004391447175294161
-0.004386440850794315
-0.004381443373858929
-0.004376455675810575
-0.004371476825326681
-0.00436650775372982
-0.00436154892668128
-0.004356599878519773
-0.004351660143584013
-0.004346730187535286
-0.00434181047603488
-0.004336899612098932
-0.004331997595727444
-0.004327105358242989
-0.004322221037000418
-0.004317345563322306
-0.004312478471547365
-0.004307620227336884
-0.004302770365029573
-0.004297928884625435
-0.004293096251785755
-0.004288272466510534
-0.00428345799446106
-0.004278652835637331
-0.004273856990039349
-0.004269071388989687
-0.004264296032488346
-0.004259530454874039
-0.004254774190485477
-0.004250027239322662
-0.004245289601385593
-0.004240561276674271
-0.004235842265188694
-0.004231132566928864
-0.004226432181894779
-0.004221740644425154
-0.004217057954519987
-0.004212383180856705
-0.004207717254757881
-0.004203060176223516
-0.004198411479592323
-0.004193771164864302
-0.004189139697700739
-0.004184516612440348
-0.004179901443421841
-0.004175294190645218
-0.004170695319771767
-0.0041661043651402
-0.00416152086108923
-0.004156944807618856
-0.004152378067374229
-0.004147819243371487
-0.004143269266933203
-0.00413872767239809
-0.00413419445976615
-0.00412966962903738
-0.00412515364587307
-0.004120645578950644
-0.004116146359592676
-0.00411165552213788
-0.004107173066586256
-0.004102698992937803
-0.004098232369869947
-0.00409377459436655
-0.00408932426944375
-0.004084882792085409
-0.004080449696630239
-0.004076024517416954
-0.004071607254445553
-0.004067197442054749
-0.004062795545905828
-0.004058401565998793
-0.004054015502333641
-0.004049637354910374
-0.004045267123728991
-0.004040904808789492
-0.004036550875753164
-0.004032204858958721
-0.004027866292744875
-0.004023535642772913
-0.004019212909042835
-0.004014899022877216
-0.004010593052953482
-0.004006295464932919
-0.004002005327492952
-0.00399772310629487
-0.003993447870016098
-0.003989180084317923
-0.003984919749200344
-0.003980665933340788
-0.003976419568061829
-0.003972180187702179
-0.003967947792261839
-0.003963722847402096
-0.00395950535312295
-0.0039552953094244
-0.003951092250645161
-0.003946897573769093
-0.003942710813134909
-0.003938531503081322
-0.003934360574930906
-0.003930197563022375
-0.003926042933017015
-0.003921895287930965
-0.0039177555590868
-0.003913622815161943
-0.003909497521817684
-0.003905378980562091
-0.003901267191395164
-0.003897162154316902
-0.003893063636496663
-0.003888971637934446
-0.003884886391460896
-0.003880808129906654
-0.00387673731893301
-0.003872673958539963
-0.003868618048727512
-0.003864569822326303
-0.003860529512166977
-0.003856497583910823
-0.00385247403755784
-0.003848457941785455
-0.00384444952942431
-0.003840447869151831
-0.003836452960968018
-0.003832464572042227
-0.003828482702374458
-0.003824507119134068
-0.003820537589490414
-0.003816574579104781
-0.003812617855146527
-0.003808667184785008
-0.003804722800850868
-0.003800785401836038
-0.003796854522079229
-0.003792930161580443
-0.003789013018831611
-0.003785103093832731
-0.003781200386583805
-0.003777304198592901
-0.003773414762690663
-0.003769532078877091
-0.003765656612813473
-0.003761787433177233
-0.003757925005629659
-0.003754069097340107
-0.003750220173969865
-0.003746377769857645
-0.00374254141934216
-0.003738711588084698
-0.003734888276085258
-0.003731071250513196
-0.003727260744199157
-0.003723456989973783
-0.003719659755006433
-0.003715869272127748
-0.003712085541337729
-0.003708308795467019
-0.003704539267346263
-0.00370077695697546
-0.00369702186435461
-0.00369327375665307
-0.003689532401040196
-0.003685796866193414
-0.00368206761777401
-0.003678344190120697
-0.003674626583233476
-0.003670914564281702
-0.003667207667604089
-0.003663505893200636
-0.003659809706732631
-0.003656119108200073
-0.003652434330433607
-0.003648755606263876
-0.00364508293569088
-0.003641416784375906
-0.003637757152318954
-0.003634104272350669
-0.003630458144471049
-0.003626818535849452
-0.003623185912147164
-0.003619560040533543
-0.003615940222516656
-0.003612326225265861
-0.003608718514442444
-0.003605116624385118
-0.003601520787924528
-0.003597930306568742
-0.003594344947487116
-0.003590765642002225
-0.003587192157283425
-0.003583624726161361
-0.003580062882974744
-0.003576506860554218
-0.003572956891730428
-0.003569413209334016
-0.003565875580534339
-0.003562343772500753
-0.003558818018063903
-0.003555298084393144
-0.003551784437149763
-0.003548276145011187
-0.003544773673638701
-0.00354127655737102
-0.003537785029038787
-0.003534299321472645
-0.003530819434672594
-0.003527345601469278
-0.003523878054693341
-0.003520416561514139
-0.003516960889101028
-0.003513511503115296
-0.003510067937895656
-0.003506629727780819
-0.00350319710560143
-0.003499769605696201
-0.003496347228065133
-0.003492929739877582
-0.003489517141133547
-0.003486109431833029
-0.003482707077637315
-0.003479309845715761
-0.003475917968899012
-0.00347253168001771
-0.003469150979071856
-0.003465776098892093
-0.003462407505139709
-0.003459044732153416
-0.003455688012763858
-0.003452336881309748
-0.003448991337791085
-0.003445651615038514
-0.003442317480221391
-0.003438988700509071
-0.003435665275901556
-0.003432347672060132
-0.003429035423323512
-0.003425728296861053
-0.003422426292672753
-0.003419129876419902
-0.003415838582441211
-0.00341255241073668
-0.003409271594136953
-0.003405995666980743
-0.003402724862098694
-0.003399459412321448
-0.003396198386326432
-0.003392942249774933
-0.00338969100266695
-0.003386444877833128
-0.003383203409612179
-0.003379966830834746
-0.003376735374331474
-0.003373508341610432
-0.003370286663994193
-0.003367070108652115
-0.003363859141245484
-0.003360653994604945
-0.00335745420306921
-0.003354259533807635
-0.003351070918142796
-0.00334788765758276
-0.003344709984958172
-0.003341537900269032
-0.003338371403515339
-0.003335210029035807
-0.003332053311169147
-0.003328901249915361
-0.003325754078105092
-0.003322612028568983
-0.00331947416998446
-0.003316340502351522
-0.003313211724162102
-0.003310087136924267
-0.003306967206299305
-0.003303851699456573
-0.003300741314888
-0.003297635819762945
-0.00329453544691205
-0.003291439963504672
-0.003288349602371454
-0.00328526389785111
-0.003282183315604925
-0.00327910715714097
-0.003276035655289888
-0.003272968577221036
-0.003269906155765057
-0.00326684839092195
-0.003263795282691717
-0.003260746831074357
-0.003257703501731157
-0.003254664596170187
-0.003251630580052733
-0.00324860168620944
-0.003245578147470951
-0.003242559731006622
-0.003239546436816454
-0.003236538264900446
-0.003233534749597311
-0.003230536356568336
-0.003227542620152235
-0.003224553307518363
-0.00322156841866672
-0.003218587953597307
-0.003215611213818192
-0.003212638664990664
-0.00320967030711472
-0.003206706140190363
-0.003203746397048235
-0.003200790844857693
-0.00319783971644938
-0.00319489324465394
-0.003191951662302017
-0.003189014969393611
-0.003186083165928721
-0.003183156019076705
-0.003180233296006918
-0.003177315462380648
-0.003174402518197894
-0.003171494463458657
-0.003168591065332294
-0.003165692090988159
-0.003162797307595611
-0.003159906715154648
-0.003157020779326558
-0.003154139732941985
-0.003151262877508998
-0.00314839044585824
-0.003145522437989712
-0.003142658155411482
-0.003139798063784838
-0.003136942395940423
-0.00313409068621695
-0.003131243167445064
-0.003128399606794119
-0.003125559771433473
-0.003122723661363125
-0.003119891509413719
-0.003117063315585256
-0.003114239312708378
-0.003111419500783086
-0.00310860387980938
-0.003105792216956615
-0.003102984512224793
-0.003100181464105844
-0.003097382839769125
-0.003094588406383991
-0.003091798629611731
-0.003089013742282987
-0.003086233977228403
-0.003083458868786693
-0.003080688649788499
-0.003077922854572535
-0.003075161250308156
-0.00307240360416472
-0.003069649683311582
-0.003066899720579386
-0.003064152784645557
-0.003061409574002028
-0.003058669622987509
-0.003055933164432645
-0.003053200663998723
-0.0030504718888551
-0.003047747537493706
-0.003045027609914541
-0.003042311873286963
-0.003039600793272257
-0.003036894602701068
-0.003034193068742752
-0.003031496191397309
-0.003028803505003452
-0.003026115475222468
-0.003023431403562427
-0.003020751057192683
-0.003018074436113238
-0.003015401540324092
-0.003012731671333313
-0.003010065294802189
-0.003007402643561363
-0.003004743251949549
-0.003002087119966745
-0.002999434247612953
-0.002996784634888172
-0.002994138980284333
-0.002991496818140149
-0.002988858846947551
-0.002986224833875895
-0.00298359477892518
-0.002980968682095408
-0.002978347009047866
-0.002975729526951909
-0.002973116468638182
-0.002970507368445396
-0.002967902692034841
-0.00296530150808394
-0.002962704515084624
-0.002960111713036895
-0.002957522636279464
-0.002954937051981688
-0.002952354960143566
-0.0029497763607651
-0.002947201486676931
-0.002944630337879062
-0.002942062448710203
-0.002939497819170356
-0.002936936914920807
-0.002934379503130913
-0.00293182535097003
-0.002929274924099445
-0.002926728222519159
-0.002924185246229172
-0.002921646228060126
-0.002919111400842667
-0.002916580764576793
-0.002914054784923792
-0.002911532763391733
-0.002909014699980617
-0.002906500129029155
-0.002903989050537348
-0.002901481930166483
-0.002898977836593986
-0.002896477002650499
-0.002893978729844093
-0.002891483018174767
-0.002888990100473166
-0.002886500442400575
-0.002884013578295708
-0.002881530439481139
-0.002879051025956869
-0.002876575104892254
-0.002874103141948581
-0.002871635369956493
-0.002869171788915992
-0.002866712398827076
-0.002864256966859102
-0.002861805493012071
-0.002859357744455338
-0.002856913488358259
-0.002854472724720836
-0.002852035220712423
-0.002849600743502378
-0.002847169060260057
-0.002844740869477391
-0.002842315472662449
-0.002839893335476518
-0.002837474225088954
-0.002835058374330401
-0.002832645317539573
-0.002830235520377755
-0.002827828517183661
-0.002825424773618579
-0.002823024056851864
-0.002820626832544804
-0.002818232635036111
-0.002815841929987073
-0.002813454251736403
-0.002811069833114743
-0.002808688441291451
-0.002806310309097171
-0.00280393473803997
-0.00280156172811985
-0.002799191512167454
-0.002796824090182781
-0.002794459462165833
-0.002792097395285964
-0.002789737656712532
-0.002787380246445537
-0.002785024931654334
-0.002782671712338924
-0.002780320355668664
-0.002777970395982265
-0.002775622066110373
-0.002773275133222342
-0.002770928898826241
-0.002768584061414003
-0.002766240388154984
-0.002763897646218538
-0.002761555602774024
-0.002759213792160153
-0.002756872214376926
-0.002754530636593699
-0.002752188593149185
-0.002749845152720809
-0.002747500082477927
-0.002745152451097965
-0.002742801792919636
-0.002740447875112295
-0.002738089999184012
-0.002735728165134788
-0.002733361907303333
-0.002730990527197719
-0.0027286137919873
-0.002726231934502721
-0.002723844489082694
-0.002721450757235289
-0.002719050506129861
-0.002716643270105124
-0.002714228583499789
-0.002711805747821927
-0.00270937429741025
-0.00270693376660347
-0.002704483224079013
-0.002702022437006235
-0.002699550939723849
-0.002697068033739924
-0.002694573719054461
-0.002692067762836814
-0.002689550397917628
-0.00268702139146626
-0.002684480510652065
-0.002681928221136332
-0.002679364522919059
-0.002676789416000247
-0.002674203598871827
-0.002671607304364443
-0.002669001463800669
-0.002666387241333723
-0.002663765335455537
-0.002661137375980616
-0.002658504759892821
-0.002655869349837303
-0.00265323300845921
-0.00265059806406498
-0.002647965913638473
-0.002645339583978057
-0.002642721403390169
-0.002640114165842533
-0.002637520432472229
-0.002634942764416337
-0.002632384886965156
-0.002629850059747696
-0.0026273422408849
-0.00262486538849771
-0.002622423693537712
-0.002620022278279066
-0.002617664868012071
-0.002615356119349599
-0.00261310045607388
-0.002610902534797788
-0.002608766779303551
-0.002606696914881468
-0.002604697365313768
-0.002602771855890751
-0.002600924111902714
-0.002599157392978668
-0.002597474260255694
-0.002595877507701516
-0.002594368997961283
-0.0025929503608495
-0.002591622993350029
-0.002590387128293514
-0.002589242300018668
-0.002588188042864203
-0.002587222261354327
-0.002586342860013247
-0.002585546812042594
-0.00258482969366014
-0.002584186848253012
-0.002583612455055118
-0.002583100227639079
-0.002582643181085587
-0.002582233399152756
-0.002581862034276128
-0.002581520471721888
-0.002581198234111071
-0.002580885076895356
-0.002580570057034492
-0.002580241765826941
-0.002579888561740518
-0.002579498570412397
-0.002579060150310397
-0.002578561427071691
-0.002577990991994739
-0.002577337436378002
-0.002576589584350586
-0.002575737657025456
-0.002574772574007511
-0.002573685720562935
-0.002572469646111131
-0.002571118297055364
-0.002569626551121473
-0.002567990450188518
-0.00256620766595006
-0.002564277034252882
-0.002562199952080846
-0.002559978514909744
-0.002557617146521807
-0.002555121667683125
-0.002552499296143651
-0.002549759577959776
-0.002546912524849176
-0.002543970476835966
-0.00254094647243619
-0.002537854481488466
-0.002534710103645921
-0.002531529171392322
-0.002528327982872725
-0.00252512376755476
-0.002521933056414127
-0.002518772380426526
-0.002515658270567656
-0.002512606093659997
-0.002509630285203457
-0.002506744349375367
-0.002503960626199841
-0.002501289360225201
-0.002498740097507834
-0.002496319357305765
-0.002494032494723797
-0.002491881838068366
-0.00248986785300076
-0.002487988909706473
-0.002486241050064564
-0.00248461845330894
-0.002483112504705787
-0.002481712959706783
-0.002480407943949103
-0.002479183720424771
-0.002478025387972593
-0.002476917579770088
-0.002475843299180269
-0.002474785782396793
-0.00247372779995203
-0.002472652588039637
-0.002471543615683913
-0.002470385050401092
-0.002469162456691265
-0.002467862796038389
-0.002466474659740925
-0.002464988734573126
-0.002463397802785039
-0.002461697207763791
-0.002459883922711015
-0.002457958413287997
-0.002455922309309244
-0.002453780733048916
-0.002451540436595678
-0.002449210966005921
-0.002446803729981184
-0.00244433106854558
-0.002441806951537728
-0.002439246512949467
-0.002436665818095207
-0.002434081397950649
-0.002431508852168918
-0.002428964711725712
-0.002426463412120938
-0.002424019854515791
-0.00242164614610374
-0.002419352997094393
-0.002417148090898991
-0.002415037248283625
-0.002413023263216019
-0.00241110660135746
-0.002409284701570868
-0.002407551975920796
-0.002405900508165359
-0.002404319355264306
-0.002402795245870948
-0.002401312347501516
-0.002399852965027094
-0.002398398471996188
-0.002396929077804089
-0.002395423362031579
-0.002393860369920731
-0.002392219146713614
-0.002390479203313589
-0.002388620749115944
-0.002386624459177256
-0.002384473802521825
-0.002382153179496527
-0.002379650482907891
-0.002376954071223736
-0.002374056493863463
-0.002370951231569052
-0.002367636188864708
-0.002364110667258501
-0.002360376995056868
-0.002356439363211393
-0.002352304290980101
-0.002347980625927448
-0.002343478845432401
-0.002338810358196497
-0.002333987737074494
-0.002329024253413081
-0.00232393410988152
-0.002318730344995856
-0.002313427394255996
-0.002308038296177983
-0.002302575157955289
-0.002297049155458808
-0.002291470998898149
-0.002285850001499057
-0.002280194312334061
-0.002274511381983757
-0.002268806332722306
-0.002263084053993225
-0.002257348736748099
-0.002251603174954653
-0.002245849696919322
-0.002240090165287256
-0.002234325977042317
-0.00222855806350708
-0.002222787821665406
-0.00221701618283987
-0.002211244311183691
-0.00220547360368073
-0.002199704525992274
-0.002193938242271543
-0.002188174519687891
-0.002182413125410676
-0.00217665359377861
-0.002170893829315901
-0.002165130339562893
-0.002159358933568001
-0.002153572160750628
-0.002147761173546314
-0.002141913864761591
-0.002136015566065907
-0.002130048582330346
-0.002123991725966334
-0.002117820084095001
-0.002111505949869752
-0.002105017192661762
-0.002098319353535771
-0.002091373782604933
-0.002084140898659825
-0.002076577628031373
-0.002068640198558569
-0.002060283906757832
-0.002051463117823005
-0.002042133361101151
-0.002032251562923193
-0.002021776512265205
-0.002010670490562916
-0.001998899271711707
-0.001986432820558548
-0.001973247621208429
-0.001959325512871146
-0.00194465450476855
-0.0019292306387797
-0.001913057174533606
-0.001896145287901163
-0.00187851395457983
-0.001860189717262983
-0.001841207384131849
-0.001821608981117606
-0.001801443402655423
-0.001780766062438488
-0.001759638311341405
-0.001738126738928258
-0.001716302242130041
-0.001694238977506757
-0.001672014128416777
-0.001649706158787012
-0.001627394463866949
-0.00160515820607543
-0.001583075616508722
-0.001561222947202623
-0.001539673306979239
-0.00151849677786231
-0.001497759018093348
-0.001477520796470344
-0.001457837759517133
-0.001438759732991457
-0.001420330605469644
-0.001402588444761932
-0.001385564683005214
-0.001369284116663039
-0.001353765837848186
-0.001339022535830736
-0.001325060846284032
-0.001311882049776614
-0.001299481140449643
-0.001287848106585443
-0.00127696804702282
-0.001266821287572384
-0.001257383730262518
-0.001248626736924052
-0.001240518526174128
-0.001233023009262979
-0.001226101187057793
-0.001219711150042713
-0.0012138084275648
-0.00120834622066468
-0.001203275751322508
-0.001198546378873289
-0.001194106531329453
-0.00118990323971957
-0.001185882952995598
-0.001181991188786924
-0.001178173930384219
-0.001174377044662833
-0.001170547446236014
-0.00116663274820894
-0.001162582193501294
-0.00115834700409323
-0.001153881079517305
-0.001149140996858478
-0.001144086825661361
-0.001138682942837477
-0.001132897683419287
-0.001126704970374703
-0.00112008408177644
-0.001113019650802016
-0.001105502946302295
-0.001097531523555517
-0.001089109806343913
-0.001080248970538378
-0.001070966944098473
-0.00106128875631839
-0.001051246304996312
-0.001040877541527152
-0.001030226936563849
-0.001019344432279468
-0.001008284860290587
-0.0009971073595806956
-0.000985874212346971
-0.000974650087300688
-0.0009635004098527133
-0.0009524910128675401
-0.0009416863322257996
-0.0009311485919170082
-0.0009209357667714357
-0.0009111010003834963
-0.0009016910335049033
-0.0008927456801757216
-0.00088429608149454
-0.0008763645309954882
-0.0008689636597409844
-0.0008620957378298044
-0.0008557528490200639
-0.0008499164832755923
-0.0008445578860118985
-0.0008396385819651186
-0.0008351111900992692
-0.0008309204131364822
-0.0008270039106719196
-0.0008232942782342434
-0.0008197200368158519
-0.0008162077283486724
-0.0008126834291033447
-0.0008090749033726752
-0.0008053131168708205
-0.0008013342740014195
-0.0007970811566337943
-0.0007925048703327775
-0.0007875663577578962
-0.0007822369807399809
-0.0007764999172650278
-0.0007703501032665372
-0.0007637947564944625
-0.0007568529690615833
-0.0007495556492358446
-0.0007419442990794778
-0.0007340703741647303
-0.0007259935955516994
-0.0007177804363891482
-0.0007095024338923395
-0.0007012341520749032
-0.0006930514937266707
-0.0006850294885225594
-0.0006772400229237974
-0.0006697507342323661
-0.000662622507661581
-0.0006559086032211781
-0.0006496532005257905
-0.0006438905838876963
-0.0006386445602402091
-0.0006339281098917127
-0.0006297436775639653
-0.0006260835798457265
-0.0006229308201000094
-0.0006202602526172996
-0.0006180395721457899
-0.0006162315839901567
-0.0006147953681647778
-0.0006136882584542036
-0.0006128677050583065
-0.0006122933700680733
-0.0006119285244494677
-0.0006117420853115618
-0.0006117097218520939
-0.0006118148448877037
-0.0006120502948760986
