0
0
0
0
0
0
0
0
0
0
0
0
0
0
0
0
0
0
0
0
0
0
0
0
0
0
0
0
0
0
0
0
0
0
0
0
0
0
0
0
0
0
0
0
0
0
0
0
0
0
0
0
0
0
0
0
0
0
0
0
0
0
0
0
0
0
0
0
0
0
0
0
0
0
0
0
0
0
0
0
0
0
0
0
0
0
0
0
0
0
0
0
0
0
0
0
0
0
0
0
0
0
0
0
0
0
0
0
0
0
0
0
0
0
0
0
0
0
0
0
0
0
0
0
0
0
0
0
0
0
0
0
0
0
0
0
0
0
0
0
0
0
0
0
0
0
0
0
0
0
0
0
0
0
0
0
0
0
0
0
0
0
0
0
0
0
0
0
0
0
0
0
0
0
0
0
0
0
0
0
0
0
0
0
0
0
0
0
0
0
0
0
0
0
0
0
0
0
0
0
0
0
0
0
0
0
0
0
0
0
0
0
0
0
0
0
0
0
0
0
0
0
0
0
0
0
0
0
0
0
0
0
0
0
0
0
0
0
0
0
0
0
0
0
0
0
0
0
0
0
0
0
0
0
0
0
0
0
0
0
0
0
0
0
0
0
0
0
0
0
0
0
0
0
0
0
0
0
0
0
0
0
0
0
0
0
0
0
0
0
0
0
0
0
0
0
0
0
0
0
0
0
0
0
0
0
0
0
0
0
0
0
0
0
0
0
0
0
0
0
0
0
0
0
0
0
0
0
0
0
0
0
0
0
0
0
0
0
0
0
0
0
0
0
0
0
0
0
0
0
0
0
0
0
0
0
0
0
0
0
0
0
0
0
0
0
0
0
0
0
0
0
0
0
0
0
0
0
0
0
0
0
0
0
0
0
0
0
0
0
0
0
0
0
0
0
0
0
0
0
0
0
0
0
0
0
0
0
0
0
0
0
0
0
0
0
0
0
0
0
0
0
0
0
0
0
0
0
0
0
0
0
0
0
0
0
0
0
0
0
0
0
0
0
0
0
0
0
0
0
0
0
0
0
0
0
0
0
0
0
0
0
0
0
0
0
0
0
0
0
0
0
0
0
0
0
0
0
0
0
0
0
0
0
0
0
0
0
0
0
0
0
0
0
0
0
0
0
0
0
0
0
0
0
0
0
0
0
0
0
0
0
0
0
0
0
0
0
0
0
0
0
0
0
0
0
0
0
0
0
0
0
0
0
0
0
0
0
0
0
0
0
0
0
0
0
0
0
0
0
0
0
0
0
0
0
0
0
0
0
0
0
0
0
0
0
0
0
0
0
0
0
0
0
0
0
0
0
0
0
0
0
0
0
0
0
0
0
0
0
0
0
0
0
0
0
0
0
0
0
0
0
0
0
0
0
0
0
0
0
0
0
0
0
0
0
0
0
0
0
0
0
0
0
0
0
0
0
0
0
0
0
0
0
0
0
0
0
0
0
0
0
0
0
0
0
0
0
0
0
0
0
0
0
0
0
0
0
0
0
0
0
0
0
0
0
0
0
0
0
0
0
0
0
0
0
0
0
0
0
0
0
0
0
0
0
0
0
0
0
0
0
0
0
0
0
0
0
0
0
0
0
0
0
0
0
0
0
0
0
0
0
0
0
0
0
0
0
0
0
0
0
0
0
0
0
0
0
0
0
0
0
0
0
0
0
0
0
0
0
0
0
0
0
0
0
0
0
0
0
0
0
0
0
0
0
0
0
0
0
0
0
0
0
0
0
0
0
0
0
0
0
0
0
0
0
0
0
0
0
0
0
0
0
0
0
0
0
0
0
0
0
0
0
0
0
0
0
0
0
0
0
0
0
0
0
0
0
0
0
0
0
0
0
0
0
0
0
0
0
0
0
0
0
0
0
0
0
0
0
0
0
0
0
0
0
0
0
0
0
0
0
0
0
0
0
0
0
0
0
0
0
0
0
0
0
0
0
0
0
0
0
0
0
0
0
0
0
0
0
0
0
0
0
0
0
0
0
0
0
0
0
0
0
0
0
0
0
0
0
0
0
0
0
0
0
0
0
0
0
0
0
0
0
0
0
0
0
0
0
0
0
0
0
0
0
0
0
0
0
0
0
0
0
0
0
0
0
0
0
0
0
0
0
0
0
0
0
0
0
0
0
0
0
0
0
0
0
0
0
0
0
0
0
0
0
0
0
0
0
0
0
0
0
0
0
0
0
0
0
0
0
0
0
0
0
0
0
0
0
0
0
0
0
0
0
0
0
0
0
0
0
0
0
0
0
0
0
0
0
0
0
0
0
0
0
0
0
0
0
0
0
0
0
0
0
0
0
0
0
0
0
0
0
0
0
0
0
0
0
0
0
0
0
0
0
0
0
0
0
0
0
0
0
0
0
0
0
0
0
0
0
0
0
0
0
0
0
0
0
0
0
0
0
0
0
0
0
0
0
0
0
0
0
0
0
0
0
0
0
0
0
0
0
0
0
0
0
0
0
0
0
0
0
0
0
0
0
0
0
0
0
0
0
0
0
0
0
0
0
0
0
0
0
0
0
0
0
0
0
0
0
0
0
0
0
0
0
0
0
0
0
0
0
0
0
0
0
0
0
0
0
0
0
0
0
0
0
0
0
0
0
0
0
0
0
0
0
0
0
0
0
0
0
0
0
0
0
0
0
0
0
0
0
0
0
0
0
0
0
0
0
0
0
0
0
0
0
0
0
0
0
0
0
0
0
0
0
0
0
0
0
0
0
0
0
0
0
0
0
0
0
0
0
0
0
0
0
0
0
0
0
0
0
0
0
0
0
0
0
0
0
0
0
0
0
0
0
0
0
0
0
0
0
0
0
0
0
0
0
0
0
0
0
0
0
0
0
0
0
0
0
0
0
0
0
0
0
0
0
0
0
0
0
0
0
0
0
0
0
0
0
0
0
0
0
0
0
0
0
0
0
0
0
0
0
0
0
0
0
0
0
0
0
0
0
0
0
0
0
0
0
0
0
0
0
0
0
0
0
0
0
0
0
0
0
0
0
0
0
0
0
0
0
0
0
0
0
0
0
0
0
0
0
0
0
0
0
0
0
0
0
0
0
0
0
0
0
0
0
0
0
0
0
0
0
0
0
0
0
0
0
0
0
0
0
0
0
0
0
0
0
0
0
0
0
0
0
0
0
0
0
0
0
0
0
0
0
0
0
0
0
0
0
0
0
0
0
0
0
0
0
0
0
0
0
0
0
0
0
0
0
0
0
0
0
0
0
0
0
0
0
0
0
0
0
0
0
0
0
0
0
0
0
0
0
0
0
0
0
0
0
0
0
0
0
0
0
0
0
0
0
0
0
0
0
0
0
0
0
0
0
0
0
0
0
0
0
0
0
0
0
0
0
0
0
0
0
0
0
0
0
0
0
0
0
0
0
0
0
0
0
0
0
0
0
0
0
0
0
0
0
0
0
0
0
0
0
0
0
0
0
0
0
0
0
0
0
0
0
0
0
0
0
0
0
0
0
0
0
0
0
0
0
0
0
0
0
0
0
0
0
0
0
0
0
0
0
0
0
0
0
0
0
0
0
0
0
0
0
0
0
0
0
0
0
0
0
0
0
0
0
0
0
0
0
0
0
0
0
0
0
0
0
0
0
0
0
0
0
0
0
0
0
0
0
0
0
0
0
0
0
0
0
0
0
0
0
0
0
0
0
0
0
0
0
0
0
0
0
0
0
0
0
0
0
0
0
0
0
0
0
0
0
0
0
0
0
0
0
0
0
0
0
0
0
0
0
0
0
0
0
0
0
0
0
0
0
0
0
0
0
0
0
0
0
0
0
0
0
0
0
0
0
0
0
0
0
0
0
0
0
0
0
0
0
0
0
0
0
0
0
0
0
0
0
0
0
0
0
0
0
0
0
0
0
0
0
0
0
0
0
0
0
0
0
0
0
0
0
0
0
0
0
0
0
0
0
0
0
0
0
0
0
0
0
0
0
0
0
0
0
0
0
0
0
0
0
0
0
0
0
0
0
0
0
0
0
0
0
0
0
0
0
0
0
0
0
0
0
0
0
0
0
0
0
0
0
0
0
0
0
0
0
0
0
0
0
0
0
0
0
0
0
0
0
0
0
0
0
0
0
0
0
0
0
0
0
0
0
0
0
0
0
0
0
0
0
0
0
0
0
0
0
0
0
0
0
0
0
0
0
0
0
0
0
0
0
0
0
0
0
0
0
0
0
0
0
0
0
0
0
0
0
0
0
0
0
0
0
0
0
0
0
0
0
0
0
0
0
0
0
0
0
0
0
0
0
0
0
0
0
0
0
0
0
0
0
0
0
0
0
0
0
0
0
0
0
0
0
0
0
0
0
0
0
0
0
0
0
0
0
0
0
0
0
0
0
0
0
0
0
0
0
0
0
0
0
0
0
0
0
0
0
0
0
0
0
0
0
0
0
0
0
0
0
0
0
0
0
0
0
0
0
0
0
0
0
0
0
0
0
0
0
0
0
0
0
0
0
0
0
0
0
0
0
0
0
0
0
0
0
0
0
0
0
0
0
0
0
0
0
0
0
0
0
0
0
0
0
0
0
0
0
0
0
0
0
0
0
0
0
0
0
0
0
0
0
0
0
0
0
0
0
0
0
0
0
0
0
0
0
0
0
0
0
0
0
0
0
0
0
0
0
0
0
0
0
0
0
0
0
0
0
0
0
0
0
0
0
0
0
0
0
0
0
0
0
0
0
0
0
0
0
0
0
0
0
0
0
0
0
0
0
0
0
0
0
0
0
0
0
0
0
0
0
0
0
0
0
0
0
0
0
0
0
0
0
0
0
0
0
0
0
0
0
0
0
0
0
0
0
0
0
0
0
0
0
0
0
0
0
0
0
0
0
0
0
0
0
0
0
0
0
0
0
0
0
0
0
0
0
0
0
0
1.401298464324817e-44
4.90454462513686e-44
1.093012802173357e-43
2.073921727200729e-43
3.923635700109488e-43
7.076557244840326e-43
1.268175110213959e-42
2.235071050598083e-42
3.912425312394889e-42
6.813113133547261e-42
1.182695903890146e-41
2.046596407146395e-41
3.534074727027189e-41
6.09144442441998e-41
1.048423485038542e-40
1.801621409613131e-40
3.091166321408044e-40
5.29561900056063e-40
9.058637870689207e-40
1.547268922756605e-39
2.638919662822638e-39
4.49412672571155e-39
7.642283855663684e-39
1.297657589124275e-38
2.200171992603767e-38
3.724881691642899e-38
6.296916818243928e-38
1.062926587832672e-37
1.791589569958968e-37
3.01532233122105e-37
5.067445011095234e-37
8.503632426260583e-37
1.424886106590451e-36
2.384054143782741e-36
3.983019186545056e-36
6.644603787041315e-36
1.106843658373639e-35
1.841042836662928e-35
3.057750375287593e-35
5.071082629447348e-35
8.397692038216704e-35
1.388608147589633e-34
2.292767981734034e-34
3.780080576211165e-34
6.223039083426862e-34
1.022974050638592e-33
1.679141150245835e-33
2.752138638490158e-33
4.504161173170945e-33
7.360681138620229e-33
1.201109033942277e-32
1.957073932528303e-32
3.184141187814598e-32
5.172942153681977e-32
8.391566762151534e-32
1.359279013441994e-31
2.198539074385303e-31
3.550746196263315e-31
5.726178107996764e-31
9.220825011861436e-31
1.482635132008528e-30
2.380445461601605e-30
3.816291874746839e-30
6.109196109133102e-30
9.765301393862879e-30
1.558641110907838e-29
2.48407888674524e-29
3.953149058448104e-29
6.281732875381825e-29
9.967218296644867e-29
1.579161443075453e-28
2.49825613854836e-28
3.94643604907101e-28
6.224874728969274e-28
9.804227567675105e-28
1.541889306047716e-27
2.421306859474832e-27
3.796670440288111e-27
5.944459040177001e-27
9.293467864935699e-27
1.450771595930212e-26
2.261391503588516e-26
3.519716475755778e-26
5.470090322997176e-26
8.488598784091336e-26
1.315321158645612e-25
2.035080560278625e-25
3.144017956748052e-25
4.85000066176996e-25
7.470532987003678e-25
1.148984191493909e-24
1.764528805963791e-24
2.705798032503954e-24
4.14298663926357e-24
6.334068708328919e-24
9.669473589799225e-24
1.473917654962344e-23
2.243331718920029e-23
3.409284229599151e-23
5.173470985474437e-23
7.838796588122118e-23
1.185945969440895e-22
1.791546534661141e-22
2.702330499731747e-22
4.070010584202858e-22
6.120667507752597e-22
9.190681405351298e-22
1.377976574685095e-21
2.062911505369999e-21
3.083638244873014e-21
4.602456758155271e-21
6.858971945766902e-21
1.020635539609306e-20
1.516436128104941e-20
2.249669702587258e-20
3.332375938322006e-20
4.928663268313157e-20
7.278528292211455e-20
1.073239638300219e-19
1.580111683865706e-19
2.322823455698174e-19
3.409426002923731e-19
4.996688404691016e-19
7.311700690467275e-19
1.068289699041822e-18
1.558451907827216e-18
2.27002555117468e-18
3.301416584246889e-18
4.79403649584346e-18
6.950770563142265e-18
1.006223277113702e-17
1.454402885166672e-17
2.098955749666159e-17
3.024468781025408e-17
4.351323062714363e-17
6.250561843743882e-17
8.964817380982713e-17
1.283770811094702e-16
1.835508088252554e-16
2.620274981809701e-16
3.734722583259288e-16
5.31483369430242e-16
7.551614773940532e-16
1.071291908061691e-15
1.51737376292017e-15
2.145818634948947e-15
3.029759348813959e-15
4.271071309938559e-15
6.011432213695817e-15
8.447542592195968e-15
1.185203651665528e-14
1.660215916837477e-14
2.321902469826307e-14
3.242126348206725e-14
4.519821339031213e-14
6.29095638971823e-14
8.742084069450137e-14
1.212871356083209e-13
1.680021139566223e-13
2.323344695884938e-13
3.207820294115482e-13
4.421835076914848e-13
6.085408869524467e-13
8.361232171037736e-13
1.146945060627458e-12
1.570743426819454e-12
2.147616503037075e-12
2.931537608150125e-12
3.995029567577246e-12
5.435363964467754e-12
7.382777549025388e-12
1.001133030642531e-11
1.355323752533222e-11
1.831773621674415e-11
2.47158959965077e-11
3.329315295674817e-11
4.477191881124831e-11
6.010725250860105e-11
8.055948269580782e-11
1.077886599420985e-10
1.439773716915838e-10
1.919898268143427e-10
2.555777256496583e-10
3.396460612759e-10
4.505955331080003e-10
5.967629168601718e-10
7.889859321430492e-10
1.041326913586715e-09
1.371996627419492e-09
1.804533411586817e-09
2.369301643767585e-09
3.105396606528643e-09
4.063055225600465e-09
5.306703521057443e-09
6.918803308053612e-09
9.004688550362516e-09
1.169863939054494e-08
1.517149605945178e-08
1.964016860256379e-08
2.537950116732191e-08
3.273702731121375e-08
4.21512957871073e-08
5.417454573830582e-08
6.950072872768942e-08
8.90000606545982e-08
1.137614162871614e-07
1.451444546773928e-07
1.848431878670453e-07
2.349637782117497e-07
2.981189197726053e-07
3.775425909680052e-07
4.772289798893325e-07
6.021000444889069e-07
7.582074772471969e-07
9.529745739200735e-07
1.195486788674316e-06
1.496837853665056e-06
1.8705418369791e-06
2.333022166567389e-06
2.904190978370025e-06
3.608131237342604e-06
4.473897661227966e-06
5.536460321309278e-06
6.837801265646704e-06
8.428192813880742e-06
1.03676820799592e-05
1.272780446015531e-05
1.559355951030739e-05
1.906567558762617e-05
2.326319736312144e-05
2.832642530847806e-05
3.442026718403213e-05
4.173799607087858e-05
5.050547770224512e-05
6.098589801695198e-05
7.348503277171403e-05
8.835702465148643e-05
0.0001060108043020591
0.0001269170898012817
0.0001516159536549821
0.0001807249936973676
0.0002149481151718646
0.0002550847711972892
0.0003020398144144565
0.0003568336542230099
0.0004206126322969794
0.0004946595872752368
0.0005804044776596129
0.0006794346845708787
0.000793504761531949
0.0009245453402400017
0.001074671279639006
0.001246187603101134
0.001441593980416656
0.001663586706854403
0.001915057771839201
0.002199090318754315
0.002518949564546347
0.002878070343285799
0.003280038246884942
0.003728565294295549
0.004227459896355867
0.004780590068548918
0.005391837097704411
0.006065046414732933
0.006803964730352163
0.007612176705151796
0.008493027649819851
0.009449548088014126
0.01048435643315315
0.01159957703202963
0.01279674097895622
0.01407668646425009
0.01543946377933025
0.01688423752784729
0.01840919815003872
0.02001147717237473
0.02168707549571991
0.02343081496655941
0.02523628622293472
0.02709583751857281
0.02900058589875698
0.03094045072793961
0.03290421143174171
0.03487961366772652
0.03685351461172104
0.03881202638149261
0.04074075073003769
0.04262497648596764
0.04444998875260353
0.04620134830474854
0.04786520823836327
0.04942863062024117
0.05087995529174805
0.05220912396907806
0.05340797826647758
0.05447060242295265
0.05539354309439659
0.05617606639862061
0.05682029202580452
0.05733129382133484
0.05771710723638535
0.05798866227269173
0.05815959349274635
0.05824605002999306
0.0582662858068943
0.05824026837944984
0.05818915367126465
0.05813470482826233
0.05809867009520531
0.05810212343931198
0.05816476419568062
0.05830429121851921
0.05853573977947235
0.05887092277407646
0.05931795760989189
0.05988089740276337
0.0605594739317894
0.06134903430938721
0.06224062293767929
0.06322118639945984
0.06427404284477234
0.06537940353155136
0.06651514768600464
0.06765761971473694
0.06878262013196945
0.0698663666844368
0.07088650017976761
0.07182310521602631
0.07265960425138474
0.07338354736566544
0.07398723065853119
0.07446813583374023
0.07482911646366119
0.07507836818695068
0.07522909343242645
0.0752989798784256
0.07530937343835831
0.07528427988290787
0.07524923235177994
0.07523004710674286
0.07525146752595901
0.07533592730760574
0.07550234347581863
0.07576509565114975
0.07613319903612137
0.07660982757806778
0.07719201594591141
0.07787086069583893
0.07863190025091171
0.0794559121131897
0.08031997829675674
0.0811987966299057
0.08206610381603241
0.08289622515439987
0.0836656391620636
0.08435435593128204
0.08494716882705688
0.08543460816144943
0.08581357449293137
0.08608750998973846
0.08626626431941986
0.0863654837012291
0.08640560507774353
0.08641058951616287
0.08640635013580322
0.08641903847455978
0.08647335320711136
0.08659084886312485
0.08678853511810303
0.08707762509584427
0.08746284991502762
0.08794209361076355
0.0885065421462059
0.08914132416248322
0.08982651680707932
0.0905386358499527
0.09125229716300964
0.09194207191467285
0.09258434176445007
0.09315907210111618
0.09365123510360718
0.09405197948217392
0.09435924887657166
0.09457797557115555
0.09471959620714188
0.09480124711990356
0.09484432637691498
0.09487287700176239
0.09491165727376938
0.09498415887355804
0.09511078894138336
0.09530723094940186
0.09558315575122833
0.09594154357910156
0.09637843072414398
0.09688330441713333
0.09743998199701309
0.09802805632352829
0.098624587059021
0.09920607507228851
0.09975048899650574
0.1002391204237938
0.100658193230629
0.1009999886155128
0.1012634932994843
0.101454421877861
0.1015846878290176
0.1016712337732315
0.1017345190048218
0.1017966419458389
0.1018793061375618
0.1020018979907036
0.1021796986460686
0.1024225354194641
0.1027339547872543
0.1031109541654587
0.1035443022847176
0.1040195226669312
0.1045183017849922
0.1050202697515488
0.105504997074604
0.1059539169073105
0.1063521206378937
0.1066897511482239
0.1069628894329071
0.1071738824248314
0.1073309928178787
0.1074475422501564
0.107540488243103
0.10762869566679
0.1077309921383858
0.1078643277287483
0.1080419942736626
0.1082724407315254
0.1085583940148354
0.1088966876268387
0.109278716146946
0.1096913889050484
0.110118567943573
0.1105428263545036
0.1109472960233688
0.1113174557685852
0.1116425916552544
0.1119169443845749
0.1121401563286781
0.1123172789812088
0.1124581098556519
0.1125760301947594
0.1126865148544312
0.1128053590655327
0.112946942448616
0.1131227090954781
0.113339900970459
0.1136008724570274
0.1139028891921043
0.1142385974526405
0.1145968958735466
0.1149643063545227
0.1153265088796616
0.1156700551509857
0.1159838661551476
0.1162604242563248
0.1164966076612473
0.116693951189518
0.1168583482503891
0.1169992983341217
0.1171286553144455
0.117259219288826
0.1174031943082809
0.1175707504153252
0.117768868803978
0.1180005744099617
0.1182646676898003
0.1185560002923012
0.1188661158084869
0.1191844716668129
0.1194997057318687
0.1198010146617889
0.1200795769691467
0.1203294917941093
0.1205484718084335
0.1207379996776581
0.1209030970931053
0.121051587164402
0.1211930215358734
0.1213374361395836
0.1214940696954727
0.1216702684760094
0.1218705251812935
0.1220960319042206
0.1223446279764175
0.1226111501455307
0.1228881850838661
0.1231671199202538
0.123439222574234
0.1236969009041786
0.1239345148205757
0.1241491809487343
0.1243409737944603
0.1245128959417343
0.1246703714132309
0.1248204186558723
0.1249707043170929
0.1251284778118134
0.1252996176481247
0.1254878640174866
0.1256944239139557
0.1259178072214127
0.1261541694402695
0.1263979077339172
0.1266423910856247
0.1268809735774994
0.1271078437566757
0.1273187696933746
0.1275116801261902
0.1276867389678955
0.1278463006019592
0.1279944479465485
0.1281363219022751
0.1282773166894913
0.1284222602844238
0.1285746842622757
0.1287363320589066
0.1289068758487701
0.1290839463472366
0.1292634010314941
0.1294399499893188
0.1296077817678452
0.1297612488269806
0.1298955082893372
0.1300070881843567
0.1300940811634064
0.1301561594009399
0.1301942765712738
0.1302103400230408
0.1302064657211304
0.1301844418048859
0.1301451474428177
0.1300880759954453
0.1300110518932343
0.1299103051424026
0.129780575633049
0.1296155750751495
0.1294084936380386
0.1291525065898895
0.1288414299488068
0.1284699887037277
0.1280341744422913
0.1275312155485153
0.1269595324993134
0.1263184100389481
0.1256076246500015
0.1248270496726036
0.1239762753248215
0.1230543479323387
0.122059665620327
0.120990090072155
0.1198431104421616
0.1186162531375885
0.1173075139522552
0.1159157902002335
0.1144413203001022
0.1128859221935272
0.1112532019615173
0.10954849421978
0.1077786833047867
0.1059519574046135
0.1040773540735245
0.1021644398570061
0.1002228409051895
0.09826202690601349
0.09629103541374207
0.09431840479373932
0.09235215187072754
0.09039982408285141
0.08846858143806458
0.08656527101993561
0.08469637483358383
0.08286798745393753
0.08108561486005783
0.07935389131307602
0.07767625153064728
0.07605458796024323
0.07448889315128326
0.0729769766330719
0.0715143010020256
0.07009397447109222
0.06870686262845993
0.06734185665845871
0.06598629802465439
0.06462643295526505
0.06324801594018936
0.0618368573486805
0.06037938967347145
0.05886318162083626
0.05727738887071609
0.05561316758394241
0.05386397242546082
0.05202586203813553
0.05009771510958672
0.04808146506547928
0.04598222300410271
0.04380843043327332
0.04157189279794693
0.03928776457905769
0.03697439283132553
0.03465305641293526
0.03234750404953957
0.03008336201310158
0.0278873834758997
0.02578655071556568
0.02380707487463951
0.02197335660457611
0.02030693553388119
0.01882551982998848
0.01754209771752357
0.01646425388753414
0.01559365168213844
0.01492576487362385
0.01444983016699553
0.01414907164871693
0.01400113292038441
0.01397874299436808
0.01405057590454817
0.01418227609246969
0.01433762349188328
0.01447978708893061
0.01457265764474869
0.01458219345659018
0.01447772141546011
0.01423318032175303
0.01382820028811693
0.01324900332838297
0.01248905155807734
0.01154939737170935
0.01043871324509382
0.009172966703772545
0.007774754427373409
0.006272308994084597
0.004698209464550018
0.003087878692895174
0.001477923942729831
-9.558824240230024e-05
-0.001598829054273665
-0.003001786302775145
-0.00427964236587286
-0.005413873121142387
-0.006393017712980509
-0.007213075179606676
-0.007877513766288757
-0.00839689839631319
-0.008788158185780048
-0.009073534980416298
-0.009279278106987476
-0.009434154257178307
-0.009567858651280403
-0.009709406644105911
-0.009885602630674839
-0.01011967193335295
-0.01043012924492359
-0.01082994416356087
-0.01132605969905853
-0.01191927492618561
-0.01260451227426529
-0.01337142754346132
-0.0142053384333849
-0.01508838683366776
-0.01600086502730846
-0.01692260429263115
-0.01783432438969612
-0.01871887035667896
-0.01956222578883171
-0.0203542448580265
-0.02108906954526901
-0.02176519483327866
-0.02238520048558712
-0.02295519225299358
-0.02348398603498936
-0.02398213930428028
-0.02446089684963226
-0.02493115141987801
-0.02540249191224575
-0.02588245645165443
-0.02637600339949131
-0.0268852673470974
-0.02740959636867046
-0.02794587798416615
-0.02848909795284271
-0.02903307974338531
-0.02957132086157799
-0.03009786456823349
-0.03060809150338173
-0.03109936602413654
-0.03157146647572517
-0.03202676028013229
-0.03247006610035896
-0.03290826082229614
-0.03334962576627731
-0.03380299359560013
-0.0342768058180809
-0.03477811813354492
-0.0353117324411869
-0.0358794741332531
-0.03647973015904427
-0.03710731863975525
-0.03775373101234436
-0.03840767219662666
-0.03905593603849411
-0.03968453779816628
-0.04027998819947243
-0.04083055630326271
-0.04132750257849693
-0.04176602140069008
-0.04214593395590782
-0.04247191548347473
-0.04275333881378174
-0.04300364479422569
-0.04323930665850639
-0.04347846657037735
-0.04373936727643013
-0.04403875395655632
-0.04439029097557068
-0.04480326175689697
-0.04528158158063889
-0.0458233542740345
-0.04642084985971451
-0.04706110060214996
-0.04772696271538734
-0.04839857295155525
-0.04905512556433678
-0.04967674240469933
-0.05024629831314087
-0.05075101181864738
-0.05118368566036224
-0.05154340714216232
-0.05183568224310875
-0.05207196995615959
-0.05226864293217659
-0.05244548618793488
-0.05262385308742523
-0.05282465368509293
-0.05306640267372131
-0.05336346849799156
-0.0537247322499752
-0.05415275692939758
-0.05464360862970352
-0.05518726631999016
-0.05576864257454872
-0.0563691072165966
-0.0569683238863945
-0.05754626914858818
-0.05808519572019577
-0.05857132375240326
-0.05899616330862045
-0.05935726314783096
-0.05965830758213997
-0.05990868434309959
-0.06012240052223206
-0.06031657010316849
-0.06050961092114449
-0.06071934849023819
-0.06096120551228523
-0.06124668568372726
-0.061582300812006
-0.06196902692317963
-0.06240235641598701
-0.06287295371294022
-0.06336779892444611
-0.06387165188789368
-0.06436875462532043
-0.06484454125165939
-0.06528714299201965
-0.06568855792284012
-0.06604540348052979
-0.06635905802249908
-0.0666353777050972
-0.06688382476568222
-0.06711632758378983
-0.06734581291675568
-0.06758475303649902
-0.06784377247095108
-0.06813053041696548
-0.0684489980340004
-0.06879919767379761
-0.06917734444141388
-0.06957653164863586
-0.06998762488365173
-0.07040046900510788
-0.07080511748790741
-0.07119300961494446
-0.07155789434909821
-0.07189644128084183
-0.07220849394798279
-0.07249689847230911
-0.0727669820189476
-0.07302574813365936
-0.073280930519104
-0.07353992760181427
-0.07380891591310501
-0.07409212738275528
-0.07439138740301132
-0.07470602542161942
-0.07503305375576019
-0.07536768913269043
-0.07570399343967438
-0.07603578269481659
-0.07635732740163803
-0.07666409015655518
-0.07695320248603821
-0.07722367346286774
-0.07747634500265121
-0.07771360129117966
-0.07793881744146347
-0.07815573364496231
-0.07836780697107315
-0.07857753336429596
-0.07878602296113968
-0.07899272441864014
-0.07919538766145706
-0.07939023524522781
-0.07957237958908081
-0.07973635196685791
-0.07987664639949799
-0.0799882635474205
-0.08006714284420013
-0.08011041581630707
-0.08011644333600998
-0.08008471876382828
-0.08001548051834106
-0.07990929484367371
-0.07976658642292023
-0.07958712428808212
-0.07936969399452209
-0.07911185920238495
-0.07880998402833939
-0.07845936715602875
-0.07805457711219788
-0.0775899663567543
-0.07706015557050705
-0.0764605700969696
-0.07578785717487335
-0.07504022121429443
-0.07421750575304031
-0.07332116365432739
-0.07235406339168549
-0.07132013887166977
-0.07022398710250854
-0.06907051801681519
-0.06786462664604187
-0.06661097705364227
-0.06531398743391037
-0.06397789716720581
-0.0626070573925972
-0.06120622903108597
-0.05978100374341011
-0.05833811312913895
-0.0568857230246067
-0.05543353408575058
-0.05399274453520775
-0.05257580801844597
-0.05119605362415314
-0.04986715316772461
-0.04860254749655724
-0.04741482809185982
-0.04631522297859192
-0.04531310871243477
-0.04441575333476067
-0.04362815245985985
-0.0429530180990696
-0.04239091277122498
-0.04194046929478645
-0.04159857705235481
-0.04136064276099205
-0.04122074320912361
-0.04117172583937645
-0.04120520502328873
-0.04131155833601952
-0.04147981852293015
-0.04169762134552002
-0.04195121675729752
-0.04222555086016655
-0.04250451549887657
-0.04277130961418152
-0.043008953332901
-0.04320089519023895
-0.04333171248435974
-0.04338779300451279
-0.04335799813270569
-0.04323423281311989
-0.04301182925701141
-0.04268978536128998
-0.04227079451084137
-0.0417611189186573
-0.04117027670145035
-0.04051061719655991
-0.03979676589369774
-0.03904507681727409
-0.03827300295233727
-0.03749853000044823
-0.03673958405852318
-0.03601352497935295
-0.03533661738038063
-0.03472355008125305
-0.03418697416782379
-0.03373706340789795
-0.03338111191987991
-0.03312315791845322
-0.03296370804309845
-0.03289955481886864
-0.03292372077703476
-0.0330255888402462
-0.03319118916988373
-0.03340370208024979
-0.03364413976669312
-0.03389216959476471
-0.03412708267569542
-0.03432878106832504
-0.0344788171350956
-0.03456132858991623
-0.03456386178731918
-0.03447803109884262
-0.03429992869496346
-0.03403033316135406
-0.03367464244365692
-0.03324257954955101
-0.03274768590927124
-0.03220658749341965
-0.03163817897439003
-0.03106266260147095
-0.03050051257014275
-0.02997148782014847
-0.02949362993240356
-0.02908234857022762
-0.02874963916838169
-0.02850344032049179
-0.02834718301892281
-0.02827956900000572
-0.02829458005726337
-0.02838174067437649
-0.02852664887905121
-0.0287117175757885
-0.02891713753342628
-0.029121994972229
-0.02930549159646034
-0.02944818697869778
-0.02953318879008293
-0.02954720519483089
-0.02948139794170856
-0.02933197282254696
-0.02910042926669121
-0.02879349142313004
-0.02842269465327263
-0.02800364792346954
-0.02755501680076122
-0.02709731087088585
-0.02665155008435249
-0.02623787708580494
-0.02587424404919147
-0.02557523176074028
-0.02535109594464302
-0.02520711161196232
-0.02514323033392429
-0.0251541081815958
-0.02522948570549488
-0.025354890152812
-0.02551263384521008
-0.02568303234875202
-0.02584576793015003
-0.02598128840327263
-0.0260721743106842
-0.02610436268150806
-0.02606814913451672
-0.02595887146890163
-0.02577725425362587
-0.02552935108542442
-0.02522610500454903
-0.02488253265619278
-0.02451661042869091
-0.02414792217314243
-0.02379617840051651
-0.02347970567643642
-0.02321405149996281
-0.02301077917218208
-0.02287658862769604
-0.02281280048191547
-0.02281527034938335
-0.0228747334331274
-0.02297758311033249
-0.02310696244239807
-0.02324414439499378
-0.0233700554817915
-0.02346682175993919
-0.02351921424269676
-0.02351588197052479
-0.02345025166869164
-0.02332103252410889
-0.02313227578997612
-0.02289301156997681
-0.02261642552912235
-0.02231873013079166
-0.02201776579022408
-0.02173147723078728
-0.0214763730764389
-0.02126612886786461
-0.02111043222248554
-0.02101417072117329
-0.02097705937922001
-0.02099369652569294
-0.02105408906936646
-0.02114457078278065
-0.02124904654920101
-0.02135045267641544
-0.02143228612840176
-0.02148009277880192
-0.02148275449872017
-0.02143347263336182
-0.02133034914731979
-0.02117651514708996
-0.02097978629171848
-0.02075189910829067
-0.02050736360251904
-0.020262086763978
-0.02003185078501701
-0.01983082108199596
-0.01967022567987442
-0.01955730095505714
-0.01949466206133366
-0.01948008872568607
-0.01950681023299694
-0.01956421136856079
-0.01963892765343189
-0.0197161678224802
-0.0197812058031559
-0.01982081867754459
-0.01982458494603634
-0.01978586800396442
-0.01970243826508522
-0.01957663148641586
-0.01941504329442978
-0.01922780461609364
-0.01902750134468079
-0.01882786490023136
-0.01864234171807766
-0.01848272420465946
-0.01835796236991882
-0.01827327348291874
-0.01822967082262039
-0.01822391524910927
-0.01824892126023769
-0.0182945653796196
-0.01834879070520401
-0.01839891821146011
-0.01843300089240074
-0.01844107918441296
-0.01841621845960617
-0.01835519820451736
-0.01825879514217377
-0.01813163794577122
-0.0179816298186779
-0.01781903952360153
-0.01765532791614532
-0.01750187762081623
-0.0173687394708395
-0.01726354844868183
-0.01719071343541145
-0.0171509962528944
-0.01714148186147213
-0.01715598069131374
-0.01718579046428204
-0.01722071133553982
-0.01725023798644543
-0.01726475358009338
-0.01725661754608154
-0.01722097955644131
-0.01715629920363426
-0.01706444285809994
-0.01695040427148342
-0.01682166382670403
-0.01668726094067097
-0.01655671745538712
-0.01643890887498856
-0.01634103246033192
-0.0162678137421608
-0.01622097752988338
-0.01619912683963776
-0.01619797199964523
-0.01621090434491634
-0.01622983440756798
-0.01624619401991367
-0.01625197939574718
-0.01624070107936859
-0.01620813459157944
-0.01615277677774429
-0.01607597060501575
-0.01598167233169079
-0.01587590575218201
-0.01576597616076469
-0.01565953530371189
-0.01556363143026829
-0.01548385620117188
-0.01542367693036795
-0.0153840584680438
-0.01536340825259686
-0.01535783428698778
-0.01536168996244669
-0.01536833494901657
-0.0153709938749671
-0.01536361686885357
-0.01534163393080235
-0.01530249509960413
-0.0152459442615509
-0.01517399586737156
-0.01509060896933079
-0.01500113122165203
-0.01491157244890928
-0.01482780557125807
-0.01475480850785971
-0.01469603460282087
-0.01465301401913166
-0.01462519634515047
-0.01461008377373219
-0.01460361108183861
-0.0146007277071476
-0.01459609437733889
-0.01458479557186365
-0.01456298399716616
-0.01452836021780968
-0.01448043901473284
-0.01442055683583021
-0.01435164548456669
-0.01427778322249651
-0.01420361828058958
-0.01413371600210667
-0.01407194696366787
-0.01402097195386887
-0.01398192718625069
-0.01395430509001017
-0.01393608190119267
-0.01392403338104486
-0.01391421910375357
-0.01390254683792591
-0.01388534624129534
-0.01385986525565386
-0.01382461749017239
-0.01377955824136734
-0.01372603885829449
-0.01366657484322786
-0.01360445562750101
-0.01354325655847788
-0.01348632201552391
-0.01343630813062191
-0.01339481864124537
-0.01336221396923065
-0.01333760842680931
-0.01331902667880058
-0.01330372970551252
-0.01328862737864256
-0.01327074319124222
-0.01324762590229511
-0.01321769598871469
-0.0131804421544075
-0.01313645485788584
-0.01308730617165565
-0.01303528435528278
-0.01298303809016943
-0.01293317414820194
-0.0128878727555275
-0.01284859143197536
-0.0128158638253808
-0.01278926618397236
-0.01276750303804874
-0.01274863723665476
-0.01273039542138577
-0.01271052565425634
-0.01268712338060141
-0.01265891268849373
-0.01262540742754936
-0.01258695870637894
-0.01254466734826565
-0.01250019390136003
-0.01245548669248819
-0.01241247169673443
-0.0123727647587657
-0.01233743689954281
-0.01230687089264393
-0.0122807277366519
-0.01225802861154079
-0.01223732717335224
-0.01221695262938738
-0.01219527050852776
-0.0121709369122982
-0.01214309595525265
-0.0121114868670702
-0.01207646727561951
-0.01203893218189478
-0.01200014725327492
-0.01196154300123453
-0.01192448101937771
-0.01189004629850388
-0.01185888424515724
-0.01183111779391766
-0.01180635113269091
-0.01178375165909529
-0.01176220085471869
-0.01174048148095608
-0.01171747408807278
-0.01169233303517103
-0.01166461035609245
-0.01163430791348219
-0.01160185877233744
-0.01156804244965315
-0.01153384335339069
-0.0115002803504467
-0.0114682437852025
-0.01143835764378309
-0.01141088735312223
-0.0113857164978981
-0.01136237569153309
-0.01134014129638672
-0.01131816022098064
-0.01129559520632029
-0.01127175893634558
-0.01124622672796249
-0.01121888682246208
-0.01118994876742363
-0.01115989685058594
-0.01112939044833183
-0.01109915133565664
-0.01106984354555607
-0.01104196440428495
-0.01101576257497072
-0.01099121849983931
-0.01096805091947317
-0.01094578299671412
-0.01092382334172726
-0.01090157870203257
-0.01087854709476233
-0.01085440255701542
-0.01082903612405062
-0.01080257073044777
-0.01077532488852739
-0.01074775028973818
-0.01072034891694784
-0.01069358829408884
-0.01066781766712666
-0.01064321398735046
-0.01061976794153452
-0.01059728674590588
-0.0105754379183054
-0.01055381260812283
-0.01053200382739305
-0.01050967164337635
-0.0104865999892354
-0.01046272460371256
-0.01043814327567816
-0.01041308883577585
-0.01038787607103586
-0.01036285050213337
-0.01033832132816315
-0.01031451113522053
-0.01029152236878872
-0.01026931963860989
-0.01024775113910437
-0.01022657472640276
-0.01020550727844238
-0.0101842787116766
-0.01016267482191324
-0.01014057453721762
-0.01011796854436398
-0.0100949490442872
-0.01007169485092163
-0.01004843041300774
-0.0100253839045763
-0.01000274997204542
-0.009980650618672371
-0.00995912216603756
-0.009938112460076809
-0.009917492046952248
-0.009897083044052124
-0.009876694530248642
-0.009856157004833221
-0.009835352189838886
-0.009814228862524033
-0.00979281309992075
-0.009771197102963924
-0.009749516844749451
-0.009727927856147289
-0.009706572629511356
-0.009685559198260307
-0.009664937853813171
-0.009644701145589352
-0.009624783881008625
-0.00960508082062006
-0.009585465304553509
-0.009565816260874271
-0.009546039626002312
-0.009526084177196026
-0.009505948051810265
-0.009485675022006035
-0.009465347975492477
-0.009445065632462502
-0.009424926713109016
-0.009405010379850864
-0.009385364130139351
-0.009365995414555073
-0.009346870705485344
-0.009327925741672516
-0.009309081360697746
-0.009290255606174469
-0.009271382354199886
-0.009252420626580715
-0.009233361110091209
-0.009214227087795734
-0.00919506698846817
-0.009175945073366165
-0.009156926535069942
-0.00913806539028883
-0.009119394235312939
-0.009100921452045441
-0.009082629345357418
-0.009064478799700737
-0.009046417661011219
-0.009028392843902111
-0.009010359644889832
-0.008992289192974567
-0.008974174968898296
-0.008956030942499638
-0.008937885984778404
-0.008919780142605305
-0.008901759050786495
-0.008883855305612087
-0.008866092190146446
-0.008848474361002445
-0.008830991573631763
-0.008813617751002312
-0.008796318434178829
-0.008779062889516354
-0.008761822246015072
-0.008744577877223492
-0.008727326057851315
-0.008710076101124287
-0.008692849427461624
-0.008675670251250267
-0.008658564649522305
-0.008641555905342102
-0.00862465426325798
-0.008607862517237663
-0.00859117042273283
-0.008574561215937138
-0.00855801347643137
-0.00854150764644146
-0.008525026962161064
-0.008508560247719288
-0.008492106571793556
-0.008475673384964466
-0.008459275588393211
-0.00844292901456356
-0.008426649495959282
-0.008410451002418995
-0.008394338190555573
-0.00837831012904644
-0.008362359367311001
-0.00834647286683321
-0.008330637589097023
-0.00831484142690897
-0.00829907413572073
-0.008283332921564579
-0.008267619647085667
-0.008251940831542015
-0.008236306719481945
-0.008220725692808628
-0.008205207996070385
-0.008189759217202663
-0.008174379356205463
-0.008159065619111061
-0.008143814280629158
-0.008128615096211433
-0.00811346247792244
-0.00809834711253643
-0.008083268068730831
-0.008068221621215343
-0.008053208701312542
-0.008038236759603024
-0.008023310452699661
-0.008008437231183052
-0.007993620820343494
-0.007978863082826138
-0.007964164949953556
-0.007949522696435452
-0.007934930734336376
-0.007920385338366032
-0.00790588092058897
-0.007891414687037468
-0.007876983843743801
-0.007862589322030544
-0.007848233915865421
-0.007833920419216156
-0.007819652557373047
-0.007805433589965105
-0.007791267242282629
-0.007777152117341757
-0.007763087749481201
-0.007749072276055813
-0.007735101506114006
-0.007721172645688057
-0.007707282900810242
-0.007693429943174124
-0.007679613772779703
-0.007665835320949554
-0.007652096450328827
-0.007638399954885244
-0.007624747231602669
-0.007611139211803675
-0.007597577292472124
-0.007584060076624155
-0.007570586632937193
-0.007557155098766088
-0.007543765008449554
-0.00753041310235858
-0.007517098914831877
-0.007503822445869446
-0.007490583695471287
-0.007477384060621262
-0.007464224472641945
-0.007451106794178486
-0.007438031025230885
-0.007424998097121716
-0.007412006612867117
-0.007399055641144514
-0.007386144250631332
-0.007373270578682423
-0.007360434159636497
-0.007347634062170982
-0.00733486982062459
-0.007322141900658607
-0.007309450767934322
-0.007296796888113022
-0.007284180261194706
-0.007271601352840662
-0.007259061560034752
-0.007246560417115688
-0.007234097924083471
-0.007221672683954239
-0.007209284696727991
-0.007196932565420866
-0.007184615358710289
-0.00717233307659626
-0.007160086650401354
-0.007147875148802996
-0.007135699968785048
-0.007123560179024935
-0.007111455779522657
-0.007099386770278215
-0.007087353151291609
-0.00707535445690155
-0.00706339068710804
-0.00705146137624979
-0.007039566058665514
-0.007027705200016499
-0.007015878800302744
-0.00700408685952425
-0.006992329377681017
-0.006980606354773045
-0.006968917325139046
-0.006957261823117733
-0.006945639848709106
-0.006934051401913166
-0.006922496482729912
-0.006910973694175482
-0.006899482570588589
-0.006888024974614382
-0.006876599509268999
-0.006865207105875015
-0.006853847298771143
-0.006842519622296095
-0.006831224542111158
-0.006819962058216333
-0.006808731704950333
-0.006797533482313156
-0.006786367390304804
-0.006775232031941414
-0.006764127407222986
-0.006753053050488234
-0.006742009427398443
-0.006730996537953615
-0.006720013450831175
-0.006709059700369835
-0.00669813621789217
-0.006687243469059467
-0.006676381453871727
-0.006665549241006374
-0.006654746830463409
-0.006643975153565407
-0.006633234675973654
-0.006622524000704288
-0.006611842196434736
-0.006601190194487572
-0.006590567994862795
-0.006579974200576544
-0.00656941020861268
-0.00655887508764863
-0.006548368372023106
-0.006537890527397394
-0.006527440156787634
-0.006517019588500261
-0.006506626959890127
-0.006496263667941093
-0.006485929246991873
-0.006475622300058603
-0.00646534375846386
-0.006455093156546354
-0.006444870959967375
-0.006434676237404346
-0.006424508057534695
-0.006414366420358419
-0.006404251791536808
-0.00639416417106986
-0.006384104024618864
-0.006374070886522532
-0.006364064291119576
-0.006354084704071283
-0.006344132125377655
-0.006334206555038691
-0.006324308458715677
-0.006314438302069902
-0.006304594688117504
-0.006294777616858482
-0.00628498662263155
-0.006275222636759281
-0.006265484262257814
-0.00625577149912715
-0.006246084347367287
-0.006236422341316938
-0.006226785480976105
-0.006217173766344786
-0.006207587197422981
-0.006198025774210691
-0.006188488565385342
-0.006178975570946932
-0.006169487256556749
-0.006160023156553507
-0.006150583270937204
-0.006141167599707842
-0.006131777074187994
-0.006122410297393799
-0.006113068200647831
-0.006103749852627516
-0.006094455718994141
-0.00608518673107028
-0.006075942888855934
-0.006066723726689816
-0.006057527381926775
-0.006048354785889387
-0.006039205472916365
-0.00603007897734642
-0.006020975299179554
-0.006011893972754478
-0.006002835463732481
-0.005993797909468412
-0.005984782706946135
-0.005975787993520498
-0.005966815166175365
-0.005957862827926874
-0.005948930978775024
-0.005940020550042391
-0.005931130144745111
-0.005922260228544474
-0.00591341033577919
-0.005904580466449261
-0.005895769223570824
-0.005886975210160017
-0.005878198891878128
-0.005869438871741295
-0.005860693752765656
-0.005851961206644773
-0.005843241233378649
-0.005834531970322132
-0.005825831554830074
-0.005817138124257326
-0.005808449815958738
-0.005799764301627874
-0.005791079718619585
-0.005782393272966146
-0.005773702636361122
-0.005765004083514214
-0.005756294820457697
-0.005747570656239986
-0.005738828331232071
-0.00573006272315979
-0.005721269175410271
-0.005712441634386778
-0.005703574977815151
-0.005694662686437368
-0.005685696378350258
-0.005676669999957085
-0.005667574238032103
-0.005658400245010853
-0.005649137310683727
-0.005639775656163692
-0.005630302708595991
-0.005620706360787153
-0.005610973108559847
-0.005601088516414165
-0.005591037683188915
-0.00558080431073904
-0.005570371635258198
-0.005559722892940044
-0.005548838991671801
-0.005537700839340687
-0.005526288412511349
-0.005514581687748432
-0.005502557847648859
-0.005490195006132126
-0.00547746941447258
-0.005464356858283281
-0.005450833588838577
-0.00543687492609024
-0.005422454793006182
-0.005407548975199461
-0.005392132326960564
-0.005376179236918688
-0.005359666887670755
-0.005342571530491114
-0.005324870813637972
-0.005306542851030827
-0.005287569016218185
-0.005267930217087269
-0.005247610621154308
-0.005226596724241972
-0.005204876884818077
-0.005182444117963314
-0.00515929376706481
-0.00513542490079999
-0.00511083984747529
-0.005085546057671309
-0.005059555638581514
-0.005032885354012251
-0.005005556158721447
-0.004977595061063766
-0.004949034657329321
-0.004919912200421095
-0.004890269599854946
-0.004860155750066042
-0.00482962466776371
-0.004798734560608864
-0.004767550155520439
-0.004736140370368958
-0.004704579245299101
-0.004672943148761988
-0.004641314502805471
-0.004609776195138693
-0.004578415304422379
-0.00454731984063983
-0.004516579210758209
-0.004486281890422106
-0.004456516355276108
-0.004427369218319654
-0.004398922901600599
-0.004371257964521646
-0.004344447981566191
-0.004318560939282179
-0.004293660167604685
-0.004269798286259174
-0.004247020464390516
-0.004225362092256546
-0.004204846918582916
-0.004185489378869534
-0.004167291801422834
-0.004150244407355785
-0.004134324844926596
-0.004119499120861292
-0.004105722531676292
-0.004092935472726822
-0.004081069957464933
-0.004070044495165348
-0.004059771075844765
-0.004050150513648987
-0.004041078966110945
-0.004032444208860397
-0.00402413122355938
-0.004016020800918341
-0.00400799373164773
-0.003999930340796709
-0.003991713747382164
-0.003983232192695141
-0.003974380437284708
-0.003965060226619244
-0.003955182619392872
-0.003944671247154474
-0.003933461848646402
-0.003921504132449627
-0.003908764105290174
-0.003895220579579473
-0.003880871227011085
-0.003865728620439768
-0.003849821630865335
-0.003833195194602013
-0.003815908683463931
-0.003798035206273198
-0.003779659979045391
-0.003760877531021833
-0.003741791471838951
-0.003722512163221836
-0.003703153925016522
-0.003683832474052906
-0.003664662595838308
-0.003645755117759109
-0.003627215977758169
-0.003609142964705825
-0.003591623390093446
-0.003574732923880219
-0.003558533033356071
-0.00354307028464973
-0.003528373781591654
-0.003514456562697887
-0.003501313971355557
-0.003488924354314804
-0.003477249760180712
-0.003466235939413309
-0.003455815138295293
-0.003445907728746533
-0.003436422906816006
-0.003427263116464019
-0.003418324049562216
-0.00340949953533709
-0.003400683868676424
-0.003391773905605078
-0.003382671857252717
-0.003373288316652179
-0.003363543655723333
-0.003353370819240808
-0.003342717187479138
-0.003331546206027269
-0.003319835755974054
-0.003307581879198551
-0.003294796450063586
-0.003281508339568973
-0.003267760155722499
-0.003253609174862504
-0.003239124082028866
-0.003224383573979139
-0.003209473565220833
-0.003194484394043684
-0.003179507330060005
-0.003164633410051465
-0.003149949247017503
-0.003135534701868892
-0.003121461952105165
-0.00310779083520174
-0.003094568615779281
-0.003081828821450472
-0.003069589845836163
-0.003057855181396008
-0.00304661295376718
-0.003035836620256305
-0.003025487530976534
-0.003015513764694333
-0.003005854319781065
-0.002996440278366208
-0.00298719760030508
-0.002978049451485276
-0.002968920161947608
-0.00295973545871675
-0.002950427355244756
-0.002940935315564275
-0.002931208815425634
-0.002921207807958126
-0.002910906448960304
-0.002900291234254837
-0.002889362629503012
-0.002878135070204735
-0.002866634866222739
-0.002854900434613228
-0.002842980436980724
-0.002830932149663568
-0.002818819135427475
-0.002806708216667175
-0.002794668544083834
-0.002782768104225397
-0.002771071391180158
-0.002759638708084822
-0.002748522674664855
-0.002737767295911908
-0.002727406797930598
-0.002717465627938509
-0.00270795775577426
-0.002698887139558792
-0.002690247260034084
-0.002682024380192161
-0.002674196613952518
-0.002666738349944353
-0.002659619320183992
-0.00265280925668776
-0.002646278357133269
-0.002639999845996499
-0.002633951837196946
-0.002628120360895991
-0.002622498432174325
-0.002617089776322246
-0.002611907897517085
-0.002606975845992565
-0.002602327615022659
-0.002598006976768374
-0.002594067016616464
-0.002590568037703633
-0.002587575232610106
-0.002585159381851554
-0.002583392197266221
-0.002582346787676215
-0.00258209346793592
-0.002582698129117489
-0.002584221074357629
-0.00258671585470438
-0.002590225543826818
-0.00259478553198278
-0.002600418403744698
-0.00260713673196733
-0.002614942844957113
-0.002623827196657658
-0.002633771393448114
-0.002644745633006096
-0.002656713593751192
-0.002669631270691752
-0.002683448139578104
-0.002698109019547701
-0.002713554771617055
-0.002729722997173667
-0.002746548969298601
-0.002763966098427773
-0.00278190546669066
-0.00280029745772481
-0.002819070359691978
-0.002838151296600699
-0.002857464598491788
-0.002876932267099619
-0.002896472811698914
-0.002916001249104738
-0.002935427706688643
-0.002954659052193165
-0.002973597031086683
-0.002992140362039208
-0.003010184038430452
-0.003027621190994978
-0.003044342854991555
-0.003060240531340241
-0.003075206652283669
-0.00308913947083056
-0.003101941430941224
-0.003113524056971073
-0.003123809350654483
-0.003132731188088655
-0.003140237415209413
-0.003146294038742781
-0.003150884062051773
-0.003154009813442826
-0.003155694575980306
-0.003155981423333287
-0.003154934616759419
-0.003152637276798487
-0.00314919208176434
-0.00314471940509975
-0.003139354754239321
-0.003133246442303061
-0.003126553958281875
-0.003119443543255329
-0.003112087491899729
-0.00310465763323009
-0.003097325097769499
-0.003090255428105593
-0.003083606483414769
-0.00307752494700253
-0.003072142833843827
-0.003067576326429844
-0.003063923446461558
-0.003061261493712664
-0.003059647278860211
-0.003059115028008819
-0.003059676615521312
-0.003061320632696152
-0.00306401401758194
-0.003067701822146773
-0.003072309074923396
-0.003077741246670485
-0.00308388820849359
-0.003090625628829002
-0.003097816603258252
-0.003105315612629056
-0.003112970618531108
-0.003120627952739596
-0.003128133015707135
-0.003135335864499211
-0.003142094006761909
-0.003148275893181562
-0.003153763245791197
-0.003158454084768891
-0.003162265755236149
-0.003165137255564332
-0.003167030168697238
-0.003167930524796247
-0.00316784786991775
-0.003166817128658295
-0.003164896508678794
-0.003162165870890021
-0.003158725798130035
-0.003154694102704525
-0.003150203498080373
-0.003145397175103426
-0.003140425309538841
-0.003135440405458212
-0.003130594035610557
-0.00312602985650301
-0.003121881978586316
-0.003118269145488739
-0.003115292638540268
-0.003113031154498458
-0.003111540572717786
-0.003110849997028708
-0.003110964549705386
-0.003111861413344741
-0.003113493090495467
-0.003115788334980607
-0.003118654945865273
-0.003121983259916306
-0.003125649178400636
-0.003129518590867519
-0.003133453195914626
-0.003137314226478338
-0.003140967339277267
-0.003144287271425128
-0.003147162031382322
-0.003149497788399458
-0.003151220269501209
-0.003152278484776616
-0.003152645193040371
-0.003152318298816681
-0.003151320619508624
-0.003149698022753
-0.0031475187279284
-0.00314486981369555
-0.003141852328553796
-0.003138579428195953
-0.003135170554742217
-0.003131747711449862
-0.003128430573269725
-0.003125331364572048
-0.003122551599517465
-0.003120178123936057
-0.003118280088528991
-0.00311690685339272
-0.00311608612537384
-0.003115823492407799
-0.003116102889180183
-0.003116887994110584
-0.003118124091997743
-0.003119740635156631
-0.003121655667200685
-0.003123777452856302
-0.00312601076439023
-0.003128260374069214
-0.003130434546619654
-0.003132449695840478
-0.003134235041216016
-0.003135734004899859
-0.0031369065400213
-0.003137731924653053
-0.0031382089946419
-0.003138356376439333
-0.003138211322948337
-0.003137828316539526
-0.00313727674074471
-0.003136637154966593
-0.003135998966172338
-0.003135456470772624
-0.003135104896500707
-0.003135037375614047
-0.00313533958978951
-0.003136089071631432
-0.003137349849566817
-0.003139173146337271
-0.003141593653708696
-0.003144630696624517
-0.003148287767544389
-0.003152553224936128
-0.00315740262158215
-0.003162801032885909
-0.003168705152347684
-0.003175066551193595
-0.003181835636496544
-0.003188963979482651
-0.003196407807990909
-0.00320413033477962
-0.003212105948477983
-0.003220318350940943
-0.003228764981031418
-0.003237454919144511
-0.003246410749852657
-0.003255665535107255
-0.00326526234857738
-0.003275251714512706
-0.003285688115283847
-0.003296627895906568
-0.003308126702904701
-0.003320235060527921
-0.003332996275275946
-0.003346443874761462
-0.003360599279403687
-0.003375470172613859
-0.003391050267964602
-0.003407317213714123
-0.003424234921112657
-0.003441753098741174
-0.003459808882325888
-0.003478330094367266
-0.00349723594263196
-0.003516440279781818
-0.003535854630172253
-0.003555389819666743
-0.003574958769604564
-0.003594477893784642
-0.003613870125263929
-0.003633065149188042
-0.00365200056694448
-0.003670621430501342
-0.003688881173729897
-0.003706738818436861
-0.003724160604178905
-0.003741116728633642
-0.003757580416277051
-0.003773527452722192
-0.003788933623582125
-0.003803774248808622
-0.003818022785708308
-0.003831651527434587
-0.003844630206003785
-0.003856927622109652
-0.003868510248139501
-0.003879346419125795
-0.003889404935762286
-0.003898658091202378
-0.003907083999365568
-0.003914665896445513
-0.003921397496014833
-0.003927281126379967
-0.003932332154363394
-0.003936576191335917
-0.003940053284168243
-0.003942816518247128
-0.003944930154830217
-0.003946469631046057
-0.003947519697248936
-0.003948173485696316
-0.003948530647903681
-0.003948694560676813
-0.003948768600821495
-0.003948855213820934
-0.003949055448174477
-0.003949462436139584
-0.003950162790715694
-0.003951233811676502
-0.003952743951231241
-0.003954748623073101
-0.003957293927669525
-0.0039604133926332
-0.003964127972722054
-0.003968447912484407
-0.003973374143242836
-0.003978896420449018
-0.003984997048974037
-0.003991647623479366
-0.003998815082013607
-0.004006458912044764
-0.004014532547444105
-0.004022983368486166
-0.004031756427139044
-0.004040789790451527
-0.004050020594149828
-0.004059381317347288
-0.00406880397349596
-0.004078216850757599
-0.004087549168616533
-0.004096729215234518
-0.004105687141418457
-0.00411435728892684
-0.004122675396502018
-0.004130583722144365
-0.004138031043112278
-0.004144972190260887
-0.004151374101638794
-0.004157212097197771
-0.004162473138421774
-0.00416715769097209
-0.004171275999397039
-0.004174852278083563
-0.004177921917289495
-0.004180531483143568
-0.004182738717645407
-0.004184608813375235
-0.004186214879155159
-0.00418763468042016
-0.004188947379589081
-0.004190234467387199
-0.004191576968878508
-0.004193049855530262
-0.004194724839180708
-0.004196663852781057
-0.004198921378701925
-0.004201541189104319
-0.004204554948955774
-0.004207984078675508
-0.004211836028844118
-0.004216108005493879
-0.004220785107463598
-0.00422584218904376
-0.004231244325637817
-0.004236946813762188
-0.004242898896336555
-0.004249043297022581
-0.004255319014191628
-0.004261661786586046
-0.004268006887286901
-0.004274290986359119
-0.004280452616512775
-0.004286432173103094
-0.004292177502065897
-0.004297642037272453
-0.00430278480052948
-0.004307572264224291
-0.004311980679631233
-0.004315995611250401
-0.004319610074162483
-0.004322827327996492
-0.004325658548623323
-0.004328124690800905
-0.004330251831561327
-0.0043320725671947
-0.004333626013249159
-0.004334954544901848
-0.004336102399975061
-0.004337113816291094
-0.004338033031672239
-0.004338901024311781
-0.004339755047112703
-0.004340625368058681
-0.004341534804552794
-0.004342499654740095
-0.004343525506556034
-0.004344608634710312
-0.004345735535025597
-0.004346881527453661
-0.004348014015704393
-0.004349088296294212
-0.004350054543465376
-0.004350854549556971
-0.004351424518972635
-0.004351698327809572
-0.004351605661213398
-0.004351077135652304
-0.004350044298917055
-0.004348441492766142
-0.004346208181232214
-0.004343288484960794
-0.004339632578194141
-0.004335199948400259
-0.004329957999289036
-0.004323880653828382
-0.004316953476518393
-0.004309167619794607
-0.004300523549318314
-0.004291029646992683
-0.004280699416995049
-0.004269551951438189
-0.004257611464709044
-0.004244904965162277
-0.00423146178945899
-0.004217313136905432
-0.004202491603791714
-0.004187028855085373
-0.004170955158770084
-0.004154301714152098
-0.004137096460908651
-0.004119368270039558
-0.004101143684238195
-0.004082449246197939
-0.004063312895596027
-0.004043764434754848
-0.004023833200335503
-0.004003553651273251
-0.003982963506132364
-0.003962104674428701
-0.003941026050597429
-0.003919782117009163
-0.003898435039445758
-0.003877053502947092
-0.003855713875964284
-0.003834499511867762
-0.003813500516116619
-0.003792813047766685
-0.003772538620978594
-0.003752782475203276
-0.003733652178198099
-0.003715255996212363
-0.003697700565680861
-0.003681090660393238
-0.003665525000542402
-0.00365109508857131
-0.003637883579358459
-0.003625961951911449
-0.003615387948229909
-0.003606206271797419
-0.003598444629460573
-0.003592114895582199
-0.003587211249396205
-0.003583710640668869
-0.003581572556868196
-0.003580738557502627
-0.003581134369596839
-0.00358267012052238
-0.003585241967812181
-0.003588733728975058
-0.003593018278479576
-0.003597960108891129
-0.003603416960686445
-0.003609240986406803
-0.003615283640101552
-0.003621394978836179
-0.003627427620813251
-0.003633238142356277
-0.003638689406216145
-0.003643652191385627
-0.003648005891591311
-0.003651642240583897
-0.003654464613646269
-0.003656390123069286
-0.003657350782305002
-0.003657293738797307
-0.003656181739643216
-0.00365399313159287
-0.003650723490864038
-0.003646384924650192
-0.003641004441305995
-0.003634626045823097
-0.003627308178693056
-0.003619123017415404
-0.00361015647649765
-0.003600505413487554
-0.003590277396142483
-0.00357958790846169
-0.003568559419363737
-0.003557318355888128
-0.003545993706211448
-0.003534714691340923
-0.003523607738316059
-0.003512794617563486
-0.003502390114590526
-0.00349250016734004
-0.003483218373730779
-0.003474625525996089
-0.003466787049546838
-0.00345975230447948
-0.003453552722930908
-0.003448202274739742
-0.003443695837631822
-0.003440011059865355
-0.003437107428908348
-0.003434928134083748
-0.003433400299400091
-0.003432439174503088
-0.003431948134675622
-0.003431822406128049
-0.003431951161473989
-0.003432220313698053
-0.003432516474276781
-0.003432729048654437
-0.00343275279738009
-0.003432491095736623
-0.003431859193369746
-0.00343078444711864
-0.003429209580644965
-0.003427093382924795
-0.00342441163957119
-0.003421156667172909
-0.003417338011786342
-0.003412981750443578
-0.003408128395676613
-0.0034028310328722
-0.003397154156118631
-0.003391171339899302
-0.003384961513802409
-0.003378608031198382
-0.00337219494394958
-0.003365804208442569
-0.003359513590112329
-0.003353393170982599
-0.003347505815327168
-0.003341902978718281
-0.003336624475196004
-0.003331697778776288
-0.003327136393636465
-0.003322942182421684
-0.003319103736430407
-0.003315598703920841
-0.003312394255772233
-0.003309448948130012
-0.003306714817881584
-0.003304139245301485
-0.003301667282357812
-0.003299243515357375
-0.003296814160421491
-0.003294328926131129
-0.003291743341833353
-0.00328901968896389
-0.00328612863086164
-0.003283048747107387
-0.003279768861830235
-0.003276286413893104
-0.003272608388215303
-0.003268749685958028
-0.003264733124524355
-0.00326058710925281
-0.00325634446926415
-0.003252040827646852
-0.003247714135795832
-0.003243401646614075
-0.003239137353375554
-0.003234952688217163
-0.003230875125154853
-0.003226925386115909
-0.003223117673769593
-0.003219459671527147
-0.003215951612219214
-0.003212586278095841
-0.003209350863471627
-0.003206226509064436
-0.003203189698979259
-0.003200213192030787
