0
0
0
0
0
0
0
0
0
0
0
0
0
0
0
0
0
0
0
0
0
0
0
0
0
0
0
0
0
0
0
0
0
0
0
0
0
0
0
0
0
0
0
0
0
0
0
0
0
0
0
0
0
0
0
0
0
0
0
0
0
0
0
0
0
0
0
0
0
0
0
0
0
0
0
0
0
0
0
0
0
0
0
0
0
0
0
0
0
0
0
0
0
0
0
0
0
0
0
0
0
0
0
0
0
0
0
0
0
0
0
0
0
0
0
0
0
0
0
0
0
0
0
0
0
0
0
0
0
0
0
0
0
0
0
0
0
0
0
0
0
0
0
0
0
0
0
0
0
0
0
0
0
0
0
0
0
0
0
0
0
0
0
0
0
0
0
0
0
0
0
0
0
0
0
0
0
0
0
0
0
0
0
0
0
0
0
0
0
0
0
0
0
0
0
0
0
0
0
0
0
0
0
0
0
0
0
0
0
0
0
0
0
0
0
0
0
0
0
0
0
0
0
0
0
0
0
0
0
0
0
0
0
0
0
0
0
0
0
0
0
0
0
0
0
0
0
0
0
0
0
0
0
0
0
0
0
0
0
0
0
0
0
0
0
0
0
0
0
0
0
0
0
0
0
0
0
0
0
0
0
0
0
0
0
0
0
0
0
0
0
0
0
0
0
0
0
0
0
0
0
0
0
0
0
0
0
0
0
0
0
0
0
0
0
0
0
0
0
0
0
0
0
0
0
0
0
0
0
0
0
0
0
0
0
0
0
0
0
0
0
0
0
0
0
0
0
0
0
0
0
0
0
0
0
0
0
0
0
0
0
0
0
0
0
0
0
0
0
0
0
0
0
0
0
0
0
0
0
0
0
0
0
0
0
0
0
0
0
0
0
0
0
0
0
0
0
0
0
0
0
0
0
0
0
0
0
0
0
0
0
0
0
0
0
0
0
0
0
0
0
0
0
0
0
0
0
0
0
0
0
0
0
0
0
0
0
0
0
0
0
0
0
0
0
0
0
0
0
0
0
0
0
0
0
0
0
0
0
0
0
0
0
0
0
0
0
0
0
0
0
0
0
0
0
0
0
0
0
0
0
0
0
0
0
0
0
0
0
0
0
0
0
0
0
0
0
0
0
0
0
0
0
0
0
0
0
0
0
0
0
0
0
0
0
0
0
0
0
0
0
0
0
0
0
0
0
0
0
0
0
0
0
0
0
0
0
0
0
0
0
0
0
0
0
0
0
0
0
0
0
0
0
0
0
0
0
0
0
0
0
0
0
0
0
0
0
0
0
0
0
0
0
0
0
0
0
0
0
0
0
0
0
0
0
0
0
0
0
0
0
0
0
0
0
0
0
0
0
0
0
0
0
0
0
0
0
0
0
0
0
0
0
0
0
0
0
0
0
0
0
0
0
0
0
0
0
0
0
0
0
0
0
0
0
0
0
0
0
0
0
0
0
0
0
0
0
0
0
0
0
0
0
0
0
0
0
0
0
0
0
0
0
0
0
0
0
0
0
0
0
0
0
0
0
0
0
0
0
0
0
0
0
0
0
0
0
0
0
0
0
0
0
0
0
0
0
0
0
0
0
0
0
0
0
0
0
0
0
0
0
0
0
0
0
0
0
0
0
0
0
0
0
0
0
0
0
0
0
0
0
0
0
0
0
0
0
0
0
0
0
0
0
0
0
0
0
0
0
0
0
0
0
0
0
0
0
0
0
0
0
0
0
0
0
0
0
0
0
0
0
0
0
0
0
0
0
0
0
0
0
0
0
0
0
0
0
0
0
0
0
0
0
0
0
0
0
0
0
0
0
0
0
0
0
0
0
0
0
0
0
0
0
0
0
0
0
0
0
0
0
0
0
0
0
0
0
0
0
0
0
0
0
0
0
0
0
0
0
0
0
0
0
0
0
0
0
0
0
0
0
0
0
0
0
0
0
0
0
0
0
0
0
0
0
0
0
0
0
0
0
0
0
0
0
0
0
0
0
0
0
0
0
0
0
0
0
0
0
0
0
0
0
0
0
0
0
0
0
0
0
0
0
0
0
0
0
0
0
0
0
0
0
0
0
0
0
0
0
0
0
0
0
0
0
0
0
0
0
0
0
0
0
0
0
0
0
0
0
0
0
0
0
0
0
0
0
0
0
0
0
0
0
0
0
0
0
0
0
0
0
0
0
0
0
0
0
0
0
0
0
0
0
0
0
0
0
0
0
0
0
0
0
0
0
0
0
0
0
0
0
0
0
0
0
0
0
0
0
0
0
0
0
0
0
0
0
0
0
0
0
0
0
0
0
0
0
0
0
0
0
0
0
0
0
0
0
0
0
0
0
0
0
0
0
0
0
0
0
0
0
0
0
0
0
0
0
0
0
0
0
0
0
0
0
0
0
0
0
0
0
0
0
0
0
0
0
0
0
0
0
0
0
0
0
0
0
0
0
0
0
0
0
0
0
0
0
0
0
0
0
0
0
0
0
0
0
0
0
0
0
0
0
0
0
0
0
0
0
0
0
0
0
0
0
0
0
0
0
0
0
0
0
0
0
0
0
0
0
0
0
0
0
0
0
0
0
0
0
0
0
0
0
0
0
0
0
0
0
0
0
0
0
0
0
0
0
0
0
0
0
0
0
0
0
0
0
0
0
0
0
0
0
0
0
0
0
0
0
0
0
0
0
0
0
0
0
0
0
0
0
0
0
0
0
0
0
0
0
0
0
0
0
0
0
0
0
0
0
0
0
0
0
0
0
0
0
0
0
0
0
0
0
0
0
0
0
0
0
0
0
0
0
0
0
0
0
0
0
0
0
0
0
0
0
0
0
0
0
0
0
0
0
0
0
0
0
0
0
0
0
0
0
0
0
0
0
0
0
0
0
0
0
0
0
0
0
0
0
0
0
0
0
0
0
0
0
0
0
0
0
0
0
0
0
0
0
0
0
0
0
0
0
0
0
0
0
0
0
0
0
0
0
0
0
0
0
0
0
0
0
0
0
0
0
0
0
0
0
0
0
0
0
0
0
0
0
0
0
0
0
0
0
0
0
0
0
0
0
0
0
0
0
0
0
0
0
0
0
0
0
0
0
0
0
0
0
0
0
0
0
0
0
0
0
0
0
0
0
0
0
0
0
0
0
0
0
0
0
0
0
0
0
0
0
0
0
0
0
0
0
0
0
0
0
0
0
0
0
0
0
0
0
0
0
0
0
0
0
0
0
0
0
0
0
0
0
0
0
0
0
0
0
0
0
0
0
0
0
0
0
0
0
0
0
0
0
0
0
0
2.802596928649634e-45
1.401298464324817e-44
4.484155085839415e-44
1.008934894313868e-43
1.98984381934124e-43
3.811531822963502e-43
7.104583214126823e-43
1.294799781036131e-42
2.345773629279744e-42
4.206697989903101e-42
7.502551977995071e-42
1.332915099265766e-41
2.362589210851642e-41
4.178672020616605e-41
7.3715305715807e-41
1.297630403934067e-40
2.27949221191718e-40
3.996433155331162e-40
6.993292090090146e-40
1.221427793444084e-39
2.129336074972454e-39
3.705198492893607e-39
6.435309054580647e-39
1.115627657439863e-38
1.930470102758566e-38
3.334282076138842e-38
5.748284927646561e-38
9.891727744350654e-38
1.699046586232308e-37
2.912989652214863e-37
4.985105161747016e-37
8.515547723154675e-37
1.451961076266343e-36
2.471170156395988e-36
4.198138455309047e-36
7.118991521882438e-36
1.20500525703377e-35
2.035960233427159e-35
3.433686440444393e-35
5.780483138675281e-35
9.713613768129729e-35
1.629340551471532e-34
2.728087978154586e-34
4.559543762990471e-34
7.606799349968684e-34
1.266780027864781e-33
2.105814926538609e-33
3.494297649799364e-33
5.787904594708549e-33
9.569861140517481e-33
1.579478698421291e-32
2.602236219327041e-32
4.279622870785878e-32
7.025725786594945e-32
1.151342761439728e-31
1.883418778936923e-31
3.075522277189154e-31
5.013275578855831e-31
8.157478464480479e-31
1.325021464026545e-30
2.1484410568058e-30
3.477430143404789e-30
5.618608713992564e-30
9.062234649133242e-30
1.459079711042909e-29
2.345097011110796e-29
3.762543382970745e-29
6.026178221795545e-29
9.634806399362276e-29
1.537749254816888e-28
2.450024111986099e-28
3.89671238976682e-28
6.186860723726959e-28
9.805892534112027e-28
1.551491703860939e-27
2.450519364871298e-27
3.863793721081873e-27
6.081597192983028e-27
9.555866575394727e-27
1.498897503752538e-26
2.347058870482002e-26
3.668824437240566e-26
5.725079749848553e-26
8.918431218716381e-26
1.386910902092001e-25
2.153090823692744e-25
3.336802989513391e-25
5.162427051130479e-25
7.973208467838282e-25
1.2293306607668e-24
1.89217557232896e-24
2.907447840387907e-24
4.459855104381389e-24
6.829494656052155e-24
1.044037292106926e-23
1.593322323703674e-23
2.427459900579846e-23
3.69200124952205e-23
5.605748459962551e-23
8.497042953366428e-23
1.285775370363528e-22
1.942343292037017e-22
2.929213206960552e-22
4.41002074151466e-22
6.628196127929298e-22
9.94525046391348e-22
1.489711893529656e-21
2.22769351703977e-21
3.325643100110543e-21
4.95636606401544e-21
7.374269924470493e-21
1.095325506058227e-20
1.624187227323769e-20
2.404353123369528e-20
3.553285183779376e-20
5.242421275707616e-20
7.721544256309835e-20
1.135395475867616e-19
1.666714779813623e-19
2.442569223098647e-19
3.573586457833414e-19
5.219559296046358e-19
7.610897604894416e-19
1.107925609055949e-18
1.610120504019422e-18
2.336035391237024e-18
3.383560788952233e-18
4.892629807414881e-18
7.062928809578942e-18
1.017891652270497e-17
1.464511363124315e-17
2.103578034929106e-17
3.016472922352226e-17
4.318323850229418e-17
6.171720281711248e-17
8.805875618897384e-17
1.254337474968799e-16
1.783741404983311e-16
2.532357991142829e-16
3.589170559185477e-16
5.078542206962808e-16
7.173976251714635e-16
1.011711928189179e-15
1.424393156355052e-15
2.002068673470419e-15
2.809338929565287e-15
3.935550124586342e-15
5.504055666642228e-15
7.684864809125776e-15
1.071187934767416e-14
1.490633991566535e-14
2.070867484655139e-14
2.872164718515854e-14
3.976875591533459e-14
5.497309896250295e-14
7.586367244041131e-14
1.045183904702096e-13
1.437562091935463e-13
1.973946857749057e-13
2.705945005825744e-13
3.703197958785515e-13
5.059517258279578e-13
6.901050369177708e-13
9.397123921020545e-13
1.277462402353435e-12
1.733701723849457e-12
2.348947642297206e-12
3.177201340562319e-12
4.290305090359769e-12
5.783666080783068e-12
7.783760615220903e-12
1.045794961046509e-11
1.402729755267673e-11
1.878327528237467e-11
2.510950128375988e-11
3.35099482884349e-11
4.464551298100083e-11
5.938129848948037e-11
7.88476575697139e-11
1.045188380288664e-10
1.383140824096074e-10
1.827273748977731e-10
2.409936694647286e-10
3.173011298152062e-10
4.170623291166464e-10
5.472590713928582e-10
7.168805549184754e-10
9.374794274208398e-10
1.223874668276892e-09
1.595039988977476e-09
2.075223104469615e-09
2.695353495951736e-09
3.494808886728151e-09
4.523627694652532e-09
5.845278483462835e-09
7.540105428915922e-09
9.709625103937469e-09
1.248185999003226e-08
1.601794608063756e-08
2.052031078392247e-08
2.624275730056524e-08
3.350288579895278e-08
4.269735143225262e-08
5.432059069221395e-08
6.898768134533384e-08
8.746227564415676e-08
1.106906353243176e-07
1.398428963739207e-07
1.76363187165407e-07
2.220301951183501e-07
2.790302460198291e-07
3.500450986848591e-07
4.383577447697462e-07
5.479787432705052e-07
6.837973955953203e-07
8.517617970937863e-07
1.059093051480886e-06
1.314539190389041e-06
1.628675818210468e-06
2.014259962379583e-06
2.48664764512796e-06
3.064283191633876e-06
3.769271188502898e-06
4.628046099242056e-06
5.672149654856184e-06
6.939133527339436e-06
8.473602974845562e-06
1.032842283166246e-05
1.2566102668643e-05
1.526038795418572e-05
1.849807085818611e-05
2.238106208096724e-05
2.702874007809442e-05
3.258060678490438e-05
3.919927257811651e-05
4.707383777713403e-05
5.642365431413054e-05
6.750250759068877e-05
8.060328400461003e-05
9.606312960386276e-05
0.0001142690962296911
0.0001356643333565444
0.000160754905664362
0.0001901170617202297
0.0002244051866000518
0.0002643602201715112
0.0003108187229372561
0.0003647224802989513
0.0004271283687558025
0.000499218818731606
0.000582312757615
0.0006778761162422597
0.000787533528637141
0.0009130787220783532
0.001056485576555133
0.001219917903654277
0.001405739691108465
0.001616522902622819
0.001855054637417197
0.002124343067407608
0.002427619881927967
0.00276834168471396
0.003150188829749823
0.003577058203518391
0.0040530557744205
0.00458248145878315
0.005169811192899942
0.005819675512611866
0.006536825560033321
0.007326103746891022
0.008192399516701698
0.009140600450336933
0.01017554104328156
0.01130193565040827
0.01252431515604258
0.01384695339947939
0.01527378428727388
0.01680831424891949
0.01845354400575161
0.02021185681223869
0.02208494581282139
0.02407369762659073
0.02617811225354671
0.0283972006291151
0.0307289082556963
0.03317003697156906
0.03571615368127823
0.0383615717291832
0.04109928384423256
0.04392093792557716
0.04681684076786041
0.04977597668766975
0.05278605967760086
0.05583358183503151
0.05890392884612083
0.06198149174451828
0.06504983454942703
0.06809185445308685
0.07109003514051437
0.07402662932872772
0.0768839493393898
0.07964462041854858
0.08229190856218338
0.08480995893478394
0.08718416094779968
0.08940142393112183
0.09145044535398483
0.0933220237493515
0.09500925987958908
0.09650779515504837
0.09781596809625626
0.09893497079610825
0.09986887872219086
0.1006246954202652
0.101212278008461
0.1016442477703094
0.1019357815384865
0.1021043732762337
0.1021695211529732
0.1021523922681808
0.1020753085613251
0.1019613891839981
0.1018339842557907
0.1017161756753922
0.1016302406787872
0.1015971302986145
0.1016359627246857
0.1017635390162468
0.1019939258694649
0.1023380979895592
0.1028036251664162
0.1033945381641388
0.1041111722588539
0.1049501597881317
0.1059045717120171
0.1069640666246414
0.1081152334809303
0.1093419790267944
0.1106260642409325
0.1119476035237312
0.1132857128977776
0.1146191582083702
0.1159270033240318
0.1171893104910851
0.1183877065777779
0.1195060759782791
0.1205309852957726
0.1214521378278732
0.1222627013921738
0.1229594871401787
0.1235430166125298
0.1240174993872643
0.1243906319141388
0.1246732473373413
0.1248788759112358
0.1250232756137848
0.1251237988471985
0.1251986920833588
0.125266432762146
0.1253450512886047
0.1254513710737228
0.1256004571914673
0.12580506503582
0.1260751336812973
0.1264174729585648
0.1268356293439865
0.1273296624422073
0.1278964132070541
0.1285295337438583
0.1292199343442917
0.1299562156200409
0.1307251900434494
0.1315125375986099
0.1323034316301346
0.1330832093954086
0.1338379681110382
0.1345552802085876
0.1352246254682541
0.1358378380537033
0.1363894045352936
0.1368767023086548
0.1372999399900436
0.1376621872186661
0.1379690170288086
0.1382282972335815
0.138449639081955
0.1386439204216003
0.1388228088617325
0.1389980018138885
0.1391807347536087
0.1393812894821167
0.1396084427833557
0.1398691087961197
0.1401680260896683
0.1405076384544373
0.1408880650997162
0.1413070857524872
0.1417604684829712
0.1422421336174011
0.1427446752786636
0.1432597041130066
0.143778383731842
0.1442919671535492
0.1447921693325043
0.1452716737985611
0.1457245051860809
0.1461461931467056
0.1465341150760651
0.146887481212616
0.1472073048353195
0.1474963128566742
0.1477586328983307
0.1479995846748352
0.1482252776622772
0.1484421938657761
0.1486568599939346
0.14887535572052
0.1491030603647232
0.149344265460968
0.1496020555496216
0.1498780846595764
0.150172546505928
0.1504842042922974
0.1508105099201202
0.1511477828025818
0.1514914780855179
0.1518364250659943
0.1521771401166916
0.1525081843137741
0.1528243869543076
0.1531211137771606
0.153394415974617
0.1536412090063095
0.1538592725992203
0.1540473103523254
0.1542047709226608
0.154331848025322
0.1544291377067566
0.1544975340366364
0.1545379012823105
0.1545508503913879
0.1545365303754807
0.1544944196939468
0.1544232070446014
0.154320552945137
0.1541832685470581
0.1540070772171021
0.1537869572639465
0.15351702272892
0.1531908810138702
0.1528017669916153
0.1523427516222
0.1518070548772812
0.1511881947517395
0.1504803001880646
0.1496782153844833
0.1487777382135391
0.14777572453022
0.1466701626777649
0.1454602777957916
0.1441465318202972
0.1427305638790131
0.1412152349948883
0.1396045833826065
0.1379037499427795
0.1361189633607864
0.1342574506998062
0.1323274821043015
0.1303382515907288
0.1282998621463776
0.1262234002351761
0.1241207420825958
0.1220046803355217
0.1198887377977371
0.1177871152758598
0.1157145574688911
0.1136862188577652
0.1117174029350281
0.1098233833909035
0.1080190390348434
0.1063186004757881
0.1047352403402328
0.1032807230949402
0.101965069770813
0.1007961481809616
0.099779412150383
0.09891752898693085
0.09821023792028427
0.09765418618917465
0.09724285453557968
0.09696659445762634
0.09681273996829987
0.09676589071750641
0.09680820256471634
0.09691981971263885
0.09707938879728317
0.09726462513208389
0.09745296090841293
0.09762217104434967
0.09775107353925705
0.09782013297080994
0.09781208634376526
0.09771250933408737
0.09751032292842865
0.09719809144735336
0.09677235782146454
0.09623371064662933
0.09558678418397903
0.09484010189771652
0.09400580078363419
0.09309917688369751
0.0921381339430809
0.09114255011081696
0.09013351052999496
0.08913251757621765
0.0881606861948967
0.08723787218332291
0.0863819494843483
0.08560806512832642
0.08492805063724518
0.08434993028640747
0.08387757837772369
0.08351059257984161
0.08324430882930756
0.08307003974914551
0.08297541737556458
0.08294501155614853
0.08296102285385132
0.08300407230854034
0.08305415511131287
0.08309151977300644
0.08309764415025711
0.08305604755878448
0.08295312523841858
0.08277873694896698
0.08252670615911484
0.08219503611326218
0.08178597688674927
0.0813058614730835
0.08076471090316772
0.08017566055059433
0.07955421507358551
0.07891738414764404
0.07828272134065628
0.07766737788915634
0.0770871639251709
0.07655568420886993
0.07608360797166824
0.07567814737558365
0.07534269243478775
0.07507670670747757
0.07487579435110092
0.07473206520080566
0.07463470101356506
0.07457061111927032
0.07452529668807983
0.07448374480009079
0.07443134486675262
0.07435480505228043
0.07424288243055344
0.07408709824085236
0.07388214021921158
0.07362613826990128
0.07332069426774979
0.07297065109014511
0.07258369773626328
0.07216981053352356
0.07174048572778702
0.0713079646229744
0.07088439911603928
0.07048099488019943
0.0701073482632637
0.06977077573537827
0.0694759264588356
0.069224514067173
0.06901534646749496
0.06884445250034332
0.06870546191930771
0.06859017908573151
0.06848916411399841
0.06839250028133392
0.06829047948122025
0.0681743398308754
0.06803683936595917
0.06787273287773132
0.06767909973859787
0.06745543330907822
0.06720361113548279
0.06692766398191452
0.06663337349891663
0.0663277804851532
0.06601856648921967
0.06571345031261444
0.06541958451271057
0.06514301896095276
0.06488830596208572
0.06465815007686615
0.06445331871509552
0.06427261233329773
0.06411311030387878
0.06397039443254471
0.06383902579545975
0.06371301412582397
0.06358630210161209
0.063453309237957
0.06330928951501846
0.06315074861049652
0.06297561526298523
0.0627833679318428
0.06257497519254684
0.06235275790095329
0.06212009862065315
0.06188108399510384
0.06164012476801872
0.06140151619911194
0.06116906926035881
0.0609457790851593
0.06073359027504921
0.06053324788808823
0.06034424155950546
0.06016490235924721
0.05999256670475006
0.05982379615306854
0.05965470150113106
0.05948124825954437
0.05929956212639809
0.05910618975758553
0.05889832600951195
0.05867394432425499
0.05843184143304825
0.0581715889275074
0.05789342522621155
0.05759806558489799
0.05728646367788315
0.05695957317948341
0.05661808326840401
0.05626219883561134
0.05589145421981812
0.05550462007522583
0.05509959533810616
0.05467348173260689
0.05422262474894524
0.05374275892972946
0.05322917550802231
0.05267693847417831
0.05208104476332664
0.05143659561872482
0.05073897913098335
0.04998392984271049
0.04916760325431824
0.0482865683734417
0.04733776673674583
0.04631843790411949
0.04522601887583733
0.04405803605914116
0.04281201586127281
0.04148540273308754
0.04007551446557045
0.0385795459151268
0.03699458390474319
0.03531771525740623
0.03354611992835999
0.03167722374200821
0.0297088511288166
0.02763938717544079
0.02546794712543488
0.02319450117647648
0.02081999555230141
0.01834642514586449
0.01577687077224255
0.0131155252456665
0.01036766171455383
0.007539593614637852
0.004638604819774628
0.00167288922239095
-0.001348533667623997
-0.004415888804942369
-0.007518715690821409
-0.01064592786133289
-0.01378587540239096
-0.01692639663815498
-0.02005486935377121
-0.02315828017890453
-0.02622330375015736
-0.02923638559877872
-0.03218387439846992
-0.03505215421319008
-0.03782780468463898
-0.04049780964851379
-0.04304973408579826
-0.04547197371721268
-0.0477539524435997
-0.04988635331392288
-0.05186131596565247
-0.05367263779044151
-0.05531593784689903
-0.05678877979516983
-0.05809077993035316
-0.05922365561127663
-0.06019124388694763
-0.06099949777126312
-0.06165641918778419
-0.06217196211218834
-0.06255791336297989
-0.06282775104045868
-0.06299640983343124
-0.06308010220527649
-0.0630960687994957
-0.06306228786706924
-0.06299722194671631
-0.0629194900393486
-0.0628475621342659
-0.06279940903186798
-0.06279218196868896
-0.06284188479185104
-0.06296301633119583
-0.06316833198070526
-0.06346850097179413
-0.06387192010879517
-0.06438447535037994
-0.06500945240259171
-0.06574741005897522
-0.06659619510173798
-0.06755095720291138
-0.06860428303480148
-0.06974636763334274
-0.07096527516841888
-0.072247214615345
-0.07357687503099442
-0.0749378576874733
-0.0763130784034729
-0.07768517732620239
-0.07903698831796646
-0.08035198599100113
-0.08161470293998718
-0.08281112462282181
-0.08392907679080963
-0.08495849370956421
-0.08589174598455429
-0.08672375231981277
-0.08745216578245163
-0.0880773663520813
-0.08860248327255249
-0.08903321623802185
-0.08937769383192062
-0.08964623510837555
-0.08985097706317902
-0.09000550210475922
-0.09012443572282791
-0.09022296965122223
-0.09031639248132706
-0.09041962027549744
-0.09054672718048096
-0.09071052819490433
-0.09092214703559875
-0.09119071066379547
-0.09152308106422424
-0.09192366153001785
-0.09239429980516434
-0.09293427318334579
-0.09354034066200256
-0.09420694410800934
-0.0949263870716095
-0.09568920731544495
-0.0964844822883606
-0.09730027616024017
-0.09812410175800323
-0.09894333034753799
-0.09974568337202072
-0.1005196571350098
-0.1012549102306366
-0.1019426062703133
-0.1025757342576981
-0.103149302303791
-0.1036604568362236
-0.104108490049839
-0.1044948548078537
-0.1048229932785034
-0.1050981506705284
-0.1053270548582077
-0.1055176481604576
-0.1056786328554153
-0.1058191135525703
-0.1059481501579285
-0.1060743480920792
-0.1062054485082626
-0.1063480004668236
-0.1065070480108261
-0.1066858544945717
-0.1068858280777931
-0.1071063652634621
-0.1073448807001114
-0.1075968742370605
-0.1078561022877693
-0.1081147938966751
-0.1083639338612556
-0.1085935682058334
-0.1087932139635086
-0.1089521497488022
-0.1090598031878471
-0.1091061234474182
-0.1090818792581558
-0.1089788824319839
-0.1087902560830116
-0.1085105687379837
-0.1081358790397644
-0.1076638028025627
-0.107093408703804
-0.1064251437783241
-0.1056607067584991
-0.104802779853344
-0.1038548573851585
-0.1028209999203682
-0.1017056331038475
-0.1005132868885994
-0.09924846142530441
-0.0979154109954834
-0.09651815891265869
-0.0950603112578392
-0.09354516118764877
-0.09197571128606796
-0.09035476297140121
-0.08868509531021118
-0.08696962893009186
-0.08521163463592529
-0.0834149494767189
-0.08158416301012039
-0.07972478866577148
-0.07784342765808105
-0.0759478360414505
-0.07404700666666031
-0.07215116173028946
-0.07027161866426468
-0.06842070817947388
-0.06661153584718704
-0.06485768407583237
-0.06317294389009476
-0.06157093122601509
-0.06006474792957306
-0.05866656452417374
-0.05738723650574684
-0.05623595789074898
-0.05521995201706886
-0.05434417724609375
-0.05361111834645271
-0.0530206561088562
-0.05256999284029007
-0.05225364118814468
-0.05206355452537537
-0.05198926478624344
-0.05201813206076622
-0.05213562399148941
-0.05232567712664604
-0.05257110297679901
-0.05285397544503212
-0.05315610393881798
-0.05345944315195084
-0.05374652519822121
-0.05400088801980019
-0.05420742928981781
-0.05435275286436081
-0.05442545562982559
-0.05441635847091675
-0.05431869626045227
-0.05412821844220161
-0.05384325236082077
-0.05346468091011047
-0.05299590528011322
-0.05244269222021103
-0.05181299149990082
-0.0511167012155056
-0.05036541819572449
-0.04957206919789314
-0.04875059798359871
-0.04791557043790817
-0.04708177968859673
-0.04626382514834404
-0.04547573253512383
-0.044730544090271
-0.04403994977474213
-0.04341395199298859
-0.04286056011915207
-0.04238555580377579
-0.04199232906103134
-0.04168174415826797
-0.04145213216543198
-0.04129934310913086
-0.04121686145663261
-0.04119604080915451
-0.04122640192508698
-0.04129597917199135
-0.04139174893498421
-0.04150008782744408
-0.04160727560520172
-0.04169997200369835
-0.0417657345533371
-0.04179345816373825
-0.04177380725741386
-0.04169954732060432
-0.04156582057476044
-0.04137032479047775
-0.04111335426568985
-0.04079779610037804
-0.04042896255850792
-0.04001434519886971
-0.03956327214837074
-0.03908651322126389
-0.03859576210379601
-0.0381031297147274
-0.03762062638998032
-0.03715962171554565
-0.03673034906387329
-0.03634146973490715
-0.03599970415234566
-0.03570956736803055
-0.03547319769859314
-0.03529031202197075
-0.03515826538205147
-0.03507221862673759
-0.03502542525529861
-0.03500958159565926
-0.0350152775645256
-0.03503244742751122
-0.0350508876144886
-0.03506076708436012
-0.03505309671163559
-0.0350201316177845
-0.03495574742555618
-0.0348556824028492
-0.03471771255135536
-0.03454169258475304
-0.03432950377464294
-0.03408489376306534
-0.0338132381439209
-0.03352119028568268
-0.03321630880236626
-0.03290662169456482
-0.03260017558932304
-0.03230462968349457
-0.03202682361006737
-0.03177246451377869
-0.03154584392905235
-0.03134963661432266
-0.03118482418358326
-0.03105070441961288
-0.03094497881829739
-0.0308639369904995
-0.03080271556973457
-0.03075561299920082
-0.03071644157171249
-0.03067889809608459
-0.03063693083822727
-0.03058507107198238
-0.03051872923970222
-0.03043443150818348
-0.03032997436821461
-0.03020450286567211
-0.03005850873887539
-0.02989374287426472
-0.02971307002007961
-0.02952024526894093
-0.02931965328752995
-0.02911601401865482
-0.0289140697568655
-0.02871831506490707
-0.02853271551430225
-0.02836048044264317
-0.02820391394197941
-0.0280642919242382
-0.02794182673096657
-0.02783570066094398
-0.02774416655302048
-0.02766468748450279
-0.02759414352476597
-0.02752905711531639
-0.0274658277630806
-0.02740096673369408
-0.02733132801949978
-0.02725429087877274
-0.027167908847332
-0.02707100659608841
-0.02696322277188301
-0.02684499509632587
-0.02671749703586102
-0.0265825167298317
-0.02644230984151363
-0.02629941888153553
-0.02615649811923504
-0.02601611614227295
-0.02588058635592461
-0.02575182169675827
-0.02563120797276497
-0.02551954984664917
-0.02541704103350639
-0.02532326616346836
-0.02523727342486382
-0.02515766397118568
-0.02508270926773548
-0.02501049637794495
-0.02493907697498798
-0.02486659586429596
-0.02479143440723419
-0.02471230365335941
-0.02462831884622574
-0.02453905716538429
-0.02444454841315746
-0.02434525452554226
-0.02424200996756554
-0.02413594163954258
-0.02402837201952934
-0.02392069809138775
-0.02381429448723793
-0.02371040172874928
-0.02361004799604416
-0.02351397275924683
-0.023422596976161
-0.02333599701523781
-0.02325392700731754
-0.02317584864795208
-0.02310099825263023
-0.02302845008671284
-0.02295719645917416
-0.0228862352669239
-0.02281464263796806
-0.02274164743721485
-0.02266667410731316
-0.02258938178420067
-0.02250967919826508
-0.02242770791053772
-0.0223438274115324
-0.02225856855511665
-0.02217257395386696
-0.02208654955029488
-0.02200119756162167
-0.02191715873777866
-0.0218349676579237
-0.02175501361489296
-0.02167751081287861
-0.02160249836742878
-0.02152985148131847
-0.02145929262042046
-0.02139043062925339
-0.02132279239594936
-0.02125587500631809
-0.02118918299674988
-0.02112227492034435
-0.02105479128658772
-0.02098648436367512
-0.02091722562909126
-0.02084701880812645
-0.02077597379684448
-0.02070430666208267
-0.02063230983912945
-0.02056031301617622
-0.02048866078257561
-0.02041767723858356
-0.02034764364361763
-0.02027877233922482
-0.02021119371056557
-0.02014495059847832
-0.02007999457418919
-0.02001620829105377
-0.01995341293513775
-0.01989138312637806
-0.0198298767209053
-0.01976865902543068
-0.01970751397311687
-0.01964626833796501
-0.01958480477333069
-0.01952306367456913
-0.01946104504168034
-0.01939881406724453
-0.01933647319674492
-0.01927416026592255
-0.0192120298743248
-0.01915024407207966
-0.01908894814550877
-0.01902826502919197
-0.01896828040480614
-0.01890904083848
-0.01885055191814899
-0.0187927782535553
-0.01873565092682838
-0.0186790693551302
-0.01862292923033237
-0.01856711693108082
-0.01851152628660202
-0.01845606602728367
-0.01840067096054554
-0.01834530010819435
-0.01828994788229465
-0.01823462545871735
-0.01817937940359116
-0.01812426745891571
-0.01806935854256153
-0.01801471784710884
-0.01796041801571846
-0.01790651492774487
-0.01785304956138134
-0.01780003868043423
-0.01774749346077442
-0.01769539713859558
-0.01764371618628502
-0.0175924114882946
-0.01754143089056015
-0.01749072223901749
-0.01744023896753788
-0.01738994382321835
-0.0173398032784462
-0.01728980056941509
-0.01723993197083473
-0.01719020865857601
-0.01714064367115498
-0.01709126681089401
-0.01704210788011551
-0.01699319668114185
-0.01694455929100513
-0.01689622178673744
-0.01684819720685482
-0.01680049486458302
-0.01675311103463173
-0.01670602895319462
-0.01665923744440079
-0.016612708568573
-0.01656642556190491
-0.01652036421000957
-0.01647450588643551
-0.01642883569002151
-0.0163833424448967
-0.01633802056312561
-0.0162928681820631
-0.01624789647758007
-0.01620310917496681
-0.01615852117538452
-0.01611414365470409
-0.01606998965144157
-0.01602607034146786
-0.01598238758742809
-0.01593894697725773
-0.01589574478566647
-0.0158527810126543
-0.01581004448235035
-0.015767527744174
-0.01572522148489952
-0.01568311266601086
-0.01564119569957256
-0.0155994575470686
-0.01555789355188608
-0.01551650278270245
-0.01547528523951769
-0.01543423999100924
-0.01539337262511253
-0.01535268779844046
-0.01531219016760588
-0.01527188066393137
-0.01523176394402981
-0.01519184187054634
-0.01515211723744869
-0.01511258725076914
-0.0150732509791851
-0.01503410469740629
-0.0149951446801424
-0.01495636440813541
-0.01491776295006275
-0.01487933285534382
-0.01484106853604317
-0.01480296812951565
-0.01476502884179354
-0.01472725253552198
-0.01468963921070099
-0.01465218793600798
-0.01461490150541067
-0.0145777827128768
-0.01454083062708378
-0.01450404804199934
-0.01446743123233318
-0.01443098112940788
-0.01439469773322344
-0.0143585791811347
-0.01432262174785137
-0.01428682450205088
-0.01425118558108807
-0.01421570219099522
-0.0141803715378046
-0.01414519175887108
-0.01411015912890434
-0.01407527457922697
-0.01404053717851639
-0.01400594692677259
-0.01397150196135044
-0.0139372032135725
-0.01390305161476135
-0.01386904530227184
-0.01383518613874912
-0.01380147319287062
-0.01376790553331375
-0.01373448316007853
-0.01370120327919722
-0.01366806402802467
-0.0136350654065609
-0.01360220462083817
-0.01356948260217905
-0.0135368974879384
-0.01350444741547108
-0.01347213052213192
-0.01343994773924351
-0.01340789813548326
-0.01337597798556089
-0.01334418822079897
-0.01331252977252007
-0.01328100264072418
-0.01324960589408875
-0.01321834046393633
-0.01318720541894436
-0.01315619982779026
-0.01312532182782888
-0.0130945723503828
-0.01306394953280687
-0.01303345337510109
-0.01300308015197515
-0.01297283079475164
-0.01294270344078541
-0.01291269809007645
-0.01288281287997961
-0.0128530478104949
-0.01282340101897717
-0.01279387343674898
-0.0127644632011652
-0.01273516844958067
-0.01270599011331797
-0.01267692726105452
-0.01264797709882259
-0.01261914242058992
-0.01259042136371136
-0.01256181299686432
-0.01253331825137138
-0.01250493433326483
-0.01247666124254465
-0.01244849991053343
-0.01242044940590858
-0.01239250786602497
-0.01236467529088259
-0.01233695261180401
-0.01230933889746666
-0.01228183321654797
-0.01225443556904793
-0.01222714222967625
-0.0121999541297555
-0.01217287220060825
-0.01214589364826679
-0.01211902033537626
-0.01209225133061409
-0.0120655857026577
-0.01203902158886194
-0.01201255898922682
-0.0119861988350749
-0.01195993740111589
-0.01193377561867237
-0.01190771162509918
-0.01188174448907375
-0.01185587421059608
-0.0118300998583436
-0.0118044214323163
-0.01177883986383677
-0.01175335142761469
-0.01172795798629522
-0.01170266047120094
-0.01167745795100927
-0.01165234763175249
-0.01162733230739832
-0.01160241104662418
-0.01157758291810751
-0.0115528479218483
-0.01152820512652397
-0.01150365360081196
-0.01147919334471226
-0.01145482249557972
-0.01143054105341434
-0.01140634994953871
-0.01138224638998508
-0.01135823223739862
-0.01133430376648903
-0.01131046283990145
-0.0112867085263133
-0.01126303896307945
-0.01123945601284504
-0.01121595688164234
-0.01119254250079393
-0.01116921287029982
-0.01114596799015999
-0.0111228059977293
-0.01109972782433033
-0.01107673160731792
-0.01105381827801466
-0.01103098597377539
-0.01100823655724525
-0.01098556816577911
-0.01096297800540924
-0.01094046793878078
-0.01091803796589375
-0.01089568715542555
-0.01087341457605362
-0.01085122022777796
-0.01082910504192114
-0.01080706808716059
-0.01078510656952858
-0.01076322328299284
-0.01074141636490822
-0.01071968674659729
-0.01069803256541491
-0.01067645382136106
-0.01065494958311319
-0.01063351985067129
-0.01061216369271278
-0.01059088204056025
-0.01056967303156853
-0.0105485375970602
-0.01052747666835785
-0.01050648652017117
-0.01048557087779045
-0.01046472787857056
-0.01044395565986633
-0.01042325329035521
-0.01040262170135975
-0.01038205903023481
-0.01036156620830297
-0.01034114323556423
-0.01032078731805086
-0.01030049845576286
-0.01028027944266796
-0.01026012748479843
-0.01024004630744457
-0.01022003218531609
-0.0102000841870904
-0.01018020510673523
-0.01016039121896029
-0.01014064345508814
-0.01012096181511879
-0.01010134629905224
-0.01008179783821106
-0.01006231550127268
-0.01004289835691452
-0.01002354733645916
-0.0100042587146163
-0.009985035285353661
-0.009965874254703522
-0.009946776553988457
-0.009927742183208466
-0.009908768348395824
-0.009889855049550533
-0.009871002286672592
-0.009852210059762001
-0.009833479300141335
-0.009814810007810593
-0.009796201251447201
-0.009777653962373734
-0.009759168140590191
-0.009740743786096573
-0.009722380898892879
-0.009704078547656536
-0.009685834869742393
-0.009667650796473026
-0.009649526327848434
-0.009631460532546043
-0.009613451547920704
-0.009595498442649841
-0.009577603079378605
-0.009559762664139271
-0.009541978128254414
-0.009524251334369183
-0.009506578557193279
-0.009488963522017002
-0.009471406228840351
-0.009453904815018177
-0.00943645928055048
-0.009419068694114685
-0.009401733055710793
-0.009384451434016228
-0.009367223829030991
-0.009350050240755081
-0.009332930669188499
-0.009315863251686096
-0.009298849850893021
-0.009281890466809273
-0.009264982305467129
-0.009248127229511738
-0.0092313252389431
-0.00921457726508379
-0.009197881445288658
-0.00918123871088028
-0.009164648130536079
-0.009148108772933483
-0.009131620638072491
-0.009115184657275677
-0.009098798036575317
-0.009082461707293987
-0.009066176600754261
-0.009049940854310989
-0.009033753536641598
-0.009017615579068661
-0.009001527912914753
-0.008985488675534725
-0.008969496935606003
-0.00895355362445116
-0.008937658742070198
-0.00892181321978569
-0.008906014263629913
-0.008890262804925442
-0.00887455977499485
-0.008858903311192989
-0.008843294344842434
-0.008827731013298035
-0.008812214247882366
-0.008796744979918003
-0.008781323209404945
-0.008765948005020618
-0.008750619366765022
-0.008735337294638157
-0.008720099925994873
-0.008704910054802895
-0.008689765818417072
-0.008674666285514832
-0.008659611456096172
-0.008644603192806244
-0.008629639632999897
-0.008614718914031982
-0.008599841967225075
-0.008585007861256599
-0.008570216596126556
-0.008555468171834946
-0.008540761657059193
-0.008526097983121872
-0.008511479012668133
-0.008496901951730251
-0.008482365868985653
-0.008467873558402061
-0.008453423157334328
-0.008439014665782452
-0.008424647152423859
-0.008410323411226273
-0.008396041579544544
-0.008381802588701248
-0.008367604576051235
-0.008353446610271931
-0.008339330554008484
-0.008325254544615746
-0.008311218582093716
-0.008297223597764969
-0.008283267728984356
-0.008269352838397026
-0.008255478926002979
-0.008241644129157066
-0.008227849379181862
-0.008214094676077366
-0.008200379088521004
-0.008186702616512775
-0.008173065260052681
-0.008159464225172997
-0.008145903237164021
-0.008132380433380604
-0.008118894882500172
-0.008105447515845299
-0.008092038333415985
-0.008078665472567081
-0.008065329864621162
-0.008052031509578228
-0.008038770407438278
-0.008025547489523888
-0.008012361824512482
-0.007999211549758911
-0.007986098527908325
-0.007973021827638149
-0.007959981448948383
-0.007946978323161602
-0.007934012450277805
-0.007921082898974419
-0.007908188737928867
-0.007895331829786301
-0.007882510311901569
-0.007869726046919823
-0.007856977172195911
-0.007844263687729836
-0.00783158652484417
-0.00781894288957119
-0.007806333713233471
-0.007793758064508438
-0.007781215943396091
-0.007768707349896431
-0.007756232284009457
-0.007743791211396456
-0.007731384597718716
-0.007719011511653662
-0.007706671487540007
-0.007694365456700325
-0.007682092487812042
-0.007669853046536446
-0.007657647598534822
-0.007645476143807173
-0.007633338216692209
-0.007621233817189932
-0.007609163410961628
-0.00759712653234601
-0.007585121784359217
-0.007573148235678673
-0.007561206351965666
-0.007549296133220196
-0.007537417579442263
-0.007525569759309292
-0.007513753138482571
-0.007501967716962099
-0.007490212563425303
-0.007478488143533468
-0.007466794922947884
-0.007455132436007261
-0.007443500682711601
-0.007431899663060904
-0.007420329842716455
-0.00740879075601697
-0.007397282402962446
-0.007385805249214172
-0.007374359294772148
-0.007362943608313799
-0.007351558655500412
-0.007340203039348125
-0.007328876294195652
-0.007317579351365566
-0.007306310813874006
-0.007295072078704834
-0.007283861748874187
-0.007272680290043354
-0.007261528167873621
-0.007250404916703701
-0.007239311467856169
-0.007228247821331024
-0.007217213045805693
-0.007206207141280174
-0.007195230107754469
-0.007184281945228577
-0.00717336218804121
-0.007162470836192369
-0.007151606492698193
-0.007140769623219967
-0.007129959762096405
-0.007119177840650082
-0.007108423393219709
-0.007097696419805288
-0.007086996920406818
-0.007076326757669449
-0.00706568406894803
-0.007055069785565138
-0.007044483441859484
-0.007033924572169781
-0.007023391779512167
-0.007012884598225355
-0.00700240395963192
-0.006991949863731861
-0.006981520913541317
-0.006971117574721575
-0.006960739381611347
-0.006950385868549347
-0.006940057966858149
-0.006929755676537752
-0.006919479463249445
-0.006909229792654514
-0.006899005733430386
-0.006888808682560921
-0.006878637708723545
-0.006868494208902121
-0.006858376320451498
-0.006848284509032965
-0.006838219240307808
-0.006828179117292166
-0.006818165071308613
-0.006808176636695862
-0.006798213347792625
-0.006788273807615042
-0.006778357550501823
-0.006768465507775545
-0.00675859721377492
-0.006748751737177372
-0.006738930009305477
-0.006729131564497948
-0.006719356402754784
-0.00670960359275341
-0.006699874997138977
-0.006690169684588909
-0.006680488586425781
-0.006670831702649593
-0.006661199033260345
-0.00665159011259675
-0.006642004940658808
-0.006632443517446518
-0.006622905377298594
-0.006613390985876322
-0.006603899877518415
-0.006594432517886162
-0.006584987975656986
-0.006575566250830889
-0.006566167343407869
-0.006556791719049215
-0.006547438912093639
-0.006538108922541142
-0.006528800819069147
-0.006519515533000231
-0.006510253064334393
-0.006501012481749058
-0.006491794250905514
-0.006482598371803761
-0.006473425310105085
-0.006464273668825626
-0.006455145310610533
-0.006446037907153368
-0.006436952389776707
-0.006427888292819262
-0.006418845150619745
-0.006409823428839445
-0.006400822196155787
-0.006391841452568769
-0.006382881663739681
-0.006373942829668522
-0.006365025416016579
-0.00635612802579999
-0.006347250659018755
-0.006338394246995449
-0.006329558789730072
-0.006320744287222624
-0.006311950739473104
-0.006303179077804089
-0.006294428370893002
-0.006285697687417269
-0.006276987958699465
-0.006268298719078302
-0.006259629968553782
-0.006250982172787189
-0.006242354866117239
-0.006233747582882643
-0.006225160788744688
-0.006216595415025949
-0.006208050064742565
-0.006199525203555822
-0.006191020365804434
-0.006182534620165825
-0.006174067966639996
-0.006165620405226946
-0.006157192401587963
-0.006148783955723047
-0.006140394601970911
-0.006132023874670267
-0.006123670842498541
-0.006115336436778307
-0.006107021123170853
-0.006098724901676178
-0.006090447306632996
-0.006082190200686455
-0.006073951721191406
-0.006065732799470425
-0.006057532504200935
-0.006049350835382938
-0.006041187793016434
-0.006033043377101421
-0.006024917587637901
-0.006016809958964586
-0.006008720956742764
-0.006000650115311146
-0.005992596969008446
-0.005984561517834663
-0.005976544227451086
-0.005968544632196426
-0.005960563197731972
-0.005952600389719009
-0.005944655742496252
-0.0059367292560637
-0.005928820930421352
-0.00592093076556921
-0.005913057830184698
-0.005905203521251678
-0.005897367373108864
-0.005889548920094967
-0.005881748162209988
-0.005873964168131351
-0.005866196937859058
-0.005858446471393108
-0.005850712768733501
-0.00584299536421895
-0.005835294257849455
-0.005827609915286303
-0.005819942336529493
-0.005812291987240314
-0.005804658867418766
-0.005797042977064848
-0.005789443384855986
-0.005781861953437328
-0.005774298217147589
-0.005766752175986767
-0.005759223364293575
-0.00575171085074544
-0.00574421463534236
-0.00573673564940691
-0.005729272495955229
-0.005721826106309891
-0.005714395549148321
-0.00570698082447052
-0.005699581932276487
-0.005692198406904936
-0.005684831645339727
-0.005677480716258287
-0.005670145619660616
-0.005662825889885426
-0.005655521992594004
-0.00564823392778635
-0.005640962161123753
-0.005633705761283636
-0.005626465193927288
-0.005619240459054708
-0.005612030625343323
-0.005604837089776993
-0.005597658921033144
-0.005590496584773064
-0.005583350080996752
-0.005576218478381634
-0.005569102708250284
-0.00556200323626399
-0.00555491866543889
-0.005547849461436272
-0.005540796089917421
-0.005533757619559765
-0.00552673451602459
-0.005519725382328033
-0.005512730684131384
-0.005505749955773354
-0.005498783197253942
-0.005491830874234438
-0.005484893452376127
-0.005477970000356436
-0.005471060983836651
-0.005464167799800634
-0.005457289516925812
-0.00545042660087347
-0.005443578120321035
-0.00543674360960722
-0.005429924000054598
-0.005423119757324457
-0.005416328553110361
-0.005409552715718746
-0.005402790382504463
-0.005396042484790087
-0.005389308091253042
-0.00538258720189333
-0.005375880282372236
-0.005369187798351049
-0.005362510215491056
-0.00535584706813097
-0.005349198821932077
-0.005342565011233091
-0.00533594423905015
-0.005329337902367115
-0.005322745069861412
-0.005316165741533041
-0.005309598986059427
-0.005303046200424433
-0.005296505987644196
-0.005289978813380003
-0.005283465143293142
-0.005276964977383614
-0.005270477384328842
-0.005264002829790115
-0.00525754177942872
-0.005251095630228519
-0.00524466298520565
-0.005238244775682688
-0.005231839139014482
-0.005225447006523609
-0.005219067446887493
-0.005212701391428709
-0.005206347908824682
-0.005200006999075413
-0.005193679127842188
-0.00518736382946372
-0.005181060638278723
-0.005174770019948483
-0.005168492905795574
-0.00516222883015871
-0.005155978258699179
-0.005149739794433117
-0.0051435143686831
-0.00513730151578784
-0.005131102167069912
-0.005124916322529316
-0.005118743516504765
-0.005112582352012396
-0.005106433760374784
-0.005100297275930643
-0.005094172898679972
-0.005088060162961483
-0.005081959068775177
-0.005075869616121054
-0.005069791339337826
-0.005063725169748068
-0.00505767110735178
-0.005051629617810249
-0.005045600235462189
-0.005039583891630173
-0.005033580120652914
-0.005027588922530413
-0.005021609831601381
-0.005015643313527107
-0.005009689833968878
-0.005003747530281544
-0.004997816868126392
-0.004991896450519562
-0.004985987208783627
-0.004980088677257299
-0.004974201321601868
-0.004968325607478619
-0.004962460603564978
-0.004956607241183519
-0.004950765520334244
-0.004944935441017151
-0.004939117934554815
-0.004933312069624662
-0.004927517380565405
-0.004921734798699617
-0.004915963392704725
-0.004910203162580729
-0.00490445364266634
-0.004898714832961559
-0.004892987664788961
-0.004887271672487259
-0.004881567787379026
-0.004875875078141689
-0.004870194010436535
-0.004864524118602276
-0.004858865402638912
-0.004853217862546444
-0.004847581963986158
-0.004841956775635481
-0.004836343228816986
-0.004830740857869387
-0.004825149662792683
-0.004819569643586874
-0.004813999868929386
-0.004808442201465368
-0.004802894778549671
-0.004797358997166157
-0.004791833460330963
-0.004786317702382803
-0.004780812188982964
-0.004775316920131445
-0.004769830964505672
-0.004764354787766933
-0.004758888855576515
-0.00475343270227313
-0.004747986793518066
-0.004742551129311323
-0.004737125709652901
-0.004731711465865374
-0.004726308397948742
-0.004720916040241718
-0.004715534392744303
-0.004710163921117783
-0.004704804159700871
-0.004699455108493567
-0.004694116301834583
-0.004688787739723921
-0.004683469422161579
-0.004678160417824984
-0.004672860261052847
-0.004667570348829031
-0.004662289749830961
-0.004657018464058638
-0.004651757888495922
-0.004646507557481527
-0.004641267936676741
-0.004636039026081562
-0.004630820360034704
-0.004625611938536167
-0.004620412830263376
-0.004615223966538906
-0.004610043484717607
-0.004604871850460768
-0.004599709063768387
-0.004594554658979177
-0.00458940863609314
-0.004584272392094135
-0.00457914499565959
-0.004574027378112078
-0.004568919539451599
-0.004563821945339441
-0.004558734130114317
-0.004553657025098801
-0.004548590630292892
-0.004543534480035305
-0.004538489039987326
-0.004533452913165092
-0.004528426099568605
-0.004523409064859152
-0.004518400877714157
-0.004513401538133621
-0.004508411046117544
-0.004503428936004639
-0.004498455673456192
-0.004493491724133492
-0.004488537088036537
-0.004483591299504042
-0.004478654358536005
-0.004473726730793715
-0.004468807484954596
-0.004463897552341223
-0.004458996001631021
-0.004454104229807854
-0.00444922037422657
-0.004444344900548458
-0.00443947734311223
-0.004434618167579174
-0.004429767839610577
-0.004424926824867725
-0.004420094192028046
-0.004415270406752825
-0.004410456866025925
-0.004405652172863483
-0.004400856792926788
-0.004396070260554552
-0.004391292575746775
-0.004386524204164743
-0.004381764680147171
-0.004377014003694057
-0.004372272174805403
-0.00436753872781992
-0.004362813662737608
-0.004358096979558468
-0.004353388212621212
-0.00434868736192584
-0.004343994427472353
-0.004339310340583324
-0.004334634635597467
-0.004329966846853495
-0.004325307440012693
-0.004320655949413776
-0.004316014237701893
-0.004311381373554468
-0.00430675782263279
-0.004302143584936857
-0.004297537729144096
-0.004292940720915794
-0.004288351628929377
-0.00428377091884613
-0.004279199056327343
-0.004274636041373014
-0.004270080476999283
-0.004265532363206148
-0.00426099169999361
-0.004256457556039095
-0.004251930862665176
-0.004247411154210567
-0.004242898896336555
-0.00423839408904314
-0.004233896732330322
-0.004229408223181963
-0.004224926233291626
-0.004220453090965748
-0.004215987864881754
-0.004211531486362219
-0.004207082558423281
-0.004202642012387514
-0.004198209382593632
-0.004193785134702921
-0.004189368337392807
-0.00418495899066329
-0.004180558025836945
-0.004176163580268621
-0.004171777050942183
-0.004167397972196341
-0.004163026344031096
-0.004158662632107735
-0.004154306836426258
-0.004149958491325378
-0.00414561852812767
-0.004141286481171846
-0.004136962350457907
-0.004132645670324564
-0.004128336906433105
-0.004124036058783531
-0.004119742661714554
-0.004115457180887461
-0.004111178684979677
-0.004106908570975065
-0.004102645441889763
-0.00409838929772377
-0.004094140604138374
-0.004089899361133575
-0.004085665568709373
-0.004081438761204481
-0.004077218472957611
-0.004073004703968763
-0.004068796522915363
-0.004064594395458698
-0.00406039971858263
-0.004056211560964584
-0.004052030388265848
-0.004047857131808996
-0.004043691325932741
-0.004039532970637083
-0.004035382531583309
-0.00403124000877142
-0.004027105867862701
-0.004022980108857155
-0.004018862266093493
-0.004014750942587852
-0.004010647535324097
-0.004006550647318363
-0.004002459812909365
-0.003998375497758389
-0.003994297701865435
-0.003990225959569216
-0.003986160270869732
-0.00398210110142827
-0.003978048916906118
-0.003974003251641989
-0.003969963639974594
-0.003965931013226509
-0.003961904905736446
-0.003957885317504406
-0.003953872248530388
-0.003949866164475679
-0.003945866599678993
-0.003941873554140329
-0.003937887027859688
-0.00393390841782093
-0.003929936792701483
-0.003925972618162632
-0.003922015428543091
-0.003918065689504147
-0.003914122935384512
-0.0039101867005229
-0.003906257916241884
-0.003902335418388247
-0.003898418974131346
-0.003894508583471179
-0.003890604246407747
-0.003886705962941051
-0.003882813500240445
-0.003878927789628506
-0.003875048598274589
-0.00387117569334805
-0.00386730907484889
-0.003863448742777109
-0.00385959492996335
-0.003855747636407614
-0.0038519068621099
-0.003848072374239564
-0.003844244638457894
-0.003840423189103603
-0.003836608026176691
-0.003832799382507801
-0.003828997956588864
-0.00382520304992795
-0.003821414895355701
-0.003817633260041475
-0.003813857911154628
-0.003810088615864515
-0.003806325141340494
-0.003802567953243852
-0.003798816353082657
-0.003795070108026266
-0.003791329218074679
-0.00378759391605854
-0.003783863969147205
-0.003780139610171318
-0.003776421770453453
-0.003772710217162967
-0.003769004950299859
-0.00376530596986413
-0.003761613741517067
-0.003757928032428026
-0.003754248842597008
-0.003750576404854655
-0.003746910020709038
-0.003743249690160155
-0.003739595413208008
-0.003735947655513883
-0.003732305485755205
-0.003728669136762619
-0.003725039074197412
-0.003721414366737008
-0.003717795014381409
-0.003714181482791901
-0.00371057353913784
-0.003706971183419228
-0.003703374415636063
-0.003699783468618989
-0.003696197876706719
-0.003692617639899254
-0.003689042758196592
-0.003685472765937448
-0.00368190836161375
-0.003678349312394857
-0.003674795618280768
-0.003671247279271483
-0.003667704528197646
-0.003664167830720544
-0.003660636954009533
-0.00365711166523397
-0.003653592895716429
-0.003650080179795623
-0.003646573517471552
-0.003643072675913572
-0.003639577655121684
-0.003636088455095887
-0.003632604843005538
-0.003629126818850636
-0.003625654149800539
-0.003622187068685889
-0.0036187251098454
-0.003615268738940358
-0.003611817490309477
-0.003608371363952756
-0.003604930825531483
-0.00360149540938437
-0.003598065581172705
-0.003594641573727131
-0.003591223154217005
-0.003587810089811683
-0.003584402380511165
-0.003581000026315451
-0.003577603260055184
-0.003574211383238435
-0.003570824628695846
-0.003567442996427417
-0.003564066719263792
-0.003560695564374328
-0.003557329997420311
-0.003553969785571098
-0.003550614230334759
-0.003547264030203223
-0.003543918952345848
-0.003540579229593277
-0.003537245094776154
-0.003533916780725121
-0.00353059358894825
-0.003527276450768113
-0.003523964434862137
-0.003520657774060965
-0.00351735670119524
-0.003514060983434319
-0.003510770155116916
-0.003507483983412385
-0.003504202235490084
-0.003500925144180655
-0.003497652942314744
-0.003494385629892349
-0.003491123439744115
-0.003487866139039397
-0.003484613727778196
-0.003481366671621799
-0.00347812520340085
-0.003474889090284705
-0.003471657866612077
-0.003468431765213609
-0.003465210553258657
-0.003461994463577867
-0.003458783496171236
-0.003455576952546835
-0.003452374832704663
-0.003449177369475365
-0.003445984097197652
-0.003442794550210238
-0.003439609427005053
-0.003436428960412741
-0.003433252451941371
-0.003430080600082874
-0.003426913404837251
-0.003423751331865788
-0.003420594613999128
-0.003417443251237273
-0.003414297476410866
-0.003411157755181193
-0.003408023156225681
-0.003404894610866904
-0.003401772119104862
-0.003398654516786337
-0.003395542269572616
-0.003392434911802411
-0.003389331977814436
-0.003386233700439334
-0.003383139381185174
-0.0033800492528826
-0.003376963082700968
-0.003373880870640278
-0.003370802849531174
-0.003367729019373655
-0.003364659380167723
-0.003361594397574663
-0.003358533605933189
-0.003355477936565876
-0.003352426923811436
-0.003349381033331156
-0.003346339799463749
-0.003343303455039859
-0.003340272000059485
-0.003337245201691985
-0.003334223525598645
-0.003331206273287535
-0.003328193444758654
-0.003325185040012002
-0.003322180826216936
-0.003319180803373456
-0.003316185437142849
-0.003313194727525115
-0.003310208907350898
-0.003307227278128266
-0.003304250072687864
-0.003301276825368404
-0.00329830776900053
-0.003295342670753598
-0.003292381530627608
-0.003289424115791917
-0.003286470659077168
-0.003283521626144648
-0.003280576784163713
-0.003277636133134365
-0.00327470013871789
-0.003271768800914288
-0.003268841886892915
-0.003265919396653771
-0.003263002494350076
-0.003260090015828609
-0.003257182193920016
-0.003254278795793653
-0.003251379588618875
-0.003248484339565039
-0.003245593048632145
-0.003242705715820193
-0.003239821875467896
-0.003236941760405898
-0.003234065836295485
-0.003231194103136659
-0.003228326793760061
-0.003225463442504406
-0.00322260451503098
-0.00321974977850914
-0.003216899698600173
-0.003214054042473435
-0.003211212810128927
-0.003208376001566648
-0.003205542685464025
-0.003202713560312986
-0.00319988839328289
-0.003197066951543093
-0.003194249467924237
-0.003191436175256968
-0.003188627306371927
-0.003185822395607829
-0.003183021675795317
-0.00318022514693439
-0.003177432809025049
-0.00317464442923665
-0.003171860007569194
-0.003169080009683967
-0.003166304435580969
-0.003163532819598913
-0.0031607651617378
-0.003158001694828272
-0.00315524241887033
-0.003152487333863974
-0.003149736439809203
-0.003146989736706018
-0.003144247457385063
-0.003141509601846337
-0.003138775937259197
-0.003136046230792999
-0.0031333202496171
-0.003130597993731499
-0.003127879463136196
-0.003125164425000548
-0.003122452646493912
-0.003119744127616286
-0.003117039101198316
-0.00311433756724
-0.003111639292910695
-0.003108944511041045
-0.003106253920122981
-0.003103567520156503
-0.003100884845480323
-0.003098206128925085
-0.003095531603321433
-0.003092861268669367
-0.003090195124968886
-0.003087532939389348
-0.003084874479100108
-0.003082219511270523
-0.003079568035900593
-0.003076920285820961
-0.003074276493862271
-0.00307163642719388
-0.003069000085815787
-0.003066367702558637
-0.003063738811761141
-0.0030611134134233
-0.003058491740375757
-0.003055874025449157
-0.003053260035812855
-0.003050649771466851
-0.003048042766749859
-0.003045439720153809
-0.003042840166017413
-0.003040244337171316
-0.003037652000784874
-0.00303506338968873
-0.003032478503882885
-0.003029896877706051
-0.003027318976819515
-0.003024744102731347
-0.003022172953933477
-0.003019605064764619
-0.003017040900886059
-0.003014480229467154
-0.003011923283338547
-0.003009370295330882
-0.003006821032613516
-0.003004275029525161
-0.003001732751727104
-0.002999193733558059
-0.002996658440679312
-0.002994126174598932
-0.002991597633808851
-0.002989072352647781
-0.002986550331115723
-0.002984032034873962
-0.00298151676543057
-0.002979005221277475
-0.00297649740241468
-0.002973992843180895
-0.002971492242068052
-0.002968995133414865
-0.002966502215713263
-0.002964013023301959
-0.002961527789011598
-0.002959046512842178
-0.002956568961963058
-0.002954094903543591
-0.002951624104753137
-0.002949156565591693
-0.002946692518889904
-0.00294423196464777
-0.00294177420437336
-0.002939320169389248
-0.002936869161203504
-0.00293442141264677
-0.002931976923719049
-0.002929535694420338
-0.002927097491919994
-0.002924662316218019
-0.002922230400145054
-0.002919801510870457
-0.002917375648394227
-0.002914952812716365
-0.002912533702328801
-0.002910117385908961
-0.002907704096287489
-0.002905293833464384
-0.00290288683027029
-0.002900483086705208
-0.002898082137107849
-0.002895684912800789
-0.00289329094812274
-0.002890900010243058
-0.002888512564823031
-0.002886128611862659
-0.002883748151361942
-0.002881370950490236
-0.002878997242078185
-0.002876626793295145
-0.002874259604141116
-0.002871896140277386
-0.002869535936042666
-0.002867179457098246
-0.002864826237782836
-0.002862476278096437
-0.002860129810869694
-0.002857787068933249
-0.002855447120964527
-0.002853110432624817
-0.002850776538252831
-0.002848445437848568
-0.002846117364242673
-0.002843792317435145
-0.002841470064595342
-0.002839150838553905
-0.002836834639310837
-0.002834521234035492
-0.002832210622727871
-0.002829903038218617
-0.002827598480507731
-0.002825296483933926
-0.002822997281327844
-0.002820700872689486
-0.002818407956510782
-0.002816117834299803
-0.002813831437379122
-0.002811547601595521
-0.002809267491102219
-0.002806990640237927
-0.002804717049002647
-0.002802446717396379
-0.002800179645419121
-0.002797915134578943
-0.002795653650537133
-0.00279339449480176
-0.002791137900203466
-0.002788884099572897
-0.002786633092910051
-0.002784384647384286
-0.002782139228656888
-0.002779897302389145
-0.002777658868581057
-0.002775424160063267
-0.002773192944005132
-0.002770965453237295
-0.002768741920590401
-0.002766521647572517
-0.002764304634183645
-0.002762090647593141
-0.00275987945497036
-0.002757670124992728
-0.002755463123321533
-0.002753258449956775
-0.002751056337729096
-0.002748856320977211
-0.002746658632531762
-0.00274446327239275
-0.002742270473390818
-0.002740080468356609
-0.002737893490120769
-0.002735709771513939
-0.002733529545366764
-0.002731353044509888
-0.002729179570451379
-0.002727009123191237
-0.002724841935560107
-0.002722677309066057
-0.002720515709370375
-0.002718356670811772
-0.00271620019339025
-0.002714046044275165
-0.002711894689127803
-0.002709746127948165
-0.002707600360736251
-0.002705457154661417
-0.002703317208215594
-0.002701180055737495
-0.00269904569722712
-0.002696914598345757
-0.00269478652626276
-0.002692661480978131
-0.002690539229661226
-0.002688420005142689
-0.002686303341761231
-0.002684189472347498
-0.002682077931240201
-0.002679968718439341
-0.002677861601114273
-0.002675756579264998
-0.00267365388572216
-0.002671553520485759
-0.002669455483555794
-0.002667359774932265
-0.002665266627445817
-0.002663176041096449
-0.002661087783053517
-0.002659002086147666
-0.002656919416040182
-0.002654840005561709
-0.002652763621881604
-0.002650690264999866
-0.002648619934916496
-0.002646552631631494
-0.002644488587975502
-0.002642427105456591
-0.002640368416905403
-0.002638312289491296
-0.002636258723214269
-0.002634207485243678
-0.002632158808410168
-0.00263011222705245
-0.002628067508339882
-0.002626024652272463
-0.002623983891680837
-0.002621945226565003
-0.002619908656924963
-0.002617874182760715
-0.002615841804072261
-0.002613811520859599
-0.002611784031614661
-0.00260975887067616
-0.002607736038044095
-0.002605715533718467
-0.002603697357699275
-0.002601681742817163
-0.002599668456241488
-0.00259765749797225
-0.002595648402348161
-0.002593640703707933
-0.002591634169220924
-0.002589628798887134
-0.002587624127045274
-0.002585620153695345
-0.002583616878837347
-0.002581613603979349
-0.002579610794782639
-0.002577608218416572
-0.002575605642050505
-0.002573603065684438
-0.002571600489318371
-0.002569597912952304
-0.00256759487092495
-0.002565591596066952
-0.002563587622717023
-0.002561582950875163
-0.002559577347710729
-0.002557570347562432
-0.002555561484768987
-0.002553550526499748
-0.002551537705585361
-0.002549522090703249
-0.002547503681853414
-0.002545481780543923
-0.002543456386774778
-0.002541427267715335
-0.002539393724873662
-0.002537355525419116
-0.002535312669351697
-0.00253326422534883
-0.002531209960579872
-0.002529149409383535
-0.002527082106098533
-0.002525008050724864
-0.002522927243262529
-0.002520839450880885
-0.002518744440749288
-0.00251664244569838
-0.002514533465728164
-0.002512417268007994
-0.00251029385253787
-0.002508163684979081
-0.002506026066839695
-0.002503881463780999
-0.002501729875802994
-0.002499571302905679
-0.002497405977919698
-0.00249523320235312
-0.002493053674697876
-0.00249086762778461
-0.002488675061613321
-0.002486476441845298
-0.00248427246697247
-0.002482063602656126
-0.00247985078021884
-0.002477635163813829
-0.00247541768476367
-0.002473199972882867
-0.002470983425155282
-0.002468769205734134
-0.002466558944433928
-0.002464354271069169
-0.002462156815454364
-0.002459968440234661
-0.002457791240885854
-0.002455626847222447
-0.002453477354720235
-0.002451344393193722
-0.002449230058118701
-0.002447136212140322
-0.002445065183565021
-0.002443018602207303
-0.002440998563542962
-0.002439007163047791
-0.002437046030536294
-0.002435117494314909
-0.002433222718536854
-0.002431363798677921
-0.00242954189889133
-0.002427758416160941
-0.00242601428180933
-0.002424310194328427
-0.002422647317871451
-0.002421025652438402
-0.002419445663690567
-0.002417906420305371
-0.002416408155113459
-0.002414949238300323
-0.002413528971374035
-0.002412145957350731
-0.002410798566415906
-0.00240948423743248
-0.002408201573416591
-0.002406947780400515
-0.002405719831585884
-0.002404515398666263
-0.002403330989181995
-0.002402163343504071
-0.002401008270680904
-0.002399862743914127
-0.002398722339421511
-0.002397583099082112
-0.002396440599113703
-0.002395291347056627
-0.002394130220636725
-0.002392953261733055
-0.002391756977885962
-0.002390536945313215
-0.002389289438724518
-0.002388011198490858
-0.002386698964983225
-0.002385350409895182
-0.002383963437750936
-0.002382536651566625
-0.002381068654358387
-0.002379558980464935
-0.002378007164224982
-0.002376413904130459
-0.002374779665842652
-0.002373106544837356
-0.002371396403759718
-0.002369651570916176
-0.002367875073105097
-0.002366070169955492
-0.002364241285249591
-0.002362392377108335
-0.002360527403652668
-0.002358651254326105
-0.002356769051402807
-0.002354885684326291
-0.00235300580970943
-0.002351134549826384
-0.002349276561290026
-0.002347436500713229
-0.002345618093386292
-0.002343825995922089
-0.002342062536627054
-0.002340330742299557
-0.002338632475584745
-0.002336968434974551
-0.002335338853299618
-0.002333743264898658
-0.002332180039957166
-0.002330646617338061
-0.002329139271751046
-0.002327654743567109
-0.002326187212020159
-0.002324731089174747
-0.002323279855772853
-0.002321826294064522
-0.002320362953469157
-0.002318881452083588
-0.002317373408004642
-0.002315830439329147
-0.002314243698492646
-0.002312604337930679
-0.002310903975740075
-0.002309134462848306
-0.002307288348674774
-0.002305358648300171
-0.002303338842466474
-0.002301224041730165
-0.002299010287970304
-0.002296694321557879
-0.002294274745509028
-0.002291751094162464
-0.002289124997332692
-0.002286397852003574
-0.002283574780449271
-0.002280660672113299
-0.002277662744745612
-0.002274589613080025
-0.002271450124680996
-0.002268255688250065
-0.002265018410980701
-0.00226175133138895
-0.002258468186482787
-0.002255183178931475
-0.002251910977065563
-0.00224866671487689
-0.002245464595034719
-0.002242318587377667
-0.002239243360236287
-0.002236251486465335
-0.002233355538919568
-0.002230566926300526
-0.002227895660325885
-0.002225349890068173
-0.002222937298938632
-0.002220662776380777
-0.002218529582023621
-0.002216539345681667
-0.002214692300185561
-0.002212986582890153
-0.002211418002843857
-0.002209981437772512
-0.002208669437095523
-0.00220747385174036
-0.00220638420432806
-0.002205389318987727
-0.002204477321356535
-0.002203634474426508
-0.002202847041189671
-0.00220210081897676
-0.002201381372287869
-0.002200674265623093
-0.002199964830651879
-0.002199239330366254
-0.002198484493419528
-0.002197687746956944
-0.002196837682276964
-0.002195923356339335
-0.002194935921579599
-0.002193867461755872
-0.002192711923271418
-0.002191464882344007
-0.002190122846513987
-0.00218868488445878
-0.002187151461839676
-0.002185523975640535
-0.00218380568549037
-0.002182001248002052
-0.002180116716772318
-0.00217815930955112
-0.002176136709749699
-0.00217405753210187
-0.002171931555494666
-0.002169769024476409
-0.002167580416426063
-0.002165376441553235
-0.002163167111575603
-0.002160963136702776
-0.002158774761483073
-0.002156611066311598
-0.002154481364414096
-0.002152394037693739
-0.002150356769561768
-0.002148376312106848
-0.00214645778760314
-0.002144606318324804
-0.002142825163900852
-0.002141116885468364
-0.002139482647180557
-0.00213792291469872
-0.002136436523869634
-0.002135021379217505
-0.002133674221113324
-0.00213239062577486
-0.00213116523809731
-0.002129992470145226
-0.002128865336999297
-0.002127775922417641
-0.002126716542989016
-0.002125678351148963
-0.002124652499333024
-0.002123630605638027
-0.002122603822499514
-0.002121563768014312
-0.002120502758771181
-0.002119413577020168
-0.002118288772180676
-0.002117122756317258
-0.002115910174325109
-0.002114647068083286
-0.002113330643624067
-0.002111959271132946
-0.002110532252117991
-0.002109050517901778
-0.002107515232637525
-0.002105929888784885
-0.002104298444464803
-0.002102626720443368
-0.002100920770317316
-0.002099187579005957
-0.00209743482992053
-0.002095671137794852
-0.00209390465170145
-0.002092144219204783
-0.002090397989377379
-0.002088673878461123
-0.002086979802697897
-0.002085322514176369
-0.002083708066493273
-0.002082141349092126
-0.002080626552924514
-0.002079166006296873
-0.002077761106193066
-0.002076412551105022
-0.002075118478387594
-0.002073876559734344
-0.002072682837024331
-0.002071532187983394
-0.002070418559014797
-0.002069334732368588
-0.002068273723125458
-0.00206722691655159
-0.002066185930743814
-0.002065142150968313
-0.002064087893813848
-0.002063015010207891
-0.002061916748061776
-0.00206078658811748
-0.002059619640931487
-0.002058411948382854
-0.002057160716503859
-0.002055865712463856
-0.002054526004940271
-0.002053144155070186
-0.002051723189651966
-0.002050267066806555
-0.002048781141638756
-0.00204727123491466
-0.002045744564384222
-0.002044208580628037
-0.00204267050139606
-0.00204113801009953
-0.002039619022980332
-0.002038119826465845
-0.002036647172644734
-0.002035205950960517
-0.002033800818026066
-0.002032435033470392
-0.002031110227108002
-0.002029827563092113
-0.002028586342930794
-0.002027384703978896
-0.002026220085099339
-0.002025088062509894
-0.002023983979597688
-0.002022901549935341
-0.002021834952756763
-0.002020777435973287
-0.002019722713157535
-0.002018663799390197
-0.002017595106735826
-0.002016510581597686
-0.002015405800193548
-0.002014276571571827
-0.002013119636103511
-0.002011932898312807
-0.002010716125369072
-0.002009469550102949
-0.002008195500820875
-0.00200689653865993
-0.002005576156079769
-0.002004238311201334
-0.002002888591960073
-0.002001532120630145
-0.002000174252316356
-0.001998820574954152
-0.001997476443648338
-0.001996146747842431
-0.00199483591131866
-0.001993547193706036
-0.001992283388972282
-0.001991046592593193
-0.001989837037399411
-0.001988655189052224
-0.001987499417737126
-0.001986368093639612
-0.001985258189961314
-0.001984166447073221
-0.001983088906854391
-0.001982020679861307
-0.001980958040803671
-0.001979896333068609
-0.00197883159853518
-0.001977759646251798
-0.001976676983758807
-0.001975581515580416
-0.001974470680579543
-0.001973343314602971
-0.001972198253497481
-0.001971036661416292
-0.001969859004020691
-0.001968667143955827
-0.001967463176697493
-0.001966250129044056
-0.001965031027793884
-0.001963809598237276
-0.00196258956566453
-0.001961373956874013
-0.001960165798664093
-0.001958968117833138
-0.001957783475518227
-0.001956613967195153
-0.001955460757017136
-0.001954324310645461
-0.001953204860910773
-0.001952102058567107
-0.001951014623045921
-0.001949940342456102
-0.001948877819813788
-0.001947824377566576
-0.00194677768740803
-0.001945734838955104
-0.001944693736732006
-0.001943651936016977
-0.00194260710850358
-0.00194155762437731
-0.001940501970238984
-0.001939439214766026
-0.001938368892297149
-0.001937290886417031
-0.001936205779202282
-0.001935114385560155
-0.001934018218889832
-0.001932918909005821
-0.001931818202137947
-0.001930718193762004
-0.001929621095769107
-0.001928528887219727
-0.001927443547174335
-0.001926366821862757
-0.001925300341099501
-0.001924245501868427
-0.001923203468322754
-0.001922174356877804
-0.00192115840036422
-0.001920155715197325
-0.001919165719300508
-0.00191818771418184
-0.001917220535688102
-0.001916263252496719
-0.001915314700454473
-0.001914373598992825
-0.001913438434712589
-0.00191250815987587
-0.00191158230882138
-0.001910659717395902
-0.001909740152768791
-0.001908823498524725
-0.001907909754663706
-0.001906999037601054
-0.0019060920458287
-0.001905189594253898
-0.001904292730614543
-0.001903402386233211
-0.001902519725263119
-0.001901645679026842
-0.001900781411677599
-0.001899928087368608
-0.001899086753837764
-0.001898257643915713
-0.001897441339679062
-0.001896638073958457
-0.001895847613923252
-0.001895069726742804
-0.001894303830340505
-0.001893549109809101
-0.001892804633826017
-0.001892069238238037
-0.00189134175889194
-0.001890620915219188
-0.001889905077405274
-0.001889193430542946
-0.001888484344817698
-0.00188777653966099
-0.001887068734504282
-0.001886359765194356
-0.001885648351162672
-0.001884933444671333
-0.001884214114397764
-0.001883489196188748
-0.001882757875137031
-0.001882019336335361
-0.001881272415630519
-0.001880516414530575
-0.001879750285297632
-0.001878973213024437
-0.001878184149973094
-0.001877382281236351
-0.001876566326245666
-0.001875735120847821
-0.001874887268058956
-0.001874021370895207
-0.001873136148788035
-0.001872230437584221
-0.001871302723884583
-0.0018703518435359
-0.001869376399554312
-0.001868375227786601
-0.001867347164079547
-0.001866291160695255
-0.001865206519141793
-0.001864092773757875
-0.001862949808128178
-0.001861777622252703
-0.001860576216131449
-0.001859346055425704
-0.00185808795504272
-0.001856802962720394
-0.001855492242611945
-0.001854157308116555
-0.001852800021879375
-0.001851422595791519
-0.001850027125328779
-0.001848615938797593
-0.001847191480919719
-0.001845756080001593
-0.001844312180764973
-0.001842862344346941
-0.001841409364715219
-0.001839955686591566
-0.001838503871113062
-0.001837056712247431
-0.001835616421885788
-0.001834185561165214
-0.001832766574807465
-0.001831362140364945
-0.001829974353313446
-0.001828605541959405
-0.001827257685363293
-0.001825933111831546
-0.001824633567593992
-0.00182336091529578
-0.001822116551920772
-0.001820901408791542
-0.001819716882891953
-0.00181856332346797
-0.001817440846934915
-0.001816349802538753
-0.001815290073864162
-0.001814260962419212
-0.001813261769711971
-0.001812291098758578
-0.001811347668990493
-0.001810429734177887
-0.001809535548090935
-0.00180866289883852
-0.00180780969094485
-0.001806973828934133
-0.001806152751669288
-0.0018053442472592
-0.001804545870982111
-0.001803755178116262
-0.001802970306016505
-0.001802189042791724
-0.001801409758627415
-0.001800631172955036
-0.001799852587282658
-0.001799073186703026
-0.001798292738385499
-0.001797511242330074
-0.001796729513444006
-0.001795948832295835
-0.0017951704794541
-0.001794396317563951
-0.001793628791347146
