0
0
0
0
0
0
0
0
0
0
0
0
0
0
0
0
0
0
0
0
0
0
0
0
0
0
0
0
0
0
0
0
0
0
0
0
0
0
0
0
0
0
0
0
0
0
0
0
0
0
0
0
0
0
0
0
0
0
0
0
0
0
0
0
0
0
0
0
0
0
0
0
0
0
0
0
0
0
0
0
0
0
0
0
0
0
0
0
0
0
0
0
0
0
0
0
0
0
0
0
0
0
0
0
0
0
0
0
0
0
0
0
0
0
0
0
0
0
0
0
0
0
0
0
0
0
0
0
0
0
0
0
0
0
0
0
0
0
0
0
0
0
0
0
0
0
0
0
0
0
0
0
0
0
0
0
0
0
0
0
0
0
0
0
0
0
0
0
0
0
0
0
0
0
0
0
0
0
0
0
0
0
0
0
0
0
0
0
0
0
0
0
0
0
0
0
0
0
0
0
0
0
0
0
0
0
0
0
0
0
0
0
0
0
0
0
0
0
0
0
0
0
0
0
0
0
0
0
0
0
0
0
0
0
0
0
0
0
0
0
0
0
0
0
0
0
0
0
0
0
0
0
0
0
0
0
0
0
0
0
0
0
0
0
0
0
0
0
0
0
0
0
0
0
0
0
0
0
0
0
0
0
0
0
0
0
0
0
0
0
0
0
0
0
0
0
0
0
0
0
0
0
0
0
0
0
0
0
0
0
0
0
0
0
0
0
0
0
0
0
0
0
0
0
0
0
0
0
0
0
0
0
0
0
0
0
0
0
0
0
0
0
0
0
0
0
0
0
0
0
0
0
0
0
0
0
0
0
0
0
0
0
0
0
0
0
0
0
0
0
0
0
0
0
0
0
0
0
0
0
0
0
0
0
0
0
0
0
0
0
0
0
0
0
0
0
0
0
0
0
0
0
0
0
0
0
0
0
0
0
0
0
0
0
0
0
0
0
0
0
0
0
0
0
0
0
0
0
0
0
0
0
0
0
0
0
0
0
0
0
0
0
0
0
0
0
0
0
0
0
0
0
0
0
0
0
0
0
0
0
0
0
0
0
0
0
0
0
0
0
0
0
0
0
0
0
0
0
0
0
0
0
0
0
0
0
0
0
0
0
0
0
0
0
0
0
0
0
0
0
0
0
0
0
0
0
0
0
0
0
0
0
0
0
0
0
0
0
0
0
0
0
0
0
0
0
0
0
0
0
0
0
0
0
0
0
0
0
0
0
0
0
0
0
0
0
0
0
0
0
0
0
0
0
0
0
0
0
0
0
0
0
0
0
0
0
0
0
0
0
0
0
0
0
0
0
0
0
0
0
0
0
0
0
0
0
0
0
0
0
0
0
0
0
0
0
0
0
0
0
0
0
0
0
0
0
0
0
0
0
0
0
0
0
0
0
0
0
0
0
0
0
0
0
0
0
0
0
0
0
0
0
0
0
0
0
0
0
0
0
0
0
0
0
0
0
0
0
0
0
0
0
0
0
0
0
0
0
0
0
0
0
0
0
0
0
0
0
0
0
0
0
0
0
0
0
0
0
0
0
0
0
0
0
0
0
0
0
0
0
0
0
0
0
0
0
0
0
0
0
0
0
0
0
0
0
0
0
0
0
0
0
0
0
0
0
0
0
0
0
0
0
0
0
0
0
0
0
0
0
0
0
0
0
0
0
0
0
0
0
0
0
0
0
0
0
0
0
0
0
0
0
0
0
0
0
0
0
0
0
0
0
0
0
0
0
0
0
0
0
0
0
0
0
0
0
0
0
0
0
0
0
0
0
0
0
0
0
0
0
0
0
0
0
0
0
0
0
0
0
0
0
0
0
0
0
0
0
0
0
0
0
0
0
0
0
0
0
0
7.006492321624085e-45
4.203895392974451e-44
1.289194587178832e-43
3.279038406520072e-43
7.875297369505472e-43
1.84130618212281e-42
4.262749928476094e-42
9.797878862559121e-42
2.240956504148247e-41
5.102407968299524e-41
1.156589713499774e-40
2.610675090975707e-40
5.868413760838042e-40
1.31375094146766e-39
2.929136982575094e-39
6.50439306887186e-39
1.438542174909642e-38
3.168782561788838e-38
6.952205458596756e-38
1.519212461215525e-37
3.306630309594259e-37
7.168516503678687e-37
1.547942353167396e-36
3.329410534895137e-36
7.132998587440973e-36
1.52220864808754e-35
3.235776928420965e-35
6.85157086185925e-35
1.445153558461512e-34
3.036370325618606e-34
6.355025058505127e-34
1.324970579814834e-33
2.75185964225283e-33
5.693535173540566e-33
1.173486018723908e-32
2.409452941740278e-32
4.928423459537205e-32
1.004271020835468e-31
2.038691355879695e-31
4.123004587910284e-31
8.306960908899406e-31
1.667403189692246e-30
3.334365145824967e-30
6.642992043502522e-30
1.318549267362556e-29
2.607442824700195e-29
5.137156922404244e-29
1.008380145656281e-28
1.972072096218594e-28
3.842571128652692e-28
7.459767046318273e-28
1.442900358766101e-27
2.78072833533525e-27
5.33943546668154e-27
1.021527263272985e-26
1.947268015575882e-26
3.698501939162805e-26
6.999281780328553e-26
1.319810763272451e-25
2.479725090994359e-25
4.642287175930413e-25
8.659642687049267e-25
1.609571773667483e-24
2.981027263600587e-24
5.501353447664861e-24
1.011634751538882e-23
1.853664566227428e-23
3.384499797678917e-23
6.157665841513931e-23
1.116345339753097e-22
2.016713816519889e-22
3.630409072635183e-22
6.512304004363427e-22
1.16408263265471e-21
2.0735057180005e-21
3.680450470468766e-21
6.509881936327134e-21
1.147423021247435e-20
2.015368047583485e-20
3.52750235182701e-20
6.152677963624817e-20
1.069416254412634e-19
1.852323252524982e-19
3.197244094540163e-19
5.499527363158938e-19
9.426857351456714e-19
1.610282528021906e-18
2.741145441873644e-18
4.650057024832174e-18
7.861074555450746e-18
1.324354045569452e-17
2.223442957696817e-17
3.720049259460434e-17
6.202591323916217e-17
1.030623897500322e-16
1.706596423474248e-16
2.81621434893771e-16
4.631328398449442e-16
7.590163772765667e-16
1.239660988031283e-15
2.017722054093916e-15
3.272856322368285e-15
5.290540683496048e-15
8.522773517472253e-15
1.368263904006359e-14
2.189106507828262e-14
3.490375103201195e-14
5.546071888957831e-14
8.782273411105102e-14
1.385913953044771e-13
2.179582198318791e-13
3.415996869052251e-13
5.335419606122827e-13
8.304741443143637e-13
1.288218121585361e-12
1.991396630929287e-12
3.067824206476333e-12
4.709845360939546e-12
7.205851800667906e-12
1.098665516202635e-11
1.669344523724803e-11
2.527700444787673e-11
3.814196181117779e-11
5.735572780607434e-11
8.594990691390691e-11
1.28353341843912e-10
1.910118868631017e-10
2.832717116429961e-10
4.186332391853398e-10
6.165236654531725e-10
9.047927962413382e-10
1.323212539539043e-09
1.928362802772199e-09
2.800425225046865e-09
4.052589819281138e-09
5.844023487355798e-09
8.397671891202663e-09
1.202459554150437e-08
1.715708464189447e-08
2.439352186911492e-08
3.455891928183519e-08
4.87861626652375e-08
6.862467927248872e-08
9.618495511176661e-08
1.343299942391241e-07
1.869276786692353e-07
2.591818599739781e-07
3.580644545309042e-07
4.928772341372678e-07
6.759774464626389e-07
9.237114682036918e-07
1.257609483218403e-06
1.705905560811516e-06
2.305462885487941e-06
3.104196821368532e-06
4.164109213888878e-06
5.565065293922089e-06
7.409466888930183e-06
9.828005204326473e-06
1.298668212257326e-05
1.709535354166292e-05
2.24180257646367e-05
2.928518551925663e-05
3.810848284047097e-05
4.939805512549356e-05
6.378281977958977e-05
8.203404286177829e-05
0.0001050924329319969
0.0001340991293545812
0.0001704305468592793
0.0002157373091904446
0.0002719872863963246
0.0003415121173020452
0.0004270572972018272
0.0005318344919942319
0.0006595757440663874
0.0008145874598994851
0.001001802505925298
0.001226828899234533
0.00149599090218544
0.001816360512748361
0.002195775508880615
0.002642838284373283
0.003166894195601344
0.003777981270104647
0.004486748948693275
0.005304338410496712
0.006242224480956793
0.007312015164643526
0.008525194600224495
0.009892832487821579
0.01142523530870676
0.01313156262040138
0.01501939631998539
0.01709429174661636
0.01935930363833904
0.02181451395153999
0.02445658296346664
0.02727832272648811
0.03026836737990379
0.03341088816523552
0.03668545559048653
0.04006704688072205
0.04352620244026184
0.04702936485409737
0.05053944513201714
0.05401656776666641
0.05741903930902481
0.06070449948310852
0.06383123248815536
0.06675960123538971
0.06945360451936722
0.07188233733177185
0.07402151823043823
0.07585479319095612
0.07737485319375992
0.07858424633741379
0.07949581742286682
0.08013270795345306
0.0805278941988945
0.08072318881750107
0.08076779544353485
0.08071640133857727
0.08062683045864105
0.08055746555328369
0.08056440949440002
0.08069875091314316
0.0810038149356842
0.08151280879974365
0.08224689960479736
0.08321388065814972
0.08440759032964706
0.08580813556909561
0.08738292008638382
0.08908849954605103
0.09087316691875458
0.09268017113208771
0.09445127844810486
0.09613059461116791
0.09766825288534164
0.09902377426624298
0.1001688912510872
0.1010894849896431
0.1017866060137749
0.1022763401269913
0.1025886014103889
0.102764867246151
0.1028550267219543
0.1029135286808014
0.1029952019453049
0.1031509414315224
0.1034237965941429
0.103845588862896
0.1044345200061798
0.1051938831806183
0.106112040579319
0.1071636602282524
0.108312152326107
0.1095130294561386
0.1107179671525955
0.1118792146444321
0.1129538118839264
0.1139074265956879
0.1147172898054123
0.1153740361332893
0.1158822774887085
0.1162597835063934
0.1165354549884796
0.1167462542653084
0.1169333606958389
0.1171380430459976
0.1173975393176079
0.1177415028214455
0.1181892454624176
0.1187481358647346
0.119413249194622
0.1201683357357979
0.1209879145026207
0.1218403726816177
0.1226914972066879
0.1235082894563675
0.1242625191807747
0.1249335780739784
0.1255104839801788
0.1259926408529282
0.1263895332813263
0.126719206571579
0.1270057857036591
0.1272765398025513
0.1275585889816284
0.1278757452964783
0.128245934844017
0.1286793351173401
0.1291776895523071
0.1297343820333481
0.130335733294487
0.1309630423784256
0.1315951645374298
0.1322111338376999
0.1327928304672241
0.1333270072937012
0.1338066905736923
0.1342316865921021
0.1346082389354706
0.1349478513002396
0.1352655589580536
0.1355777233839035
0.1358999162912369
0.1362448632717133
0.1366210877895355
0.1370319724082947
0.1374757289886475
0.1379459202289581
0.1384326666593552
0.1389241516590118
0.1394084542989731
0.1398750394582748
0.1403161734342575
0.1407277584075928
0.1411097049713135
0.1414655894041061
0.1418018937110901
0.1421269476413727
0.1424495726823807
0.1427779048681259
0.1431182026863098
0.1434741318225861
0.1438465416431427
0.1442334353923798
0.1446305811405182
0.1450322568416595
0.1454322338104248
0.1458247005939484
0.1462050825357437
0.1465705931186676
0.1469206064939499
0.1472563892602921
0.1475808918476105
0.1478981375694275
0.1482124924659729
0.1485280841588974
0.1488480716943741
0.1491743624210358
0.1495073884725571
0.149846225976944
0.1501888185739517
0.1505324244499207
0.150874063372612
0.1512110531330109
0.1515413820743561
0.1518639624118805
0.1521786898374557
0.1524863839149475
0.1527885645627975
0.1530871838331223
0.1533842235803604
0.1536814570426941
0.1539801061153412
0.1542807519435883
0.1545833200216293
0.1548871397972107
0.1551911234855652
0.1554940342903137
0.1557945907115936
0.1560917794704437
0.1563849449157715
0.1566739231348038
0.1569589376449585
0.1572405397891998
0.1575195491313934
0.1577968001365662
0.1580730974674225
0.1583490371704102
0.1586249172687531
0.1589007824659348
0.159176379442215
0.1594513058662415
0.1597249954938889
0.1599970012903214
0.1602668911218643
0.1605343967676163
0.1607994437217712
0.1610621213912964
0.1613226532936096
0.1615813970565796
0.1618386507034302
0.1620947569608688
0.1623499244451523
0.1626043021678925
0.1628578901290894
0.163110613822937
0.1633622944355011
0.1636127382516861
0.1638617664575577
0.1641092002391815
0.164354994893074
0.1645991057157516
0.1648416072130203
0.1650826185941696
0.1653222441673279
0.1655606329441071
0.1657979190349579
0.166034147143364
0.1662693619728088
0.1665035635232925
0.1667367070913315
0.1669687479734421
0.1671996116638184
0.1674292534589767
0.1676576435565948
0.1678847372531891
0.1681105494499207
0.1683351099491119
0.1685584932565689
0.1687807738780975
0.1690019518136978
0.1692220866680145
0.1694412231445312
0.1696593463420868
0.16987644135952
0.1700924932956696
0.1703075021505356
0.1705214232206345
0.1707342714071274
0.1709460318088531
0.171156719326973
0.1713663041591644
0.1715748459100723
0.1717823445796967
0.1719887852668762
0.1721941977739334
0.1723985522985458
0.1726018786430359
0.17280413210392
0.1730052679777145
0.173205241560936
0.1734040081501007
0.1736014783382416
0.1737975627183914
0.1739921420812607
0.1741850674152374
0.1743761748075485
0.1745652556419373
0.1747520267963409
0.1749361753463745
0.1751173138618469
0.1752949357032776
0.1754684597253799
0.1756371557712555
0.1758001893758774
0.1759565025568008
0.1761049032211304
0.1762439608573914
0.1763720214366913
0.176487147808075
0.1765870749950409
0.1766692250967026
0.1767306178808212
0.1767678707838058
0.176777184009552
0.1767542362213135
0.1766942590475082
0.1765919476747513
0.1764414608478546
0.1762364506721497
0.175970122218132
0.1756351143121719
0.175223708152771
0.1747278124094009
0.1741391122341156
0.1734491437673569
0.1726495027542114
0.1717319339513779
0.1706886440515518
0.1695124506950378
0.1681970953941345
0.1667374670505524
0.1651299148797989
0.163372591137886
0.1614656746387482
0.1594117432832718
0.1572159379720688
0.1548862308263779
0.1524336636066437
0.1498723477125168
0.1472195535898209
0.1444956511259079
0.1417238414287567
0.138930007815361
0.1361422389745712
0.1333902776241302
0.1307048499584198
0.1281169801950455
0.1256570219993591
0.1233538761734962
0.1212338730692863
0.119319848716259
0.1176301315426826
0.1161776930093765
0.114969402551651
0.1140053421258926
0.1132785007357597
0.1127745062112808
0.1124718710780144
0.1123423725366592
0.1123517602682114
0.1124608665704727
0.1126269102096558
0.1128050610423088
0.1129502356052399
0.1130189448595047
0.1129711791872978
0.1127722784876823
0.1123945415019989
0.1118186116218567
0.1110344752669334
0.1100420281291008
0.1088510975241661
0.1074809655547142
0.1059592887759209
0.1043205633759499
0.1026040464639664
0.100851409137249
0.09910409152507782
0.09740061312913895
0.09577399492263794
0.09424934536218643
0.09284195303916931
0.09155593067407608
0.09038350731134415
0.0893050953745842
0.08829014003276825
0.08729875832796097
0.08628400415182114
0.08519476652145386
0.08397894352674484
0.08258684724569321
0.08097448945045471
0.07910653948783875
0.07695880532264709
0.07451988756656647
0.07179207354784012
0.0687912255525589
0.0655456930398941
0.06209440901875496
0.05848420783877373
0.05476665869355202
0.05099460482597351
0.0472186841070652
0.04348420724272728
0.03982857242226601
0.03627942875027657
0.03285381197929382
0.02955825999379158
0.02638991922140121
0.02333849854767323
0.0203888975083828
0.0175242442637682
0.01472902670502663
0.01199200935661793
0.009308608248829842
0.006682480685412884
0.004126155748963356
0.001660579815506935
-0.0006863689632155001
-0.002882297383621335
-0.00489342212677002
-0.006688093300908804
-0.008240373805165291
-0.009533320553600788
-0.01056160964071751
-0.01133323181420565
-0.01187005545943975
-0.0122071597725153
-0.01239098701626062
-0.01247644890099764
-0.01252325065433979
-0.01259175967425108
-0.01273882202804089
-0.01301388349384069
-0.01345579233020544
-0.01409056317061186
-0.01493027433753014
-0.0159731674939394
-0.01720489002764225
-0.0186006985604763
-0.02012836933135986
-0.02175144478678703
-0.02343251928687096
-0.0251361932605505
-0.02683141455054283
-0.02849302999675274
-0.03010246902704239
-0.03164756670594215
-0.03312164545059204
-0.03452210500836372
-0.03584879264235497
-0.0371023528277874
-0.03828291222453117
-0.03938926011323929
-0.04041863605380058
-0.04136714711785316
-0.0422307550907135
-0.04300660640001297
-0.04369457066059113
-0.04429861903190613
-0.04482786357402802
-0.0452970378100872
-0.0457262396812439
-0.04613997042179108
-0.0465654730796814
-0.04703054949641228
-0.04756112024188042
-0.04817874357104301
-0.04889847338199615
-0.04972725734114647
-0.05066310986876488
-0.05169515684247017
-0.05280454456806183
-0.05396616458892822
-0.05515097454190254
-0.05632863193750381
-0.05747022107243538
-0.05855071172118187
-0.059550940990448
-0.06045890972018242
-0.0612703301012516
-0.06198836490511894
-0.06262265890836716
-0.06318790465593338
-0.06370200216770172
-0.06418417394161224
-0.064653180539608
-0.06512583047151566
-0.06561592221260071
-0.06613364815711975
-0.06668541580438614
-0.06727413833141327
-0.06789974123239517
-0.06855982542037964
-0.06925036013126373
-0.06996625661849976
-0.07070189714431763
-0.07145137339830399
-0.07220866531133652
-0.07296763360500336
-0.07372206449508667
-0.07446568459272385
-0.07519229501485825
-0.07589605450630188
-0.07657178491353989
-0.07721545547246933
-0.07782464474439621
-0.0783989205956459
-0.07894012331962585
-0.07945240288972855
-0.07994198799133301
-0.08041680604219437
-0.08088577538728714
-0.08135797083377838
-0.08184176683425903
-0.08234405517578125
-0.08286947757005692
-0.08342008292675018
-0.08399511128664017
-0.08459117263555527
-0.08520268648862839
-0.08582253009080887
-0.08644284307956696
-0.08705589175224304
-0.08765478432178497
-0.08823419362306595
-0.08879071474075317
-0.08932307362556458
-0.08983210474252701
-0.0903204008936882
-0.0907919630408287
-0.09125156700611115
-0.09170430898666382
-0.09215504676103592
-0.09260797500610352
-0.09306629747152328
-0.09353211522102356
-0.09400635957717896
-0.09448888152837753
-0.09497864544391632
-0.09547386318445206
-0.09597231447696686
-0.09647157043218613
-0.09696917235851288
-0.09746280312538147
-0.09795045107603073
-0.09843053668737411
-0.09890192747116089
-0.0993640124797821
-0.09981672465801239
-0.1002604588866234
-0.1006961166858673
-0.1011249646544456
-0.1015485823154449
-0.1019686758518219
-0.1023869961500168
-0.1028051376342773
-0.1032244339585304
-0.1036458015441895
-0.1040697246789932
-0.1044961363077164
-0.1049245372414589
-0.1053539589047432
-0.1057831645011902
-0.1062107607722282
-0.1066353321075439
-0.1070556193590164
-0.1074706241488457
-0.1078797578811646
-0.1082828193902969
-0.1086799800395966
-0.1090718060731888
-0.1094591096043587
-0.1098428815603256
-0.1102240979671478
-0.1106036528944969
-0.1109822541475296
-0.1113603413105011
-0.1117380633950233
-0.1121152192354202
-0.1124913543462753
-0.1128657683730125
-0.1132376044988632
-0.1136058941483498
-0.1139696314930916
-0.1143277958035469
-0.1146794408559799
-0.1150236427783966
-0.1153595522046089
-0.1156863123178482
-0.1160030663013458
-0.1163088530302048
-0.1166025772690773
-0.1168829128146172
-0.1171482652425766
-0.1173966899514198
-0.1176259145140648
-0.1178332045674324
-0.1180154010653496
-0.1181689202785492
-0.1182897016406059
-0.1183732599020004
-0.1184146851301193
-0.1184087172150612
-0.1183497086167336
-0.1182317137718201
-0.1180485263466835
-0.1177937537431717
-0.1174608618021011
-0.1170432791113853
-0.1165344342589378
-0.1159279048442841
-0.1152175143361092
-0.1143974810838699
-0.1134625673294067
-0.1124082803726196
-0.1112310588359833
-0.1099284887313843
-0.1084995195269585
-0.1069446876645088
-0.1052663549780846
-0.1034688800573349
-0.1015588343143463
-0.09954508394002914
-0.09743891656398773
-0.0952540710568428
-0.0930066704750061
-0.09071513265371323
-0.08839999139308929
-0.08608356118202209
-0.08378958702087402
-0.08154278248548508
-0.07936832308769226
-0.07729117572307587
-0.07533545792102814
-0.07352373749017715
-0.07187629491090775
-0.07041039317846298
-0.06913958489894867
-0.0680730864405632
-0.06721523404121399
-0.06656506657600403
-0.0661160945892334
-0.0658562034368515
-0.06576774269342422
-0.06582791358232498
-0.0660092830657959
-0.06628058105707169
-0.06660765409469604
-0.06695462763309479
-0.06728523224592209
-0.06756413727998734
-0.06775841116905212
-0.06783891469240189
-0.06778160482645035
-0.06756866723299026
-0.06718946248292923
-0.06664115190505981
-0.06592896580696106
-0.0650661364197731
-0.06407339870929718
-0.06297815591096878
-0.06181318685412407
-0.06061512604355812
-0.05942261591553688
-0.05827431008219719
-0.05720682069659233
-0.05625269562005997
-0.0554385781288147
-0.05478363856673241
-0.05429838225245476
-0.05398394912481308
-0.05383194610476494
-0.05382483452558517
-0.0539369098842144
-0.05413577705621719
-0.05438429862260818
-0.05464288219809532
-0.05487196892499924
-0.05503455922007561
-0.05509862303733826
-0.05503922700881958
-0.05484022200107574
-0.05449532344937325
-0.05400858446955681
-0.05339409410953522
-0.0526750236749649
-0.05188195034861565
-0.05105066299438477
-0.05021956190466881
-0.0494268387556076
-0.04870762676000595
-0.04809136688709259
-0.04759958386421204
-0.04724427685141563
-0.04702702164649963
-0.04693887382745743
-0.04696114361286163
-0.04706694558262825
-0.04722337797284126
-0.04739426076412201
-0.04754311591386795
-0.04763619229197502
-0.04764524847269058
-0.04754988476634026
-0.04733919724822044
-0.04701262712478638
-0.04657987132668495
-0.04605995118618011
-0.04547940194606781
-0.04486981779336929
-0.04426497593522072
-0.04369772598147392
-0.04319701716303825
-0.04278527945280075
-0.04247645288705826
-0.04227478802204132
-0.04217459633946419
-0.04216095432639122
-0.04221126064658165
-0.04229755327105522
-0.04238928854465485
-0.04245638474822044
-0.04247216135263443
-0.04241591691970825
-0.04227486625313759
-0.04204529151320457
-0.04173270240426064
-0.04135112091898918
-0.04092143103480339
-0.04046907275915146
-0.04002131149172783
-0.03960433229804039
-0.03924050182104111
-0.03894608467817307
-0.03872964903712273
-0.03859132528305054
-0.03852301463484764
-0.03850943595170975
-0.03853001445531845
-0.03856126219034195
-0.03857947140932083
-0.03856333345174789
-0.03849626332521439
-0.03836816176772118
-0.03817634284496307
-0.03792563453316689
-0.03762761503458023
-0.03729906305670738
-0.03695987537503242
-0.03663060814142227
-0.03633008524775505
-0.0360732190310955
-0.03586935624480247
-0.03572134301066399
-0.03562541678547859
-0.03557183966040611
-0.03554631024599075
-0.03553181514143944
-0.03551085293292999
-0.03546755015850067
-0.03538959845900536
-0.03526963666081429
-0.03510598093271255
-0.03490264713764191
-0.03466860949993134
-0.03441649675369263
-0.03416082635521889
-0.03391608595848083
-0.03369487822055817
-0.0335063524544239
-0.03335517644882202
-0.03324108198285103
-0.03315912187099457
-0.03310049697756767
-0.03305387124419212
-0.03300700709223747
-0.03294838219881058
-0.03286874294281006
-0.03276222944259644
-0.03262700513005257
-0.03246534243226051
-0.03228311985731125
-0.03208884969353676
-0.03189240768551826
-0.03170358389616013
-0.03153075277805328
-0.03137977421283722
-0.03125327825546265
-0.03115047141909599
-0.03106740489602089
-0.03099767118692398
-0.0309334509074688
-0.03086667507886887
-0.03079019859433174
-0.03069877438247204
-0.03058970533311367
-0.03046310693025589
-0.03032173402607441
-0.03017044998705387
-0.03001539781689644
-0.0298630353063345
-0.0297191608697176
-0.02958810701966286
-0.02947216108441353
-0.02937135100364685
-0.02928355894982815
-0.0292049590498209
-0.02913068421185017
-0.02905562147498131
-0.02897519990801811
-0.02888603694736958
-0.02878640778362751
-0.02867638319730759
-0.02855773083865643
-0.028433533385396
-0.02830762974917889
-0.02818397991359234
-0.02806604281067848
-0.02795625664293766
-0.02785572968423367
-0.02776415459811687
-0.02767992578446865
-0.02760049514472485
-0.02752282284200191
-0.0274438951164484
-0.02736120112240314
-0.02727309986948967
-0.02717901580035686
-0.02707947604358196
-0.02697593718767166
-0.0268704891204834
-0.0267654825001955
-0.02666311338543892
-0.0265650786459446
-0.02647234126925468
-0.02638501115143299
-0.02630239725112915
-0.02622316777706146
-0.02614562585949898
-0.02606800384819508
-0.02598877437412739
-0.02590686827898026
-0.02582184784114361
-0.02573390305042267
-0.02564379014074802
-0.02555265463888645
-0.02546180970966816
-0.02537249960005283
-0.02528568916022778
-0.02520192414522171
-0.02512126788496971
-0.02504332922399044
-0.02496736869215965
-0.02489244006574154
-0.0248175822198391
-0.02474197559058666
-0.02466508559882641
-0.02458671666681767
-0.02450703084468842
-0.02442647889256477
-0.02434571087360382
-0.02426542155444622
-0.02418624237179756
-0.02410863153636456
-0.02403280325233936
-0.0239587165415287
-0.02388609759509563
-0.02381450496613979
-0.02374343574047089
-0.02367240563035011
-0.02360104024410248
-0.02352913655340672
-0.02345667406916618
-0.02338381111621857
-0.02331082709133625
-0.02323807589709759
-0.02316589653491974
-0.02309456840157509
-0.02302425354719162
-0.02295498363673687
-0.02288666553795338
-0.02281910553574562
-0.0227520614862442
-0.02268528379499912
-0.02261856384575367
-0.02255177311599255
-0.02248487435281277
-0.02241791784763336
-0.02235102653503418
-0.02228435687720776
-0.02221808210015297
-0.02215234190225601
-0.0220872238278389
-0.02202275209128857
-0.02195889316499233
-0.02189556322991848
-0.02183264866471291
-0.02177002839744091
-0.02170760557055473
-0.0216453168541193
-0.02158313617110252
-0.02152108587324619
-0.02145921625196934
-0.02139759995043278
-0.02133630961179733
-0.02127541415393353
-0.02121494896709919
-0.02115492150187492
-0.02109531499445438
-0.02103609032928944
-0.02097719348967075
-0.02091857232153416
-0.02086018398404121
-0.02080199867486954
-0.02074401266872883
-0.02068623714148998
-0.02062869071960449
-0.02057140879333019
-0.02051441557705402
-0.02045773528516293
-0.02040138281881809
-0.02034535817801952
-0.02028964832425117
-0.0202342364937067
-0.02017910219728947
-0.02012422122061253
-0.02006957679986954
-0.0200151614844799
-0.01996097154915333
-0.01990701071918011
-0.01985329017043114
-0.01979981921613216
-0.01974660903215408
-0.01969366706907749
-0.01964099332690239
-0.01958858594298363
-0.01953643932938576
-0.01948454417288303
-0.01943289488554001
-0.01938147656619549
-0.01933029107749462
-0.01927932910621166
-0.01922859065234661
-0.01917807757854462
-0.01912779174745083
-0.01907773874700069
-0.01902791485190392
-0.01897832565009594
-0.01892896927893162
-0.01887984201312065
-0.01883094199001789
-0.01878226175904274
-0.0187338013201952
-0.01868555322289467
-0.01863751746714115
-0.0185896959155798
-0.01854208670556545
-0.01849468797445297
-0.0184475015848875
-0.01840052753686905
-0.01835376396775246
-0.01830720901489258
-0.01826086454093456
-0.01821472495794296
-0.01816878467798233
-0.01812304556369781
-0.01807750761508942
-0.01803216710686684
-0.01798702217638493
-0.01794206909835339
-0.01789730787277222
-0.01785274222493172
-0.01780837029218674
-0.01776419021189213
-0.01772020012140274
-0.01767640188336372
-0.01763279363512993
-0.01758937537670135
-0.01754614524543285
-0.01750309951603413
-0.01746023632586002
-0.01741755940020084
-0.01737506315112114
-0.01733274757862091
-0.01729061082005501
-0.01724864915013313
-0.01720686629414558
-0.01716525480151176
-0.01712381839752197
-0.01708255335688591
-0.01704145967960358
-0.01700053736567497
-0.01695978455245495
-0.01691920310258865
-0.01687879115343094
-0.0168385487049818
-0.0167984738945961
-0.01675856299698353
-0.01671881601214409
-0.01667923480272293
-0.01663981564342976
-0.01660055667161942
-0.01656145602464676
-0.01652251183986664
-0.0164837259799242
-0.0164450965821743
-0.01640662178397179
-0.01636830344796181
-0.01633013971149921
-0.01629212684929371
-0.01625426858663559
-0.01621656306087971
-0.01617901027202606
-0.0161416083574295
-0.01610435731709003
-0.0160672552883625
-0.01603030599653721
-0.0159935038536787
-0.01595684885978699
-0.01592033542692661
-0.01588396169245243
-0.01584773138165474
-0.01581164263188839
-0.01577569358050823
-0.01573988609015942
-0.01570421829819679
-0.01566869020462036
-0.01563329994678497
-0.01559804659336805
-0.01556293293833733
-0.01552795432507992
-0.01549311354756355
-0.01545840781182051
-0.01542383898049593
-0.0153894042596221
-0.01535510271787643
-0.01532093342393637
-0.01528689451515675
-0.015252985060215
-0.01521920412778854
-0.01518555358052254
-0.01515202969312668
-0.01511863246560097
-0.01508536376059055
-0.01505221985280514
-0.01501919981092215
-0.01498630549758673
-0.01495353691279888
-0.01492089033126831
-0.01488836668431759
-0.01485596504062414
-0.01482368446886539
-0.01479152217507362
-0.01475947815924883
-0.01472755149006844
-0.01469574216753244
-0.01466405019164085
-0.01463247276842594
-0.01460101176053286
-0.01456966623663902
-0.01453843619674444
-0.01450732257217169
-0.01447632350027561
-0.01444543898105621
-0.01441466808319092
-0.0143840117380023
-0.01435346808284521
-0.01432303711771965
-0.01429271884262562
-0.01426251046359539
-0.01423241198062897
-0.01420242246240377
-0.01417254097759724
-0.01414276659488678
-0.0141130993142724
-0.01408353727310896
-0.01405408326536417
-0.01402473356574774
-0.01399549096822739
-0.01396635081619024
-0.01393731590360403
-0.01390838529914618
-0.01387955714017153
-0.01385083142668009
-0.01382220815867186
-0.01379368733614683
-0.01376526709645987
-0.01373694650828838
-0.01370872464030981
-0.01368060056120157
-0.01365257427096367
-0.01362464483827353
-0.01359680946916342
-0.01356907095760107
-0.01354142744094133
-0.01351387985050678
-0.01348643098026514
-0.01345907710492611
-0.01343181822448969
-0.01340465433895588
-0.01337758637964725
-0.01335061341524124
-0.01332373451441526
-0.01329694781452417
-0.01327025517821312
-0.0132436528801918
-0.01321713998913765
-0.01319071836769581
-0.01316438615322113
-0.01313814241439104
-0.01311198715120554
-0.01308591943234205
-0.01305993925780058
-0.01303404662758112
-0.01300823874771595
-0.01298251841217279
-0.01295688562095165
-0.0129313413053751
-0.01290588360279799
-0.01288051344454288
-0.01285522989928722
-0.01283003110438585
-0.01280491705983877
-0.01277988776564598
-0.01275494135916233
-0.0127300787717104
-0.01270530000329018
-0.01268060225993395
-0.01265598554164171
-0.01263144891709089
-0.01260699331760406
-0.0125826159492135
-0.01255831867456436
-0.01253410056233406
-0.01250996068120003
-0.01248589996248484
-0.01246191654354334
-0.01243801135569811
-0.01241418533027172
-0.0123904375359416
-0.01236676704138517
-0.01234317477792501
-0.01231965981423855
-0.0122962212190032
-0.01227285899221897
-0.01224957313388586
-0.01222636364400387
-0.01220322865992785
-0.01218016818165779
-0.01215718220919371
-0.01213426887989044
-0.012111428193748
-0.0120886592194438
-0.01206596195697784
-0.01204333640635014
-0.0120207816362381
-0.01199829764664173
-0.01197588443756104
-0.01195354200899601
-0.01193127036094666
-0.01190907042473555
-0.01188694220036268
-0.01186488568782806
-0.01184289716184139
-0.01182098034769297
-0.01179913152009249
-0.01177735161036253
-0.01175563968718052
-0.01173399481922388
-0.01171241700649261
-0.01169090811163187
-0.01166946440935135
-0.01164808683097363
-0.0116267753764987
-0.01160553190857172
-0.01158435363322496
-0.01156323961913586
-0.0115421898663044
-0.01152120437473059
-0.01150028314441442
-0.01147942524403334
-0.01145863253623247
-0.01143790315836668
-0.01141723711043596
-0.01139663532376289
-0.0113760968670249
-0.01135562174022198
-0.01133521180599928
-0.01131486333906651
-0.01129457820206881
-0.01127435639500618
-0.01125419791787863
-0.01123409997671843
-0.01121406350284815
-0.0111940884962678
-0.01117417309433222
-0.01115431636571884
-0.01113451737910509
-0.01111477613449097
-0.01109509263187647
-0.0110754668712616
-0.01105589978396893
-0.01103639043867588
-0.01101693883538246
-0.01099754404276609
-0.01097820606082678
-0.01095892395824194
-0.0109397005289793
-0.01092053297907114
-0.01090142317116261
-0.01088237017393112
-0.01086337305605412
-0.01084443274885416
-0.01082555018365383
-0.01080672442913055
-0.01078795455396175
-0.01076924242079258
-0.01075058523565531
-0.01073198299854994
-0.01071343570947647
-0.01069494429975748
-0.01067650690674782
-0.01065812446177006
-0.01063979603350163
-0.01062151975929737
-0.01060329470783472
-0.0105851199477911
-0.01056699547916651
-0.01054892223328352
-0.01053089927881956
-0.01051292661577463
-0.01049500424414873
-0.01047713309526443
-0.01045931223779917
-0.0104415426030755
-0.01042382419109344
-0.01040615700185299
-0.01038854196667671
-0.01037097908556461
-0.01035346649587154
-0.01033600606024265
-0.01031859498471022
-0.01030123326927423
-0.01028392370790243
-0.01026666164398193
-0.01024944987148046
-0.01023228745907545
-0.01021517254412174
-0.01019810512661934
-0.01018108613789082
-0.0101641146466136
-0.01014719065278769
-0.01013031415641308
-0.0101134842261672
-0.01009670179337263
-0.01007996499538422
-0.01006327569484711
-0.01004663296043873
-0.01003003679215908
-0.01001348719000816
-0.009996982291340828
-0.009980522096157074
-0.009964105673134327
-0.009947733022272587
-0.009931404143571854
-0.009915120899677277
-0.009898882359266281
-0.009882688522338867
-0.009866539388895035
-0.009850435890257359
-0.009834376163780689
-0.009818361140787601
-0.009802392683923244
-0.009786468930542469
-0.009770588949322701
-0.009754751808941364
-0.009738958440721035
-0.009723206050693989
-0.0097074955701828
-0.009691826999187469
-0.009676201269030571
-0.009660618379712105
-0.009645076468586922
-0.009629575535655022
-0.009614118374884129
-0.009598704054951668
-0.00958333071321249
-0.009568000212311745
-0.009552712552249432
-0.009537466801702976
-0.009522262960672379
-0.009507100097835064
-0.009491977281868458
-0.009476895444095135
-0.009461852721869946
-0.009446847252547741
-0.009431882761418819
-0.009416956454515457
-0.009402069263160229
-0.009387222118675709
-0.009372415021061897
-0.009357646107673645
-0.009342914447188377
-0.009328221902251244
-0.009313569404184818
-0.009298954159021378
-0.009284376166760921
-0.00926983542740345
-0.009255333803594112
-0.009240870364010334
-0.00922644417732954
-0.00921205710619688
-0.00919770821928978
-0.009183397516608238
-0.009169124998152256
-0.009154891595244408
-0.009140696376562119
-0.009126538410782814
-0.00911241490393877
-0.009098327718675137
-0.009084275923669338
-0.009070259518921375
-0.009056278504431248
-0.00904233381152153
-0.009028421714901924
-0.009014546871185303
-0.009000705555081367
-0.008986900560557842
-0.008973130956292152
-0.008959396742284298
-0.008945698849856853
-0.008932037279009819
-0.008918412029743195
-0.00890482310205698
-0.008891269564628601
-0.008877751417458057
-0.008864268660545349
-0.008850820362567902
-0.00883740559220314
-0.00882402528077364
-0.0088106794282794
-0.008797367103397846
-0.008784088306128979
-0.008770842105150223
-0.008757628500461578
-0.008744446560740471
-0.0087312962859869
-0.008718177676200867
-0.00870509073138237
-0.008692036382853985
-0.008679014630615711
-0.0086660236120224
-0.008653066121041775
-0.008640139363706112
-0.008627244271337986
-0.008614383637905121
-0.008601554669439793
-0.008588758297264576
-0.008575995452702045
-0.008563266135752201
-0.008550569415092468
-0.008537907153367996
-0.008525277487933636
-0.008512680418789387
-0.0085001140832901
-0.00848757941275835
-0.008475075475871563
-0.008462601341307163
-0.008450157940387726
-0.008437743410468102
-0.008425356820225716
-0.008412999100983143
-0.008400671184062958
-0.008388372138142586
-0.008376101963222027
-0.008363859727978706
-0.008351647295057774
-0.008339462801814079
-0.008327309042215347
-0.008315185084939003
-0.008303091861307621
-0.008291027508676052
-0.008278992958366871
-0.008266987279057503
-0.008255013264715672
-0.008243068121373653
-0.008231152780354023
-0.008219269104301929
-0.008207414299249649
-0.008195588365197182
-0.008183790370821953
-0.008172020316123962
-0.008160277269780636
-0.008148561231791973
-0.008136874064803123
-0.008125213906168938
-0.008113579824566841
-0.008101973682641983
-0.008090393617749214
-0.008078840561211109
-0.008067316375672817
-0.008055819198489189
-0.0080443499609828
-0.008032907731831074
-0.008021493442356586
-0.008010105229914188
-0.007998744025826454
-0.007987410761415958
-0.007976105436682701
-0.007964827120304108
-0.007953574880957603
-0.007942348718643188
-0.007931148633360863
-0.007919976487755775
-0.007908831350505352
-0.007897714152932167
-0.007886622101068497
-0.007875556126236916
-0.007864514365792274
-0.007853497751057148
-0.007842505350708961
-0.00783153809607029
-0.007820595055818558
-0.007809678092598915
-0.007798786275088787
-0.007787920068949461
-0.00777707900851965
-0.007766263093799353
-0.007755472790449858
-0.007744707632809877
-0.007733968086540699
-0.007723252754658461
-0.00771256210282445
-0.007701896131038666
-0.007691254373639822
-0.007680636364966631
-0.007670043036341667
-0.007659473456442356
-0.007648927625268698
-0.007638406474143267
-0.007627910003066063
-0.007617438212037086
-0.007606990169733763
-0.007596566341817379
-0.007586166728287935
-0.007575790863484144
-0.007565439213067293
-0.007555110845714808
-0.0075448052957654
-0.00753452256321907
-0.007524262182414532
-0.007514024153351784
-0.007503808476030827
-0.00749361515045166
-0.007483444176614285
-0.0074732955545187
-0.00746317021548748
-0.007453066762536764
-0.007442986592650414
-0.007432929240167141
-0.007422895170748234
-0.007412884384393692
-0.007402897346764803
-0.007392933126538992
-0.007382992189377546
-0.007373073138296604
-0.00736317690461874
-0.007353303022682667
-0.007343451492488384
-0.007333621848374605
-0.00732381409034133
-0.00731402775272727
-0.00730426236987114
-0.007294518407434225
-0.007284794934093952
-0.007275091949850321
-0.007265409454703331
-0.007255747448652983
-0.007246106397360563
-0.007236485835164785
-0.007226886693388224
-0.007217308506369591
-0.007207752205431461
-0.007198216859251261
-0.007188703864812851
-0.00717921182513237
-0.007169741205871105
-0.007160292007029057
-0.007150863297283649
-0.007141455076634884
-0.00713206734508276
-0.007122700568288565
-0.007113354746252298
-0.007104029413312674
-0.007094723172485828
-0.007085436955094337
-0.007076171226799488
-0.007066925521939993
-0.007057700306177139
-0.007048496045172215
-0.007039312273263931
-0.007030148059129715
-0.007021003402769566
-0.007011878304183483
-0.007002772763371468
-0.006993685849010944
-0.006984617095440626
-0.006975567433983088
-0.006966536398977041
-0.006957523990422487
-0.006948529276996851
-0.006939553190022707
-0.00693059666082263
-0.006921660155057907
-0.006912742741405964
-0.0069038444198668
-0.006894966121762991
-0.006886106915771961
-0.006877267267554998
-0.006868446711450815
-0.006859645713120699
-0.006850863341242075
-0.006842099130153656
-0.006833353545516729
-0.006824626587331295
-0.006815918255597353
-0.006807228550314903
-0.006798557471483946
-0.006789905484765768
-0.006781271193176508
-0.00677265552803874
-0.006764058489352465
-0.006755479145795107
-0.006746917963027954
-0.006738374475389719
-0.006729848217219114
-0.00672133918851614
-0.006712847854942083
-0.006704374216496944
-0.006695917807519436
-0.006687478628009558
-0.006679056212306023
-0.006670650094747543
-0.006662260740995407
-0.006653888151049614
-0.006645531859248877
-0.00663719279691577
-0.006628870964050293
-0.006620567291975021
-0.006612281780689955
-0.006604013498872519
-0.006595762446522713
-0.006587530020624399
-0.006579315755516291
-0.0065711191855371
-0.006562940310686827
-0.006554778665304184
-0.006546633318066597
-0.006538504734635353
-0.006530392915010452
-0.006522297859191895
-0.006514218170195818
-0.00650615431368351
-0.006498107220977545
-0.006490075960755348
-0.006482059601694345
-0.006474060006439686
-0.006466076709330082
-0.006458109710365534
-0.006450158543884754
-0.00644222367554903
-0.006434305105358362
-0.00642640283331275
-0.006418516393750906
-0.006410645786672831
-0.006402790080755949
-0.006394949741661549
-0.006387125235050917
-0.006379315629601479
-0.006371520925313234
-0.006363742053508759
-0.006355978082865477
-0.006348229944705963
-0.006340497173368931
-0.006332780234515667
-0.006325078196823597
-0.006317391525954008
-0.006309721618890762
-0.006302068009972572
-0.006294431164860725
-0.006286811083555222
-0.006279207766056061
-0.006271619815379381
-0.006264048162847757
-0.006256491877138615
-0.006248950492590666
-0.006241424009203911
-0.006233911495655775
-0.006226413417607546
-0.006218928843736649
-0.006211457308381796
-0.00620400020852685
-0.006196556147187948
-0.006189125590026379
-0.006181708537042141
-0.006174306385219097
-0.006166919600218534
-0.006159549113363028
-0.006152194924652576
-0.006144856568425894
-0.006137533579021692
-0.006130225490778685
-0.006122932303696871
-0.006115653086453676
-0.006108387839049101
-0.006101136095821857
-0.006093897391110659
-0.006086671724915504
-0.006079459097236395
-0.006072259042412043
-0.006065072026103735
-0.006057898979634047
-0.006050738506019115
-0.006043592467904091
-0.006036459468305111
-0.006029341835528612
-0.006022238172590733
-0.006015149876475334
-0.006008075550198555
-0.006001015193760395
-0.005993969272822142
-0.00598693685606122
-0.005979917477816343
-0.005972912535071373
-0.005965920630842447
-0.005958941765129566
-0.005951976869255304
-0.005945025477558374
-0.005938087590038776
-0.005931162741035223
-0.005924251396209002
-0.005917353555560112
-0.005910469219088554
-0.005903598852455616
-0.005896742455661297
-0.00588989956304431
-0.005883069708943367
-0.005876253359019756
-0.005869449116289616
-0.00586265791207552
-0.005855880212038755
-0.005849115084856749
-0.005842362064868212
-0.00583562022075057
-0.005828889552503824
-0.005822170991450548
-0.005815464537590742
-0.005808768793940544
-0.005802084691822529
-0.005795413628220558
-0.005788755603134632
-0.005782110616564751
-0.005775478668510914
-0.005768859758973122
-0.005762253887951374
-0.005755661521106958
-0.005749083124101162
-0.005742518231272697
-0.005735966376960278
-0.005729427095502615
-0.00572290038689971
-0.005716385785490274
-0.005709882825613022
-0.005703391972929239
-0.005696912761777639
-0.005690444726496935
-0.005683987867087126
-0.005677542649209499
-0.005671109072864056
-0.005664687138050795
-0.005658277310431004
-0.005651878658682108
-0.005645491182804108
-0.00563911534845829
-0.005632750689983368
-0.005626397207379341
-0.00562005490064621
-0.005613725166767836
-0.005607407074421644
-0.005601100157946348
-0.005594804883003235
-0.005588521249592304
-0.005582250654697418
-0.005575991235673428
-0.005569744855165482
-0.005563509650528431
-0.005557287018746138
-0.005551076959818602
-0.005544879473745823
-0.005538693629205227
-0.005532518960535526
-0.005526355467736721
-0.005520203616470098
-0.005514062475413084
-0.00550793157890439
-0.005501811858266592
-0.005495701916515827
-0.00548960268497467
-0.005483514163643122
-0.005477435886859894
-0.005471368320286274
-0.005465311929583549
-0.00545926671475172
-0.005453232210129499
-0.005447208415716887
-0.005441195797175169
-0.005435194354504347
-0.00542920408770442
-0.005423225462436676
-0.00541725754737854
-0.005411300808191299
-0.005405353847891092
-0.005399417597800493
-0.00539349252358079
-0.005387577228248119
-0.005381673108786345
-0.005375780165195465
-0.005369897466152906
-0.005364025477319956
-0.005358164198696613
-0.005352313164621592
-0.005346471909433603
-0.005340640898793936
-0.005334819667041302
-0.005329008679836988
-0.005323207471519709
-0.005317416042089462
-0.005311634391546249
-0.00530586251989007
-0.005300100892782211
-0.005294349510222673
-0.005288608372211456
-0.005282878875732422
-0.005277160089462996
-0.005271452013403177
-0.005265755578875542
-0.00526006892323494
-0.005254393443465233
-0.00524872774258256
-0.005243072751909494
-0.005237427540123463
-0.005231791641563177
-0.005226165521889925
-0.005220549181103706
-0.005214941687881947
-0.005209343507885933
-0.005203754641115665
-0.005198175087571144
-0.005192603915929794
-0.005187042057514191
-0.00518148997798562
-0.005175947677344084
-0.005170415621250868
-0.005164893344044685
-0.005159381311386824
-0.005153878126293421
-0.005148385185748339
-0.005142902489751577
-0.005137429106980562
-0.005131965968757868
-0.00512651214376092
-0.005121067631989717
-0.005115632899105549
-0.005110207013785839
-0.005104791838675737
-0.005099386442452669
-0.005093991290777922
-0.00508860545232892
-0.005083228461444378
-0.005077861249446869
-0.005072503350675106
-0.005067154765129089
-0.005061814561486244
-0.005056483671069145
-0.005051161162555218
-0.005045847967267036
-0.005040543153882027
-0.005035246722400188
-0.005029958672821522
-0.005024679470807314
-0.00501940818503499
-0.005014144815504551
-0.005008889827877283
-0.005003643222153187
-0.004998405463993549
-0.004993176553398371
-0.004987956490367651
-0.00498274527490139
-0.004977543372660875
-0.004972351714968681
-0.004967170301824808
-0.004961999598890543
-0.004956839140504599
-0.004951687529683113
-0.004946544300764799
-0.004941410385072231
-0.004936285316944122
-0.004931168630719185
-0.004926060326397419
-0.00492095947265625
-0.004915867000818253
-0.004910782910883427
-0.004905708134174347
-0.004900641273707151
-0.004895584657788277
-0.004890536889433861
-0.004885498434305191
-0.00488046882674098
-0.004875447601079941
-0.004870434757322073
-0.004865429829806089
-0.004860433749854565
-0.00485544465482235
-0.004850463010370731
-0.004845488350838423
-0.004840520676225424
-0.004835560452193022
-0.004830608144402504
-0.004825663287192583
-0.004820726346224546
-0.004815797787159681
-0.0048108771443367
-0.004805964883416891
-0.004801061935722828
-0.004796167835593224
-0.004791282117366791
-0.00478640478104353
-0.004781535360962152
-0.004776674322783947
-0.0047718221321702
-0.004766977392137051
-0.00476214149966836
-0.00475731398910284
-0.004752494860440493
-0.004747683648020029
-0.00474288035184145
-0.004738085437566042
-0.004733298439532518
-0.004728519357740879
-0.004723748192191124
-0.004718984942883253
-0.004714230075478554
-0.004709483589977026
-0.00470474548637867
-0.004700014367699623
-0.004695290699601173
-0.004690573550760746
-0.004685863386839628
-0.004681159276515245
-0.004676462151110172
-0.004671771544963121
-0.004667086992412806
-0.004662409424781799
-0.00465773930773139
-0.004653077106922865
-0.004648423288017511
-0.004643778316676617
-0.004639141261577606
-0.00463451212272048
-0.004629892762750387
-0.004625281319022179
-0.004620678257197142
-0.004616083111613989
-0.004611495416611433
-0.004606915172189474
-0.004602341912686825
-0.004597775638103485
-0.004593216814100742
-0.004588664043694735
-0.004584118723869324
-0.004579579923301935
-0.004575047641992569
-0.0045705228112638
-0.00456600496545434
-0.004561495035886765
-0.004556991625577211
-0.004552495665848255
-0.004548007156699896
-0.004543525632470846
-0.004539050627499819
-0.004534583073109388
-0.004530122503638268
-0.004525670316070318
-0.004521225113421679
-0.004516787827014923
-0.004512357991188765
-0.00450793607160449
-0.004503521136939526
-0.004499113187193871
-0.004494712688028812
-0.004490320105105639
-0.004485934507101774
-0.00448155589401722
-0.004477184265851974
-0.004472818691283464
-0.004468460101634264
-0.004464108031243086
-0.004459763411432505
-0.004455424379557371
-0.00445109186694026
-0.004446765873581171
-0.004442446399480104
-0.00443813344463706
-0.004433826543390751
-0.004429525695741177
-0.004425230901688337
-0.004420941695570946
-0.004416659474372864
-0.004412383772432804
-0.004408114589750767
-0.004403852857649326
-0.004399597644805908
-0.004395349882543087
-0.004391109105199575
-0.004386875312775373
-0.004382648505270481
-0.004378428682684898
-0.004374215845018625
-0.004370009526610374
-0.004365809727460146
-0.004361617378890514
-0.004357431549578905
-0.004353253170847893
-0.004349080845713615
-0.00434491503983736
-0.004340755753219128
-0.00433660252019763
-0.004332455806434155
-0.004328315611928701
-0.004324181936681271
-0.004320054780691862
-0.004315933212637901
-0.004311817232519388
-0.004307707771658897
-0.004303604364395142
-0.004299506545066833
-0.00429541477933526
-0.004291329067200422
-0.004287249408662319
-0.004283177200704813
-0.004279110580682755
-0.004275051411241293
-0.004270997829735279
-0.004266951233148575
-0.004262910690158606
-0.004258876200765371
-0.004254849161952734
-0.004250827711075544
-0.004246813245117664
-0.004242804832756519
-0.004238801542669535
-0.004234803840517998
-0.004230812657624483
-0.004226827062666416
-0.004222847986966372
-0.004218874964863062
-0.004214907996356487
-0.00421094661578536
-0.004206991288810968
-0.004203042015433311
-0.004199099261313677
-0.004195163026452065
-0.004191232845187187
-0.004187308251857758
-0.004183389246463776
-0.004179476760327816
-0.004175570793449879
-0.004171670414507389
-0.004167775623500347
-0.004163886420428753
-0.004160003270953894
-0.004156125709414482
-0.004152253735810518
-0.004148388281464577
-0.004144528415054083
-0.004140674136579037
-0.004136825911700726
-0.004132983740419149
-0.004129147622734308
-0.004125317092984915
-0.004121492616832256
-0.004117673262953758
-0.004113859031349421
-0.004110050387680531
-0.004106246866285801
-0.004102448467165232
-0.004098656121641397
-0.004094869364053011
-0.004091088194400072
-0.004087313544005156
-0.004083544947206974
-0.004079782404005527
-0.004076025914400816
-0.004072275478392839
-0.004068530164659023
-0.004064789973199368
-0.004061054904013872
-0.004057324957102537
-0.00405360059812665
-0.004049880430102348
-0.004046165850013494
-0.004042456392198801
-0.004038752056658268
-0.004035053309053183
-0.004031360615044832
-0.00402767350897193
-0.004023991990834475
-0.004020316526293755
-0.00401664711534977
-0.004012982826679945
-0.004009323660284281
-0.004005670547485352
-0.004002022556960583
-0.003998380154371262
-0.003994742874056101
-0.0039911107160151
-0.003987484145909548
-0.003983862232416868
-0.003980245906859636
-0.003976635169237852
-0.003973030019551516
-0.003969430457800627
-0.003965836483985186
-0.003962248563766479
-0.003958667162805796
-0.003955090884119272
-0.003951519727706909
-0.003947954159229994
-0.003944393247365952
-0.003940836992114782
-0.003937284927815199
-0.003933737054467201
-0.003930193837732077
-0.003926655277609825
-0.003923121374100447
-0.003919591661542654
-0.003916066605597734
-0.003912546671926975
-0.003909031394869089
-0.00390552100725472
-0.003902016207575798
-0.00389851676300168
-0.003895022673532367
-0.003891533939167857
-0.003888050559908152
-0.003884572302922606
-0.003881099168211222
-0.003877631388604641
-0.003874168265610933
-0.003870710730552673
-0.00386725808493793
-0.003863810561597347
-0.003860367927700281
-0.003856930648908019
-0.003853498492389917
-0.00385007169097662
-0.00384665047749877
-0.003843235084787011
-0.003839825047180057
-0.00383642059750855
-0.003833021968603134
-0.003829628461971879
-0.003826239844784141
-0.003822855651378632
-0.003819475881755352
-0.003816099604591727
-0.003812727285549045
-0.003809358226135373
-0.003805992659181356
-0.003802630351856351
-0.003799271536991
-0.003795916680246592
-0.003792566247284412
-0.003789220470935106
-0.003785879816859961
-0.003782544517889619
-0.003779215039685369
-0.00377589138224721
-0.003772573545575142
-0.003769261762499809
-0.003765955567359924
-0.003762654960155487
-0.003759359242394567
-0.003756068646907806
-0.003752782708033919
-0.003749500960111618
-0.003746223403140903
-0.00374295050278306
-0.003739682259038091
-0.003736418206244707
-0.003733158111572266
-0.003729902906343341
-0.003726652124896646
-0.00372340576723218
-0.00372016429901123
-0.003716927720233798
-0.003713695332407951
-0.003710467601194978
-0.003707244293764234
-0.003704024711623788
-0.003700809087604284
-0.003697597654536366
-0.003694389946758747
-0.003691185964271426
-0.003687986172735691
-0.003684790572151542
-0.003681599395349622
-0.003678412875160575
-0.003675231244415045
-0.003672054503113031
-0.003668882418423891
-0.003665715223178267
-0.003662552917376161
-0.003659395268186927
-0.00365624250844121
-0.003653094405308366
-0.003649950493127108
-0.003646810539066792
-0.003643675008788705
-0.003640543902292848
-0.003637416753917933
-0.003634294494986534
-0.003631176659837365
-0.003628063481301069
-0.003624954959377646
-0.003621850861236453
-0.003618751186877489
-0.003615655936300755
-0.003612564178183675
-0.003609476611018181
-0.003606392536312342
-0.003603312186896801
-0.003600235097110271
-0.00359716173261404
-0.003594092093408108
-0.003591026179492474
-0.003587964223697782
-0.003584906691685319
-0.003581853583455086
-0.003578805364668369
-0.003575761802494526
-0.003572722896933556
-0.003569688647985458
-0.003566658589988947
-0.003563632955774665
-0.003560611512511969
-0.003557594493031502
-0.003554581664502621
-0.003551573026925325
-0.003548568114638329
-0.003545566694810987
-0.00354256946593523
-0.003539575729519129
-0.003536586184054613
-0.00353360059671104
-0.003530619200319052
-0.003527642227709293
-0.003524669213220477
-0.003521700855344534
-0.00351873692125082
-0.003515776712447405
-0.003512821160256863
-0.003509869333356619
-0.003506921464577317
-0.003503977786749601
-0.003501037368550897
-0.003498100442811847
-0.003495167242363095
-0.003492238000035286
-0.003489312715828419
-0.00348639115691185
-0.003483473788946867
-0.003480560146272182
-0.003477650927379727
-0.003474745666608214
-0.003471844596788287
-0.003468947485089302
-0.003466054098680615
-0.003463164670392871
-0.003460278967395425
-0.003457397222518921
-0.003454519435763359
-0.003451644908636808
-0.003448773641139269
-0.003445906098932028
-0.003443041816353798
-0.003440181259065866
-0.003437324427068233
-0.003434470854699612
-0.003431620774790645
-0.003428774885833263
-0.003425932722166181
-0.003423094283789396
-0.003420259803533554
-0.003417429281398654
-0.003414602717384696
-0.003411779878661036
-0.003408960765227675
-0.003406145377084613
-0.003403333714231849
-0.003400526009500027
-0.003397722030058503
-0.003394921310245991
-0.00339212385006249
-0.003389329882338643
-0.003386539407074451
-0.003383752657100558
-0.003380969865247607
-0.003378191031515598
-0.003375416388735175
-0.003372646169736981
-0.003369880141690373
-0.003367118537425995
-0.003364361356943846
-0.003361608600243926
-0.003358859801664948
-0.003356115194037557
-0.003353374544531107
-0.003350637620314956
-0.003347904188558459
-0.003345174016430974
-0.003342447336763144
-0.003339723683893681
-0.003337003057822585
-0.003334285691380501
-0.003331571351736784
-0.003328860038891435
-0.003326151520013809
-0.003323446260765195
-0.003320744028314948
-0.003318044589832425
-0.003315348643809557
-0.0033126559574157
-0.003309966763481498
-0.003307280596345663
-0.003304597921669483
-0.003301918972283602
-0.003299243282526731
-0.003296571085229516
-0.003293902613222599
-0.00329123786650598
-0.00328857684507966
-0.003285919548943639
-0.003283266210928559
-0.003280616365373135
-0.003277970012277365
-0.003275327617302537
-0.003272688714787364
-0.00327005353756249
-0.003267421619966626
-0.003264793194830418
-0.00326216802932322
-0.003259546356275678
-0.003256927942857146
-0.003254312789067626
-0.003251700894907117
-0.003249091794714332
-0.003246485954150558
-0.003243883606046438
-0.003241284051910043
-0.003238687524572015
-0.003236093791201711
-0.003233503317460418
-0.003230915637686849
-0.003228331217542291
-0.003225750057026744
-0.003223172156140208
-0.003220597514882684
-0.00321802613325417
-0.003215458244085312
-0.003212894313037395
-0.003210334107279778
-0.003207777859643102
-0.003205225570127368
-0.003202677005901933
-0.003200131701305509
-0.003197590121999383
-0.003195052267983556
-0.003192518139258027
-0.00318998727016151
-0.003187459660694003
-0.003184935543686152
-0.00318241398781538
-0.003179895458742976
-0.003177379723638296
-0.003174866549670696
-0.003172355936840177
-0.003169848117977381
-0.003167342860251665
-0.003164839930832386
-0.003162339329719543
-0.003159841522574425
-0.003157346276566386
-0.003154854057356715
-0.003152365097776055
-0.003149879397824407
-0.003147396957501769
-0.003144918475300074
-0.003142444184049964
-0.003139973618090153
-0.00313750677742064
-0.003135043662041426
-0.003132584039121866
-0.003130127443000674
-0.003127674106508493
-0.003125224029645324
-0.003122776746749878
-0.003120332257822156
-0.003117890097200871
-0.003115451196208596
-0.003113015554845333
-0.003110582707449794
-0.003108153352513909
-0.003105727024376392
-0.003103303955867887
-0.003100884146988392
-0.003098467364907265
-0.003096053143963218
-0.003093641716986895
-0.003091232851147652
-0.003088826080784202
-0.003086421638727188
-0.003084019990637898
-0.003081620670855045
-0.003079223679378629
-0.003076828783378005
-0.003074437147006392
-0.003072048304602504
-0.00306966295465827
-0.003067281097173691
-0.003064902732148767
-0.003062528558075428
-0.003060157643631101
-0.003057790454477072
-0.003055426990613341
-0.003053066786378622
-0.003050710307434201
-0.003048356855288148
-0.003046006429940462
-0.0030436587985605
-0.003041313961148262
-0.003038971684873104
-0.003036631969735026
-0.003034294350072742
-0.00303195882588625
-0.00302962539717555
-0.003027293831110001
-0.003024964360520244
-0.003022637451067567
-0.003020313568413258
-0.003017992479726672
-0.003015674185007811
-0.003013359382748604
-0.003011048305779696
-0.003008740954101086
-0.003006437327712774
-0.003004137426614761
-0.003001841017976403
-0.002999547403305769
-0.002997256349772215
-0.002994968090206385
-0.002992682391777635
-0.002990399021655321
-0.002988117979839444
-0.00298583903349936
-0.002983562182635069
-0.002981287427246571
-0.002979015465825796
-0.002976746065542102
-0.002974479692056775
-0.002972216578200459
-0.002969956491142511
-0.002967699663713574
-0.002965445630252361
-0.002963194623589516
-0.00296094617806375
-0.002958699828013778
-0.002956455806270242
-0.002954213880002499
-0.002951974282041192
-0.002949737012386322
-0.002947502303868532
-0.002945270854979753
-0.002943042200058699
-0.002940816571936011
-0.002938593970611691
-0.002936374628916383
-0.002934158546850085
-0.002931945025920868
-0.002929734531790018
-0.002927526365965605
-0.002925320761278272
-0.002923117252066731
-0.002920916303992271
-0.002918716985732317
-0.002916520461440086
-0.002914326032623649
-0.002912133932113647
-0.00290994462557137
-0.002907758578658104
-0.002905575092881918
-0.002903394866734743
-0.002901218133047223
-0.002899044426158071
-0.002896873513236642
-0.002894705161452293
-0.002892539370805025
-0.002890375908464193
-0.002888214774429798
-0.002886055968701839
-0.002883899956941605
-0.002881746273487806
-0.002879594918340445
-0.002877446124330163
-0.002875299658626318
-0.002873155986890197
-0.002871014876291156
-0.002868876559659839
-0.002866741036996245
-0.002864608308300376
-0.002862478140741587
-0.002860350534319878
-0.002858224790543318
-0.002856101607903838
-0.002853980055078864
-0.002851860830560327
-0.002849743468686938
-0.002847628202289343
-0.00284551503136754
-0.002843404188752174
-0.002841295674443245
-0.002839189954102039
-0.00283708656206727
-0.002834985498338938
-0.002832887461408973
-0.002830792451277375
-0.002828700700774789
-0.002826612209901214
-0.002824526745826006
-0.002822444308549166
-0.002820364432409406
-0.002818287117406726
-0.002816212829202414
-0.002814141102135181
-0.002812071703374386
-0.002810004400089383
-0.002807939425110817
-0.002805876778438687
-0.002803816227242351
-0.002801757538691163
-0.002799700945615768
-0.00279764668084681
-0.002795594278723001
-0.002793544204905629
-0.002791495760902762
-0.002789449645206332
-0.002787405857816339
-0.002785364398732781
-0.002783325500786304
-0.00278128869831562
-0.002779253991320729
-0.002777222078293562
-0.002775192493572831
-0.002773165469989181
-0.002771140774711967
-0.002769118873402476
-0.00276709976606071
-0.002765083452686667
-0.002763069700449705
-0.00276105897501111
-0.002759050577878952
-0.00275704450905323
-0.002755040535703301
-0.002753038890659809
-0.002751039108261466
-0.002749041654169559
-0.002747046062722802
-0.002745052333921194
-0.002743060700595379
-0.002741071162745357
-0.002739083953201771
-0.002737099304795265
-0.002735117450356483
-0.002733137924224138
-0.002731160493567586
-0.00272918539121747
-0.002727212850004435
-0.002725242171436548
-0.002723273588344455
-0.002721306867897511
-0.002719342475757003
-0.002717379713431001
-0.002715419046580791
-0.002713460475206375
-0.002711503533646464
-0.00270954892039299
-0.002707596169784665
-0.002705645747482777
-0.002703697420656681
-0.002701751654967666
-0.002699808217585087
-0.002697867807000875
-0.002695929957553744
-0.00269399443641305
-0.002692061476409435
-0.002690131543204188
-0.002688203938305378
-0.002686278661713004
-0.002684355713427067
-0.00268243532627821
-0.002680517733097076
-0.00267860246822238
-0.002676689531654119
-0.002674779389053583
-0.002672871574759483
-0.00267096608877182
-0.002669062465429306
-0.002667161170393229
-0.002665261272341013
-0.002663363004103303
-0.002661466132849455
-0.002659571124240756
-0.002657677512615919
-0.002655784832313657
-0.002653894014656544
-0.002652004593983293
-0.002650116803124547
-0.002648231107741594
-0.002646347973495722
-0.00264446740038693
-0.002642589388415217
-0.002640713704749942
-0.002638840349391103
-0.002636969787999988
-0.002635101787745953
-0.00263323588296771
-0.002631371840834618
-0.002629509661346674
-0.002627649577334523
-0.002625790657475591
-0.002623933833092451
-0.002622078405693173
-0.002620224840939045
-0.002618373138830066
-0.002616523765027523
-0.002614676486700773
-0.00261283153668046
-0.002610988914966583
-0.002609148854389787
-0.002607311122119427
-0.002605475950986147
-0.002603643340989947
-0.002601813059300184
-0.002599984873086214
-0.00259815901517868
-0.00259633525274694
-0.002594513120129704
-0.002592692850157619
-0.002590874908491969
-0.002589058596640825
-0.002587244147434831
-0.002585432026535273
-0.002583622001111507
-0.002581814071163535
-0.002580008935183287
-0.002578206593170762
-0.002576406579464674
-0.00257460935972631
-0.002572814701125026
-0.002571021905168891
-0.002569230971857905
-0.002567441901192069
-0.002565653994679451
-0.002563867019489408
-0.002562081208452582
-0.002560295863077044
-0.002558511449024081
-0.002556727966293693
-0.002554945414885879
-0.00255316449329257
-0.002551385201513767
-0.002549607772380114
-0.002547832671552896
-0.002546060364693403
-0.002544291084632277
-0.002542524831369519
-0.002540761372074485
-0.002539000473916531
-0.002537241904065013
-0.002535485429689288
-0.002533730817958713
-0.00253197830170393
-0.002530227415263653
-0.002528477925807238
-0.002526729833334684
-0.002524982905015349
-0.002523237373679876
-0.00252149417065084
-0.002519752597436309
-0.002518013119697571
-0.002516275970265269
-0.002514541381970048
-0.00251280888915062
-0.002511078957468271
-0.00250935135409236
-0.002507625613361597
-0.002505902200937271
-0.002504180651158094
-0.002502460731193423
-0.002500742673873901
-0.002499026013538241
-0.002497311215847731
-0.002495598280802369
-0.00249388674274087
-0.002492176601663232
-0.002490468556061387
-0.002488762373104692
-0.002487058052793145
-0.002485355362296104
-0.002483654301613569
-0.002481955103576183
-0.002480257768183947
-0.002478562528267503
-0.002476869150996208
-0.002475177403539419
-0.002473487285897136
-0.002471798798069358
-0.002470111940056086
-0.002468427177518606
-0.002466744277626276
-0.002465063240379095
-0.002463384065777063
-0.002461706520989537
-0.00246003083884716
-0.002458356786519289
-0.00245668413117528
-0.002455013105645776
-0.002453344175592065
-0.002451677341014147
-0.002450012136250734
-0.002448349259793758
-0.002446688478812575
-0.002445030258968472
-0.002443374833092093
-0.002441721735522151
-0.002440070966258645
-0.002438422525301576
-0.002436775946989655
-0.002435130998492241
-0.002433487446978688
-0.002431845059618354
-0.002430203603580594
-0.002428563078865409
-0.002426923252642155
-0.002425284124910831
-0.002423645695671439
-0.002422008896246552
-0.00242037302814424
-0.002418739255517721
-0.002417107345536351
-0.002415477763861418
-0.002413850277662277
-0.00241222488693893
-0.002410601358860731
-0.002408979926258326
-0.002407360589131713
-0.002405743114650249
-0.002404127269983292
-0.002402513287961483
-0.00240090093575418
-0.002399290446192026
-0.002397681586444378
-0.002396074356511235
-0.002394468756392598
-0.002392865251749754
-0.002391263609752059
-0.00238966359756887
-0.002388065680861473
-0.002386469626799226
-0.002384875202551484
-0.002383282640948892
-0.002381691941991448
-0.002380103105679154
-0.002378515666350722
-0.002376929624006152
-0.002375345444306731
-0.002373762894421816
-0.002372181508690119
-0.002370601519942284
-0.002369023161008954
-0.002367446199059486
-0.002365870634093881
-0.00236429669894278
-0.002362724160775542
-0.002361153485253453
-0.002359584905207157
-0.00235801818780601
-0.002356453333050013
-0.002354890340939164
-0.002353329444304109
-0.002351770410314202
-0.002350213006138802
-0.002348657231777906
-0.00234710262157023
-0.002345549408346415
-0.002343997359275818
-0.002342446940019727
-0.002340897684916854
-0.002339349826797843
-0.002337803831323981
-0.002336259698495269
-0.002334717428311706
-0.002333177253603935
-0.002331638941541314
-0.002330102492123842
-0.00232856790535152
-0.002327034482732415
-0.002325502689927816
-0.00232397229410708
-0.002322443295270205
-0.002320915460586548
-0.002319389022886753
-0.002317863516509533
-0.002316339174285531
-0.002314816229045391
-0.002313294913619757
-0.002311775460839272
-0.002310257870703936
-0.002308742143213749
-0.002307228511199355
-0.002305716741830111
-0.002304206835106015
-0.002302698791027069
-0.002301192376762629
-0.002299687592312694
-0.002298184204846621
-0.002296682214364409
-0.00229518162086606
-0.002293682424351573
-0.002292184624820948
-0.002290688222274184
-0.002289193449541926
-0.00228770007379353
-0.00228620832785964
-0.002284718444570899
-0.00228322995826602
-0.002281743567436934
-0.002280258573591709
-0.002278774743899703
-0.002277292544022202
-0.00227581150829792
-0.0022743318695575
-0.002272853627800941
-0.002271376550197601
-0.002269900636747479
-0.002268426120281219
-0.002266953000798821
-0.002265481278300285
-0.002264010952785611
-0.002262542489916086
-0.00226107588969171
-0.002259610686451197
-0.002258147345855832
-0.002256685402244329
-0.002255225088447332
-0.002253766404464841
-0.002252309117466211
-0.002250853227451444
-0.002249398734420538
-0.002247945638373494
-0.002246493939310312
-0.002245043637230992
-0.002243594964966178
-0.002242147456854582
-0.002240701345726848
-0.002239257097244263
-0.002237814478576183
-0.002236373722553253
-0.002234934829175472
-0.002233498264104128
-0.002232063096016645
-0.002230629557743669
-0.002229197649285197
-0.002227767137810588
-0.00222633802331984
-0.002224910305812955
-0.002223483752459288
-0.002222058130428195
-0.002220633206889033
-0.00221920944750309
-0.002217786852270365
-0.002216365188360214
-0.002214945154264569
-0.002213526051491499
-0.002212108345702291
-0.002210692269727588
-0.002209277590736747
-0.002207864541560411
-0.002206452889367938
-0.00220504286698997
-0.002203634474426508
-0.002202227711677551
-0.002200822345912457
-0.002199418609961867
-0.00219801627099514
-0.002196615794673562
-0.002195216715335846
-0.002193819032981992
-0.002192422747612
-0.002191028092056513
-0.002189634833484888
-0.002188242971897125
-0.002186852972954512
-0.002185464836657047
-0.002184078097343445
-0.002182692987844348
-0.002181309275329113
-0.00217992695979774
-0.002178546041250229
-0.002177166286855936
-0.002175787463784218
-0.002174410037696362
-0.002173033775761724
-0.00217165844514966
-0.002170284045860171
-0.002168911276385188
-0.002167539671063423
-0.002166169229894876
-0.002164800185710192
-0.002163432538509369
-0.002162066521123052
-0.002160701667889953
-0.002159337978810072
-0.002157975686714053
-0.002156614791601896
-0.002155255526304245
-0.002153897657990456
-0.002152540953829885
-0.002151185646653175
-0.002149831503629684
-0.002148478524759412
-0.002147126710042357
-0.002145776059478521
-0.002144426573067904
-0.002143078250810504
-0.00214173155836761
-0.002140385797247291
-0.002139041665941477
-0.002137698931619525
-0.002136358059942722
-0.002135018585249782
-0.00213368097320199
-0.002132344990968704
-0.00213101040571928
-0.002129677683115005
-0.002128346357494593
-0.002127016428858042
-0.002125688130035996
-0.002124360995367169
-0.002123034559190273
-0.002121709287166595
-0.002120384480804205
-0.002119060838595033
-0.002117738127708435
-0.002116416580975056
-0.002115095965564251
-0.002113776281476021
-0.002112457761541009
-0.002111140405759215
-0.002109824679791927
-0.002108510583639145
-0.002107198117300868
-0.002105887280777097
-0.002104578074067831
-0.002103270031511784
-0.002101963618770242
-0.002100658603012562
-0.002099354518577456
-0.002098051365464926
-0.002096749609336257
-0.002095448784530163
-0.002094149589538574
-0.002092851791530848
-0.002091555623337626
-0.002090261084958911
-0.002088967943564057
-0.002087676431983709
-0.002086386550217867
-0.00208509829826653
-0.002083811443299055
-0.002082525752484798
-0.00208124122582376
-0.002079957630485296
-0.00207867450080812
-0.002077392535284162
-0.002076111501082778
-0.002074831631034613
-0.002073553157970309
-0.002072275383397937
-0.002070998772978783
-0.002069723326712847
-0.002068449044600129
-0.00206717592664063
-0.002065904205664992
-0.002064633881673217
-0.002063364954665303
-0.002062097191810608
-0.002060830360278487
-0.002059564460068941
-0.002058299724012613
-0.002057035686448216
-0.002055772114545107
-0.002054509241133928
-0.002053247299045324
-0.002051986288279295
-0.00205072620883584
-0.002049467293545604
-0.002048209775239229
-0.00204695388674736
-0.002045700093731284
-0.002044448396191001
-0.002043198328465223
-0.002041950356215239
-0.002040704479441047
-0.002039460698142648
-0.002038218546658754
-0.00203697825782001
-0.002035739133134484
-0.002034501172602177
-0.002033264143392444
-0.002032028045505285
-0.002030792646110058
-0.002029558410868049
-0.00202832487411797
-0.002027092035859823
-0.002025859896093607
-0.002024628687649965
-0.002023398410528898
-0.002022169064730406
-0.002020940650254488
-0.002019712934270501
-0.002018485916778445
-0.00201725959777832
-0.002016033977270126
-0.002014809520915151
-0.00201358599588275
-0.002012363402172923
-0.002011142205446959
-0.002009922405704856
-0.002008704002946615
-0.00200748723000288
-0.002006272086873651
-0.00200505880638957
-0.002003847388550639
-0.00200263736769557
-0.002001428743824363
-0.00200022105127573
-0.001999014522880316
-0.00199780915863812
-0.001996604725718498
-0.001995401224121451
-0.001994199119508266
-0.001992997946217656
-0.001991798169910908
-0.001990599324926734
-0.001989401178434491
-0.001988204196095467
-0.001987008610740304
-0.001985813956707716
-0.001984620001167059
-0.00198342720977962
-0.001982235349714756
-0.001981044188141823
-0.001979853957891464
-0.00197866465896368
-0.001977476524189115
-0.001976289553567767
-0.001975103979930282
-0.001973919803276658
-0.001972737023606896
-0.001971555640920997
-0.001970375422388315
-0.001969196600839496
-0.001968019176274538
-0.001966842915862799
-0.001965667586773634
-0.001964493189007044
-0.001963319722563028
-0.001962147420272231
-0.001960976049304008
-0.001959805842489004
-0.001958636566996574
-0.00195746892131865
-0.001956302439793944
-0.001955137122422457
-0.001953973202034831
-0.001952810329385102
-0.001951648504473269
-0.001950487727299333
-0.001949327881447971
-0.001948168850503862
-0.001947010518051684
-0.001945852884091437
-0.001944695832207799
-0.001943539711646736
-0.001942384289577603
-0.001941229798831046
-0.001940076355822384
-0.001938924193382263
-0.00193777319509536
-0.001936623360961676
-0.001935474690981209
-0.001934327417984605
-0.00193318142555654
-0.001932036597281694
-0.001930893049575388
-0.001929750782437623
-0.001928609912283719
-0.001927470322698355
-0.001926332013681531
-0.001925194752402604
-0.001924058771692216
-0.001922923955135047
-0.001921790302731097
-0.001920657581649721
-0.001919525791890919
-0.001918394817039371
-0.001917264540679753
-0.00191613519564271
-0.001915006665512919
-0.001913878717459738
-0.001912751700729132
-0.001911625498905778
-0.001910500344820321
-0.00190937623847276
-0.001908253063447773
-0.001907131168991327
-0.001906010555103421
-0.001904891221784055
-0.001903773052617908
-0.0019026561640203
-0.001901540555991232
-0.001900425995700061
-0.001899312366731465
-0.001898199785500765
-0.001897088252007961
-0.001895977417007089
-0.001894867629744112
-0.001893758773803711
-0.001892650732770562
-0.001891543972305954
-0.001890438143163919
-0.001889333594590425
-0.00188823021017015
-0.001887127989903092
-0.001886026817373931
-0.001884926692582667
-0.001883827848359942
-0.001882730051875114
-0.001881633535958827
-0.001880537834949791
-0.001879442832432687
-0.001878348644822836
-0.001877255155704916
-0.001876162365078926
-0.001875070040114224
-0.001873978530056775
-0.0018728879513219
-0.001871798187494278
-0.001870709471404552
-0.001869621919468045
-0.001868535415269434
-0.001867450191639364
-0.001866366132162511
-0.001865283469669521
-0.001864201622083783
-0.001863120589405298
-0.001862040255218744
-0.001860960852354765
-0.001859881915152073
-0.001858803676441312
-0.001857725903391838
-0.001856648712418973
-0.001855572103522718
-0.001854496309533715
-0.001853421563282609
-0.001852347981184721
-0.001851275796070695
-0.001850204891525209
-0.00184913573320955
-0.001848068321123719
-0.00184700230602175
-0.001845937920734286
-0.001844874932430685
-0.001843813224695623
-0.00184275268111378
-0.001841693068854511
-0.001840634155087173
-0.001839576056227088
-0.001838518655858934
-0.001837461837567389
-0.001836405601352453
-0.001835350063629448
-0.001834295107983053
-0.001833240850828588
-0.001832187292166054
-0.001831134431995451
-0.001830082386732101
-0.001829031272791326
-0.001827981206588447
-0.001826932304538786
-0.001825884683057666
-0.001824838225729764
-0.001823793281801045
-0.001822749502025545
-0.001821707119233906
-0.001820665900595486
-0.001819625846110284
-0.001818586839362979
-0.001817548531107605
-0.001816511154174805
-0.001815474359318614
-0.001814438146539032
-0.00181340251583606
-0.001812367467209697
-0.001811333117075264
-0.001810299581848085
-0.001809266861528158
-0.001808235072530806
-0.00180720433127135
-0.001806174404919147
-0.001805145409889519
-0.001804117462597787
-0.001803090330213308
-0.001802064129151404
-0.001801038975827396
-0.001800014870241284
-0.001798991695977747
-0.001797969453036785
-0.001796947908587754
-0.001795927411876619
-0.001794907613657415
-0.001793888746760786
-0.001792870811186731
-0.001791854039765894
-0.001790838199667633
-0.001789823640137911
-0.001788810011930764
-0.001787797547876835
-0.001786785898730159
-0.001785775297321379
-0.001784765627235174
-0.001783756539225578
-0.001782748382538557
-0.001781740924343467
-0.001780734164640307
-0.001779727754183114
-0.001778721692971885
-0.001777716213837266
-0.001776711083948612
-0.001775706536136568
-0.001774702686816454
-0.001773699652403593
-0.001772697665728629
-0.001771696843206882
-0.001770697184838355
-0.001769698923453689
-0.001768702059052885
-0.001767706591635942
-0.00176671240478754
-0.001765719498507679
-0.001764727639965713
-0.001763736945576966
-0.001762747298926115
-0.001761758350767195
-0.00176077033393085
-0.00175978266634047
-0.0017587955808267
-0.001757808844558895
-0.001756822573952377
-0.001755836885422468
-0.00175485189538449
-0.001753867720253766
-0.001752884360030293
-0.001751901931129396
-0.001750920666381717
-0.00174994021654129
-0.001748960930854082
-0.001747982809320092
-0.001747005502693355
-0.001746029127389193
-0.001745053683407605
-0.001744079287163913
-0.001743105589412153
-0.001742132706567645
-0.00174116063863039
-0.00174018950201571
-0.001739218947477639
-0.001738249324262142
-0.00173728063236922
-0.001736312871798873
-0.001735345693305135
-0.001734379446133971
-0.001733413897454739
-0.001732449163682759
-0.00173148512840271
-0.001730521791614592
-0.001729559269733727
-0.001728597562760115
-0.001727636903524399
-0.001726677175611258
-0.001725718379020691
-0.001724760746583343
-0.001723804278299212
-0.001722848741337657
-0.001721894252113998
-0.001720940810628235
-0.001719988300465047
-0.00171903648879379
-0.001718085492029786
-0.001717135310173035
-0.001716185943223536
-0.001715237158350646
-0.00171428918838501
-0.001713341916911304
-0.001712395227514207
-0.001711449353024364
-0.001710504409857094
-0.001709560281597078
-0.001708617084659636
-0.001707674935460091
-0.001706733833998442
-0.001705793547444046
-0.001704854308627546
-0.001703915768302977
-0.001702977810055017
-0.001702040433883667
-0.001701103523373604
-0.001700167078524828
-0.001699231099337339
-0.001698295585811138
-0.001697360770776868
-0.001696426421403885
-0.001695492654107511
-0.001694559585303068
-0.001693627098575234
-0.001692695426754653
-0.001691764686256647
-0.001690834993496537
-0.00168990611564368
-0.001688978052698076
-0.001688050921075046
-0.001687124604359269
-0.001686198986135423
-0.001685273949988186
-0.001684349379502237
-0.00168342562392354
-0.001682502683252096
-0.001681580557487905
-0.001680659130215645
-0.001679738634265959
-0.001678818953223526
-0.001677900436334312
-0.001676983200013638
-0.00167606701143086
-0.0016751519870013
-0.00167423824314028
-0.001673325663432479
-0.001672414131462574
-0.001671503530815244
-0.001670593861490488
-0.001669684890657663
-0.001668776501901448
-0.00166786857880652
-0.001666961004957557
-0.001666053431108594
-0.001665146206505597
-0.001664239331148565
-0.001663332688622177
-0.001662426395341754
-0.001661520800553262
-0.00166061578784138
-0.00165971159003675
-0.001658808439970016
-0.00165790633764118
-0.001657005515880883
-0.00165610620751977
-0.00165520841255784
-0.001654312130995095
-0.001653417246416211
-0.001652523758821189
-0.00165163166821003
-0.001650740741752088
-0.001649850863032043
-0.001648961915634573
-0.001648073899559677
-0.001647186232730746
-0.001646298915147781
-0.00164541183039546
-0.001644524745643139
-0.001643637428060174
-0.001642750110477209
-0.001641862676478922
-0.001640975358895957
-0.001640088390558958
-0.001639201887883246
-0.001638315734453499
-0.001637430279515684
-0.001636545406654477
-0.001635661581531167
-0.001634778804145753
-0.001633897074498236
-0.001633016276173294
-0.001632136874832213
-0.001631258637644351
-0.001630381564609706
-0.001629505888558924
-0.001628631143830717
-0.001627757330425084
-0.001626884331926703
-0.001626012031920254
-0.001625140430405736
-0.001624269294552505
-0.001623398973606527
-0.001622529118321836
-0.001621659728698432
-0.001620790804736316
-0.001619922346435487
-0.001619054120965302
-0.001618186477571726
-0.001617319416254759
-0.001616453286260366
-0.001615587738342583
-0.001614723005332053
-0.001613858970813453
-0.001612995867617428
-0.001612133346498013
-0.001611271407455206
-0.00161041016690433
-0.001609549624845386
-0.001608689781278372
-0.001607830636203289
-0.001606972073204815
-0.001606114441528916
-0.001605257508344948
-0.001604401273652911
-0.001603545853868127
-0.001602691132575274
-0.001601837226189673
-0.001600983901880682
-0.001600131159648299
-0.001599279115907848
-0.001598427887074649
-0.001597577356733382
-0.001596727641299367
-0.001595878624357283
-0.001595030538737774
-0.001594183268025517
-0.001593336928635836
-0.001592491171322763
-0.001591646461747587
-0.00159080233424902
-0.001589959254488349
-0.001589116989634931
-0.001588275423273444
-0.001587434555403888
-0.001586594386026263
-0.001585754915140569
-0.001584916259162128
-0.001584078301675618
-0.001583240926265717
-0.001582404365763068
-0.001581568620167673
-0.001580733573064208
-0.001579899108037353
-0.00157906545791775
-0.001578232506290078
-0.001577400485984981
-0.001576569280587137
-0.001575739006511867
-0.00157490954734385
-0.001574080903083086
-0.001573252724483609
-0.001572425360791385
-0.001571598346345127
-0.001570771797560155
-0.001569945830851793
-0.001569119980558753
-0.001568294246681035
-0.00156746874563396
-0.00156664359383285
-0.00156581902410835
-0.001564994803629816
-0.001564171281643212
-0.001563348458148539
-0.001562526333145797
-0.001561704906634986
-0.00156088441144675
-0.001560064847581089
-0.001559246215038002
-0.001558428863063455
-0.001557612442411482
-0.001556796836666763
-0.001555982045829296
-0.001555167720653117
-0.001554354093968868
-0.001553541049361229
-0.001552728586830199
-0.0015519168227911
-0.001551105757243931
-0.00155029515735805
-0.001549485023133457
-0.001548675587400794
-0.00154786673374474
-0.001547058578580618
-0.001546251238323748
-0.001545444596558809
-0.001544638769701123
-0.001543833408504725
-0.001543029095046222
-0.001542225480079651
-0.001541422680020332
-0.001540620694868267
-0.00153981929179281
-0.001539018587209284
-0.001538218348287046
-0.001537418575026095
-0.001536619383841753
-0.001535820658318698
-0.001535022049210966
-0.001534223672933877
-0.001533425296656787
-0.001532627269625664
-0.001531829359009862
-0.001531031564809382
-0.001530234003439546
-0.001529436791315675
-0.001528640161268413
-0.001527844229713082
-0.001527049229480326
-0.001526255276985466
-0.001525462605059147
-0.001524671097286046
-0.001523880870081484
-0.001523091807030141
-0.001522304024547338
-0.001521517289802432
-0.001520731369964778
-0.001519946148619056
-0.001519161509349942
-0.001518377335742116
-0.001517593627795577
-0.001516810385510325
-0.001516027376055717
-0.001515244715847075
-0.001514462637715042
-0.001513680908828974
-0.001512899762019515
-0.001512119313701987
-0.001511339447461069
-0.001510560745373368
-0.001509782858192921
-0.00150900601875037
-0.001508230343461037
-0.0015074557159096
-0.001506682019680738
-0.001505909138359129
-0.001505136955529451
-0.001504365471191704
-0.001503594452515244
-0.001502823899500072
-0.001502053928561509
-0.001501284306868911
-0.0015005151508376
-0.001499746111221611
-0.00149897753726691
-0.001498208963312209
-0.001497440855018795
-0.001496673095971346
-0.001495905569754541
-0.00149513827636838
-0.001494371681474149
-0.001493605435825884
-0.00149283988866955
-0.001492075040005147
-0.001491310889832675
-0.001490547438152134
-0.001489784917794168
-0.001489023328758776
-0.001488262438215315
-0.001487502362579107
-0.001486742869019508
-0.001485983841121197
-0.001485225395299494
-0.001484467415139079
-0.001483710017055273
-0.001482952968217432
-0.001482196385040879
-0.00148144003469497
-0.001480684150010347
-0.001479928614571691
-0.001479173777624965
-0.001478419522754848
-0.001477665733546019
-0.00147691264282912
-0.001476160599850118
-0.001475409255363047
-0.001474658842198551
-0.001473909476771951
-0.001473160926252604
-0.001472413190640509
-0.001471666269935668
-0.001470920047722757
-0.001470174524001777
-0.001469429582357407
-0.001468685106374323
-0.001467941096052527
-0.001467197667807341
-0.001466454938054085
-0.001465712673962116
-0.001464971108362079
-0.00146423012483865
-0.001463489606976509
-0.001462749554775655
-0.001462010084651411
