0
0
0
0
0
0
0
0
0
0
0
0
0
0
0
0
0
0
0
0
0
0
0
0
0
0
0
0
0
0
0
0
0
0
0
0
0
0
0
0
0
0
0
0
0
0
0
0
0
0
0
0
0
0
0
0
0
0
0
0
0
0
0
0
0
0
0
0
0
0
0
0
0
0
0
0
0
0
0
0
0
0
0
0
0
0
0
0
0
0
0
0
0
0
0
0
0
0
0
0
0
0
0
0
0
0
0
0
0
0
0
0
0
0
0
0
0
0
0
0
0
0
0
0
0
0
0
0
0
0
0
0
0
0
0
0
0
0
0
0
0
0
0
0
0
0
0
0
0
0
0
0
0
0
0
0
0
0
0
0
0
0
0
0
0
0
0
0
0
0
0
0
0
0
0
0
0
0
0
0
0
0
0
0
0
0
0
0
0
0
0
0
0
0
0
0
0
0
0
0
0
0
0
0
0
0
0
0
0
0
0
0
0
0
0
0
0
0
0
0
0
0
0
0
0
0
0
0
0
0
0
0
0
0
0
0
0
0
0
0
0
0
0
0
0
0
0
0
0
0
0
0
0
0
0
0
0
0
0
0
0
0
0
0
0
0
0
0
0
0
0
0
0
0
0
0
0
0
0
0
0
0
0
0
0
0
0
0
0
0
0
0
0
0
0
0
0
0
0
0
0
0
0
0
0
0
0
0
0
0
0
0
0
0
0
0
0
0
0
0
0
0
0
0
0
0
0
0
0
0
0
0
0
0
0
0
0
0
0
0
0
0
0
0
0
0
0
0
0
0
0
0
0
0
0
0
0
0
0
0
0
0
0
0
0
0
0
0
0
0
0
0
0
0
0
0
0
0
0
0
0
0
0
0
0
0
0
0
0
0
0
0
0
0
0
0
0
0
0
0
0
0
0
0
0
0
0
0
0
0
0
0
0
0
0
0
0
0
0
0
0
0
0
0
0
0
0
0
0
0
0
0
0
0
0
0
0
0
0
0
0
0
0
0
0
0
0
0
0
0
0
0
0
0
0
0
0
0
0
0
0
0
0
0
0
0
0
0
0
0
0
0
0
0
0
0
0
0
0
0
0
0
0
0
0
0
0
0
0
0
0
0
0
0
0
0
0
0
0
0
0
0
0
0
0
0
0
0
0
0
0
0
0
0
0
0
0
0
0
0
0
0
0
0
0
0
0
0
0
0
0
0
0
0
0
0
0
0
0
0
0
0
0
0
0
0
0
0
0
0
0
0
0
0
0
0
0
0
0
0
0
0
0
0
0
0
0
0
0
0
0
0
0
0
0
0
0
0
0
0
0
0
0
0
0
0
0
0
0
0
0
0
0
0
0
0
0
0
0
0
0
0
0
0
0
0
0
0
0
0
0
0
0
0
0
0
0
0
0
0
0
0
0
0
0
0
0
0
0
0
0
0
0
0
0
0
0
0
0
0
0
0
0
0
0
0
0
0
0
0
0
0
0
0
0
0
0
0
0
0
0
0
0
0
0
0
0
0
0
0
0
0
0
0
0
0
0
0
0
0
0
0
0
0
0
0
0
0
0
0
0
0
0
0
0
0
0
0
0
0
0
0
0
0
0
0
0
0
0
0
0
0
0
0
0
0
0
0
0
0
0
0
0
0
0
0
0
0
0
0
0
0
0
0
0
0
0
0
0
0
0
0
0
0
0
0
0
0
0
0
0
0
0
0
0
0
0
0
0
0
0
0
0
0
0
0
0
0
0
0
0
0
0
0
0
0
0
0
0
0
0
0
0
0
0
0
0
0
0
0
0
0
0
0
0
0
0
0
0
0
0
0
0
0
0
0
0
0
0
0
0
0
0
0
0
0
0
0
0
0
0
0
0
0
0
0
0
0
0
0
0
0
0
0
0
0
0
0
0
0
0
0
0
0
0
0
0
0
0
0
0
0
0
0
0
0
0
0
0
0
0
0
0
0
0
0
0
0
0
0
0
0
0
0
0
0
0
0
0
0
0
0
0
0
0
0
0
0
0
0
0
0
0
0
0
0
0
0
0
0
0
0
0
0
0
0
0
0
0
0
0
0
0
0
0
0
0
0
0
0
0
0
0
0
0
0
0
0
0
0
0
0
0
0
0
0
0
0
0
0
0
0
0
0
0
0
0
0
0
0
0
0
0
0
0
0
0
0
0
0
0
0
0
0
0
0
0
0
0
0
0
0
0
0
0
0
0
0
0
0
0
0
0
0
0
0
0
0
0
0
0
0
0
0
0
0
0
0
0
0
0
0
0
0
0
0
0
0
0
0
0
0
0
0
0
0
0
0
0
0
0
0
0
0
0
0
0
0
0
0
0
0
0
0
0
0
0
0
0
0
0
0
0
0
0
0
0
0
0
0
0
0
0
0
0
0
0
0
0
0
0
0
0
0
0
0
0
0
0
0
0
0
0
0
0
0
0
0
0
0
0
0
0
0
0
0
0
0
0
0
0
0
0
0
0
0
0
0
0
0
0
0
0
0
0
0
0
0
0
0
0
0
0
0
0
0
0
0
0
0
0
0
0
0
0
0
0
0
0
0
0
0
0
0
0
0
0
0
0
0
0
0
0
0
0
0
0
0
0
0
0
0
0
0
0
0
0
0
0
0
0
0
0
0
0
0
0
0
0
0
0
0
0
0
0
0
0
0
0
0
0
0
0
0
0
0
0
0
0
0
0
0
0
0
0
0
0
0
0
0
0
0
0
0
0
0
0
0
0
0
0
0
0
0
0
0
0
0
0
0
0
0
0
0
0
0
0
0
0
0
0
0
0
0
0
0
0
0
0
0
0
0
0
0
0
0
0
0
0
0
0
0
0
0
0
0
0
0
0
0
0
0
0
0
0
0
0
0
0
0
0
0
0
0
0
0
0
0
0
0
0
0
0
0
0
0
0
0
0
0
0
0
0
0
0
0
0
0
0
0
0
0
0
0
0
0
0
0
0
0
0
0
0
0
0
0
0
0
0
0
0
0
0
0
0
0
0
0
0
0
0
0
0
0
0
0
0
0
0
0
0
0
0
0
0
0
0
0
0
0
0
0
0
0
0
0
0
0
0
0
0
0
0
0
0
0
0
0
0
0
0
0
0
0
0
0
0
0
0
0
0
0
0
0
0
0
0
0
0
0
0
0
0
0
0
0
0
0
0
0
0
0
0
0
0
0
0
0
0
0
0
0
0
0
0
0
0
0
0
0
0
0
0
0
0
0
0
0
0
0
0
0
0
0
0
0
0
0
0
0
0
0
0
0
0
0
0
0
0
0
0
0
0
0
0
0
0
0
0
0
0
0
0
0
0
0
0
0
0
0
0
0
0
0
0
0
0
0
0
0
0
0
0
0
0
0
0
0
0
0
0
0
0
0
0
0
0
0
0
0
0
0
0
0
0
0
0
0
0
0
0
0
0
0
0
0
0
0
0
0
0
0
0
0
0
0
0
0
0
0
0
0
0
0
0
0
0
0
0
0
0
0
0
0
0
0
0
0
0
0
0
0
0
0
0
0
0
0
0
0
0
0
0
0
0
0
0
0
0
0
0
0
0
0
0
0
0
0
0
0
0
0
0
0
0
0
0
0
0
0
0
0
0
0
0
0
0
0
0
0
0
0
0
0
0
0
0
0
0
0
0
0
0
0
0
0
0
0
0
0
0
0
0
0
0
0
0
0
0
0
0
0
0
0
0
0
0
0
0
0
0
0
0
0
1.401298464324817e-44
6.305843089461677e-44
1.429324433611313e-43
3.040817667584853e-43
6.165713243029195e-43
1.261168617892335e-42
2.592402159000912e-42
5.308118582862407e-42
1.081802414458759e-41
2.199758329297098e-41
4.461734310410218e-41
9.027164707180472e-41
1.821295640052251e-40
3.664213315409034e-40
7.350469055661898e-40
1.470294196812778e-39
2.932558953424975e-39
5.832377969529465e-39
1.156651650891897e-38
2.287283711638519e-38
4.510246422466064e-38
8.868402075327556e-38
1.73883180381591e-37
3.399687513805387e-37
6.628143978333928e-37
1.288601333460975e-36
2.498164411280334e-36
4.829491707169335e-36
9.310261794017551e-36
1.789799634257509e-35
3.431082330156463e-35
6.559097765470088e-35
1.250389412181495e-34
2.377040824783414e-34
4.506300297382953e-34
8.519178575813596e-34
1.606095196601769e-33
3.019553685068643e-33
5.661271159688356e-33
1.058489830840062e-32
1.973616811464219e-32
3.669814605145677e-32
6.805065513541637e-32
1.258430531898508e-31
2.320794013353873e-31
4.268310735999609e-31
7.828690813764524e-31
1.431982422154759e-30
2.612181289448134e-30
4.752121171108787e-30
8.621680431303816e-30
1.559976622953649e-29
2.814929877993216e-29
5.06572719003246e-29
9.09164239567782e-29
1.627310895391349e-28
2.904878209189323e-28
5.171492160711537e-28
9.181967306363366e-28
1.625881807224365e-27
2.871288642808249e-27
5.057089899788493e-27
8.883042178951068e-27
1.556185291431908e-26
2.718946236056258e-26
4.737845287016536e-26
8.233857108868005e-26
1.427148231676996e-25
2.46705771048974e-25
4.253389103455835e-25
7.313707439045741e-25
1.25426073613166e-24
2.145294018328379e-24
3.659616458324374e-24
6.226374206409052e-24
1.056541526315584e-23
1.788095236646363e-23
3.018202649303489e-23
5.081133238796507e-23
8.531554671336761e-23
1.428736025269045e-22
2.38634286092348e-22
3.975314711398169e-22
6.604938741394954e-22
1.094524235424333e-21
1.809014515188278e-21
2.982080216204214e-21
4.9029559650593e-21
8.040048535586245e-21
1.314988406821155e-20
2.145104218079039e-20
3.490105387086517e-20
5.663604841513426e-20
9.166678546523699e-20
1.479777002008496e-19
2.38257277929441e-19
3.826150548239996e-19
6.128361438555173e-19
9.790240896478556e-19
1.559945589218334e-18
2.479093383045926e-18
3.929559550241335e-18
6.212447759941215e-18
9.796017925876626e-18
1.540652180456963e-17
2.416728927943103e-17
3.781113717512569e-17
5.900379894503233e-17
9.183509376562953e-17
1.425627124540524e-16
2.207352772770334e-16
3.408834862434873e-16
5.250595244978245e-16
8.066392165491636e-16
1.235999052842066e-15
1.888968810946526e-15
2.879380295731982e-15
4.377645842395042e-15
6.638183655104796e-15
1.003978919721397e-14
1.514489488679827e-14
2.278629928243337e-14
3.419375107496445e-14
5.117816096584203e-14
7.63988820665952e-14
1.137504532840866e-13
1.68920555169462e-13
2.50192580411937e-13
3.695968498699381e-13
5.445568041634319e-13
8.002366672955896e-13
1.172879068173094e-12
1.71453628204643e-12
2.499757128723856e-12
3.635010695224317e-12
5.271926992178599e-12
7.625840930947092e-12
1.100169781664828e-11
1.583011846606475e-11
2.271746159243637e-11
3.251512600832562e-11
4.641515644054905e-11
6.608174424327373e-11
9.383158833253802e-11
1.328804566380626e-10
1.876791638766306e-10
2.643701091376016e-10
3.714055452075371e-10
5.203821817900689e-10
7.271646063067294e-10
1.013392147974912e-09
1.408493544019507e-09
1.952373152036557e-09
2.698978596171742e-09
3.721025043645909e-09
5.116231438506702e-09
7.015521497066857e-09
9.593779104477562e-09
1.308389130372234e-08
1.779505431898087e-08
2.413650257437894e-08
3.264821302195742e-08
4.404046904937786e-08
5.924464119289041e-08
7.947820535036954e-08
1.063275973933742e-07
1.418534338881727e-07
1.887237601749803e-07
2.50381901878427e-07
3.312575245217886e-07
4.370303372525086e-07
5.749592446591123e-07
7.542903972534987e-07
9.867620747172623e-07
1.287226268686936e-06
1.674411123531172e-06
2.171851292587235e-06
2.809019179039751e-06
3.622694976002094e-06
4.658615580410697e-06
5.973455699859187e-06
7.637187991349492e-06
9.735892490425613e-06
1.23750660350197e-05
1.568352854519617e-05
1.981798413908109e-05
2.496832530596294e-05
3.13637574436143e-05
3.927985744667239e-05
4.90466300107073e-05
6.105764623498544e-05
7.578034274047241e-05
9.376752132084221e-05
0.0001156701473519206
0.0001422514033038169
0.0001744020555634052
0.0002131569344783202
0.0002597126294858754
0.0003154459991492331
0.0003819335834123194
0.000460971292341128
0.0005545939784497023
0.0006650948198512197
0.0007950433064252138
0.0009473013342358172
0.001125037204474211
0.001331735402345657
0.001571201952174306
0.001847564475610852
0.002165264682844281
0.002529041841626167
0.00294391019269824
0.00341512099839747
0.003948115278035402
0.004548463970422745
0.005221794359385967
0.005973699036985636
0.006809636019170284
0.007734808139503002
0.008754036389291286
0.00987161323428154
0.01109115313738585
0.01241542957723141
0.01384621020406485
0.01538409665226936
0.01702836528420448
0.01877680979669094
0.02062562294304371
0.02256927452981472
0.02460044249892235
0.02670996822416782
0.02888685092329979
0.03111830353736877
0.0333898514509201
0.03568549454212189
0.03798793256282806
0.0402788370847702
0.04253917559981346
0.04474962130188942
0.0468909852206707
0.04894466698169708
0.05089316144585609
0.05272054299712181
0.05441299080848694
0.05595922097563744
0.05735091492533684
0.0585830844938755
0.05965432152152061
0.0605669841170311
0.0613272450864315
0.06194502487778664
0.06243379786610603
0.0628102570772171
0.06309381872415543
0.06330609321594238
0.06347019225358963
0.06360994279384613
0.06374908983707428
0.06391046196222305
0.06411513686180115
0.06438168883323669
0.06472546607255936
0.06515800952911377
0.06568668037652969
0.06631432473659515
0.06703925877809525
0.0678553581237793
0.06875241547822952
0.06971664726734161
0.07073133438825607
0.07177770882844925
0.07283583283424377
0.07388558238744736
0.07490760833024979
0.07588432729244232
0.07680068910121918
0.07764497399330139
0.07840927690267563
0.07908981293439865
0.07968705147504807
0.0802055224776268
0.08065351098775864
0.08104248344898224
0.08138631284236908
0.08170044422149658
0.0820009633898735
0.08230362087488174
0.0826229602098465
0.08297146111726761
0.08335889130830765
0.08379179984331131
0.08427329361438751
0.08480294048786163
0.08537700772285461
0.08598880469799042
0.08662928640842438
0.08728776127099991
0.08795268088579178
0.08861244469881058
0.08925622701644897
0.08987468481063843
0.09046050161123276
0.09100884944200516
0.09151756018400192
0.09198717772960663
0.09242075681686401
0.09282349050045013
0.09320225566625595
0.09356497973203659
0.09391997009515762
0.09427529573440552
0.09463817626237869
0.09501449018716812
0.09540840238332748
0.09582212567329407
0.09625589102506638
0.09670806676149368
0.09717540442943573
0.09765340387821198
0.09813679754734039
0.09862002730369568
0.09909771382808685
0.09956513345241547
0.1000185310840607
0.1004554182291031
0.1008746773004532
0.1012765988707542
0.1016626879572868
0.1020355075597763
0.1023983508348465
0.1027548834681511
0.1031088083982468
0.1034635379910469
0.1038218811154366
0.1041858568787575
0.1045565381646156
0.1049341037869453
0.1053178235888481
0.1057062223553658
0.1060973107814789
0.1064887866377831
0.1068783104419708
0.1072637066245079
0.1076432168483734
0.1080155745148659
0.1083801463246346
0.1087369099259377
0.1090864166617393
0.1094297096133232
0.1097680926322937
0.110103115439415
0.1104362532496452
0.1107688620686531
0.111102007329464
0.1114363968372345
0.1117723435163498
0.1121097430586815
0.1124481782317162
0.1127869337797165
0.1131251603364944
0.1134619489312172
0.1137964278459549
0.114127904176712
0.1144558563828468
0.1147800385951996
0.1151004359126091
0.1154172942042351
0.1157310083508492
0.1160420998930931
0.1163511723279953
0.1166587844491005
0.1169654205441475
0.1172714382410049
0.1175770312547684
0.1178822666406631
0.1181870400905609
0.118491142988205
0.1187942996621132
0.1190961897373199
0.119396485388279
0.1196949109435081
0.1199912950396538
0.1202855035662651
0.1205775663256645
0.1208675503730774
0.121155634522438
0.1214419901371002
0.1217268332839012
0.1220103800296783
0.1222927868366241
0.1225741878151894
0.1228546425700188
0.123134158551693
0.123412698507309
0.1236901804804802
0.1239665001630783
0.1242415755987167
0.1245152950286865
0.1247875764966011
0.1250583976507187
0.1253277659416199
0.1255956441164017
0.1258621215820312
0.1261272430419922
0.1263910979032516
0.1266537755727768
0.1269153654575348
0.127175897359848
0.1274353712797165
0.1276938319206238
0.1279512345790863
0.1282075941562653
0.1284628659486771
0.1287170052528381
0.1289700269699097
0.1292218565940857
0.1294725388288498
0.129722073674202
0.1299704611301422
0.1302177309989929
0.1304639130830765
0.1307090073823929
0.1309530586004257
0.1311961263418198
0.131438210606575
0.1316793113946915
0.1319194436073303
0.1321585923433304
0.1323967576026917
0.1326339393854141
0.1328701376914978
0.1331053227186203
0.1333395093679428
0.1335727125406265
0.1338049322366714
0.1340361982584
0.1342665106058121
0.134495884180069
0.1347243338823318
0.1349518895149231
0.1351785212755203
0.1354042738676071
0.1356291174888611
0.1358530670404434
0.1360761225223541
0.1362983137369156
0.136519581079483
0.1367399990558624
0.1369595378637314
0.1371781975030899
0.1373959928750992
0.1376129239797592
0.1378289610147476
0.1380441337823868
0.1382584273815155
0.138471856713295
0.138684406876564
0.1388960778713226
0.1391068398952484
0.1393166780471802
0.1395255625247955
0.1397334784269333
0.1399403661489487
0.1401461660861969
0.1403508484363556
0.1405543386936188
0.1407565325498581
0.1409573405981064
0.1411565840244293
0.141354113817215
0.1415497362613678
0.1417432129383087
0.141934260725975
0.1421225368976593
0.1423076540231705
0.1424891501665115
0.1426664739847183
0.1428390294313431
0.1430060416460037
0.1431666910648346
0.1433199942111969
0.1434648633003235
0.1436000168323517
0.1437240242958069
0.1438352763652802
0.1439319103956223
0.1440119445323944
0.1440731436014175
0.1441130042076111
0.1441287845373154
0.1441174745559692
0.1440759003162384
0.1440005153417587
0.1438876092433929
0.1437332481145859
0.1435332745313644
0.1432833075523376
0.1429788768291473
0.1426153481006622
0.1421881169080734
0.1416925340890884
0.1411240994930267
0.1404784321784973
0.1397514641284943
0.1389394849538803
0.13803930580616
0.1370482295751572
0.1359643340110779
0.1347864866256714
0.1335145086050034
0.1321492195129395
0.1306926310062408
0.1291479021310806
0.1275194883346558
0.1258131414651871
0.1240359544754028
0.1221962869167328
0.1203037425875664
0.1183690875768661
0.1164040938019753
0.1144213452935219
0.1124340668320656
0.1104558706283569
0.1085004359483719
0.1065812036395073
0.1047110557556152
0.1029019057750702
0.1011643782258034
0.09950744360685349
0.09793805330991745
0.09646087884902954
0.0950779914855957
0.09378863126039505
0.0925891101360321
0.09147268533706665
0.09042959660291672
0.08944723755121231
0.08851025253534317
0.08760099112987518
0.08669977635145187
0.08578550070524216
0.08483614772558212
0.08382945507764816
0.08274359256029129
0.08155788481235504
0.0802534818649292
0.0788140743970871
0.07722648978233337
0.07548123598098755
0.07357295602560043
0.07150071114301682
0.06926818937063217
0.06688367575407028
0.06435994058847427
0.06171389296650887
0.05896618589758873
0.05614056065678596
0.05326315760612488
0.05036173760890961
0.04746479541063309
0.04460067674517632
0.04179672524333
0.03907844796776772
0.03646876290440559
0.0339873768389225
0.03165028616786003
0.02946941554546356
0.02745247073471546
0.02560290135443211
0.02392007783055305
0.02239957079291344
0.02103359252214432
0.01981151849031448
0.0187204834073782
0.01774601824581623
0.01687267422676086
0.01608463749289513
0.01536626275628805
0.01470252964645624
0.01407940406352282
0.01348407007753849
0.01290507148951292
0.01233233697712421
0.01175711397081614
0.0111718475818634
0.01057000271975994
0.009945869445800781
0.009294388815760612
0.008610999211668968
0.00789154414087534
0.007132254540920258
0.006329784635454416
0.005481346044689417
0.004584879148751497
0.003639283357188106
0.002644664375111461
0.001602574135176837
0.0005162142333574593
-0.0006094226846471429
-0.001767503330484033
-0.002949412679299712
-0.004144934937357903
-0.005342551972717047
-0.006529864855110645
-0.007694109808653593
-0.008822743780910969
-0.009904068894684315
-0.01092785410583019
-0.01188591867685318
-0.01277261879295111
-0.0135852275416255
-0.01432415284216404
-0.01499298494309187
-0.01559836883097887
-0.01614968106150627
-0.01665856130421162
-0.0171382874250412
-0.0176030658185482
-0.0180672537535429
-0.01854456774890423
-0.01904734596610069
-0.01958588883280754
-0.02016793191432953
-0.02079826220870018
-0.02147854864597321
-0.02220733277499676
-0.02298022247850895
-0.02379025891423225
-0.02462842501699924
-0.02548425272107124
-0.02634650841355324
-0.0272038858383894
-0.02804568409919739
-0.02886241674423218
-0.02964631468057632
-0.03039170429110527
-0.03109521977603436
-0.03175588697195053
-0.0323750413954258
-0.03295610472559929
-0.03350426629185677
-0.03402605280280113
-0.03452885523438454
-0.03502042591571808
-0.03550838679075241
-0.03599978983402252
-0.0365007258951664
-0.03701602667570114
-0.03754907846450806
-0.03810171037912369
-0.03867419809103012
-0.03926537185907364
-0.03987277299165726
-0.04049293696880341
-0.04112163186073303
-0.04175420850515366
-0.04238588735461235
-0.04301207140088081
-0.04362862184643745
-0.04423206672072411
-0.04481977969408035
-0.04539007321000099
-0.04594226181507111
-0.04647663235664368
-0.04699435457587242
-0.04749738425016403
-0.04798827320337296
-0.04846998304128647
-0.04894567653536797
-0.04941850155591965
-0.0498913936316967
-0.05036689341068268
-0.05084703117609024
-0.05133320018649101
-0.05182608962059021
-0.05232568830251694
-0.05283132195472717
-0.05334175005555153
-0.05385525524616241
-0.05436982214450836
-0.05488328263163567
-0.05539346486330032
-0.05589838325977325
-0.05639636144042015
-0.05688614398241043
-0.05736695230007172
-0.0578385554254055
-0.05830123648047447
-0.05875573307275772
-0.05920318141579628
-0.05964500084519386
-0.06008274853229523
-0.06051802635192871
-0.060952328145504
-0.06138693168759346
-0.06182282418012619
-0.06226062029600143
-0.062700554728508
-0.06314247846603394
-0.06358591467142105
-0.06403010338544846
-0.06447409838438034
-0.06491683423519135
-0.06535725295543671
-0.06579437851905823
-0.06622742116451263
-0.06665581464767456
-0.06707922369241714
-0.0674976259469986
-0.06791121512651443
-0.06832043081521988
-0.06872587651014328
-0.06912824511528015
-0.06952829658985138
-0.06992672383785248
-0.0703241378068924
-0.07072103768587112
-0.07111772894859314
-0.07151436060667038
-0.07191087305545807
-0.07230710238218307
-0.07270272076129913
-0.07309731841087341
-0.0734904557466507
-0.07388167828321457
-0.0742705911397934
-0.0746568962931633
-0.07504037022590637
-0.07542091608047485
-0.07579857110977173
-0.07617343962192535
-0.07654573768377304
-0.07691573351621628
-0.07728373259305954
-0.07765002548694611
-0.07801488786935806
-0.07837855070829391
-0.07874117791652679
-0.07910285890102386
-0.07946357876062393
-0.07982328534126282
-0.08018184453248978
-0.08053912222385406
-0.08089490979909897
-0.08124902844429016
-0.08160129934549332
-0.0819515734910965
-0.08229970932006836
-0.08264562487602234
-0.08298928290605545
-0.08333063870668411
-0.08366970717906952
-0.08400648832321167
-0.08434098213911057
-0.08467316627502441
-0.08500296622514725
-0.08533027768135071
-0.08565491437911987
-0.08597663044929504
-0.08629509061574936
-0.08660987019538879
-0.08692046999931335
-0.08722631633281708
-0.08752673119306564
-0.08782096207141876
-0.08810816705226898
-0.08838741481304169
-0.08865763992071152
-0.08891769498586655
-0.08916629105806351
-0.0894019827246666
-0.08962320536375046
-0.08982819318771362
-0.09001500904560089
-0.09018149226903915
-0.09032528102397919
-0.09044381231069565
-0.09053430706262589
-0.09059373289346695
-0.09061887860298157
-0.09060633182525635
-0.09055250138044357
-0.09045364707708359
-0.09030589461326599
-0.0901053249835968
-0.08984796702861786
-0.0895298570394516
-0.08914715051651001
-0.08869609236717224
-0.08817320317029953
-0.0875752791762352
-0.0868995189666748
-0.08614356070756912
-0.08530566096305847
-0.0843847319483757
-0.08338046073913574
-0.08229338377714157
-0.08112501353025436
-0.07987787574529648
-0.07855561375617981
-0.07716301828622818
-0.07570606470108032
-0.07419195026159286
-0.07262905687093735
-0.07102691382169724
-0.06939614564180374
-0.06774832308292389
-0.06609587371349335
-0.06445185840129852
-0.06282981485128403
-0.06124349310994148
-0.05970661342144012
-0.05823256820440292
-0.0568341389298439
-0.05552319064736366
-0.05431035161018372
-0.05320474877953529
-0.05221371725201607
-0.05134255066514015
-0.05059431120753288
-0.04996965453028679
-0.04946675524115562
-0.04908123984932899
-0.04880625754594803
-0.04863256216049194
-0.04854870960116386
-0.04854131862521172
-0.04859538748860359
-0.04869470745325089
-0.04882228747010231
-0.0489608496427536
-0.0490933284163475
-0.04920340701937675
-0.04927602037787437
-0.04929782077670097
-0.04925763234496117
-0.04914680495858192
-0.04895950108766556
-0.04869287833571434
-0.04834716767072678
-0.04792565852403641
-0.04743453860282898
-0.04688263684511185
-0.04628103598952293
-0.04564263671636581
-0.04498161375522614
-0.04431281983852386
-0.04365117847919464
-0.04301103577017784
-0.04240558668971062
-0.04184629395604134
-0.04134244471788406
-0.04090077430009842
-0.04052519798278809
-0.04021670296788216
-0.03997336700558662
-0.03979049623012543
-0.03966091573238373
-0.03957538306713104
-0.03952306881546974
-0.03949214518070221
-0.03947038203477859
-0.03944578021764755
-0.03940716758370399
-0.03934475034475327
-0.03925056755542755
-0.03911885246634483
-0.03894627466797829
-0.03873200342059135
-0.03847768530249596
-0.03818725049495697
-0.03786661848425865
-0.03752325475215912
-0.03716571256518364
-0.03680307418107986
-0.03644440323114395
-0.03609820827841759
-0.03577195480465889
-0.03547167405486107
-0.03520161285996437
-0.03496410697698593
-0.03475947678089142
-0.03458612039685249
-0.03444069623947144
-0.03431842103600502
-0.03421341255307198
-0.03411916643381119
-0.03402898833155632
-0.03393644839525223
-0.03383578732609749
-0.03372228145599365
-0.03359248861670494
-0.03344441577792168
-0.03327758237719536
-0.03309296816587448
-0.032892856746912
-0.03268059343099594
-0.03246030211448669
-0.03223653137683868
-0.03201388940215111
-0.03179672360420227
-0.03158879652619362
-0.03139305487275124
-0.03121144138276577
-0.03104482777416706
-0.0308929942548275
-0.03075472638010979
-0.03062796778976917
-0.03051003068685532
-0.03039784543216228
-0.03028822131454945
-0.03017810918390751
-0.03006483241915703
-0.02994627505540848
-0.02982100658118725
-0.02968835644423962
-0.02954841405153275
-0.02940195798873901
-0.02925035543739796
-0.02909539453685284
-0.02893910743296146
-0.02878357097506523
-0.02863074466586113
-0.02848228625953197
-0.02833945117890835
-0.02820299565792084
-0.02807316370308399
-0.02794968336820602
-0.02783184871077538
-0.02771860547363758
-0.02760866656899452
-0.02750065736472607
-0.02739323303103447
-0.02728520333766937
-0.02717562578618526
-0.02706387080252171
-0.02694965340197086
-0.02683303318917751
-0.0267143752425909
-0.02659428678452969
-0.02647354640066624
-0.02635300904512405
-0.02623351849615574
-0.02611582726240158
-0.02600053697824478
-0.02588803507387638
-0.02577849105000496
-0.02567184716463089
-0.02556785196065903
-0.02546609379351139
-0.02536606229841709
-0.02526719868183136
-0.02516896463930607
-0.02507088519632816
-0.02497259527444839
-0.02487386576831341
-0.02477460727095604
-0.02467487566173077
-0.02457483857870102
-0.02447476238012314
-0.02437496185302734
-0.0242757685482502
-0.02417748607695103
-0.02408037520945072
-0.02398461289703846
-0.02389028668403625
-0.02379739284515381
-0.02370584756135941
-0.02361550740897655
-0.02352617308497429
-0.02343763411045074
-0.02334968000650406
-0.02326213195919991
-0.02317485213279724
-0.0230877548456192
-0.0230008140206337
-0.02291405387222767
-0.02282754331827164
-0.02274137921631336
-0.02265568263828754
-0.02257057093083858
-0.02248614840209484
-0.02240249142050743
-0.02231964655220509
-0.02223761938512325
-0.02215639315545559
-0.02207592129707336
-0.02199613302946091
-0.02191695012152195
-0.02183829806745052
-0.02176010422408581
-0.02168231084942818
-0.0216048825532198
-0.02152780629694462
-0.02145108208060265
-0.02137473598122597
-0.02129880338907242
-0.02122331783175468
-0.02114831656217575
-0.0210738368332386
-0.02099990099668503
-0.02092651650309563
-0.0208536870777607
-0.02078139781951904
-0.02070962823927402
-0.02063835225999355
-0.02056754007935524
-0.0204971618950367
-0.02042719535529613
-0.02035762183368206
-0.02028842642903328
-0.02021960541605949
-0.020151162520051
-0.0200831014662981
-0.02001543715596199
-0.01994817890226841
-0.01988133601844311
-0.01981491595506668
-0.01974892616271973
-0.0196833610534668
-0.01961821503937244
-0.01955348253250122
-0.01948915049433708
-0.01942520774900913
-0.01936164312064648
-0.01929844357073307
-0.01923560164868832
-0.01917311176657677
-0.01911096833646297
-0.01904917322099209
-0.01898772642016411
-0.01892662979662418
-0.01886588148772717
-0.01880548894405365
-0.01874544657766819
-0.01868575811386108
-0.01862641982734203
-0.01856743171811104
-0.01850878447294235
-0.01845047250390053
-0.01839249022305012
-0.01833483576774597
-0.0182774979621172
-0.01822047680616379
-0.0181637667119503
-0.01810736767947674
-0.01805127784609795
-0.01799549721181393
-0.01794002018868923
-0.01788485050201416
-0.01782998815178871
-0.01777542941272259
-0.01772117428481579
-0.01766721904277802
-0.01761356182396412
-0.0175601989030838
-0.01750712282955647
-0.01745432801544666
-0.01740181818604469
-0.01734958775341511
-0.01729763858020306
-0.01724596321582794
-0.01719455979764462
-0.01714342832565308
-0.01709256507456303
-0.01704197190701962
-0.01699164323508739
-0.01694158092141151
-0.01689178310334682
-0.01684224605560303
-0.01679296791553497
-0.01674394682049751
-0.01669517904520035
-0.01664666272699833
-0.01659839600324631
-0.01655037514865398
-0.01650260016322136
-0.01645507104694843
-0.01640778593719006
-0.01636073924601078
-0.0163139346987009
-0.01626736856997013
-0.01622103527188301
-0.01617493666708469
-0.01612907089293003
-0.01608343422412872
-0.01603803038597107
-0.01599285379052162
-0.01594790257513523
-0.0159031767398119
-0.01585867255926132
-0.01581438444554806
-0.0157703161239624
-0.01572646014392376
-0.01568282209336758
-0.01563939824700356
-0.01559618767350912
-0.01555318851023912
-0.01551039703190327
-0.01546781230717897
-0.0154254324734211
-0.01538325846195221
-0.01534128934144974
-0.01529952138662338
-0.01525795552879572
-0.01521658804267645
-0.01517541892826557
-0.01513444632291794
-0.0150936683639884
-0.01505308505147696
-0.01501269452273846
-0.01497249491512775
-0.01493248529732227
-0.01489266380667686
-0.01485303044319153
-0.01481358334422112
-0.01477432157844305
-0.01473524328321218
-0.01469634659588337
-0.01465763058513403
-0.01461909245699644
-0.0145807322114706
-0.01454254705458879
-0.01450453698635101
-0.01446670200675726
-0.01442904025316238
-0.01439154893159866
-0.01435422897338867
-0.01431708037853241
-0.01428010128438473
-0.01424328982830048
-0.01420664601027966
-0.01417016796767712
-0.01413385290652514
-0.01409770268946886
-0.01406171452254057
-0.01402588654309511
-0.01399022061377764
-0.013954714871943
-0.01391936745494604
-0.01388417650014162
-0.01384914014488459
-0.01381425932049751
-0.0137795340269804
-0.01374496426433325
-0.01371054537594318
-0.01367627922445536
-0.01364216208457947
-0.01360819395631552
-0.01357437297701836
-0.01354069914668798
-0.01350716967135668
-0.01347378455102444
-0.01344054378569126
-0.013407445512712
-0.01337448880076408
-0.01334167364984751
-0.0133089991286397
-0.01327646430581808
-0.01324406731873751
-0.01321180909872055
-0.01317968871444464
-0.01314770430326462
-0.01311585679650307
-0.01308414619415998
-0.0130525678396225
-0.01302112359553576
-0.01298981253057718
-0.01295863278210163
-0.01292758248746395
-0.01289666350930929
-0.01286587305366993
-0.01283521112054586
-0.01280467677861452
-0.0127742700278759
-0.01274398621171713
-0.01271382626146078
-0.01268379203975201
-0.01265388168394566
-0.01262409519404173
-0.01259443257004023
-0.01256489101797342
-0.01253547053784132
-0.01250616926699877
-0.01247698906809092
-0.01244792714715004
-0.01241898443549871
-0.01239015813916922
-0.01236144732683897
-0.01233285199850798
-0.01230437215417624
-0.01227600779384375
-0.01224775426089764
-0.0122196152806282
-0.01219158805906773
-0.01216367352753878
-0.01213586982339621
-0.01210817601531744
-0.0120805911719799
-0.0120531190186739
-0.0120257530361414
-0.01199849601835012
-0.01197134796530008
-0.01194430515170097
-0.01191736944019794
-0.01189053989946842
-0.01186381373554468
-0.01183719281107187
-0.01181067433208227
-0.01178426016122103
-0.01175794750452042
-0.01173173729330301
-0.01170562952756882
-0.01167962234467268
-0.01165371388196945
-0.01162790786474943
-0.01160220056772232
-0.01157659105956554
-0.01155107840895653
-0.01152566354721785
-0.01150034554302692
-0.01147512253373861
-0.01144999545067549
-0.01142496336251497
-0.01140002720057964
-0.01137518603354692
-0.01135043799877167
-0.01132578495889902
-0.01130122598260641
-0.01127676013857126
-0.011252386495471
-0.01122810412198305
-0.01120391301810741
-0.01117981038987637
-0.01115579716861248
-0.01113187335431576
-0.01110803708434105
-0.01108428835868835
-0.01106063090264797
-0.0110370609909296
-0.01101357862353325
-0.01099018380045891
-0.01096687559038401
-0.01094365306198597
-0.0109205162152648
-0.01089746318757534
-0.0108744939789176
-0.01085160672664642
-0.01082880236208439
-0.01080607995390892
-0.01078343950212002
-0.01076088007539511
-0.01073840167373419
-0.01071600336581469
-0.01069368608295918
-0.01067145075649023
-0.01064929645508528
-0.01062722317874432
-0.01060522999614477
-0.01058331504464149
-0.01056147739291191
-0.01053971797227859
-0.01051803678274155
-0.01049643009901047
-0.01047490071505308
-0.01045344676822424
-0.01043206825852394
-0.01041076518595219
-0.01038953848183155
-0.01036838535219431
-0.01034730672836304
-0.01032630447298288
-0.01030537486076355
-0.01028451975435019
-0.01026373729109764
-0.01024302747100592
-0.01022239122539759
-0.0102018266916275
-0.01018133480101824
-0.0101609118282795
-0.01014055777341127
-0.0101202754303813
-0.01010006293654442
-0.01007992029190063
-0.01005984656512737
-0.01003984268754721
-0.01001990586519241
-0.01000003796070814
-0.009980239905416965
-0.009960511699318886
-0.009940850548446178
-0.009921258315443993
-0.009901732206344604
-0.009882270358502865
-0.009862873703241348
-0.00984354130923748
-0.009824273176491261
-0.009805069305002689
-0.009785929694771767
-0.009766851551830769
-0.009747836738824844
-0.009728886187076569
-0.009709998965263367
-0.009691172279417515
-0.009672409854829311
-0.009653707966208458
-0.009635068476200104
-0.009616491384804249
-0.009597978554666042
-0.009579526260495186
-0.009561136364936829
-0.009542807936668396
-0.009524540975689888
-0.009506333619356155
-0.009488188661634922
-0.009470103308558464
-0.009452078491449356
-0.009434113278985023
-0.009416205808520317
-0.009398357011377811
-0.009380567818880081
-0.009362837299704552
-0.009345163591206074
-0.009327546693384647
-0.009309988468885422
-0.009292486123740673
-0.009275038726627827
-0.009257647208869457
-0.00924031063914299
-0.009223029017448425
-0.009205802343785763
-0.009188631549477577
-0.009171515703201294
-0.009154452010989189
-0.009137444198131561
-0.009120491333305836
-0.009103590622544289
-0.009086743928492069
-0.009069952182471752
-0.009053212590515614
-0.009036526083946228
-0.009019892662763596
-0.009003311395645142
-0.008986782282590866
-0.008970304392278194
-0.008953879587352276
-0.00893750786781311
-0.008921187371015549
-0.00890491995960474
-0.008888702839612961
-0.008872538805007935
-0.008856424130499363
-0.008840358816087246
-0.008824344724416733
-0.008808380924165249
-0.008792463690042496
-0.008776595816016197
-0.008760777302086353
-0.008745009079575539
-0.008729288354516029
-0.008713615126907825
-0.008697991259396076
-0.008682415820658207
-0.008666888810694218
-0.008651409298181534
-0.008635977283120155
-0.008620592765510082
-0.00860525481402874
-0.008589963428676128
-0.008574718609452248
-0.008559519425034523
-0.008544366806745529
-0.008529260754585266
-0.008514201268553734
-0.008499186486005783
-0.008484216406941414
-0.008469291962683201
-0.008454413153231144
-0.008439578115940094
-0.008424785919487476
-0.008410037495195866
-0.008395333774387836
-0.008380674757063389
-0.008366058580577374
-0.008351486176252365
-0.008336956612765789
-0.00832247082144022
-0.008308027870953083
-0.008293627761304379
-0.008279270492494106
-0.008264955133199692
-0.00825068261474371
-0.00823645293712616
-0.008222266100347042
-0.008208122104406357
-0.008194021880626678
-0.008179961703717709
-0.008165944367647171
-0.008151968009769917
-0.008138032630085945
-0.008124137297272682
-0.008110282011330128
-0.008096465840935707
-0.008082689717411995
-0.008068952709436417
-0.008055254817008972
-0.008041595108807087
-0.00802797544747591
-0.008014394901692867
-0.008000853471457958
-0.007987352088093758
-0.007973890751600266
-0.007960468530654907
-0.007947085425257683
-0.007933742366731167
-0.00792043749243021
-0.007907170802354813
-0.007893942296504974
-0.007880750112235546
-0.007867594249546528
-0.00785447470843792
-0.007841392420232296
-0.007828348316252232
-0.007815339602530003
-0.007802368141710758
-0.007789433002471924
-0.007776534184813499
-0.007763671688735485
-0.007750846911221743
-0.00773805845528841
-0.007725307252258062
-0.007712593302130699
-0.007699914742261171
-0.007687272038310766
-0.007674665655940771
-0.007662095129489899
-0.007649560458958149
-0.007637061178684235
-0.007624596357345581
-0.007612166926264763
-0.00759977288544178
-0.007587413303554058
-0.007575086783617735
-0.007562793325632811
-0.007550533395260572
-0.007538306526839733
-0.007526112254709005
-0.007513951044529676
-0.007501822430640459
-0.007489726878702641
-0.007477663923054934
-0.007465633563697338
-0.007453636266291142
-0.007441671565175056
-0.00742973992601037
-0.007417842280119658
-0.007405977696180344
-0.007394146174192429
-0.007382347714155912
-0.007370582316070795
-0.007358849514275789
-0.007347149308770895
-0.00733548030257225
-0.007323842961341143
-0.007312237285077572
-0.007300662808120251
-0.007289119530469179
-0.00727760698646307
-0.007266125176101923
-0.007254674099385738
-0.007243254221975803
-0.007231865078210831
-0.007220505271106958
-0.007209175731986761
-0.007197876460850239
-0.007186605595052242
-0.007175364065915346
-0.007164151407778263
-0.007152967620640993
-0.007141812704503536
-0.007130687590688467
-0.007119591813534498
-0.007108527701348066
-0.007097492925822735
-0.007086487486958504
-0.007075513247400522
-0.007064568810164928
-0.00705365464091301
-0.007042769808322191
-0.007031912449747324
-0.007021083030849695
-0.007010281085968018
-0.006999506149441004
-0.006988758221268654
-0.00697803683578968
-0.006967341061681509
-0.006956670898944139
-0.006946027278900146
-0.00693541020154953
-0.006924820598214865
-0.006914257071912289
-0.006903721019625664
-0.006893211510032415
-0.006882729008793831
-0.006872273050248623
-0.006861844100058079
-0.006851440761238337
-0.006841062568128109
-0.006830709520727396
-0.006820379756391048
-0.006810074672102928
-0.006799793802201748
-0.006789536215364933
-0.006779302377253771
-0.006769092753529549
-0.006758907344192266
-0.006748746149241924
-0.006738609634339809
-0.006728497333824635
-0.006718410644680262
-0.006708349101245403
-0.00669831270352006
-0.006688301917165518
-0.006678317207843065
-0.006668358109891415
-0.006658425088971853
-0.006648519076406956
-0.006638639606535435
-0.006628787610679865
-0.006618964020162821
-0.006609169766306877
-0.006599406711757183
-0.006589676253497601
-0.006579981185495853
-0.006570323370397091
-0.006560705602169037
-0.006551129743456841
-0.0065415995195508
-0.006532117258757353
-0.006522684823721647
-0.006513306405395269
-0.00650398526340723
-0.006494724191725254
-0.006485526915639639
-0.006476397160440683
-0.006467340048402548
-0.006458360701799393
-0.006449462380260229
-0.006440650206059217
-0.006431928835809231
-0.00642330339178443
-0.006414779927581549
-0.006406363099813461
-0.00639805756509304
-0.006389867980033159
-0.006381799001246691
-0.006373853888362646
-0.006366035901010036
-0.006358347833156586
-0.00635079201310873
-0.006343369837850332
-0.006336083635687828
-0.006328932475298643
-0.006321916822344065
-0.006315035279840231
-0.006308284122496843
-0.006301661022007465
-0.006295160856097937
-0.006288778502494097
-0.006282506510615349
-0.006276336032897234
-0.006270258221775293
-0.006264261435717344
-0.006258332636207342
-0.006252459716051817
-0.006246627308428288
-0.006240820977836847
-0.006235024891793728
-0.006229221820831299
-0.006223394069820642
-0.006217524874955416
-0.006211596541106701
-0.006205590441823006
-0.006199488881975412
-0.006193275097757578
-0.006186930928379297
-0.006180441472679377
-0.006173792760819197
-0.006166970357298851
-0.006159963551908731
-0.006152763962745667
-0.00614536227658391
-0.006137754768133163
-0.006129939574748278
-0.006121916230767965
-0.006113688927143812
-0.006105263717472553
-0.006096650380641222
-0.006087859161198139
-0.006078905425965786
-0.006069806404411793
-0.00606057932600379
-0.006051244214177132
-0.006041825283318758
-0.006032345816493034
-0.006022830959409475
-0.006013305392116308
-0.00600379565730691
-0.005994325503706932
-0.00598492007702589
-0.005975603125989437
-0.005966397002339363
-0.005957323126494884
-0.005948398727923632
-0.005939637776464224
-0.005931052379310131
-0.005922651849687099
-0.005914440378546715
-0.005906418431550264
-0.005898583214730024
-0.00589092867448926
-0.00588344456627965
-0.005876115523278713
-0.005868927109986544
-0.005861857905983925
-0.005854885559529066
-0.005847986787557602
-0.005841136444360018
-0.005834307987242937
-0.005827476270496845
-0.005820614285767078
-0.005813698749989271
-0.005806705914437771
-0.005799616221338511
-0.00579241244122386
-0.005785079207271338
-0.005777604877948761
-0.005769982933998108
-0.005762210115790367
-0.005754286423325539
-0.005746216047555208
-0.005738008301705122
-0.00572967529296875
-0.005721232388168573
-0.005712697748094797
-0.005704092793166637
-0.005695438012480736
-0.005686759017407894
-0.005678080022335052
-0.005669425707310438
-0.005660818889737129
-0.005652280990034342
-0.00564383203163743
-0.00563548831269145
-0.005627263337373734
-0.005619167815893888
-0.005611206404864788
-0.005603383295238018
-0.005595695693045855
-0.005588137544691563
-0.005580699536949396
-0.005573367699980736
-0.005566127598285675
-0.005558962468057871
-0.005551852285861969
-0.005544777028262615
-0.005537714809179306
-0.005530646070837975
-0.005523549858480692
-0.00551640847697854
-0.005509206093847752
-0.005501929204910994
-0.005494568031281233
-0.00548711558803916
-0.005479568149894476
-0.005471925716847181
-0.005464193411171436
-0.005456376820802689
-0.005448485258966684
-0.005440532229840755
-0.005432531703263521
-0.005424500443041325
-0.005416455212980509
-0.005408412776887417
-0.005400389898568392
-0.00539240101352334
-0.005384460091590881
-0.005376578774303198
-0.005368765443563461
-0.005361025687307119
-0.005353361833840609
-0.005345773883163929
-0.005338258575648069
-0.005330807529389858
-0.005323412362486124
-0.005316060502082109
-0.005308737978339195
-0.005301428493112326
-0.005294115748256445
-0.005286782514303923
-0.005279411096125841
-0.005271984729915857
-0.005264487583190203
-0.005256906151771545
-0.005249228328466415
-0.005241442937403917
-0.005233543459326029
-0.005225521977990866
-0.005217377096414566
-0.005209105554968119
-0.005200707353651524
-0.005192183889448643
-0.005183537490665913
-0.005174770951271057
-0.0051658870652318
-0.005156888160854578
-0.00514777610078454
-0.005138550885021687
-0.005129210650920868
-0.00511975260451436
-0.005110171623528004
-0.005100461188703775
-0.005090612918138504
-0.005080617032945156
-0.005070460494607687
-0.005060130730271339
-0.005049615632742643
-0.005038902629166842
-0.005027980543673038
-0.005016838200390339
-0.005005467217415571
-0.004993860144168139
-0.00498201372101903
-0.004969927947968245
-0.004957604221999645
-0.004945049993693829
-0.004932275507599115
-0.004919294733554125
-0.004906126763671637
-0.004892792552709579
-0.004879317246377468
-0.004865728784352541
-0.004852058365941048
-0.004838338121771812
-0.004824602976441383
-0.004810889717191458
-0.004797234199941158
-0.004783674143254757
-0.004770246334373951
-0.004756986629217863
-0.004743929021060467
-0.004731107037514448
-0.004718550946563482
-0.004706289619207382
-0.004694349598139524
-0.0046827532351017
-0.004671521950513124
-0.004660673905164003
-0.004650222137570381
-0.004640177357941866
-0.004630547016859055
-0.004621334373950958
-0.004612539429217577
-0.004604156594723463
-0.004596176091581583
-0.004588585812598467
-0.004581366665661335
-0.004574497230350971
-0.004567950963973999
-0.004561697598546743
-0.004555702675133944
-0.004549927078187466
-0.004544330295175314
-0.004538868088275194
-0.00453349482268095
-0.004528164397925138
-0.004522830713540316
-0.004517447669059038
-0.004511971492320299
-0.004506360273808241
-0.004500575363636017
-0.004494582768529654
-0.004488353617489338
-0.004481865093111992
-0.00447510089725256
-0.00446805078536272
-0.004460713360458612
-0.004453092813491821
-0.004445202648639679
-0.00443706288933754
-0.004428698681294918
-0.004420142620801926
-0.004411433823406696
-0.004402612335979939
-0.004393724724650383
-0.004384817089885473
-0.004375936929136515
-0.004367133136838675
-0.004358450882136822
-0.004349932540208101
-0.004341617226600647
-0.004333538003265858
-0.004325721878558397
-0.00431818887591362
-0.004310952499508858
-0.004304016940295696
-0.004297379869967699
-0.004291031043976545
-0.004284952767193317
-0.004279119893908501
-0.004273503553122282
-0.004268069285899401
-0.004262777511030436
-0.004257586784660816
-0.00425245612859726
-0.004247341770678759
-0.004242202267050743
-0.004236999899148941
-0.004231699276715517
-0.004226270597428083
-0.0042206896468997
-0.004214938264340162
-0.004209004342556
-0.004202883690595627
-0.004196579102426767
-0.004190099891275167
-0.004183463286608458
-0.004176690243184566
-0.004169807769358158
-0.004162847064435482
-0.004155841656029224
-0.004148825071752071
-0.004141833633184433
-0.004134901333600283
-0.004128059837967157
-0.004121338482946157
-0.004114760551601648
-0.004108345601707697
-0.004102107603102922
-0.004096054006367922
-0.004090186208486557
-0.004084499552845955
-0.004078981932252645
-0.004073618911206722
-0.004068388603627682
-0.004063266795128584
-0.004058226477354765
-0.00405323738232255
-0.004048270639032125
-0.004043296445161104
-0.004038289189338684
-0.004033225122839212
-0.00402808329090476
-0.004022849258035421
-0.004017512314021587
-0.004012067802250385
-0.004006517119705677
-0.004000866319984198
-0.00399512704461813
-0.00398931372910738
-0.003983446396887302
-0.003977546934038401
-0.003971638157963753
-0.003965743351727724
-0.003959886264055967
-0.003954087849706411
-0.003948366735130548
-0.003942739684134722
-0.003937217406928539
-0.003931806888431311
-0.003926511388272047
-0.003921329043805599
-0.003916253801435232
-0.003911274485290051
-0.003906378988176584
-0.003901550779119134
-0.003896771231666207
-0.003892023116350174
-0.003887286875396967
-0.00388254621066153
-0.003877785056829453
-0.003872990608215332
-0.003868152620270848
-0.003863264573737979
-0.003858323674649
-0.00385333108715713
-0.003848290769383311
-0.003843210637569427
-0.003838100470602512
-0.003832972841337323
-0.003827841486781836
-0.003822720842435956
-0.003817624412477016
-0.003812565933912992
-0.003807556349784136
-0.003802605206146836
-0.003797718556597829
-0.00379290129058063
-0.003788154572248459
-0.003783477004617453
-0.003778863931074739
-0.003774309065192938
-0.003769803559407592
-0.003765338100492954
-0.003760901279747486
-0.003756481688469648
-0.003752069314941764
-0.003747653216123581
-0.003743225010111928
-0.003738777944818139
-0.003734307130798697
-0.003729809075593948
-0.003725283779203892
-0.003720732405781746
-0.003716157982125878
-0.003711564466357231
-0.003706957213580608
-0.003702341811731458
-0.003697724780067801
-0.003693110076710582
-0.003688502591103315
-0.003683904884383082
-0.003679318586364388
-0.00367474346421659
-0.00367017718963325
-0.003665616270154715
-0.003661054652184248
-0.003656486049294472
-0.003651902545243502
-0.003647295059636235
-0.003642655443400145
-0.003637974848970771
-0.003633244894444942
-0.003628457663580775
-0.003623606404289603
-0.003618686459958553
-0.003613693173974752
-0.00360862398520112
-0.003603477496653795
-0.003598254406824708
-0.003592955647036433
-0.003587584476917982
-0.003582144621759653
-0.003576640272513032
-0.003571076085790992
-0.003565458115190268
-0.003559791715815663
-0.003554082009941339
-0.003548334818333387
-0.003542555263265967
-0.00353674846701324
-0.003530919086188078
-0.003525071777403355
-0.00351921166293323
-0.003513343865051866
-0.003507474670186639
-0.003501610597595572
-0.003495758632197976
-0.003489927388727665
-0.003484125481918454
-0.003478362690657377
-0.003472649957984686
-0.003466998459771276
-0.003461420768871903
-0.003455928759649396
-0.003450534772127867
-0.003445250680670142
-0.003440088126808405
-0.003435057820752263
-0.003430168842896819
-0.003425429342314601
-0.003420845372602344
-0.00341642159037292
-0.003412160789594054
-0.003408063668757677
-0.003404129296541214
-0.003400354413315654
-0.00339673412963748
-0.00339326192624867
-0.003389929654076695
-0.003386727767065167
-0.003383645322173834
-0.003380670445039868
-0.003377790562808514
-0.003374991938471794
-0.003372260369360447
-0.003369580721482635
-0.003366937860846519
-0.003364316420629621
-0.003361701732501388
-0.003359077963978052
-0.003356430446729064
-0.003353745443746448
-0.003351009916514158
-0.003348211059346795
-0.003345338627696037
-0.003342382609844208
-0.003339335089549422
-0.003336189780384302
-0.003332942957058549
-0.003329592291265726
-0.00332613755017519
-0.003322581294924021
-0.003318928414955735
-0.003315184731036425
-0.003311358857899904
-0.003307461738586426
-0.003303505247458816
-0.003299503121525049
-0.003295470960438251
-0.003291424829512835
-0.003287381492555141
-0.003283358411863446
-0.003279372118413448
-0.003275439143180847
-0.00327157462015748
-0.00326779275201261
-0.003264106344431639
-0.00326052587479353
-0.003257059259340167
-0.003253713250160217
-0.003250491106882691
-0.003247393295168877
-0.003244418185204268
-0.003241562284529209
-0.003238819073885679
-0.003236179938539863
-0.003233634866774082
-0.003231171285733581
-0.00322877592407167
-0.003226434579119086
-0.003224131884053349
-0.003221852006390691
-0.003219580044969916
-0.003217300632968545
-0.003214999800547957
-0.003212664043530822
-0.003210281254723668
-0.003207841422408819
-0.003205336863175035
-0.003202761756256223
-0.003200112609192729
-0.003197388025000691
-0.003194589866325259
-0.003191722091287374
-0.003188790986314416
-0.003185804467648268
-0.003182773012667894
-0.003179708495736122
-0.003176623955368996
-0.003173533128574491
-0.003170450683683157
-0.003167391056194901
-0.003164368215948343
-0.003161395434290171
-0.003158485516905785
-0.003155649406835437
-0.003152896650135517
-0.003150234464555979
-0.003147668670862913
-0.003145202761515975
-0.003142838831990957
-0.003140575485303998
-0.003138410858809948
-0.00313634006306529
-0.003134357742965221
-0.003132457146421075
-0.00313063059002161
-0.003128870390355587
-0.003127167699858546
-0.003125515067949891
-0.003123905509710312
-0.00312233273871243
-0.003120791632682085
-0.003119278931990266
-0.003117793239653111
-0.003116335719823837
-0.003114908467978239
-0.003113516606390476
-0.003112166654318571
-0.003110867459326982
-0.003109629265964031
-0.003108464414253831
-0.003107385477051139
-0.003106406424194574
-0.003105541924014688
-0.003104806179180741
-0.003104212693870068
-0.003103774972259998
-0.003103504423052073
-0.003103411989286542
-0.003103505354374647
-0.003103791270405054
-0.003104273695498705
-0.003104952862486243
-0.003105827840045094
-0.00310689490288496
-0.003108147298917174
-0.003109575249254704
-0.003111167345196009
-0.003112910082563758
-0.003114787861704826
-0.00311678322032094
-0.003118877531960607
-0.003121051704511046
-0.003123285016044974
-0.003125556977465749
-0.003127846866846085
-0.003130133729428053
-0.003132397076115012
-0.003134616650640965
-0.00313677336089313
-0.003138848813250661
-0.003140825079753995
-0.003142684698104858
-0.003144411835819483
-0.003145991126075387
-0.003147408366203308
-0.003148650052025914
-0.003149704076349735
-0.003150558564811945
-0.00315120373852551
-0.003151629818603396
-0.003151829121634364
-0.003151794662699103
-0.003151521785184741
-0.003151006996631622
-0.003150249365717173
-0.003149248659610748
-0.003148007672280073
-0.003146531991660595
-0.003144829068332911
-0.003142909379675984
-0.003140786197036505
-0.00313847535289824
-0.00313599593937397
-0.003133369376882911
-0.003130619181320071
-0.003127771662548184
-0.003124854294583201
-0.003121895948424935
-0.003118927357718349
-0.00311597902327776
-0.0031130809802562
-0.003110263496637344
-0.003107554279267788
-0.003104979638010263
-0.00310256308875978
-0.003100325120612979
-0.003098282031714916
-0.003096446162089705
-0.003094826126471162
-0.003093424485996366
-0.003092240076512098
-0.003091266611590981
-0.003090492216870189
-0.003089901525527239
-0.003089474514126778
-0.003089187666773796
-0.00308901397511363
-0.00308892410248518
-0.003088887548074126
-0.003088871948421001
-0.003088844940066338
-0.003088775090873241
-0.003088631667196751
-0.003088386030867696
-0.003088012803345919
-0.003087490098550916
-0.003086799057200551
-0.003085925942286849
-0.003084861440584064
-0.003083600895479321
-0.003082144074141979
-0.003080496098846197
-0.003078667214140296
-0.003076670924201608
-0.00307452492415905
-0.003072250401601195
-0.003069871105253696
-0.003067413344979286
-0.003064903663471341
-0.003062369767576456
-0.003059839829802513
-0.003057340392842889
-0.003054896835237741
-0.003052532440051436
-0.003050267463549972
-0.003048118436709046
-0.003046098398044705
-0.00304421572946012
-0.003042476018890738
-0.003040879731997848
-0.003039422910660505
-0.003038097638636827
-0.003036892740055919
-0.003035793080925941
-0.003034780500456691
-0.003033834975212812
-0.003032934386283159
-0.003032056381925941
-0.003031177446246147
-0.003030275925993919
-0.003029329935088754
-0.003028320148587227
-0.003027228871360421
-0.003026041900739074
-0.003024748060852289
-0.003023339901119471
-0.003021813929080963
-0.003020170144736767
-0.003018412739038467
-0.003016549162566662
-0.003014589659869671
-0.003012548899278045
-0.003010442946106195
-0.003008289728313684
-0.003006108105182648
-0.003003917867317796
-0.003001738106831908
-0.002999587450176477
-0.002997482661157846
-0.002995438640937209
-0.002993467496708035
-0.002991577610373497
-0.00298977573402226
-0.002988063264638186
-0.002986439503729343
-0.00298489979468286
-0.002983436454087496
-0.002982038771733642
-0.002980694640427828
-0.002979389391839504
-0.00297810765914619
-0.002976833609864116
-0.002975551644340158
-0.002974245464429259
-0.002972901565954089
-0.002971507841721177
-0.002970054745674133
-0.002968535292893648
-0.002966944593936205
-0.002965281717479229
-0.002963548293337226
-0.002961748978123069
-0.002959891222417355
-0.002957983873784542
-0.002956038806587458
-0.002954067662358284
-0.00295208441093564
-0.002950101159512997
-0.002948130946606398
-0.002946185180917382
-0.00294427340850234
-0.002942404244095087
-0.002940582809969783
-0.002938813297078013
-0.002937096636742353
-0.002935431431978941
-0.002933814190328121
-0.002932239323854446
-0.002930699614807963
-0.002929186914116144
-0.002927690977230668
-0.002926202723756433
-0.002924711909145117
-0.002923209453001618
-0.002921686274930835
-0.002920135390013456
-0.002918551210314035
-0.002916929312050343
-0.002915267832577229
-0.002913566306233406
-0.002911826828494668
-0.002910052658990026
-0.002908248919993639
-0.002906421665102243
-0.002904578344896436
-0.002902726642787457
-0.002900874009355903
-0.002899028128013015
-0.002897195518016815
-0.002895382465794683
-0.002893593395128846
-0.002891831565648317
-0.002890098839998245
-0.00288839521817863
-0.002886719536036253
-0.002885068999603391
-0.002883440116420388
-0.002881827531382442
-0.002880227053537965
-0.002878632862120867
-0.002877038670703769
-0.002875439822673798
-0.002873831195756793
-0.002872208831831813
-0.002870569471269846
-0.002868910552933812
-0.002867230679839849
-0.002865530550479889
-0.002863811096176505
-0.002862074878066778
-0.002860324224457145
-0.002858563093468547
-0.002856795443221927
-0.002855025697499514
-0.00285325781442225
-0.002851496217772365
-0.002849743934348226
-0.002848003525286913
-0.002846277318894863
-0.002844566479325294
-0.002842871006578207
-0.00284119020216167
-0.002839522901922464
-0.002837866777554154
-0.00283621926791966
-0.002834577346220613
-0.002832937985658646
-0.002831298159435391
-0.002829655539244413
-0.002828007331117988
-0.002826351672410965
-0.002824687398970127
-0.002823013113811612
-0.00282132881693542
-0.002819635439664125
-0.002817933447659016
-0.002816224936395884
-0.002814511768519878
-0.002812796039506793
-0.002811079612001777
-0.002809364348649979
-0.002807652810588479
-0.002805946161970496
-0.002804245799779892
-0.002802552422508597
-0.002800867194309831
-0.002799189649522305
-0.002797519555315375
-0.002795855980366468
-0.002794198226183653
-0.00279254512861371
-0.002790894825011492
-0.002789246151223779
-0.002787597943097353
-0.002785948803648353
-0.002784297801554203
-0.00278264400549233
-0.002780986949801445
-0.002779325470328331
-0.002777659334242344
-0.002775989472866058
-0.002774316351860762
-0.002772640436887741
-0.002770962892100215
-0.002769284183159471
-0.002767606172710657
-0.002765930024906993
-0.002764256438240409
-0.00276258634403348
-0.002760920440778136
-0.002759259194135666
-0.002757602138444781
-0.002755949273705482
-0.002754300599917769
-0.002752655185759068
-0.002751011867076159
-0.002749370643869042
-0.002747730351984501
-0.002746090525761247
-0.002744450233876705
-0.002742809243500233
-0.002741167321801186
-0.002739524003118277
-0.002737879287451506
-0.00273623364046216
-0.00273458706215024
-0.00273294048383832
-0.002731293672695756
-0.002729647327214479
-0.002728002145886421
-0.002726358361542225
-0.002724716439843178
-0.002723076846450567
-0.00272143934853375
-0.002719804411754012
-0.002718172036111355
-0.002716542221605778
-0.002714914502575994
-0.002713288879022002
-0.002711664885282516
-0.002710042288526893
-0.002708420623093843
-0.002706800121814013
-0.002705180086195469
-0.002703560283407569
-0.002701940014958382
-0.002700319746509194
-0.002698699245229363
-0.002697078278288245
-0.002695457311347127
-0.002693836577236652
-0.002692215843126178
-0.002690595574676991
-0.002688976237550378
-0.002687358297407627
-0.002685741987079382
-0.002684127539396286
-0.002682514954358339
-0.002680904231965542
-0.002679295372217894
-0.002677688375115395
-0.002676083473488688
-0.002674480201676488
-0.002672878094017506
-0.002671277150511742
-0.002669676905497909
-0.002668077358976007
-0.002666478976607323
-0.002664881525561213
-0.002663284773007035
-0.002661688951775432
-0.002660094061866403
-0.002658500336110592
-0.002656908240169287
-0.002655317075550556
-0.002653727075085044
-0.00265213823877275
-0.002650550799444318
-0.002648964989930391
-0.002647380344569683
-0.002645796863362193
-0.002644214546307921
-0.002642633626237512
-0.002641054103150964
-0.002639475511386991
-0.002637897850945592
-0.002636321587488055
-0.002634746255353093
-0.002633171388879418
-0.002631597686558962
-0.00263002491556108
-0.002628452843055129
-0.002626882400363684
-0.002625312656164169
-0.002623744308948517
-0.002622177125886083
-0.002620611106976867
-0.002619046252220869
-0.002617482794448733
-0.002615920500829816
-0.002614359371364117
-0.002612799638882279
-0.00261124107055366
-0.002609683200716972
-0.002608126029372215
-0.002606569789350033
-0.002605014713481069
-0.002603460801765323
-0.002601907821372151
-0.002600356005132198
-0.002598804887384176
-0.002597255166620016
-0.002595706377178431
-0.00259415851905942
-0.002592612057924271
-0.002591066993772984
-0.002589523093774915
-0.002587980590760708
-0.002586439717561007
-0.002584900707006454
-0.002583363093435764
-0.002581826876848936
-0.002580292290076613
-0.002578758867457509
-0.002577226841822267
-0.002575695747509599
-0.002574165817350149
-0.002572637284174562
-0.002571109682321548
-0.002569582778960466
-0.002568057039752603
-0.00256653199903667
-0.002565007889643312
-0.002563485177233815
-0.002561963628977537
-0.002560443710535765
-0.002558925189077854
-0.002557408064603806
-0.002555892802774906
-0.002554378705099225
-0.002552865771576762
-0.002551354002207518
-0.002549843629822135
-0.002548334188759327
-0.002546825911849737
-0.002545318799093366
-0.002543812850490212
-0.002542307833209634
-0.00254080374725163
-0.002539300825446844
-0.002537799067795277
-0.002536298474296927
-0.002534799044951797
-0.002533301245421171
-0.002531804610043764
-0.002530309138819575
-0.002528814598917961
-0.002527320990338922
-0.002525828313082457
-0.002524336334317923
-0.00252284505404532
-0.002521354705095291
-0.002519864588975906
-0.002518375171348453
-0.002516886917874217
-0.002515399595722556
-0.00251391320489347
-0.002512428211048245
-0.002510944847017527
-0.002509463112801313
-0.002507983241230249
-0.002506504999473691
-0.002505028387531638
-0.002503553638234735
-0.002502080984413624
-0.002500609960407019
-0.002499140333384275
-0.002497672569006681
-0.002496206434443593
-0.002494741464033723
-0.002493277657777071
-0.002491814782842994
-0.002490352606400847
-0.002488891594111919
-0.002487431513145566
-0.002485972363501787
-0.00248451461084187
-0.002483057323843241
-0.002481601200997829
-0.002480146242305636
-0.002478691749274731
-0.002477238653227687
-0.002475786255672574
-0.002474335022270679
-0.002472884953022003
-0.002471435815095901
-0.002469987375661731
-0.002468540333211422
-0.002467093989253044
-0.002465649275109172
-0.002464205725118518
-0.002462763572111726
-0.002461323281750083
-0.002459884621202946
-0.00245844735763967
-0.002457011723890901
-0.002455577719956636
-0.002454144880175591
-0.002452713204547763
-0.002451282925903797
-0.00244985381141305
-0.002448425861075521
-0.00244699907489121
-0.002445573220029473
-0.002444148063659668
-0.002442724071443081
-0.002441301010549068
-0.002439878415316343
-0.002438456984236836
-0.002437036484479904
-0.002435617381706834
-0.002434199443086982
-0.002432782435789704
-0.002431366592645645
-0.002429951913654804
-0.002428538631647825
-0.002427126048132777
-0.002425714395940304
-0.002424304140731692
-0.002422895049676299
-0.00242148688994348
-0.002420080127194524
-0.002418674295768142
-0.002417269395664334
-0.002415866125375032
-0.002414464019238949
-0.002413063310086727
-0.002411664230749011
-0.002410266781225801
-0.002408870728686452
-0.002407476073130965
-0.00240608281455934
-0.002404691185802221
-0.002403300954028964
-0.002401911886408925
-0.002400524215772748
-0.002399137709289789
-0.002397751668468118
-0.002396366791799664
-0.002394982613623142
-0.002393599366769195
-0.002392216818407178
-0.002390835201367736
-0.002389454748481512
-0.002388075226917863
-0.002386696636676788
-0.002385319210588932
-0.002383942948654294
-0.002382567850872874
-0.002381194150075316
-0.002379821846261621
-0.002378450706601143
-0.002377080963924527
-0.002375712618231773
-0.002374345669522882
-0.002372980350628495
-0.002371616661548615
-0.002370254369452596
-0.002368893241509795
-0.0023675337433815
-0.00236617517657578
-0.002364817773923278
-0.002363461069762707
-0.002362105529755354
-0.002360750688239932
-0.002359396778047085
-0.002358043333515525
-0.00235669082030654
-0.002355339238420129
-0.002353988355025649
-0.002352638402953744
-0.002351289615035057
-0.002349941991269588
-0.002348595531657338
-0.002347250236198306
-0.002345906803384423
-0.002344564301893115
-0.002343222964555025
-0.002341883024200797
-0.002340544713661075
-0.002339208032935858
-0.002337872749194503
-0.00233653886243701
-0.002335206139832735
-0.002333874348551035
-0.002332543488591909
-0.002331213792786002
-0.00232988502830267
-0.002328556962311268
-0.002327229827642441
-0.002325903857126832
-0.002324579050764441
-0.002323255408555269
-0.002321933163329959
-0.002320611849427223
-0.002319292165338993
-0.002317973645403981
-0.002316656522452831
-0.0023153405636549
-0.002314025769010186
-0.002312712138518691
-0.002311399206519127
-0.002310086973011494
-0.002308775670826435
-0.002307465067133307
-0.002306154929101467
-0.002304845722392201
-0.00230353744700551
-0.00230222987011075
-0.002300923457369208
-0.002299618208780885
-0.002298314357176423
-0.002297011902555823
-0.002295710844919086
-0.002294411417096853
-0.002293113386258483
-0.002291816752403975
-0.002290521282702684
-0.002289226744323969
-0.002287933602929115
-0.002286641392856836
-0.002285349881276488
-0.002284059068188071
-0.002282769186422229
-0.002281480468809605
-0.002280192216858268
-0.002278905361890793
-0.002277619438245893
-0.00227633467875421
-0.00227505131624639
-0.002273769583553076
-0.00227248901501298
-0.002271209610626101
-0.002269931603223085
-0.002268654759973288
-0.002267378848046064
-0.002266103634610772
-0.002264829352498055
-0.002263556234538555
-0.00226228404790163
-0.002261012559756637
-0.002259742002934217
-0.002258472610265017
-0.002257203916087747
-0.002255935920402408
-0.002254669321700931
-0.002253404119983315
-0.002252140082418919
-0.002250876976177096
-0.002249615266919136
-0.00224835448898375
-0.002247094875201583
-0.002245836425572634
-0.002244579372927547
-0.002243323717266321
-0.002242069691419601
-0.002240817062556744
-0.002239565597847104
-0.002238315297290683
-0.00223706616088748
-0.002235818421468139
-0.002234571846202016
-0.002233325969427824
-0.00223208125680685
-0.002230837242677808
-0.002229594392701983
-0.00222835224121809
-0.002227111021056771
-0.002225870965048671
-0.002224631607532501
-0.002223392715677619
-0.002222154987975955
-0.002220918657258153
-0.002219683257862926
-0.002218448789790273
-0.002217215020209551
-0.00221598194912076
-0.002214749809354544
-0.002213518368080258
-0.002212287625297904
-0.002211057813838124
-0.002209829399362206
-0.002208602381870151
-0.002207376295700669
-0.002206151140853763
-0.002204927382990718
-0.002203705022111535
-0.002202483592554927
-0.00220126286149025
-0.002200043294578791
-0.002198825124651194
-0.002197608351707458
-0.002196392975747585
-0.002195178531110287
-0.002193965017795563
-0.002192751970142126
-0.002191539388149977
-0.002190327970311046
-0.002189117250964046
-0.002187907230108976
-0.002186698140576482
-0.002185489516705275
-0.002184282289817929
-0.002183075761422515
-0.002181870397180319
-0.002180666429921985
-0.002179463859647512
-0.002178262453526258
-0.002177062211558223
-0.002175863133743405
-0.00217466545291245
-0.002173469169065356
-0.002172274049371481
-0.00217107986100018
-0.002169886603951454
-0.002168694511055946
-0.002167503582313657
-0.002166313119232655
-0.002165123587474227
-0.002163934987038374
-0.002162746619433165
-0.00216155918315053
-0.002160373143851757
-0.002159188035875559
-0.002158004092052579
-0.00215682084672153
-0.002155638998374343
-0.002154458314180374
-0.00215327856130898
-0.002152100205421448
-0.00215092278085649
-0.002149746054783463
-0.002148570260033011
-0.002147395396605134
-0.002146221464499831
-0.002145048463717103
-0.002143876161426306
-0.002142704790458083
-0.002141534583643079
-0.002140365308150649
-0.002139197196811438
-0.002138030016794801
-0.002136864233762026
-0.002135699614882469
-0.002134536625817418
-0.002133374568074942
-0.002132213674485683
-0.002131053479388356
-0.002129894448444247
-0.002128735883161426
-0.002127577550709248
-0.002126419916749001
-0.002125262748450041
-0.002124105812981725
-0.00212294957600534
-0.002121794270351529
-0.002120640128850937
-0.002119487384334207
-0.002118335571140051
-0.002117185387760401
-0.002116036368533969
-0.002114888513460755
-0.00211374182254076
-0.002112596528604627
-0.002111452864482999
-0.002110310131683946
-0.002109168563038111
-0.00210802792571485
-0.002106887754052877
-0.002105748280882835
-0.002104609506204724
-0.002103471430018544
-0.002102334285154939
-0.002101197838783264
-0.002100061858072877
-0.002098926343023777
-0.002097791759297252
-0.002096657874062657
-0.002095524920150638
-0.002094393130391836
-0.002093262504786253
-0.002092132810503244
-0.00209100404754281
-0.002089876215904951
-0.002088749781250954
-0.002087624743580818
-0.002086500404402614
-0.002085377229377627
-0.002084254752844572
-0.002083133440464735
-0.002082012826576829
-0.002080892911180854
-0.002079774159938097
-0.002078656572848558
