0
0
0
0
0
0
0
0
0
0
0
0
0
0
0
0
0
0
0
0
0
0
0
0
0
0
0
0
0
0
0
0
0
0
0
0
0
0
0
0
0
0
0
0
0
0
0
0
0
0
0
0
0
0
0
0
0
0
0
0
0
0
0
0
0
0
0
0
0
0
0
0
0
0
0
0
0
0
0
0
0
0
0
0
0
0
0
0
0
0
0
0
0
0
0
0
0
0
0
0
0
0
0
0
0
0
0
0
0
0
0
0
0
0
0
0
0
0
0
0
0
0
0
0
0
0
0
0
0
0
0
0
0
0
0
0
0
0
0
0
0
0
0
0
0
0
0
0
0
0
0
0
0
0
0
0
0
0
0
0
0
0
0
0
0
0
0
0
0
0
0
0
0
0
0
0
0
0
0
0
0
0
0
0
0
0
0
0
0
0
0
0
0
0
0
0
0
0
0
0
0
0
0
0
0
0
0
0
0
0
0
0
0
0
0
0
0
0
0
0
0
0
0
0
0
0
0
0
0
0
0
0
0
0
0
0
0
0
0
0
0
0
0
0
0
0
0
0
0
0
0
0
0
0
0
0
0
0
0
0
0
0
0
0
0
0
0
0
0
0
0
0
0
0
0
0
0
0
0
0
0
0
0
0
0
0
0
0
0
0
0
0
0
0
0
0
0
0
0
0
0
0
0
0
0
0
0
0
0
0
0
0
0
0
0
0
0
0
0
0
0
0
0
0
0
0
0
0
0
0
0
0
0
0
0
0
0
0
0
0
0
0
0
0
0
0
0
0
0
0
0
0
0
0
0
0
0
0
0
0
0
0
0
0
0
0
0
0
0
0
0
0
0
0
0
0
0
0
0
0
0
0
0
0
0
0
0
0
0
0
0
0
0
0
0
0
0
0
0
0
0
0
0
0
0
0
0
0
0
0
0
0
0
0
0
0
0
0
0
0
0
0
0
0
0
0
0
0
0
0
0
0
0
0
0
0
0
0
0
0
0
0
0
0
0
0
0
0
0
0
0
0
0
0
0
0
0
0
0
0
0
0
0
0
0
0
0
0
0
0
0
0
0
0
0
0
0
0
0
0
0
0
0
0
0
0
0
0
0
0
0
0
0
0
0
0
0
0
0
0
0
0
0
0
0
0
0
0
0
0
0
0
0
0
0
0
0
0
0
0
0
0
0
0
0
0
0
0
0
0
0
0
0
0
0
0
0
0
0
0
0
0
0
0
0
0
0
0
0
0
0
0
0
0
0
0
0
0
0
0
0
0
0
0
0
0
0
0
0
0
0
0
0
0
0
0
0
0
0
0
0
0
0
0
0
0
0
0
0
0
0
0
0
0
0
0
0
0
0
0
0
0
0
0
0
0
0
0
0
0
0
0
0
0
0
0
0
0
0
0
0
0
0
0
0
0
0
0
0
0
0
0
0
0
0
0
0
0
0
0
0
0
0
0
0
0
0
0
0
0
0
0
0
0
0
0
0
0
0
0
0
0
0
0
0
0
0
0
0
0
0
0
0
0
0
0
0
0
0
0
0
0
0
0
0
0
0
0
0
0
0
0
0
0
0
0
0
0
0
0
0
0
0
0
0
0
0
0
0
0
0
0
0
0
0
0
0
0
0
0
0
0
0
0
0
0
0
0
0
0
0
0
0
0
0
0
0
0
0
0
0
0
0
0
0
0
0
0
0
0
0
0
0
0
0
0
0
0
0
0
0
0
0
0
0
0
0
0
0
0
0
0
0
0
0
0
0
0
0
0
0
0
0
0
0
0
0
0
0
0
0
0
0
0
0
0
0
0
0
0
0
0
0
0
0
0
0
0
0
0
0
0
0
0
0
0
0
0
0
0
0
0
0
0
0
0
0
0
0
0
0
0
0
0
0
0
0
0
0
0
0
0
0
0
0
0
0
0
0
0
0
0
0
0
0
0
0
0
0
0
0
0
0
0
0
0
0
0
0
0
0
0
0
0
0
0
0
0
0
0
0
0
0
0
0
0
0
0
0
0
0
0
0
0
0
0
0
0
0
0
0
0
0
0
0
0
0
0
0
0
0
0
0
0
0
0
0
0
0
0
0
0
0
0
0
0
0
0
0
0
0
0
0
0
0
0
0
0
0
0
0
0
0
0
0
0
0
0
0
0
0
0
0
0
0
0
0
0
0
0
0
0
0
0
0
0
0
0
0
0
0
0
0
0
0
0
0
0
0
0
0
0
0
0
0
0
0
0
0
0
0
0
0
0
0
0
0
0
0
0
0
0
0
0
0
0
0
0
0
0
0
0
0
0
0
0
0
0
0
0
0
0
0
0
0
0
0
0
0
0
0
0
0
0
0
0
0
0
0
0
0
0
0
0
0
0
0
0
0
0
0
0
0
0
0
0
0
0
0
0
0
0
0
0
0
0
0
0
0
0
0
0
0
0
0
0
0
0
0
0
0
0
0
0
0
0
0
0
0
0
0
0
0
0
0
0
0
0
0
0
0
0
0
0
0
0
0
0
0
0
0
0
0
0
0
0
0
0
0
0
0
0
0
0
0
0
0
0
0
0
0
0
0
0
0
0
0
0
0
0
0
0
0
0
0
0
0
0
0
0
0
0
0
0
0
0
0
0
0
0
0
0
0
0
0
0
0
0
0
0
0
0
0
0
0
0
0
0
0
0
0
0
0
0
0
0
0
0
0
0
0
0
0
0
0
0
0
0
0
0
0
0
0
0
0
0
0
0
0
0
0
0
0
0
0
0
0
0
0
0
0
0
0
0
0
0
0
0
0
0
0
0
0
0
0
0
0
0
0
0
0
0
0
0
0
0
0
0
0
0
0
0
0
0
0
0
0
0
0
0
0
0
0
0
0
0
0
0
0
0
0
0
0
0
0
0
0
0
0
0
0
0
0
0
0
0
0
0
0
0
0
0
0
0
0
0
0
0
0
0
0
0
0
0
0
2.802596928649634e-45
1.401298464324817e-44
3.503246160812043e-44
7.006492321624085e-44
1.289194587178832e-43
2.270103512206204e-43
3.951661669395984e-43
6.866362475191604e-43
1.174288113104197e-42
1.998251610127189e-42
3.392543582130382e-42
5.746725002196075e-42
9.712399656235307e-42
1.638678424181441e-41
2.75943693594843e-41
4.638858436300874e-41
7.785474137942251e-41
1.304594857301761e-40
2.182690514001622e-40
3.646234656111747e-40
6.081901581877928e-40
1.012920187146408e-39
1.684436424235504e-39
2.796924472466047e-39
4.63716566775597e-39
7.676638088815071e-39
1.268927887748995e-38
2.094358264004442e-38
3.4515522604631e-38
5.679734527810563e-38
9.332388251927689e-38
1.531120919773111e-37
2.50829801883417e-37
4.10300952660671e-37
6.701634347620241e-37
1.092985717876639e-36
1.779937649913842e-36
2.894359602129031e-36
4.699574254895547e-36
7.619451928054666e-36
1.233527927210814e-35
1.994045939008801e-35
3.218719345967394e-35
5.187924931209161e-35
8.349640262795737e-35
1.341856647999893e-34
2.153325423545221e-34
3.450477470370365e-34
5.520970949800924e-34
8.821031749780336e-34
1.407316254977339e-33
2.241987498215724e-33
3.5665196553719e-33
5.665352329137617e-33
8.986295051575418e-33
1.423333963444926e-32
2.25115822759626e-32
3.555322630869937e-32
5.6069481861906e-32
8.829771072734119e-32
1.388508033123496e-31
2.180339365549262e-31
3.418828223533245e-31
5.353140618136195e-31
8.369874306950895e-31
1.306799232718743e-30
2.037412700144645e-30
3.171978030383165e-30
4.931318043846444e-30
7.655580556735877e-30
1.186796550330302e-29
1.837206865747623e-29
2.840037685010395e-29
4.384045790849367e-29
6.75789859112591e-29
1.040242188988427e-28
1.598983595545573e-28
2.454375269212955e-28
3.762062201411202e-28
5.758370681532451e-28
8.801618290541248e-28
1.343430603073869e-27
2.047662390975114e-27
3.116681199265343e-27
4.737158654472763e-27
7.190110468863822e-27
1.089797627941624e-26
1.649488585368901e-26
2.493138499722236e-26
3.763031069358675e-26
5.671839650614704e-26
8.537000947304885e-26
1.283164969477507e-25
1.925998599937893e-25
2.886862860192811e-25
4.321093583684494e-25
6.458904171643107e-25
9.641002416438441e-25
1.437091083830208e-24
2.139170879982054e-24
3.179847032987059e-24
4.720271105399781e-24
6.997261704765508e-24
1.035834006439623e-23
1.531276046925326e-23
2.260572747320177e-23
3.332618624753066e-23
4.906312511413031e-23
7.213194549313302e-23
1.059018123573089e-22
1.552682734221585e-22
2.273348949214519e-22
3.323945067545724e-22
4.853401464798195e-22
7.076909803367617e-22
1.030496598798447e-21
1.498494326163692e-21
2.176053899633985e-21
3.155662734889081e-21
4.570020615268109e-21
6.609256297036087e-21
9.545404159333383e-21
1.37671320574123e-20
1.982898300483938e-20
2.852104534916061e-20
4.096742846226715e-20
5.876523716123989e-20
8.418041318071995e-20
1.204233317197309e-19
1.720360415218013e-19
2.454356546827528e-19
3.496757147057665e-19
4.97511501732775e-19
7.068883372615982e-19
1.003018014278605e-18
1.421271344463233e-18
2.011202185072909e-18
2.842137990811775e-18
4.010933029410933e-18
5.652709528677607e-18
7.9557098077911e-18
1.11818192486857e-17
1.569485380504847e-17
2.199953344406026e-17
3.079506401134481e-17
4.30487290085257e-17
6.00967824669007e-17
8.378259638154421e-17
1.166455292062103e-16
1.621788705468289e-16
2.251812208682732e-16
3.122352702503503e-16
4.323580946981662e-16
5.978841350500787e-16
8.256620942368375e-16
1.138674226048718e-15
1.568225280029463e-15
2.156895708316665e-15
2.962521661702675e-15
4.06354993192715e-15
5.566230849586009e-15
7.614271389235708e-15
1.040176279799247e-14
1.419047002029338e-14
1.933293579208222e-14
2.630327664118921e-14
3.573821401032899e-14
4.849160962637662e-14
6.570690714614857e-14
8.891312301218326e-14
1.201519894862557e-13
1.621459449997406e-13
2.185199856350253e-13
2.94093742414514e-13
3.952663662955963e-13
5.305215902001725e-13
7.110910710088347e-13
9.518226051080658e-13
1.272316453582167e-12
1.698409208411578e-12
2.26410860545978e-12
3.014113698213139e-12
4.007089798863106e-12
5.319922020269319e-12
7.053227359804515e-12
9.338485713883404e-12
1.234726383636531e-11
1.630309776068373e-11
2.149682341856529e-11
2.830628439975946e-11
3.722162161823306e-11
4.887774560091707e-11
6.40958605635511e-11
8.393657990879433e-11
1.097676810557502e-10
1.433504703829414e-10
1.869496363271494e-10
2.434727974787165e-10
3.166474860094581e-10
4.112450657789424e-10
5.333642416616158e-10
6.907883154383399e-10
8.934356587886327e-10
1.153926509900316e-09
1.488294709695026e-09
1.916879766028501e-09
2.465444737254074e-09
3.166572337676143e-09
4.061406766453501e-09
5.201824748723993e-09
6.653134931866589e-09
8.497427650411282e-09
1.083772893650803e-08
1.38031426288876e-08
1.755519107859982e-08
2.229565332356742e-08
2.827619205447718e-08
3.581019925036344e-08
4.528733654751704e-08
5.719130058423616e-08
7.212157981939527e-08
9.082001639626469e-08
1.142030967571372e-07
1.43401308605462e-07
1.798068041125589e-07
2.251311883583185e-07
2.814755362123833e-07
3.514146271754726e-07
4.380986808882881e-07
5.453755989037745e-07
6.779378054488916e-07
8.414979788540222e-07
1.042999201672501e-06
1.290866066483431e-06
1.595303046997287e-06
1.968650622075074e-06
2.425805860184482e-06
2.984721277243807e-06
3.666994871309726e-06
4.498565886024153e-06
5.510530172614381e-06
6.740103799529606e-06
8.231746505771298e-06
1.003847683023196e-05
1.222340779349906e-05
1.48615317812073e-05
1.804179737519007e-05
2.186950587201864e-05
2.646910252224188e-05
3.198736158083193e-05
3.859708886011504e-05
4.650134360417724e-05
5.593827881966718e-05
6.718667282257229e-05
8.057223749347031e-05
9.64747232501395e-05
0.000115336079034023
0.0001376695145154372
0.0001640699338167906
0.0001952253514900804
0.0002319299528608099
0.0002750984276644886
0.0003257821954321116
0.0003851870715152472
0.0004546930431388319
0.0005358757916837931
0.0006305307033471763
0.0007406983058899641
0.0008686931105330586
0.00101713347248733
0.001188975060358644
0.001387545489706099
0.001616582274436951
0.001880272873677313
0.002183296252042055
0.002530866535380483
0.002928778529167175
0.0033834557980299
0.003901996649801731
0.004492222797125578
0.005162726622074842
0.005922919604927301
0.006783073768019676
0.00775436544790864
0.00884891115128994
0.01007980294525623
0.01146112475544214
0.01300797890871763
0.01473648194223642
0.01666376739740372
0.01880795508623123
0.02118811197578907
0.02382420748472214
0.0267370231449604
0.02994805760681629
0.03347939252853394
0.03735354542732239
0.0415932685136795
0.04622134193778038
0.05126030743122101
0.05673220753669739
0.06265822052955627
0.06905832141637802
0.07595089823007584
0.08335229009389877
0.09127633273601532
0.09973385185003281
0.1087321490049362
0.1182744577527046
0.128359392285347
0.138980358839035
0.1501250565052032
0.1617747843265533
0.1739040464162827
0.1864800304174423
0.1994622051715851
0.2128018587827682
0.2264418751001358
0.2403165996074677
0.2543517053127289
0.2684642374515533
0.2825628817081451
0.296548455953598
0.3103142380714417
0.3237468600273132
0.3367271721363068
0.3491314649581909
0.3608327209949493
0.3717021644115448
0.3816109299659729
0.3904320299625397
0.3980420827865601
0.4043236374855042
0.4091672897338867
0.4124737679958344
0.4141565561294556
0.4141436219215393
0.4123798012733459
0.4088284373283386
0.4034733772277832
0.396320253610611
0.3873977661132812
0.3767585456371307
0.3644794821739197
0.3506619334220886
0.3354312479496002
0.3189359903335571
0.301346480846405
0.2828530967235565
0.2636640667915344
0.2440027594566345
0.2241045534610748
0.204213485121727
0.1845784038305283
0.1654489487409592
0.1470713317394257
0.1296840012073517
0.1135132163763046
0.09876865893602371
0.08563923090696335
0.07428901642560959
0.06485357880592346
0.05743667855858803
0.05210746079683304
0.04889824986457825
0.04780299216508865
0.04877642542123795
0.05173410102725029
0.0565531961619854
0.06307423859834671
0.07110372930765152
0.08041758090257645
0.09076550602912903
0.1018760800361633
0.113462507724762
0.1252290606498718
0.1368777453899384
0.1481154561042786
0.1586610227823257
0.1682522594928741
0.1766526103019714
0.183657318353653
0.1890988945960999
0.1928515881299973
0.1948348432779312
0.1950155645608902
0.1934089362621307
0.1900780946016312
0.185132309794426
0.1787237524986267
0.1710431128740311
0.1623139530420303
0.1527861654758453
0.1427284926176071
0.1324206292629242
0.1221448257565498
0.1121774539351463
0.1027807667851448
0.09419510513544083
0.08663172274827957
0.08026658743619919
0.07523529231548309
0.07162918895483017
0.06949304789304733
0.06882412731647491
0.06957286596298218
0.07164507359266281
0.07490561902523041
0.07918349653482437
0.08427806943655014
0.08996634185314178
0.09601093828678131
0.1021685600280762
0.1081986576318741
0.1138718128204346
0.1189778372645378
0.1233329772949219
0.1267861127853394
0.1292236596345901
0.1305730640888214
0.1308046281337738
0.1299317181110382
0.1280092746019363
0.1251308023929596
0.1214237958192825
0.1170440167188644
0.1121686473488808
0.1069887951016426
0.1017015054821968
0.09650174528360367
0.09157458692789078
0.08708794414997101
0.08318624645471573
0.07998508214950562
0.07756727188825607
0.07598032057285309
0.07523544132709503
0.07530814409255981
0.07614030689001083
0.07764372229576111
0.07970476150512695
0.08219011873006821
0.08495322614908218
0.08784116059541702
0.09070161730051041
0.09338971972465515
0.09577424079179764
0.09774315357208252
0.09920806437730789
0.1001074835658073
0.1004086807370186
0.10010826587677
0.09923122078180313
0.09782879054546356
0.09597499668598175
0.09376233816146851
0.09129661321640015
0.08869136124849319
0.08606204390525818
0.0835203230381012
0.0811687707901001
0.07909614592790604
0.07737356424331665
0.07605163753032684
0.07515876740217209
0.07470060139894485
0.07466073334217072
0.07500240951776505
0.0756712332367897
0.07659877091646194
0.07770659029483795
0.07891086488962173
0.08012694120407104
0.08127379417419434
0.08227822929620743
0.08307836204767227
0.08362644165754318
0.08389078080654144
0.08385674655437469
0.08352673798799515
0.08291932195425034
0.08206741511821747
0.08101581037044525
0.07981816679239273
0.07853356748819351
0.07722299546003342
0.07594573497772217
0.07475621253252029
0.07370112091302872
0.07281710207462311
0.07212917506694794
0.07164988666772842
0.07137918472290039
0.07130508124828339
0.07140492647886276
0.07164730876684189
0.07199430465698242
0.07240407913923264
0.07283355295658112
0.07324105501174927
0.07358869910240173
0.07384449988603592
0.07398391515016556
0.07399102300405502
0.07385897636413574
0.07358991354703903
0.07319436967372894
0.07269012928009033
0.07210078090429306
0.07145388424396515
0.07077902555465698
0.07010587304830551
0.06946230679750443
0.06887275725603104
0.06835686415433884
0.06792846322059631
0.06759506464004517
0.06735774874687195
0.06721143424510956
0.06714562326669693
0.06714531779289246
0.06719230860471725
0.06726653128862381
0.06734754145145416
0.06741581857204437
0.0674540176987648
0.06744802743196487
0.06738763302564621
0.06726702302694321
0.0670849084854126
0.06684428453445435
0.06655200570821762
0.06621804088354111
0.06585465371608734
0.06547535955905914
0.0650939866900444
0.06472364068031311
0.06437587738037109
0.0640600174665451
0.06378261744976044
0.06354718655347824
0.06335417181253433
0.06320106983184814
0.06308286637067795
0.06299246102571487
0.06292139738798141
0.06286048144102097
0.06280054152011871
0.06273302435874939
0.06265062838792801
0.0625477060675621
0.0624205619096756
0.06226759403944016
0.06208927184343338
0.0618879534304142
0.06166757643222809
0.06143328547477722
0.06119094416499138
0.06094666197896004
0.06070631742477417
0.06047516316175461
0.060257438570261
0.06005614623427391
0.05987290665507317
0.05970794335007668
0.05956015363335609
0.05942729115486145
0.05930621176958084
0.05919317528605461
0.05908417329192162
0.05897527560591698
0.05886289477348328
0.05874405056238174
0.05861654877662659
0.05847911536693573
0.05833138898015022
0.05817392095923424
0.05800803378224373
0.05783567205071449
0.05765920504927635
0.05748121067881584
0.0573042556643486
0.05713068321347237
0.05696244165301323
0.05680097639560699
0.05664714425802231
0.05650116875767708
0.05636269226670265
0.05623084679245949
0.05610435828566551
0.05598167330026627
0.05586113035678864
0.0557410828769207
0.05562002211809158
0.05549672245979309
0.0553702786564827
0.05524019151926041
0.05510634556412697
0.05496900901198387
0.05482876673340797
0.05468647181987762
0.05454311147332191
0.05439974367618561
0.05425741523504257
0.05411702021956444
0.0539793036878109
0.05384476482868195
0.05371364578604698
0.05358593538403511
0.05346138775348663
0.05333955585956573
0.05321986600756645
0.05310164391994476
0.05298421531915665
0.05286694318056107
0.05274927243590355
0.05263079330325127
0.05251124501228333
0.05239053443074226
0.05226873233914375
0.05214603245258331
0.05202275887131691
0.05189929530024529
0.05177606269717216
0.05165347084403038
0.05153188109397888
0.05141158774495125
0.051292784512043
0.0511755682528019
0.05105993151664734
0.05094575509428978
0.05083285644650459
0.05072099342942238
0.05060989782214165
0.05049927905201912
0.0503888763487339
0.05027846246957779
0.05016786977648735
0.05005697906017303
0.04994574189186096
0.04983416199684143
0.04972229525446892
0.04961021617054939
0.04949803650379181
0.04938584938645363
0.04927372559905052
0.04916170611977577
0.04904979467391968
0.04893793538212776
0.04882600530982018
0.04871382564306259
0.04860115051269531
0.04848768562078476
0.04837308824062347
0.04825696349143982
0.04813888669013977
0.04801840335130692
0.04789502546191216
0.04776822775602341
0.04763743653893471
0.04750202968716621
0.04736131802201271
0.04721454158425331
0.04706083610653877
0.04689923673868179
0.04672862216830254
0.04654773324728012
0.04635512456297874
0.04614917933940887
0.04592803865671158
0.04568963497877121
0.04543164744973183
0.0451514795422554
0.04484626278281212
0.04451280832290649
0.04414762184023857
0.04374684765934944
0.04330626130104065
0.042821254581213
0.04228678718209267
0.04169738292694092
0.04104709625244141
0.0403294712305069
0.03953753411769867
0.03866377100348473
0.0377000980079174
0.03663785010576248
0.03546776995062828
0.03417997807264328
0.0327640064060688
0.03120878152549267
0.02950264886021614
0.02763339690864086
0.02558827586472034
0.0233540553599596
0.02091706730425358
0.01826327107846737
0.01537834107875824
0.01224773935973644
0.008856839500367641
0.005191031377762556
0.001235862378962338
-0.003022808115929365
-0.007598645985126495
-0.01250465866178274
-0.0177529938519001
-0.02335472404956818
-0.02931961603462696
-0.03565589338541031
-0.04236997291445732
-0.04946620389819145
-0.05694659054279327
-0.06481052935123444
-0.07305449992418289
-0.0816718190908432
-0.09065234661102295
-0.09998223185539246
-0.1096436530351639
-0.1196146160364151
-0.129868745803833
-0.1403750628232956
-0.1510979235172272
-0.1619968712329865
-0.1730265766382217
-0.1841369271278381
-0.1952729523181915
-0.2063750624656677
-0.2173791974782944
-0.2282171249389648
-0.2388167083263397
-0.2491024434566498
-0.2589958906173706
-0.2684162259101868
-0.2772810459136963
-0.2855071127414703
-0.2930110096931458
-0.2997103631496429
-0.305524617433548
-0.3103762269020081
-0.3141916394233704
-0.3169026672840118
-0.3184475600719452
-0.3187722265720367
-0.3178315162658691
-0.3155903816223145
-0.3120250999927521
-0.3071243464946747
-0.3008901476860046
-0.2933388352394104
-0.2845018804073334
-0.2744263112545013
-0.2631752192974091
-0.250827968120575
-0.2374798059463501
-0.2232418358325958
-0.2082401514053345
-0.1926150023937225
-0.1765193790197372
-0.160117506980896
-0.1435828357934952
-0.127095952630043
-0.1108420118689537
-0.09500801563262939
-0.07977990061044693
-0.06533940136432648
-0.05186090618371964
-0.03950820863246918
-0.02843130193650723
-0.01876329630613327
-0.0106175122782588
-0.00408485159277916
0.0007685183663852513
0.003903063246980309
0.005307316314429045
0.004998792428523302
0.003024333855137229
-0.0005401388625614345
-0.005590484011918306
-0.01199581474065781
-0.01960057392716408
-0.02822718769311905
-0.03767924755811691
-0.04774517565965652
-0.05820228904485703
-0.06882119923830032
-0.07937043905258179
-0.08962122350931168
-0.09935227781534195
-0.1083545014262199
-0.1164355501532555
-0.1234240904450417
-0.129173681139946
-0.13356614112854
-0.136514276266098
-0.1379640698432922
-0.1378960609436035
-0.1363259106874466
-0.1333042234182358
-0.1289154440164566
-0.1232760176062584
-0.1165315881371498
-0.1088535264134407
-0.100434698164463
-0.09148465842008591
-0.08222434669733047
-0.07288035005331039
-0.06367903202772141
-0.05484046414494514
-0.04657262936234474
-0.03906578943133354
-0.03248732909560204
-0.02697722055017948
-0.02264424785971642
-0.01956309378147125
-0.01777242496609688
-0.01727401092648506
-0.01803296804428101
-0.01997907273471355
-0.0230091530829668
-0.02699046581983566
-0.03176496922969818
-0.03715434297919273
-0.04296565055847168
-0.04899739101529121
-0.05504580214619637
-0.06091118603944778
-0.06640410423278809
-0.07135115563869476
-0.07560024410486221
-0.07902509719133377
-0.0815289095044136
-0.08304702490568161
-0.08354855328798294
-0.08303681015968323
-0.08154866099357605
-0.07915274798870087
-0.07594659924507141
-0.07205286622047424
-0.06761465966701508
-0.06279025971889496
-0.05774734914302826
-0.05265697091817856
-0.04768740013241768
-0.04299822822213173
-0.03873482346534729
-0.03502335771918297
-0.03196661546826363
-0.02964074723422527
-0.02809302508831024
-0.0273407306522131
-0.02737121284008026
-0.02814303897321224
-0.02958826534450054
-0.03161566331982613
-0.0341147817671299
-0.03696070238947868
-0.04001924395561218
-0.04315242543816566
-0.04622399061918259
-0.0491047166287899
-0.05167736485600471
-0.0538410097360611
-0.0555146336555481
-0.05663983896374702
-0.05718258023262024
-0.05713384971022606
-0.05650931596755981
-0.05534796044230461
-0.05370976030826569
-0.05167257785797119
-0.04932832717895508
-0.04677868261933327
-0.04413041472434998
-0.04149070754647255
-0.03896249085664749
-0.03664014488458633
-0.03460565954446793
-0.03292543441057205
-0.03164787590503693
-0.03080184198915958
-0.03039601258933544
-0.03041919320821762
-0.03084149211645126
-0.03161630779504776
-0.03268303349614143
-0.03397032991051674
-0.03539974614977837
-0.03688962385058403
-0.03835897520184517
-0.0397312268614769
-0.0409376323223114
-0.04192021116614342
-0.04263407737016678
-0.04304907470941544
-0.0431506372988224
-0.0429399237036705
-0.04243310540914536
-0.04166003689169884
-0.0406622514128685
-0.03949049487709999
-0.03820184990763664
-0.03685668483376503
-0.03551552817225456
-0.03423604741692543
-0.03307030349969864
-0.03206236287951469
-0.03124639764428139
-0.03064536675810814
-0.03027033619582653
-0.03012040443718433
-0.03018326126039028
-0.03043631091713905
-0.03084828145802021
-0.03138123080134392
-0.03199280798435211
-0.03263867273926735
-0.03327491134405136
-0.03386033698916435
-0.03435854241251945
-0.03473962843418121
-0.03498149663209915
-0.03507068008184433
-0.03500267118215561
-0.03478176519274712
-0.03442038223147392
-0.03393804654479027
-0.03335995227098465
-0.0327153354883194
-0.03203565254807472
-0.03135274350643158
-0.03069702722132206
-0.03009588271379471
-0.0295722596347332
-0.02914360165596008
-0.02882113307714462
-0.02860953658819199
-0.02850699611008167
-0.02850563637912273
-0.02859226614236832
-0.02874941937625408
-0.02895656600594521
-0.02919146046042442
-0.02943152002990246
-0.02965516969561577
-0.02984303794801235
-0.02997898310422897
-0.03005088679492474
-0.03005114942789078
-0.02997690252959728
-0.02982993237674236
-0.02961631864309311
-0.02934584580361843
-0.02903122082352638
-0.02868712693452835
-0.02832924760878086
-0.0279732458293438
-0.02763381041586399
-0.02732381783425808
-0.02705363184213638
-0.02683059871196747
-0.02665878087282181
-0.02653886564075947
-0.02646832354366779
-0.02644173987209797
-0.02645131945610046
-0.02648751251399517
-0.02653971686959267
-0.02659701183438301
-0.02664885483682156
-0.02668574266135693
-0.02669975161552429
-0.0266849510371685
-0.02663767710328102
-0.02655662223696709
-0.02644279599189758
-0.02629930339753628
-0.0261310301721096
-0.02594421990215778
-0.02574597671627998
-0.02554374933242798
-0.02534482255578041
-0.02515583671629429
-0.02498240023851395
-0.02482877299189568
-0.02469766326248646
-0.02459014393389225
-0.02450568042695522
-0.0244422685354948
-0.02439665049314499
-0.02436462417244911
-0.02434138022363186
-0.02432186529040337
-0.02430114708840847
-0.02427474223077297
-0.02423888631165028
-0.02419075556099415
-0.02412859909236431
-0.02405178360641003
-0.02396078035235405
-0.02385704778134823
-0.02374286763370037
-0.02362113632261753
-0.02349511161446571
-0.02336817607283592
-0.02324358187615871
-0.02312422730028629
-0.02301247976720333
-0.02291003242135048
-0.02281784266233444
-0.02273610234260559
-0.02266427874565125
-0.02260119654238224
-0.02254517376422882
-0.02249416708946228
-0.02244595438241959
-0.02239829115569592
-0.02234909497201443
-0.02229657024145126
-0.02223932929337025
-0.02217645756900311
-0.02210755087435246
-0.0220327116549015
-0.02195250615477562
-0.02186788432300091
-0.02178009040653706
-0.02169054374098778
-0.02160072326660156
-0.02151205018162727
-0.02142579108476639
-0.02134296856820583
-0.02126429975032806
-0.02119017206132412
-0.02112062647938728
-0.02105538547039032
-0.02099389769136906
-0.02093539573252201
-0.02087897248566151
-0.02082366123795509
-0.02076850645244122
-0.02071264386177063
-0.02065535634756088
-0.02059611864387989
-0.02053462713956833
-0.02047080174088478
-0.02040477283298969
-0.02033687196671963
-0.02026757411658764
-0.02019745111465454
-0.02012713439762592
-0.02005723305046558
-0.01998831704258919
-0.01992085762321949
-0.01985519751906395
-0.01979153975844383
-0.01972994022071362
-0.01967031322419643
-0.01961244456470013
-0.01955602876842022
-0.01950068958103657
-0.01944602094590664
-0.01939162239432335
-0.01933712512254715
-0.01928222551941872
-0.01922669820487499
-0.01917041465640068
-0.01911334693431854
-0.01905554719269276
-0.01899715326726437
-0.01893836818635464
-0.01887943036854267
-0.01882060058414936
-0.0187621284276247
-0.0187042448669672
-0.01864712871611118
-0.01859091222286224
-0.01853566057980061
-0.01848137751221657
-0.0184280090034008
-0.01837545447051525
-0.01832357607781887
-0.01827220991253853
-0.01822118833661079
-0.01817035116255283
-0.0181195605546236
-0.01806870475411415
-0.01801770739257336
-0.01796653866767883
-0.01791520603001118
-0.01786375045776367
-0.01781224086880684
-0.01776076667010784
-0.01770943216979504
-0.01765833981335163
-0.01760758459568024
-0.01755724288523197
-0.01750737428665161
-0.01745801232755184
-0.01740916259586811
-0.01736080646514893
-0.01731290854513645
-0.01726541481912136
-0.01721825636923313
-0.01717136614024639
-0.01712468266487122
-0.01707814447581768
-0.0170317068696022
-0.01698533818125725
-0.01693902723491192
-0.01689277403056622
-0.01684659346938133
-0.01680051349103451
-0.01675456948578358
-0.01670880056917667
-0.01666324771940708
-0.01661794632673264
-0.01657292433083057
-0.01652820408344269
-0.01648379676043987
-0.01643970049917698
-0.01639590412378311
-0.01635239087045193
-0.01630913466215134
-0.0162661150097847
-0.01622330211102962
-0.01618067733943462
-0.01613821461796761
-0.01609589718282223
-0.01605371758341789
-0.01601167023181915
-0.01596975885331631
-0.0159279890358448
-0.01588637009263039
-0.01584491692483425
-0.01580364070832729
-0.01576255634427071
-0.01572167500853539
-0.01568100601434708
-0.01564055122435093
-0.01560031436383724
-0.01556029636412859
-0.01552049070596695
-0.01548088807612658
-0.01544147823005915
-0.01540225371718407
-0.01536320056766272
-0.01532430946826935
-0.01528557296842337
-0.01524698548018932
-0.01520854420959949
-0.01517024822533131
-0.01513209845870733
-0.01509410049766302
-0.01505625620484352
-0.01501857209950686
-0.01498105470091105
-0.01494370587170124
-0.01490653119981289
-0.01486952975392342
-0.01483270432800055
-0.01479605212807655
-0.01475957129150629
-0.01472325809299946
-0.01468710787594318
-0.01465111505240202
-0.01461527682840824
-0.01457958668470383
-0.01454404182732105
-0.01450864039361477
-0.01447337958961725
-0.01443825755268335
-0.01440327521413565
-0.01436843443661928
-0.01433373708277941
-0.0142991840839386
-0.01426477637141943
-0.0142305139452219
-0.01419639773666859
-0.01416242774575949
-0.01412860304117203
-0.01409492176026106
-0.01406138204038143
-0.0140279857441783
-0.0139947272837162
-0.01396160759031773
-0.01392862480133772
-0.01389577519148588
-0.01386305689811707
-0.01383047085255384
-0.01379801612347364
-0.01376569271087646
-0.01373349875211716
-0.01370143424719572
-0.01366949733346701
-0.01363768987357616
-0.01360601000487804
-0.0135744595900178
-0.01354303769767284
-0.01351174246519804
-0.01348057389259338
-0.01344952918589115
-0.01341861113905907
-0.01338781509548426
-0.0133571419864893
-0.01332659088075161
-0.01329616084694862
-0.01326585095375776
-0.01323566026985645
-0.01320558693259954
-0.01317563187330961
-0.01314579229801893
-0.01311606913805008
-0.01308646146208048
-0.01305696927011013
-0.01302759256213903
-0.01299832947552204
-0.0129691818729043
-0.01294014789164066
-0.01291122566908598
-0.01288241613656282
-0.01285371743142605
-0.01282512955367565
-0.01279665343463421
-0.012768286280334
-0.01274002902209759
-0.01271187886595726
-0.01268383581191301
-0.01265589892864227
-0.01262806635349989
-0.01260033994913101
-0.01257271878421307
-0.01254520285874605
-0.01251779124140739
-0.01249048206955194
-0.01246327627450228
-0.01243617292493582
-0.01240917202085257
-0.0123822707682848
-0.01235547102987766
-0.01232877094298601
-0.01230216957628727
-0.01227566692978144
-0.01224926393479109
-0.01222295872867107
-0.01219675317406654
-0.0121706435456872
-0.01214463263750076
-0.01211871765553951
-0.01209289766848087
-0.01206717267632484
-0.012041543610394
-0.01201600767672062
-0.01199056580662727
-0.01196521613746881
-0.01193995773792267
-0.01191479060798883
-0.01188971381634474
-0.01186472736299038
-0.01183983031660318
-0.01181502174586058
-0.01179030351340771
-0.01176567561924458
-0.01174113526940346
-0.01171668339520693
-0.01169231999665499
-0.01166804507374763
-0.01164385490119457
-0.01161975227296352
-0.01159573253244162
-0.01157179847359657
-0.01154795009642839
-0.01152418646961451
-0.01150050759315491
-0.01147691439837217
-0.01145340595394373
-0.01142998225986958
-0.01140664238482714
-0.01138338353484869
-0.01136020850390196
-0.01133711356669664
-0.01131409779191017
-0.01129116117954254
-0.0112683018669486
-0.01124552171677351
-0.01122281979769468
-0.01120019424706697
-0.01117764785885811
-0.01115517690777779
-0.01113278511911631
-0.01111047063022852
-0.01108823530375957
-0.01106607913970947
-0.01104399841278791
-0.01102199405431747
-0.01100006513297558
-0.01097821164876223
-0.01095643267035484
-0.01093472726643085
-0.01091309450566769
-0.01089153438806534
-0.01087004505097866
-0.01084863021969795
-0.01082728616893291
-0.0108060147613287
-0.0107848159968853
-0.01076368894428015
-0.01074263267219067
-0.01072164997458458
-0.01070073805749416
-0.01067989878356457
-0.01065913029015064
-0.01063842978328466
-0.01061779819428921
-0.0105972345918417
-0.01057673897594213
-0.01055631041526794
-0.01053594704717398
-0.01051564980298281
-0.01049541682004929
-0.01047524902969599
-0.01045514643192291
-0.01043511088937521
-0.01041513960808516
-0.01039523631334305
-0.01037539727985859
-0.01035562437027693
-0.01033591665327549
-0.01031627506017685
-0.01029669772833586
-0.01027718558907509
-0.01025773677974939
-0.01023835130035877
-0.01021903101354837
-0.0101997721940279
-0.0101805767044425
-0.0101614436134696
-0.01014237105846405
-0.01012335903942585
-0.01010440662503242
-0.01008551381528378
-0.01006667967885733
-0.01004790607839823
-0.0100291920825839
-0.01001053862273693
-0.009991943836212158
-0.009973407723009586
-0.009954929351806641
-0.009936511516571045
-0.009918151423335075
-0.009899850003421307
-0.009881606325507164
-0.009863421320915222
-0.009845294058322906
-0.009827224537730217
-0.009809213690459728
-0.009791260585188866
-0.009773362427949905
-0.009755519218742847
-0.009737730957567692
-0.009719997644424438
-0.009702318347990513
-0.009684693068265915
-0.009667122736573219
-0.009649604558944702
-0.009632140398025513
-0.009614730253815651
-0.009597373194992542
-0.009580070152878761
-0.009562822058796883
-0.009545625187456608
-0.009528483264148235
-0.009511395357549191
-0.009494361467659473
-0.009477380663156509
-0.009460452944040298
-0.009443576447665691
-0.009426752105355263
-0.009409978985786438
-0.009393255226314068
-0.009376580826938152
-0.009359956718981266
-0.009343381971120834
-0.009326854720711708
-0.009310376830399036
-0.009293949231505394
-0.009277570061385632
-0.009261240251362324
-0.009244960732758045
-0.009228729642927647
-0.009212547913193703
-0.009196416474878788
-0.009180333465337753
-0.009164299815893173
-0.009148312732577324
-0.00913237314671278
-0.009116481058299541
-0.009100636467337608
-0.009084837511181831
-0.009069083258509636
-0.009053376503288746
-0.009037716314196587
-0.009022100828588009
-0.009006531909108162
-0.008991009555757046
-0.00897553376853466
-0.008960104547441006
-0.008944720029830933
-0.008929379284381866
-0.008914083242416382
-0.008898830972611904
-0.008883624337613583
-0.008868462406098843
-0.008853345178067684
-0.008838270790874958
-0.008823240175843239
-0.008808252401649952
-0.008793309330940247
-0.008778409101068974
-0.008763552643358707
-0.008748738095164299
-0.008733966387808323
-0.008719236589968204
-0.008704548701643944
-0.008689901791512966
-0.008675297722220421
-0.008660734631121159
-0.008646213449537754
-0.008631733246147633
-0.008617294020950794
-0.008602895773947239
-0.008588539436459541
-0.008574225008487701
-0.008559951558709145
-0.008545719087123871
-0.008531526662409306
-0.008517375215888023
-0.008503261022269726
-0.008489187806844711
-0.008475153706967831
-0.008461157791316509
-0.008447200991213322
-0.008433283306658268
-0.008419404737651348
-0.008405567146837711
-0.008391768671572208
-0.008378009311854839
-0.008364287205040455
-0.00835060328245163
-0.008336958475410938
-0.008323350921273232
-0.008309779688715935
-0.008296245709061623
-0.008282748982310295
-0.008269289508461952
-0.008255866356194019
-0.008242479525506496
-0.008229129947721958
-0.008215815760195255
-0.008202539756894112
-0.008189301006495953
-0.008176097646355629
-0.00816293153911829
-0.008149802684783936
-0.008136709220707417
-0.008123651146888733
-0.008110629394650459
-0.008097642101347446
-0.008084692060947418
-0.008071776479482651
-0.008058895356953144
-0.008046048693358898
-0.008033236488699913
-0.008020459674298763
-0.008007717318832874
-0.007995009422302246
-0.007982335053384304
-0.007969694212079048
-0.007957087829709053
-0.007944515906274319
-0.007931977510452271
-0.007919472642242908
-0.007907001301646233
-0.007894562557339668
-0.007882155478000641
-0.007869780994951725
-0.007857438176870346
-0.007845127023756504
-0.007832848466932774
-0.007820602506399155
-0.00780838867649436
-0.007796206511557102
-0.007784057874232531
-0.00777194369584322
-0.00775986211374402
-0.007747814990580082
-0.007735800463706255
-0.007723818998783827
-0.007711869198828936
-0.007699950132519007
-0.007688062265515327
-0.007676204666495323
-0.007664377335458994
-0.00765258027240634
-0.007640813011676073
-0.007629075553268194
-0.00761736836284399
-0.007605691906064749
-0.00759404618293047
-0.00758243165910244
-0.007570846471935511
-0.007559291552752256
-0.007547765970230103
-0.007536270655691624
-0.007524803746491671
-0.007513365242630243
-0.007501956541091204
-0.007490575779229403
-0.007479223422706127
-0.007467900402843952
-0.00745660625398159
-0.007445340976119041
-0.007434104103595018
-0.007422896102070808
-0.007411717902868986
-0.007400568574666977
-0.007389448117464781
-0.007378356531262398
-0.007367293816059828
-0.007356260437518358
-0.007345256395637989
-0.007334280293434858
-0.007323331665247679
-0.007312409579753876
-0.007301514968276024
-0.007290647365152836
-0.007279805839061737
-0.007268990390002728
-0.007258201949298382
-0.007247439585626125
-0.007236704230308533
-0.007225995883345604
-0.007215313613414764
-0.007204658351838589
-0.007194030564278364
-0.007183430250734091
-0.007172857876867056
-0.007162313442677259
-0.007151795085519552
-0.007141304202377796
-0.007130840327590704
-0.007120401598513126
-0.007109988480806351
-0.00709960050880909
-0.007089235819876194
-0.007078895345330238
-0.00706857955083251
-0.007058287039399147
-0.007048019673675299
-0.007037776056677103
-0.007027558051049709
-0.007017365656793118
-0.007007199339568615
-0.006997058633714914
-0.006986944936215878
-0.006976856384426355
-0.006966792978346348
-0.006956754252314568
-0.006946740671992302
-0.006936750840395689
-0.006926785688847303
-0.00691684428602457
-0.00690692663192749
-0.00689703319221735
-0.006887163035571575
-0.006877316627651453
-0.006867494434118271
-0.006857695989310741
-0.006847920827567577
-0.006838169880211353
-0.006828442681580782
-0.006818739231675863
-0.006809059996157885
-0.006799404509365559
-0.006789772771298885
-0.006780162919312716
-0.006770575419068336
-0.006761010270565748
-0.006751467939466238
-0.006741947960108519
-0.006732449401170015
-0.006722972262650728
-0.006713516544550657
-0.006704082246869802
-0.006694668438285589
-0.006685276981443167
-0.006675906479358673
-0.006666557863354683
-0.006657231599092484
-0.006647928152233362
-0.006638647522777319
-0.006629389245063066
-0.006620153784751892
-0.006610941141843796
-0.006601750385016203
-0.006592581048607826
-0.006583433598279953
-0.006574306637048721
-0.006565201561897993
-0.006556117441505194
-0.00654705474153161
-0.006538012996315956
-0.006528993602842093
-0.00651999656111002
-0.006511020474135876
-0.006502065341919661
-0.006493131164461374
-0.006484217010438442
-0.006475323811173439
-0.00646645063534379
-0.006457597948610783
-0.006448764353990555
-0.006439950317144394
-0.0064311558380723
-0.00642238138243556
-0.006413626950234175
-0.006404892541468143
-0.006396178156137466
-0.006387484259903431
-0.006378811318427324
-0.006370159331709146
-0.006361526902765036
-0.006352914962917566
-0.006344322115182877
-0.006335748825222254
-0.006327195093035698
-0.006318660452961922
-0.006310144439339638
-0.006301647517830133
-0.006293169688433409
-0.006284710951149464
-0.006276270374655724
-0.006267847958952188
-0.006259444635361433
-0.00625105993822217
-0.006242693401873112
-0.006234345026314259
-0.006226015742868185
-0.006217704154551029
-0.006209411192685366
-0.006201137322932482
-0.00619288207963109
-0.006184645462781191
-0.006176427006721497
-0.006168228108435869
-0.006160048302263021
-0.006151887588202953
-0.006143745966255665
-0.006135623902082443
-0.006127519998699427
-0.00611943518742919
-0.00611136807128787
-0.006103319115936756
-0.00609528785571456
-0.006087273824959993
-0.00607927655801177
-0.006071295123547316
-0.006063329987227917
-0.006055382546037436
-0.006047452799975872
-0.006039540283381939
-0.006031645461916924
-0.006023768801242113
-0.00601590983569622
-0.00600806949660182
-0.006000246852636337
-0.005992441903799772
-0.00598465371876955
-0.005976882297545671
-0.005969126708805561
-0.005961388815194368
-0.005953666754066944
-0.005945960525423288
-0.005938270129263401
-0.005930596031248569
-0.005922938231378794
-0.005915297660976648
-0.005907673854380846
-0.005900067742913961
-0.00589247839525342
-0.005884905811399221
-0.005877350457012653
-0.005869811866432428
-0.005862289573997259
-0.005854782648384571
-0.005847290623933077
-0.005839813500642776
-0.005832352209836245
-0.005824905820190907
-0.00581747479736805
-0.005810059141367674
-0.005802659317851067
-0.005795275326818228
-0.005787907168269157
-0.005780556239187717
-0.005773221142590046
-0.005765903275460005
-0.005758602172136307
-0.005751317366957664
-0.005744047928601503
-0.005736795254051685
-0.005729557946324348
-0.005722336005419493
-0.005715128965675831
-0.00570793729275465
-0.005700760055333376
-0.005693596787750721
-0.005686447490006685
-0.005679312627762556
-0.005672192666679621
-0.005665086675435305
-0.00565799418836832
-0.005650914739817381
-0.005643848329782486
-0.005636796355247498
-0.005629757419228554
-0.005622733384370804
-0.005615724250674248
-0.005608730483800173
-0.005601752083748579
-0.005594789050519466
-0.005587842781096697
-0.005580912344157696
-0.00557399820536375
-0.005567099899053574
-0.005560216493904591
-0.005553348455578089
-0.005546495318412781
-0.005539657082408667
-0.005532832350581884
-0.005526021122932434
-0.005519223865121603
-0.005512440111488104
-0.005505670327693224
-0.005498913582414389
-0.005492170806974173
-0.005485441535711288
-0.005478725302964449
-0.005472023040056229
-0.005465334746986628
-0.005458660423755646
-0.005451998673379421
-0.005445349961519241
-0.005438714288175106
-0.005432091187685728
-0.005425481125712395
-0.005418883636593819
-0.005412299185991287
-0.005405728239566088
-0.005399171262979507
-0.005392627790570259
-0.00538609828799963
-0.005379583220928907
-0.005373081658035517
-0.005366594064980745
-0.005360119976103306
-0.005353658925741911
-0.005347211845219135
-0.005340776406228542
-0.005334354005753994
-0.005327943712472916
-0.005321545526385307
-0.005315159913152456
-0.005308785941451788
-0.005302423611283302
-0.005296073853969574
-0.005289736669510603
-0.005283412523567677
-0.00527710048481822
-0.005270801950246096
-0.005264516454190016
-0.005258243996649981
-0.005251983646303415
-0.005245736334472895
-0.005239501129835844
-0.005233279429376125
-0.005227070767432451
-0.005220874212682247
-0.005214691627770662
-0.00520852068439126
-0.005202362313866615
-0.005196216516196728
-0.00519008282572031
-0.005183960776776075
-0.005177850835025311
-0.005171752534806728
-0.005165665410459042
-0.005159589927643538
-0.005153526086360216
-0.005147473886609077
-0.005141433328390121
-0.005135404411703348
-0.005129386205226183
-0.005123380105942488
-0.005117385648190975
-0.005111401900649071
-0.005105430260300636
-0.005099470727145672
-0.005093522369861603
-0.005087586585432291
-0.005081662442535162
-0.005075750406831503
-0.005069849546998739
-0.005063959863036871
-0.005058081820607185
-0.005052215419709682
-0.005046360660344362
-0.005040517542511225
-0.005034685134887695
-0.005028863437473774
-0.005023053847253323
-0.005017255898565054
-0.005011468660086393
-0.005005693063139915
-0.00499992910772562
-0.00499417632818222
-0.004988434724509716
-0.004982704296708107
-0.004976984579116106
-0.004971275571733713
-0.004965577740222216
-0.004959890618920326
-0.004954213742166758
-0.004948547575622797
-0.004942892584949732
-0.004937248304486275
-0.004931614734232426
-0.004925991874188185
-0.004920380190014839
-0.004914778750389814
-0.004909188486635685
-0.004903608467429876
-0.004898038692772388
-0.004892479162663221
-0.004886930342763662
-0.004881391301751137
-0.004875862970948219
-0.004870344419032335
-0.004864835180342197
-0.004859336651861668
-0.004853847902268171
-0.004848369862884283
-0.004842901602387428
-0.004837443586438894
-0.004831996280699968
-0.00482655968517065
-0.004821133799850941
-0.004815718159079552
-0.004810313228517771
-0.004804918076843023
-0.004799533169716597
-0.004794157575815916
-0.004788791295140982
-0.004783434327691793
-0.004778086673468351
-0.004772748798131943
-0.00476742023602128
-0.004762101452797651
-0.00475679337978363
-0.00475149555131793
-0.004746207967400551
-0.00474093109369278
-0.004735664930194616
-0.004730409011244774
-0.004725163802504539
-0.004719928838312626
-0.004714703653007746
-0.004709488712251186
-0.00470428355038166
-0.004699087701737881
-0.004693901166319847
-0.00468872394412756
-0.004683555103838444
-0.004678394645452499
-0.004673243965953588
-0.004668101668357849
-0.004662968218326569
-0.004657844081521034
-0.004652729723602533
-0.004647625610232353
-0.004642531275749207
-0.004637446720153093
-0.004632371943444014
-0.004627307411283255
-0.004622253123670816
-0.004617208149284124
-0.004612172488123178
-0.004607146140187979
-0.004602127708494663
-0.004597117193043232
-0.004592114593833685
-0.004587118979543447
-0.004582131281495094
-0.004577151965349913
-0.004572182428091764
-0.004567221272736788
-0.004562269430607557
-0.004557326901704073
-0.004552393686026335
-0.004547469783574343
-0.004542555194348097
-0.004537648987025023
-0.004532752092927694
-0.004527863580733538
-0.004522984381765127
-0.004518113099038601
-0.004513250198215246
-0.004508396610617638
-0.004503551870584488
-0.004498716443777084
-0.004493889398872852
-0.004489071201533079
-0.004484261851757765
-0.004479461815208197
-0.004474671091884375
-0.004469889216125011
-0.004465116653591394
-0.004460352472960949
-0.004455596674233675
-0.004450849257409573
-0.004446109756827354
-0.00444137817248702
-0.004436654504388571
-0.004431938752532005
-0.004427230916917324
-0.004422530997544527
-0.00441783806309104
-0.004413153976202011
-0.004408477805554867
-0.004403810948133469
-0.004399152006953955
-0.004394501447677612
-0.004389859735965729
-0.004385226406157017
-0.004380602389574051
-0.004375985823571682
-0.004371378105133772
-0.004366778768599033
-0.004362187348306179
-0.004357602912932634
-0.004353025928139687
-0.004348456393927336
-0.004343894310295582
-0.004339339677244425
-0.004334792494773865
-0.004330252762883902
-0.004325720481574535
-0.004321195650845766
-0.004316678270697594
-0.004312169272452593
-0.004307667724788189
-0.004303174559026957
-0.004298689309507608
-0.004294211976230145
-0.004289742093533278
-0.004285280592739582
-0.004280827473849058
-0.004276382736861706
-0.004271946381777525
-0.004267517942935228
-0.004263096954673529
-0.004258683882653713
-0.004254279192537069
-0.00424988241866231
-0.004245492164045572
-0.004241109825670719
-0.004236734937876463
-0.004232367035001516
-0.004228006582707167
-0.004223654512315989
-0.00421930942684412
-0.004214971791952848
-0.004210641607642174
-0.004206318408250809
-0.004202002193778753
-0.004197692964226007
-0.004193391185253859
-0.004189096856862307
-0.004184809047728777
-0.004180528689175844
-0.004176255781203508
-0.004171990323811769
-0.00416773185133934
-0.004163480829447508
-0.004159236792474985
-0.004154999740421772
-0.004150769207626581
-0.004146545194089413
-0.004142328631132841
-0.004138118587434292
-0.004133915994316339
-0.004129720851778984
-0.004125532228499651
-0.004121350590139627
-0.004117175936698914
-0.004113007802516222
-0.004108847118914127
-0.00410469388589263
-0.004100546706467867
-0.004096407443284988
-0.00409227516502142
-0.004088150337338448
-0.004084032960236073
-0.00407992210239172
-0.004075818695127964
-0.004071721807122231
-0.004067631904035807
-0.004063548520207405
-0.004059471655637026
-0.004055401310324669
-0.004051337484270334
-0.004047280177474022
-0.004043229389935732
-0.004039185121655464
-0.004035147838294506
-0.004031118005514145
-0.004027095157653093
-0.004023079294711351
-0.004019070882350206
-0.004015069920569658
-0.00401107594370842
-0.004007088020443916
-0.004003106616437435
-0.003999132197350264
-0.003995164297521114
-0.0039912024512887
-0.003987246192991734
-0.003983295522630215
-0.003979349974542856
-0.003975409083068371
-0.003971472848206758
-0.003967542666941881
-0.003963619004935026
-0.003959700930863619
-0.003955789376050234
-0.003951884806156158
-0.003947987221181393
-0.003944097086787224
-0.003940214868634939
-0.003936341032385826
-0.00393247464671731
-0.003928615245968103
-0.003924762830138206
-0.003920916933566332
-0.00391707569360733
-0.003913240972906351
-0.003909411374479532
-0.003905587596818805
-0.003901769407093525
-0.003897956805303693
-0.003894149325788021
-0.003890347899869084
-0.003886551829054952
-0.003882762044668198
-0.003878978546708822
-0.003875201335176826
-0.003871430875733495
-0.00386766716837883
-0.003863910213112831
-0.003860159311443567
-0.003856414929032326
-0.003852676367387176
-0.00384894385933876
-0.003845217172056437
-0.003841496305540204
-0.003837781259790063
-0.003834072034806013
-0.003830368863418698
-0.003826671745628119
-0.003822980681434274
-0.003819295670837164
-0.003815616481006145
-0.003811943111941218
-0.003808275330811739
-0.003804613370448351
-0.003800957230851054
-0.003797306679189205
-0.003793662181124091
-0.003790023270994425
-0.003786389948800206
-0.003782762680202723
-0.003779140766710043
-0.003775524673983455
-0.003771914169192314
-0.003768309252336621
-0.003764709457755089
-0.00376111501827836
-0.003757525468245149
-0.003753941506147385
-0.003750362666323781
-0.003746788948774338
-0.003743220586329699
-0.003739657811820507
-0.003736100858077407
-0.003732549957931042
-0.003729005344212055
-0.003725466784089804
-0.003721934743225574
-0.003718409221619368
-0.003714889986440539
-0.003711376572027802
-0.00370786851271987
-0.003704365575686097
-0.003700867295265198
-0.003697373671457171
-0.003693884937092662
-0.003690401092171669
-0.003686922136694193
-0.003683448303490877
-0.003679980058223009
-0.003676517633721232
-0.003673061029985547
-0.003669610014185309
-0.00366616528481245
-0.00366272684186697
-0.003659293986856937
-0.00365586718544364
-0.003652445739135146
-0.0036490298807621
-0.003645618911832571
-0.003642213298007846
-0.003638812573626637
-0.003635416971519589
-0.003632025793194771
-0.003628639504313469
-0.003625258104875684
-0.003621881827712059
-0.003618510207161307
-0.003615143708884716
-0.003611782100051641
-0.003608424915000796
-0.003605072153732181
-0.003601724281907082
-0.003598381066694856
-0.003595042740926147
-0.00359170907177031
-0.003588380524888635
-0.003585057100281119
-0.003581738565117121
-0.003578425850719213
-0.003575118258595467
-0.003571816487237811
-0.003568520303815603
-0.003565229941159487
-0.003561945399269462
-0.003558666445314884
-0.003555393312126398
-0.003552125534042716
-0.003548862878233194
-0.003545605577528477
-0.003542353631928563
-0.003539106342941523
-0.003535863477736712
-0.003532624803483486
-0.003529390320181847
-0.003526160260662436
-0.003522934159263968
-0.003519712015986443
-0.003516494296491146
-0.003513281000778079
-0.003510072128847241
-0.003506867913529277
-0.003503669053316116
-0.00350047554820776
-0.003497286699712276
-0.003494103671982884
-0.003490925999358296
-0.003487753449007869
-0.003484586253762245
-0.003481424413621426
-0.003478267230093479
-0.003475114936009049
-0.003471967065706849
-0.003468823386356235
-0.003465684596449137
-0.003462549764662981
-0.003459419123828411
-0.003456292673945427
-0.003453170647844672
-0.003450052812695503
-0.00344693916849792
-0.003443829948082566
-0.003440725384280086
-0.003437625477090478
-0.003434530226513743
-0.003431439632549882
-0.003428353695198894
-0.003425272414460778
-0.00342219602316618
-0.003419124055653811
-0.003416056744754314
-0.003412993857637048
-0.003409935627132654
-0.003406881587579846
-0.003403831971809268
-0.003400787012651563
-0.00339774671010673
-0.003394710598513484
-0.003391678910702467
-0.003388651646673679
-0.003385629039257765
-0.00338261085562408
-0.003379597095772624
-0.003376587759703398
-0.003373582847416401
-0.003370582358911633
-0.003367586294189095
-0.003364594653248787
-0.003361607668921351
-0.003358625341206789
-0.003355647204443812
-0.003352673724293709
-0.003349704667925835
-0.003346740268170834
-0.003343780525028706
-0.003340825438499451
-0.003337875008583069
-0.003334929002448916
-0.00333198718726635
-0.003329049795866013
-0.003326116595417261
-0.003323187353089452
-0.003320262068882585
-0.003317340742796659
-0.003314423374831676
-0.003311510197818279
-0.003308600746095181
-0.003305694786831737
-0.003302792552858591
-0.003299894277006388
-0.003296999959275126
-0.003294109832495451
-0.003291224129498005
-0.003288342617452145
-0.00328546529635787
-0.003282592399045825
-0.003279723692685366
-0.003276859410107136
-0.003273999318480492
-0.003271143883466721
-0.003268292406573892
-0.003265445353463292
-0.003262602956965566
-0.003259764285758138
-0.003256930038332939
-0.003254099981859326
-0.003251273883506656
-0.003248451510444283
-0.003245633328333497
-0.003242818638682365
-0.00324000813998282
-0.003237201133742929
-0.003234397852793336
-0.003231598064303398
-0.003228802233934402
-0.003226010128855705
-0.00322322198189795
-0.003220437560230494
-0.003217656863853335
-0.003214880125597119
-0.003212107578292489
-0.003209338989108801
-0.003206574358046055
-0.003203813685104251
-0.003201056970283389
-0.003198303980752826
-0.003195555182173848
-0.003192810574546456
-0.003190069459378719
-0.003187332302331924
-0.003184598870575428
-0.003181869629770517
-0.003179144114255905
-0.003176422789692879
-0.003173705190420151
-0.003170991549268365
-0.003168282099068165
-0.003165576839819551
-0.003162875538691878
-0.003160178195685148
-0.003157484577968717
-0.003154794918373227
-0.003152108984068036
-0.0031494265422225
-0.003146747360005975
-0.003144071204587817
-0.003141398075968027
-0.003138728206977248
-0.00313606159761548
-0.003133398247882724
-0.003130738390609622
-0.003128082258626819
-0.003125430084764957
-0.003122782334685326
-0.003120139008387923
-0.00311750010587275
-0.003114865627139807
-0.003112235106527805
-0.00310960877686739
-0.003106986405327916
-0.003104367991909385
-0.003101752838119864
-0.003099141176789999
-0.003096533007919788
-0.003093928331509233
-0.003091326216235757
-0.003088726894930005
-0.003086130833253264
-0.003083537565544248
-0.003080947557464242
-0.003078361041843891
-0.003075778251513839
-0.003073199186474085
-0.003070624312385917
-0.003068053163588047
-0.003065485972911119
-0.003062922740355134
-0.003060363233089447
-0.003057807683944702
-0.003055255627259612
-0.003052707063034177
-0.003050161525607109
-0.003047619480639696
-0.003045080928131938
-0.003042545635253191
-0.003040013602003455
-0.00303748482838273
-0.003034958615899086
-0.003032435430213809
-0.0030299152713269
-0.003027398837730289
-0.003024885430932045
-0.003022375283762813
-0.003019868629053235
-0.003017365233972669
-0.003014865331351757
-0.003012368688359857
-0.003009875304996967
-0.003007385181263089
-0.00300489878281951
-0.003002416109666228
-0.002999936928972602
-0.002997461473569274
-0.002994989743456244
-0.002992521971464157
-0.002990058157593012
-0.002987598069012165
-0.002985141705721617
-0.002982688834890723
-0.002980239223688841
-0.002977793104946613
-0.002975350245833397
-0.002972910413518548
-0.002970473608002067
-0.002968039596453309
-0.002965608146041632
-0.002963179489597678
-0.002960753627121449
-0.002958330791443586
-0.002955910749733448
-0.002953493501991034
-0.002951079746708274
-0.002948669483885169
-0.002946262480691075
-0.002943858969956636
-0.002941458951681852
-0.002939063124358654
-0.002936670789495111
-0.002934281947091222
-0.002931896597146988
-0.002929514274001122
-0.002927134977653623
-0.00292475800961256
-0.002922384301200509
-0.002920013386756182
-0.002917645266279578
-0.002915279939770699
-0.002912917640060186
-0.002910558367148042
-0.002908202586695552
-0.002905850065872073
-0.002903501270338893
-0.00290115550160408
-0.002898812992498279
-0.002896473743021488
-0.002894137753173709
-0.002891804091632366
-0.002889473689720035
-0.002887146314606071
-0.00288482173345983
-0.00288249971345067
-0.002880180487409234
-0.002877864520996809
-0.002875551814213395
-0.002873241901397705
-0.002870935248211026
-0.002868631854653358
-0.002866330789402127
-0.002864033216610551
-0.002861738437786698
-0.002859446685761213
-0.002857158193364739
-0.002854872494935989
-0.00285259005613625
-0.002850310644134879
-0.002848034491762519
-0.002845760900527239
-0.002843490103259683
-0.00284122209995985
-0.002838957356289029
-0.002836695639416575
-0.002834436949342489
-0.002832181286066771
-0.002829928416758776
-0.002827678108587861
-0.00282543059438467
-0.002823186339810491
-0.002820944646373391
-0.002818705746904016
-0.002816469175741076
-0.002814235165715218
-0.002812003949657083
-0.002809775527566671
-0.002807550365105271
-0.002805328462272882
-0.002803110051900148
-0.002800895133987069
-0.002798683708533645
-0.002796475077047944
-0.002794269938021898
-0.002792068058624864
-0.002789868973195553
-0.002787672681733966
-0.002785479184240103
-0.00278328824788332
-0.00278109940700233
-0.002778913360089064
-0.002776729874312878
-0.002774549182504416
-0.002772371284663677
-0.002770196180790663
-0.002768024336546659
-0.00276585528627038
-0.002763689495623112
-0.002761526498943567
-0.002759366296231747
-0.002757209120318294
-0.002755054505541921
-0.002752902219071984
-0.002750752260908484
-0.002748604398220778
-0.002746458631008863
-0.002744314726442099
-0.002742172917351127
-0.002740033436566591
-0.002737896516919136
-0.002735762391239405
-0.002733631059527397
-0.002731502521783113
-0.002729377243667841
-0.002727254992350936
-0.002725135767832398
-0.002723019802942872
-0.002720906864851713
-0.002718796953558922
-0.002716690069064498
-0.002714586211368442
-0.002712484914809465
-0.002710385946556926
-0.002708289306610823
-0.0027061952278018
-0.002704103710129857
-0.002702014753594995
-0.002699928358197212
-0.002697844756767154
-0.002695764414966106
-0.002693686867132783
-0.00269161188043654
-0.002689539920538664
-0.002687470521777868
-0.002685403684154153
-0.002683339640498161
-0.002681277692317963
-0.002679217839613557
-0.002677160082384944
-0.00267510418780148
-0.00267305038869381
-0.002670998685061932
-0.002668948844075203
-0.002666901331394911
-0.002664856612682343
-0.002662814687937498
-0.002660775789991021
-0.002658739686012268
-0.002656706841662526
-0.002654677722603083
-0.002652651397511363
-0.002650628099218011
-0.002648607594892383
-0.002646589884534478
-0.002644574968144298
-0.002642562380060554
-0.002640551654621959
-0.0026385432574898
-0.002636536955833435
-0.002634532516822219
-0.002632530173286796
-0.002630530158057809
-0.002628532703965902
-0.002626537345349789
-0.002624544780701399
-0.002622554311528802
-0.002620566403493285
-0.002618580823764205
-0.002616598038002849
-0.002614617580547929
-0.002612639684230089
-0.002610664581879973
-0.002608692040666938
-0.002606721827760339
-0.002604754408821464
-0.002602789551019669
-0.002600827720016241
-0.002598868915811181
-0.002596912439912558
-0.002594958757981658
-0.002593007637187839
-0.002591058611869812
-0.002589111682027578
-0.002587167313322425
-0.002585225272923708
-0.002583284629508853
-0.002581346081569791
-0.002579409396275878
-0.002577473875135183
-0.002575539750978351
-0.002573607256636024
-0.002571676857769489
-0.002569748554378748
-0.002567822346463799
-0.002565898234024644
-0.002563976217061281
-0.002562056994065642
-0.002560141030699015
-0.002558228094130754
-0.002556318184360862
-0.002554411767050624
-0.002552508376538754
-0.002550607547163963
-0.002548709278926253
-0.002546813106164336
-0.002544919261708856
-0.002543027512729168
-0.002541137393563986
-0.002539249369874597
-0.002537363208830357
-0.002535479608923197
-0.002533598337322474
-0.00253171962685883
-0.002529843244701624
-0.002527969423681498
-0.002526098396629095
-0.002524229930713773
-0.002522363793104887
-0.002520500216633081
-0.002518639201298356
-0.002516779815778136
-0.002514922758564353
-0.002513067796826363
-0.002511214697733521
-0.00250936346128583
-0.002507513621822
-0.002505665877833962
-0.002503819530829787
-0.002501974813640118
-0.002500132424756885
-0.002498292364180088
-0.002496454631909728
-0.002494619460776448
-0.002492786850780249
-0.002490956569090486
-0.002489128848537803
-0.002487303921952844
-0.002485481789335608
-0.002483662450686097
-0.00248184590600431
-0.002480031922459602
-0.002478220500051975
-0.002476411638781428
-0.002474605338647962
-0.002472801599651575
-0.002471000188961625
-0.002469201572239399
-0.002467405516654253
-0.002465612022206187
-0.002463820623233914
-0.002462031785398722
-0.002460245275869966
-0.00245846132747829
-0.002456679940223694
-0.002454901114106178
-0.00245312531478703
-0.00245135254226625
-0.002449582796543837
-0.002447816543281078
-0.002446053782477975
-0.00244429474696517
-0.00244253920391202
-0.002440787618979812
-0.002439039759337902
-0.002437296090647578
-0.002435556380078197
-0.002433820860460401
-0.002432089764624834
-0.002430363092571497
-0.002428641077131033
-0.002426923718303442
-0.002425211481750011
-0.002423504134640098
-0.002421802375465631
-0.002420105971395969
-0.002418415388092399
-0.002416730858385563
-0.002415052615106106
-0.002413381123915315
-0.002411716617643833
-0.002410058863461018
-0.002408408559858799
-0.00240676524117589
-0.002405129605904222
-0.002403501654043794
-0.002401881851255894
-0.002400270197540522
-0.002398666460067034
-0.002397071337327361
-0.00239548459649086
-0.002393907168880105
-0.002392338588833809
-0.002390779089182615
-0.002389228902757168
-0.002387687563896179
-0.002386155305430293
-0.002384632593020797
-0.002383118262514472
-0.00238161301240325
-0.002380116377025843
-0.002378627890720963
-0.002377147786319256
-0.002375675132498145
-0.002374209929257631
-0.002372751710936427
-0.00237130094319582
-0.002369856694713235
-0.002368419198319316
-0.002366987522691488
-0.002365561667829752
-0.002364140469580889
-0.002362723462283611
-0.002361309714615345
-0.002359898062422872
-0.002358488272875547
-0.00235707825049758
-0.002355667762458324
-0.002354254713281989
-0.002352838404476643
-0.002351417206227779
-0.002349990420043468
-0.002348556648939848
-0.002347115660086274
-0.002345666056498885
-0.002344206441193819
-0.002342736115679145
-0.002341253915801644
-0.002339758910238743
-0.002338250167667866
-0.002336726523935795
-0.002335187047719955
-0.002333630574867129
-0.002332056639716029
-0.002330464776605368
-0.00232885405421257
-0.002327224472537637
-0.00232557556591928
-0.002323907800018787
-0.002322220709174871
-0.00232051475904882
-0.002318790648132563
-0.002317049074918032
-0.002315290737897158
-0.002313516801223159
-0.00231172819621861
-0.00230992678552866
-0.002308113500475883
-0.002306290669366717
-0.002304460154846311
-0.002302624052390456
-0.002300783758983016
-0.002298942068591714
-0.002297101076692343
-0.002295263111591339
-0.00229343120008707
-0.00229160743765533
-0.002289795083925128
-0.002287996001541615
-0.002286213217303157
-0.002284448826685548
-0.002282705856487155
-0.002280986867845058
-0.002279293723404408
-0.002277628285810351
-0.002275991719216108
-0.002274385653436184
-0.002272811019793153
-0.002271269215270877
-0.002269760007038713
-0.002268283627927303
-0.002266839845106006
-0.002265428192913532
-0.002264047507196665
-0.002262697089463472
-0.002261375309899449
-0.002260080305859447
-0.002258810680359602
-0.002257564105093479
-0.002256338484585285
-0.002255131024867296
-0.002253939164802432
-0.002252760343253613
-0.002251591067761183
-0.002250428311526775
-0.002249268349260092
-0.002248108154162765
-0.002246943768113852
-0.002245771931484342
-0.002244589850306511
-0.002243394032120705
-0.002242181682959199
-0.002240950474515557
-0.002239698078483343
-0.002238422865048051
-0.002237123204395175
-0.002235798630863428
-0.002234448445960879
-0.002233072184026241
-0.002231670776382089
-0.002230244688689709
-0.00222879508510232
-0.002227323595434427
-0.00222583138383925
-0.00222432054579258
-0.002222793409600854
-0.002221252769231796
-0.002219701651483774
-0.002218143083155155
-0.00221658032387495
-0.002215016866102815
-0.002213456435129046
-0.002211902756243944
-0.002210359089076519
-0.002208828926086426
-0.002207315061241388
-0.002205820521339774
-0.002204347401857376
-0.002202898031100631
-0.0022014738060534
-0.00220007635653019
-0.00219870638102293
-0.002197363646700978
-0.002196048153564334
-0.002194758970290422
-0.002193495398387313
-0.002192255575209856
-0.002191037870943546
-0.002189839724451303
-0.002188659040257335
-0.002187492791563272
-0.002186337718740106
-0.00218519102782011
-0.002184048993512988
-0.002182908123359084
-0.002181765157729387
-0.002180616138502955
-0.002179458504542708
-0.002178289229050279
-0.002177104819566011
-0.002175903413444757
-0.002174682449549437
-0.002173440298065543
-0.002172175562009215
-0.002170887077227235
-0.002169574378058314
-0.00216823723167181
-0.002166875638067722
-0.002165490295737982
-0.002164082136005163
-0.002162651857361197
-0.002161201555281878
-0.002159732393920422
-0.002158246003091335
-0.002156744012609124
-0.002155228052288294
-0.002153699053451419
-0.002152157947421074
-0.002150605199858546
-0.002149041509255767
-0.002147465944290161
-0.002145877806469798
-0.002144275233149529
-0.002142656128853559
-0.002141017001122236
-0.002139354590326548
-0.00213766354136169
-0.002135938499122858
-0.002134173177182674
-0.002132360124960542
-0.002130491426214576
-0.002128558699041605
-0.002126551931723952
-0.002124461112543941
-0.002122275298461318
-0.002119983313605189
-0.002117573050782084
-0.00211503216996789
-0.002112347399815917
-0.002109505468979478
-0.00210649287328124
-0.002103295875713229
-0.002099900040775537
-0.002096290932968259
-0.002092453883960843
-0.002088373526930809
-0.002084034495055676
-0.002079421654343605
-0.002074519405141473
-0.002069312147796154
-0.002063783584162593
-0.002057917648926377
-0.002051698742434382
-0.002045110100880265
-0.00203813542611897
-0.002030758420005441
-0.002022962784394622
-0.002014732686802745
-0.002006052061915398
-0.001996905310079455
-0.001987276831641793
-0.001977151958271861
-0.001966517185792327
-0.001955359010025859
-0.001943666022270918
-0.00193142716307193
-0.001918633584864438
-0.001905277720652521
-0.00189135386608541
-0.001876859460026026
-0.001861793803982437
-0.001846159109845757
-0.00182996061630547
-0.001813206938095391
-0.001795910065993667
-0.001778085599653423
-0.001759752631187439
-0.00174093444366008
-0.001721658161841333
-0.001701954868622124
-0.001681860187090933
-0.001661413698457181
-0.001640658592805266
-0.00161964213475585
-0.001598414848558605
-0.001577031216584146
-0.001555548631586134
-0.001534027280285954
-0.001512529561296105
-0.001491119503043592
-0.001469863345846534
-0.00144882733002305
-0.001428078510798514
-0.001407683012075722
-0.001387706259265542
-0.001368212047964334
-0.001349261612631381
-0.001330913626588881
-0.001313222572207451
-0.00129623943939805
-0.001280009746551514
-0.001264573656953871
-0.001249965629540384
-0.001236213138327003
-0.001223336905241013
-0.001211349852383137
-0.001200257334858179
-0.001190056558698416
-0.001180736348032951
-0.001172277494333684
-0.00116465229075402
-0.001157824881374836
-0.001151751494035125
-0.001146380440331995
-0.001141653279773891
-0.001137505052611232
-0.001133865094743669
-0.001130657619796693
-0.001127802417613566
-0.001125216484069824
-0.001122814603149891
-0.001120510161854327
-0.00111821701284498
-0.001115849707275629
-0.001113325473852456
-0.001110564917325974
-0.001107493066228926
-0.001104041119106114
-0.001100146910175681
-0.001095755840651691
-0.0010908218100667
-0.00108530861325562
-0.001079189823940396
-0.00107244960963726
-0.001065083080902696
-0.001057096174918115
-0.001048505888320506
-0.001039339927956462
-0.001029636128805578
-0.001019442221149802
-0.0010088145500049
-0.0009978174930438399
-0.0009865217143669724
-0.0009750035824254155
-0.0009633433655835688
-0.0009516240679658949
-0.0009399294503964484
-0.0009283428662456572
-0.0009169450495392084
-0.0009058128925971687
-0.0008950181072577834
-0.0008846255368553102
-0.0008746919920668006
-0.0008652651449665427
-0.0008563825394958258
-0.0008480703108943999
-0.0008403435931541026
-0.0008332057041116059
-0.0008266479708254337
-0.0008206501370295882
-0.0008151811198331416
-0.0008101993589662015
-0.0008056537481024861
-0.0008014852064661682
-0.0007976276683621109
-0.0007940101204439998
-0.0007905575912445784
-0.0007871935376897454
-0.0007838415331207216
-0.0007804268389008939
-0.0007768780342303216
-0.0007731291698291898
-0.0007691208738833666
-0.0007648018072359264
-0.0007601300021633506
-0.0007550736190751195
-0.0007496117032133043
-0.0007437345338985324
-0.0007374439155682921
-0.0007307530613616109
-0.0007236857200041413
-0.0007162760593928397
-0.000708567094989121
-0.0007006098167039454
-0.0006924619665369391
-0.0006841861177235842
-0.0006758479867130518
-0.0006675147451460361
-0.0006592533318325877
-0.0006511285318993032
-0.0006432014633901417
-0.0006355278310365975
-0.0006281565292738378
-0.0006211285945028067
-0.0006144765648059547
-0.00060822325758636
-0.0006023816531524062
-0.0005969550111331046
-0.0005919369868934155
-0.0005873122136108577
-0.0005830570007674396
-0.0005791406147181988
-0.0005755265592597425
-0.0005721737397834659
-0.0005690384423360229
-0.0005660756141878664
-0.0005632409593090415
-0.0005604922771453857
-0.0005577915580943227
-0.0005551057402044535
-0.0005524090374819934
-0.0005496828234754503
-0.0005469180177897215
-0.0005441142711788416
-0.0005412815953604877
-0.0005384391406551003
-0.0005356158362701535
-0.0005328494589775801
-0.0005301859346218407
-0.0005276783485896885
-0.0005253856652416289
-0.000523370923474431
-0.0005217003053985536
-0.0005204413901083171
-0.0005196610582061112
-0.0005194246186874807
-0.0005197937716729939
-0.0005208256770856678
-0.0005225715576671064
-0.0005250757676549256
-0.0005283747450448573
-0.0005324973026290536
-0.0005374635220505297
-0.000543285277672112
-0.0005499664111994207
-0.0005575027316808701
-0.0005658832378685474
-0.0005750905256718397
-0.0005851018358953297
-0.0005958896945230663
-0.0006074234843254089
-0.0006196700851432979
-0.0006325950380414724
-0.0006461631273850799
-0.0006603390793316066
-0.0006750881439074874
-0.000690376793500036
-0.0007061723154038191
-0.0007224429282359779
-0.0007391578401438892
-0.0007562862592749298
-0.0007737971609458327
-0.0007916587055660784
-0.0008098370162770152
-0.0008282958879135549
-0.0008469956228509545
-0.0008658921578899026
-0.000884936423972249
-0.0009040740551427007
-0.0009232447482645512
-0.0009423820883966982
-0.0009614137234166265
-0.0009802615968510509
-0.0009988425299525261
-0.00101706909481436
-0.00103485060390085
-0.001052094274200499
-0.001068707439117134
-0.001084598246961832
-0.00109967787284404
-0.001113862614147365
-0.0011270756367594
-0.001139248139224946
-0.001150321797467768
-0.0011602503946051
-0.001169000403024256
-0.001176552847027779
-0.001182903535664082
-0.001188063411973417
-0.001192059717141092
-0.001194934477098286
-0.001196744735352695
-0.001197562087327242
-0.001197470584884286
-0.001196566270664334
-0.001194954966194928
-0.001192750874906778
-0.001190074486657977
-0.001187050482258201
-0.001183805987238884
-0.00118046801071614
-0.001177162164822221
-0.001174009405076504
-0.001171125564724207
-0.001168618444353342
-0.00116658688057214
-0.001165118999779224
-0.001164291403256357
-0.001164167653769255
-0.001164797693490982
-0.001166217727586627
-0.001168449176475406
-0.001171498792245984
-0.001175359473563731
-0.001180009683594108
-0.001185414381325245
-0.001191525720059872
-0.001198283862322569
-0.001205618027597666
-0.00121344777289778
-0.001221684738993645
-0.001230233814567327
-0.001238994882442057
-0.001247864216566086
-0.001256736810319126
-0.001265508122742176
-0.001274075824767351
-0.001282341778278351
-0.001290214015170932
-0.001297608367167413
-0.001304450910538435
-0.001310678431764245
-0.00131624040659517
-0.001321100280620158
-0.001325236051343381
-0.001328640850260854
-0.001331323408521712
-0.001333307707682252
-0.001334633328951895
-0.001335353357717395
-0.001335533917881548
-0.001335252658464015
-0.001334596890956163
-0.001333660795353353
-0.001332544488832355
-0.001331349718384445
-0.0013301782310009
-0.001329129561781883
-0.001328297541476786
-0.001327768201008439
-0.001327617093920708
-0.001327907899394631
-0.001328690210357308
-0.001329998369328678
-0.001331850769929588
-0.001334249274805188
-0.00133717933204025
-0.001340610673651099
-0.001344498130492866
-0.001348783378489316
-0.001353396568447351
-0.001358259120024741
-0.001363285351544619
-0.001368386321701109
-0.001373472041450441
-0.001378453918732703
-0.00138324813451618
-0.001387778203934431
-0.001391977188177407
-0.001395789789967239
-0.001399173750542104
-0.001402101246640086
-0.001404559356160462
-0.001406550756655633
-0.001408092677593231
-0.001409216434694827
-0.001409966265782714
-0.001410397351719439
-0.00141057395376265
-0.001410566968843341
-0.001410451484844089
-0.001410304219461977
-0.001410200609825552
-0.001410212833434343
-0.001410406664945185
-0.00141083961352706
-0.001411559293046594
-0.001412601443007588
-0.00141399004496634
-0.001415735343471169
-0.00141783501021564
-0.001420273794792593
-0.001423024572432041
-0.001426049042493105
-0.001429300871677697
-0.001432725694030523
-0.001436264719814062
-0.001439856481738389
-0.001443438930436969
-0.001446952461265028
-0.001450341660529375
-0.001453557284548879
-0.001456558122299612
-0.001459312392398715
-0.001461798907257617
-0.001464007655158639
-0.001465940149500966
-0.001467608963139355
-0.001469037495553493
-0.001470258925110102
-0.001471314579248428
-0.00147225265391171
-0.001473126001656055
