0
0
0
0
0
0
0
0
0
0
0
0
0
0
0
0
0
0
0
0
0
0
0
0
0
0
0
0
0
0
0
0
0
0
0
0
0
0
0
0
0
0
0
0
0
0
0
0
0
0
0
0
0
0
0
0
0
0
0
0
0
0
0
0
0
0
0
0
0
0
0
0
0
0
0
0
0
0
0
0
0
0
0
0
0
0
0
0
0
0
0
0
0
0
0
0
0
0
0
0
0
0
0
0
0
0
0
0
0
0
0
0
0
0
0
0
0
0
0
0
0
0
0
0
0
0
0
0
0
0
0
0
0
0
0
0
0
0
0
0
0
0
0
0
0
0
0
0
0
0
0
0
0
0
0
0
0
0
0
0
0
0
0
0
0
0
0
0
0
0
0
0
0
0
0
0
0
0
0
0
0
0
0
0
0
0
0
0
0
0
0
0
0
0
0
0
0
0
0
0
0
0
0
0
0
0
0
0
0
0
0
0
0
0
0
0
0
0
0
0
0
0
0
0
0
0
0
0
0
0
0
0
0
0
0
0
0
0
0
0
0
0
0
0
0
0
0
0
0
0
0
0
0
0
0
0
0
0
0
0
0
0
0
0
0
0
0
0
0
0
0
0
0
0
0
0
0
0
0
0
0
0
0
0
0
0
0
0
0
0
0
0
0
0
0
0
0
0
0
0
0
0
0
0
0
0
0
0
0
0
0
0
0
0
0
0
0
0
0
0
0
0
0
0
0
0
0
0
0
0
0
0
0
0
0
0
0
0
0
0
0
0
0
0
0
0
0
0
0
0
0
0
0
0
0
0
0
0
0
0
0
0
0
0
0
0
0
0
0
0
0
0
0
0
0
0
0
0
0
0
0
0
0
0
0
0
0
0
0
0
0
0
0
0
0
0
0
0
0
0
0
0
0
0
0
0
0
0
0
0
0
0
0
0
0
0
0
0
0
0
0
0
0
0
0
0
0
0
0
0
0
0
0
0
0
0
0
0
0
0
0
0
0
0
0
0
0
0
0
0
0
0
0
0
0
0
0
0
0
0
0
0
0
0
0
0
0
0
0
0
0
0
0
0
0
0
0
0
0
0
0
0
0
0
0
0
0
0
0
0
0
0
0
0
0
0
0
0
0
0
0
0
0
0
0
0
0
0
0
0
0
0
0
0
0
0
0
0
0
0
0
0
0
0
0
0
0
0
0
0
0
0
0
0
0
0
0
0
0
0
0
0
0
0
0
0
0
0
0
0
0
0
0
0
0
0
0
0
0
0
0
0
0
0
0
0
0
0
0
0
0
0
0
0
0
0
0
0
0
0
0
0
0
0
0
0
0
0
0
0
0
0
0
0
0
0
0
0
0
0
0
0
0
0
0
0
0
0
0
0
0
0
0
0
0
0
0
0
0
0
0
0
0
0
0
0
0
0
0
0
0
0
0
0
0
0
0
0
0
0
0
0
0
0
0
0
0
0
0
0
0
0
0
0
0
0
0
0
0
0
0
0
0
0
0
0
0
0
0
0
0
0
0
0
0
0
0
0
0
0
0
0
0
0
0
0
0
0
0
0
0
0
0
0
0
0
0
0
0
0
0
0
0
0
0
0
0
0
0
0
0
0
0
0
0
0
0
0
0
0
0
0
0
0
0
0
0
0
0
0
0
0
0
0
0
0
0
0
0
0
0
0
0
0
0
0
0
0
0
0
0
0
0
0
0
0
0
0
0
0
0
0
0
0
0
0
0
0
0
0
0
0
0
0
0
0
0
0
0
0
0
0
0
0
0
0
0
0
0
0
0
0
0
0
0
0
0
0
0
0
0
0
0
0
0
0
0
0
0
0
0
0
0
0
0
0
0
0
0
0
0
0
0
0
0
0
0
0
0
0
0
0
0
0
0
0
0
0
0
0
0
0
0
0
0
0
0
0
0
0
0
0
0
0
0
0
0
0
0
0
0
0
0
0
0
0
0
0
0
0
0
0
0
0
0
0
0
0
0
0
0
0
0
0
0
0
0
0
0
0
0
0
0
0
0
0
0
0
0
0
0
0
0
0
0
0
0
0
0
0
0
0
0
0
0
0
0
0
0
0
0
0
0
0
0
0
0
0
0
0
0
0
0
0
0
0
0
0
0
0
0
0
0
0
0
0
0
0
0
0
0
0
0
0
0
0
0
0
0
0
0
0
0
0
0
0
0
0
0
0
0
0
0
0
0
0
0
0
0
0
0
0
0
0
0
0
0
0
0
0
0
0
0
0
0
0
0
0
0
0
0
0
0
0
0
0
0
0
0
0
0
0
0
0
0
0
0
0
0
0
0
0
0
0
0
0
0
0
0
0
0
0
0
0
0
0
0
0
0
0
0
0
0
0
0
0
0
0
0
0
0
0
0
0
0
0
0
0
0
0
0
0
0
0
0
0
0
0
0
0
0
0
0
0
0
0
0
0
0
0
0
0
0
0
0
0
0
0
0
0
0
0
0
0
0
0
0
0
0
0
0
0
0
0
0
0
0
0
0
0
0
0
0
0
0
0
0
0
0
0
0
0
0
0
0
0
0
0
0
0
0
0
0
0
0
0
0
0
0
0
0
0
0
0
0
0
0
0
0
0
0
0
0
0
0
0
0
0
0
0
0
0
0
0
0
0
0
0
0
0
0
0
0
0
0
0
0
0
0
0
0
0
0
0
0
0
0
0
0
0
0
0
0
0
0
0
0
0
0
0
0
0
0
0
0
0
0
0
0
0
0
0
0
0
0
0
0
0
0
0
0
0
0
0
0
0
0
0
0
0
0
0
0
0
0
0
0
0
0
0
0
0
0
0
0
0
0
0
0
0
0
0
0
0
0
0
0
0
0
0
0
0
0
0
0
0
0
0
0
0
0
0
0
0
0
0
0
0
0
0
0
0
0
0
0
0
0
0
0
0
0
0
0
0
0
0
0
0
0
0
0
0
0
0
0
0
0
0
0
0
0
0
0
0
0
0
0
0
0
0
0
0
0
0
0
0
0
0
0
0
0
0
0
0
0
0
0
0
0
0
0
0
0
0
0
0
0
0
0
0
0
0
0
0
0
0
0
0
0
0
0
0
0
0
0
0
0
0
0
0
0
0
0
0
0
0
0
0
0
0
0
0
0
0
0
0
0
0
0
0
0
0
0
0
0
0
0
0
0
0
0
0
0
0
0
0
0
0
0
0
0
0
0
0
0
0
0
0
0
0
0
0
0
0
0
0
0
0
0
0
0
0
0
0
0
0
0
0
0
0
0
0
0
0
0
0
0
0
0
0
0
0
0
0
0
0
0
0
0
0
0
0
0
0
0
0
0
0
0
0
0
0
0
0
0
0
0
0
0
0
0
0
0
0
0
0
0
0
0
0
0
0
0
0
0
0
0
0
0
0
0
0
0
0
0
0
0
0
0
0
0
0
0
0
0
0
0
0
0
0
0
0
0
0
0
0
0
0
0
0
0
0
0
0
0
0
0
0
0
0
0
0
0
0
0
0
0
0
0
0
0
0
0
0
0
0
0
0
0
0
0
0
0
0
0
0
0
0
0
0
0
0
0
0
0
0
0
0
0
0
0
0
0
0
0
0
0
0
0
0
0
0
0
0
0
0
0
0
0
0
0
0
0
0
0
0
0
0
0
0
0
0
0
0
0
0
0
0
0
0
0
0
0
0
0
0
0
0
0
0
0
0
0
0
0
0
0
0
0
0
0
0
0
0
0
0
0
7.006492321624085e-45
2.522337235784671e-44
5.044674471569341e-44
8.547920632381384e-44
1.45735040289781e-43
2.466285297211678e-43
4.259947331547444e-43
7.595037676640509e-43
1.355055615002098e-42
2.441061924853831e-42
4.409886267230199e-42
7.973388262008209e-42
1.439413782554452e-41
2.595485015622426e-41
4.67248959944467e-41
8.398822475777224e-41
1.506760186749903e-40
2.698284270965295e-40
4.823283327190664e-40
8.605948401789075e-40
1.532692616130698e-39
2.724616070408422e-39
4.834499320099119e-39
8.562356809160858e-39
1.513674473632574e-38
2.670971282337447e-38
4.704401649632432e-38
8.270630571222018e-38
1.451351051808465e-37
2.54218119149379e-37
4.444690485344451e-37
7.756719269246552e-37
1.351191170149122e-36
2.349407050462698e-36
4.07758535378412e-36
7.064019367854116e-36
1.221533063468879e-35
2.108452017249097e-35
3.632686211998771e-35
6.247385706607677e-35
1.072446199760886e-34
1.837638380025982e-34
3.143058146981489e-34
5.366030692457969e-34
9.144559937550284e-34
1.555542143689695e-33
2.641256827770984e-33
4.476616401795301e-33
7.573557288082392e-33
1.278972530777998e-32
2.155928344563475e-32
3.627601721386885e-32
6.092808213249871e-32
1.021476731648453e-31
1.709436211060418e-31
2.855559777582495e-31
4.761501616028349e-31
7.925218648272127e-31
1.316720687158327e-30
2.183692533714643e-30
3.61497351488038e-30
5.97358393381659e-30
9.853289308931533e-30
1.622349368835398e-29
2.66639644307755e-29
4.374440817104843e-29
7.16371249341396e-29
1.171040156343406e-28
1.910837875860531e-28
3.112393790319645e-28
5.060392002974642e-28
8.212832617592904e-28
1.330519361319692e-27
2.151637570882748e-27
3.47325672844694e-27
5.596605662527545e-27
9.001873597263716e-27
1.445312123798259e-26
2.316386510187691e-26
3.705793664006651e-26
5.91796733453157e-26
9.433764465813322e-26
1.501131921451698e-25
2.384372515151901e-25
3.780515555025316e-25
5.983422205325669e-25
9.453008974115222e-25
1.490775928051279e-24
2.346803211755976e-24
3.68776301542266e-24
5.784574234161835e-24
9.057367225584749e-24
1.41564623538766e-23
2.208664279807005e-23
3.439750037758786e-23
5.347443845156983e-23
8.298274617710976e-23
1.285439252509031e-22
1.987638927908339e-22
3.067930295066959e-22
4.726890389923836e-22
7.269884618317381e-22
1.116095554836068e-21
1.710397258999946e-21
2.616461336745982e-21
3.995334461316192e-21
6.08994560378869e-21
9.266056219186275e-21
1.407335205835744e-20
2.13363968865951e-20
3.228979977340011e-20
4.877869531940999e-20
7.355552378172066e-20
1.107185773546202e-19
1.663587390863319e-19
2.495113545065605e-19
3.735547646289473e-19
5.582609383883765e-19
8.327966519243799e-19
1.240106796195238e-18
1.843305613830265e-18
2.734974881299152e-18
4.050668718086449e-18
5.988486954731257e-18
8.837390869363409e-18
1.301808989820136e-17
1.914195199121212e-17
2.809574537073522e-17
4.116326344643968e-17
6.019957785598389e-17
8.788019767322569e-17
1.280566379576121e-16
1.862627568594575e-16
2.704346442896038e-16
3.919317532245602e-16
5.669827849474657e-16
8.187284413492914e-16
1.1801030310154e-15
1.697889401232507e-15
2.438414943391394e-15
3.495537049036704e-15
5.001815103864316e-15
7.144109658236211e-15
1.018531623381584e-14
1.449459889407093e-14
2.058933468054684e-14
2.919322769634469e-14
4.131662053501531e-14
5.83672921192907e-14
8.230296598323722e-14
1.158408492827473e-13
1.627448989374031e-13
2.282188923518474e-13
3.194429584133657e-13
4.463049667249169e-13
6.223944428417061e-13
8.663519120849505e-13
1.203695238101432e-12
1.669287971739486e-12
2.310667282512391e-12
3.192521550940408e-12
4.402703895900473e-12
6.060285519943198e-12
8.326329209440431e-12
1.141825349548764e-11
1.562896340123743e-11
2.135225156407738e-11
2.911648699921443e-11
3.962914718602661e-11
5.383560264249354e-11
7.299651855197098e-11
9.878952517139439e-11
1.334426041887937e-10
1.799083937381596e-10
2.420918465695365e-10
3.251465485742955e-10
4.358597927023311e-10
5.831515270671161e-10
7.78720088412399e-10
1.037875008158551e-09
1.380608849466114e-09
1.83297443889785e-09
2.428848899782565e-09
3.212189181311942e-09
4.239907092085105e-09
5.585528484175484e-09
7.343833985373749e-09
9.636741182816877e-09
1.262071958052502e-08
1.649614844723146e-08
2.151906741687526e-08
2.801589360501566e-08
3.640185042286248e-08
4.720392254853323e-08
6.108943040317172e-08
7.89014507063257e-08
1.017026747263117e-07
1.308295338731114e-07
1.679587313674347e-07
2.151890754475971e-07
2.751414740487235e-07
3.510810131501785e-07
4.470656733701617e-07
5.681266088686243e-07
7.204865255516779e-07
9.118230650528858e-07
1.151585593106574e-06
1.451375169381208e-06
1.825398953769763e-06
2.291012151545146e-06
2.869360287149902e-06
3.58614238393784e-06
4.472509317565709e-06
5.5661225815129e-06
6.912392564117908e-06
8.565928510506637e-06
1.059222449839581e-05
1.306961257796502e-05
1.609152059245389e-05
1.976906969503034e-05
2.423405385343358e-05
2.964232953672763e-05
3.617767652031034e-05
4.40561598225031e-05
5.353104279492982e-05
6.489828956546262e-05
7.850270776543766e-05
9.474468970438465e-05
0.0001140877502621152
0.0001370667014271021
0.0001642965944483876
0.0001964822877198458
0.0002344288513995707
0.0002790525031741709
0.0003313922497909516
0.0003926217614207417
0.0004640619736164808
0.0005471936310641468
0.0006436699768528342
0.0007553290342912078
0.0008842053939588368
0.001032541505992413
0.001202796585857868
0.001397655229084194
0.001620033173821867
0.001873079920187593
0.002160178031772375
0.002484939293935895
0.002851195633411407
0.003262984799221158
0.003724530106410384
0.004240213893353939
0.0048145423643291
0.005452104844152927
0.006157525815069675
0.00693540321663022
0.007790245115756989
0.008726391009986401
0.009747930802404881
0.01085861120373011
0.01206174027174711
0.01336008310317993
0.01475575100630522
0.01625009253621101
0.01784358359873295
0.01953571662306786
0.02132489904761314
0.02320835553109646
0.02518205158412457
0.02724060788750648
0.0293772779405117
0.03158389776945114
0.03385090455412865
0.03616734966635704
0.03852098062634468
0.04089831560850143
0.04328480362892151
0.04566496983170509
0.04802265018224716
0.05034121870994568
0.05260387808084488
0.05479396507143974
0.05689527094364166
0.05889239907264709
0.06077114120125771
0.06251880526542664
0.06412457674741745
0.065579853951931
0.0668785348534584
0.06801728159189224
0.06899570673704147
0.06981649249792099
0.07048548758029938
0.07101164013147354
0.07140693068504333
0.07168612629175186
0.07186650484800339
0.07196751981973648
0.07201027125120163
0.07201702147722244
0.0720105841755867
0.07201372087001801
0.07204845547676086
0.07213544100522995
0.07229331135749817
0.07253807783126831
0.07288264483213425
0.07333628833293915
0.0739043802022934
0.07458817958831787
0.07538474351167679
0.07628698647022247
0.07728397101163864
0.07836121320724487
0.07950124889612198
0.08068421483039856
0.08188866078853607
0.08309231698513031
0.08427298814058304
0.08540941029787064
0.08648213744163513
0.0874742791056633
0.08837224543094635
0.08916627615690231
0.08985087275505066
0.09042499214410782
0.09089213609695435
0.09126011282205582
0.09154070913791656
0.09174913167953491
0.09190331399440765
0.09202305972576141
0.09212908148765564
0.09224211424589157
0.09238182753324509
0.09256596863269806
0.09280948340892792
0.09312384575605392
0.0935165211558342
0.09399065375328064
0.09454496949911118
0.09517389535903931
0.09586793929338455
0.09661418199539185
0.0973970964550972
0.09819942712783813
0.09900308400392532
0.09979018568992615
0.1005440279841423
0.101250022649765
0.1018964573740959
0.1024750769138336
0.1029815375804901
0.1034155339002609
0.1037807837128639
0.1040846630930901
0.1043377667665482
0.1045531556010246
0.1047455221414566
0.1049302816390991
0.1051226258277893
0.1053365767002106
0.1055841445922852
0.1058746948838234
0.1062143296003342
0.1066056862473488
0.1070478036999702
0.107536293566227
0.1080637872219086
0.1086204424500465
0.1091946437954903
0.1097739040851593
0.1103456616401672
0.1108981594443321
0.1114211976528168
0.1119068264961243
0.1123497486114502
0.1127476766705513
0.1131013333797455
0.1134143397212029
0.1136928424239159
0.1139450296759605
0.1141804382205009
0.1144092455506325
0.1146415024995804
0.1148864179849625
0.1151517033576965
0.1154431104660034
0.1157640367746353
0.1161153689026833
0.1164954900741577
0.1169005930423737
0.1173249483108521
0.1177614703774452
0.1182023212313652
0.1186395213007927
0.119065597653389
0.1194741427898407
0.1198602542281151
0.1202208772301674
0.1205549612641335
0.1208634823560715
0.1211492270231247
0.1214165240526199
0.1216708570718765
0.1219183132052422
0.1221650913357735
0.1224169805645943
0.1226788982748985
0.1229545474052429
0.1232461705803871
0.1235543787479401
0.1238782405853271
0.1242154017090797
0.1245623826980591
0.1249148845672607
0.1252682507038116
0.1256178319454193
0.1259594559669495
0.1262897402048111
0.126606285572052
0.1269079446792603
0.1271947771310806
0.1274680197238922
0.1277299076318741
0.1279834359884262
0.128232017159462
0.1284792125225067
0.1287283450365067
0.1289822310209274
0.1292429715394974
0.1295117884874344
0.12978895008564
0.1300738453865051
0.1303650289773941
0.1306604295969009
0.1309576034545898
0.1312539130449295
0.1315469294786453
0.1318344622850418
0.1321149170398712
0.1323873251676559
0.1326514035463333
0.1329076141119003
0.1331569701433182
0.1334009617567062
0.1336414068937302
0.1338802129030228
0.1341191828250885
0.1343598812818527
0.1346034556627274
0.1348505765199661
0.135101392865181
0.1353555768728256
0.135612279176712
0.1358703970909119
0.1361285746097565
0.1363854110240936
0.1366395652294159
0.1368899643421173
0.1371357440948486
0.1373764425516129
0.137611910700798
0.1378423571586609
0.1380682587623596
0.1382903158664703
0.1385091990232468
0.1387256383895874
0.138940155506134
0.1391530930995941
0.13936448097229
0.1395739763975143
0.1397809237241745
0.1399843096733093
0.1401828527450562
0.140375018119812
0.1405591517686844
0.1407334953546524
0.1408962458372116
0.141045555472374
0.1411795914173126
0.1412965953350067
0.1413946896791458
0.1414720118045807
0.1415265649557114
0.1415561735630035
0.1415584236383438
0.1415306031703949
0.1414696872234344
0.1413722932338715
0.1412346661090851
0.1410527676343918
0.1408222168684006
0.1405384540557861
0.1401968002319336
0.1397924572229385
0.1393207311630249
0.1387770175933838
0.1381569653749466
0.1374565660953522
0.1366722285747528
0.135800912976265
0.1348401457071304
0.1337881684303284
0.13264399766922
0.1314075589179993
0.1300797164440155
0.1286624222993851
0.1271587759256363
0.1255731135606766
0.1239111050963402
0.12217977643013
0.1203875988721848
0.1185444742441177
0.1166617050766945
0.1147519275546074
0.1128289848566055
0.1109077781438828
0.1090041026473045
0.1071343272924423
0.1053151413798332
0.103563167154789
0.1018946543335915
0.1003250479698181
0.09886857867240906
0.09753791242837906
0.09634368866682053
0.09529416263103485
0.09439487755298615
0.09364838898181915
0.09305402636528015
0.09260775148868561
0.0923021212220192
0.09212629497051239
0.0920662060379982
0.09210480004549026
0.0922224149107933
0.09239726513624191
0.09260597825050354
0.09282428771257401
0.09302771836519241
0.0931924507021904
0.09329607337713242
0.09331836551427841
0.09324208647012711
0.09305369108915329
0.09274384379386902
0.09230794012546539
0.09174635261297226
0.09106454253196716
0.09027296304702759
0.0893867090344429
0.08842503279447556
0.08741062134504318
0.08636864274740219
0.08532577753067017
0.08430901169776917
0.083344466984272
0.08245620131492615
0.0816650390625
0.08098756521940231
0.08043527603149414
0.0800139382481575
0.07972320169210434
0.07955654710531235
0.07950149476528168
0.07954015582799911
0.07965006679296494
0.07980531454086304
0.07997783273458481
0.08013883233070374
0.08026037365198135
0.08031687885522842
0.08028649538755417
0.08015242218971252
0.07990381121635437
0.07953646034002304
0.07905305922031403
0.07846302539110184
0.07778197526931763
0.07703080773353577
0.07623437792062759
0.07541999965906143
0.07461567968130112
0.07384827733039856
0.07314182072877884
0.07251579314470291
0.07198384404182434
0.07155275344848633
0.07122189551591873
0.07098314166069031
0.07082128524780273
0.07071492075920105
0.07063779234886169
0.07056046277284622
0.07045216113328934
0.07028283178806305
0.07002505660057068
0.06965586543083191
0.06915820389986038
0.06852193176746368
0.06774437427520752
0.06683030724525452
0.06579131633043289
0.06464473158121109
0.06341203302145004
0.06211698055267334
0.06078353896737099
0.05943382531404495
0.05808615684509277
0.05675340071320534
0.05544184520840645
0.0541505329310894
0.05287124589085579
0.05158911645412445
0.05028380453586578
0.04893116652965546
0.04750530049204826
0.04598076641559601
0.04433482512831688
0.0425495058298111
0.04061330854892731
0.03852242976427078
0.03628135100007057
0.03390278294682503
0.0314069390296936
0.02882025018334389
0.02617351897060871
0.02349980920553207
0.02083218097686768
0.01820148155093193
0.01563440263271332
0.01315195020288229
0.01076849736273289
0.008491472341120243
0.006321696098893881
0.004254344385117292
0.002280406886711717
0.0003885141341015697
-0.001433083089068532
-0.003194568678736687
-0.004902868531644344
-0.006560378707945347
-0.008164256811141968
-0.009706358425319195
-0.01117382477968931
-0.0125502860173583
-0.01381754502654076
-0.01495759002864361
-0.01595472171902657
-0.01679757237434387
-0.01748082973062992
-0.01800644025206566
-0.01838421262800694
-0.01863168925046921
-0.01877333782613277
-0.01883909851312637
-0.01886243373155594
-0.01887807250022888
-0.01891965046525002
-0.01901748403906822
-0.01919667981564999
-0.01947575435042381
-0.01986588351428509
-0.02037083171308041
-0.02098753303289413
-0.02170724421739578
-0.02251710183918476
-0.02340191230177879
-0.02434594370424747
-0.02533454261720181
-0.02635539136826992
-0.02739925682544708
-0.02846019901335239
-0.02953524515032768
-0.03062357008457184
-0.03172535821795464
-0.03284048661589622
-0.03396723419427872
-0.03510123118758202
-0.03623475506901741
-0.03735653683543205
-0.03845211490988731
-0.03950469940900803
-0.04049649834632874
-0.04141032323241234
-0.04223131015896797
-0.04294857010245323
-0.04355653747916222
-0.04405587166547775
-0.04445377364754677
-0.0447637140750885
-0.04500453174114227
-0.04519903287291527
-0.04537222161889076
-0.04554932191967964
-0.0457538478076458
-0.04600588604807854
-0.04632078483700752
-0.04670831561088562
-0.04717243835330009
-0.04771159961819649
-0.04831955209374428
-0.04898649454116821
-0.04970044270157814
-0.05044857412576675
-0.05121850594878197
-0.05199922993779182
-0.05278172716498375
-0.05355915054678917
-0.05432665720582008
-0.05508094280958176
-0.05581959336996078
-0.05654038116335869
-0.05724067240953445
-0.0579170286655426
-0.05856508761644363
-0.05917974933981895
-0.05975571274757385
-0.06028814613819122
-0.06077352911233902
-0.06121047958731651
-0.06160040572285652
-0.06194789335131645
-0.06226075440645218
-0.06254970282316208
-0.06282761693000793
-0.06310854107141495
-0.06340651214122772
-0.0637342780828476
-0.06410215049982071
-0.06451708078384399
-0.06498201936483383
-0.0654958188533783
-0.0660533681511879
-0.06664631515741348
-0.06726387143135071
-0.06789399683475494
-0.06852450966835022
-0.06914420425891876
-0.06974367797374725
-0.07031595706939697
-0.07085677236318588
-0.07136451452970505
-0.07183992862701416
-0.07228562235832214
-0.07270538806915283
-0.07310366630554199
-0.07348493486642838
-0.07385335117578506
-0.07421252876520157
-0.07456550002098083
-0.07491482049226761
-0.07526280730962753
-0.07561173290014267
-0.07596401125192642
-0.0763222947716713
-0.07668942213058472
-0.07706825435161591
-0.0774613544344902
-0.07787064462900162
-0.07829705625772476
-0.078740194439888
-0.07919815182685852
-0.07966755330562592
-0.08014366030693054
-0.08062078803777695
-0.08109279721975327
-0.08155369758605957
-0.08199819177389145
-0.08242224901914597
-0.08282352238893509
-0.08320151269435883
-0.0835576131939888
-0.08389489352703094
-0.08421768993139267
-0.08453114330768585
-0.08484060317277908
-0.08515108376741409
-0.08546679466962814
-0.08579082041978836
-0.08612490445375443
-0.08646943420171738
-0.08682358264923096
-0.0871855691075325
-0.08755289763212204
-0.08792275190353394
-0.08829223364591599
-0.08865862339735031
-0.08901949971914291
-0.08937278389930725
-0.08971670269966125
-0.09004978835582733
-0.09037069231271744
-0.09067817032337189
-0.09097100049257278
-0.09124794602394104
-0.09150779247283936
-0.091749407351017
-0.09197179228067398
-0.09217415750026703
-0.09235591441392899
-0.09251665323972702
-0.09265606105327606
-0.09277377277612686
-0.09286922216415405
-0.09294138848781586
-0.09298869222402573
-0.09300881624221802
-0.09299864619970322
-0.09295427799224854
-0.09287116676568985
-0.09274422377347946
-0.09256807714700699
-0.09233731776475906
-0.09204678237438202
-0.09169169515371323
-0.09126793593168259
-0.09077206254005432
-0.09020141512155533
-0.0895540863275528
-0.08882884681224823
-0.0880250483751297
-0.08714254200458527
-0.0861816480755806
-0.0851430743932724
-0.08402793854475021
-0.08283785730600357
-0.08157495409250259
-0.08024201542139053
-0.0788426473736763
-0.07738130539655685
-0.07586339116096497
-0.07429533451795578
-0.07268459349870682
-0.07103964686393738
-0.06936991214752197
-0.06768564879894257
-0.0659979060292244
-0.06431835889816284
-0.06265919655561447
-0.06103292480111122
-0.05945223197340965
-0.05792976915836334
-0.05647793412208557
-0.05510864406824112
-0.05383304506540298
-0.0526612214744091
-0.05160192400217056
-0.05066224932670593
-0.04984738677740097
-0.04916038364171982
-0.04860198497772217
-0.04817049205303192
-0.0478617437183857
-0.04766912013292313
-0.04758365824818611
-0.04759422317147255
-0.04768773540854454
-0.04784946516156197
-0.04806334152817726
-0.04831233248114586
-0.04857885465025902
-0.04884514212608337
-0.04909371957182884
-0.04930781945586205
-0.04947182536125183
-0.0495716966688633
-0.04959538578987122
-0.04953319951891899
-0.04937811568379402
-0.04912606254220009
-0.04877607896924019
-0.04833038523793221
-0.04779439046978951
-0.0471765473484993
-0.04648808762431145
-0.04574272036552429
-0.04495615139603615
-0.04414558038115501
-0.04332909733057022
-0.0425250418484211
-0.04175133630633354
-0.0410248376429081
-0.0403606966137886
-0.03977178037166595
-0.03926817700266838
-0.03885676711797714
-0.03854094073176384
-0.03832045197486877
-0.03819140046834946
-0.03814636543393135
-0.03817470744252205
-0.038262989372015
-0.03839554265141487
-0.03855513036251068
-0.03872368484735489
-0.03888312354683876
-0.03901612386107445
-0.03910692408680916
-0.03914202004671097
-0.03911076486110687
-0.03900586441159248
-0.0388236902654171
-0.03856442868709564
-0.03823204338550568
-0.03783406317234039
-0.03738119453191757
-0.03688675165176392
-0.03636599704623222
-0.03583534434437752
-0.03531153127551079
-0.03481075912714005
-0.03434787690639496
-0.03393561393022537
-0.03358392044901848
-0.0332995168864727
-0.03308550640940666
-0.03294128924608231
-0.03286261484026909
-0.03284186124801636
-0.03286848217248917
-0.03292964771389961
-0.03301097825169563
-0.03309736400842667
-0.03317384794354439
-0.03322647511959076
-0.0332430899143219
-0.03321400657296181
-0.03313253819942474
-0.03299534320831299
-0.03280257433652878
-0.03255780786275864
-0.03226775676012039
-0.03194183111190796
-0.03159149736166
-0.0312295276671648
-0.03086918406188488
-0.0305233858525753
-0.03020388446748257
-0.02992054261267185
-0.02968075312674046
-0.02948899380862713
-0.02934659644961357
-0.02925172634422779
-0.02919957600533962
-0.02918272279202938
-0.02919170819222927
-0.02921569719910622
-0.0292432326823473
-0.02926304377615452
-0.02926480770111084
-0.02923982404172421
-0.02918159030377865
-0.02908618934452534
-0.02895250171422958
-0.02878222428262234
-0.02857965789735317
-0.02835134603083134
-0.02810554392635822
-0.02785157226026058
-0.02759912051260471
-0.02735752239823341
-0.02713508158922195
-0.02693849802017212
-0.02677239663898945
-0.0266390573233366
-0.0265382993966341
-0.0264675747603178
-0.02642222121357918
-0.02639588341116905
-0.02638105675578117
-0.02636968903243542
-0.02635382674634457
-0.02632621675729752
-0.02628086693584919
-0.02621346339583397
-0.02612165547907352
-0.02600518241524696
-0.02586582489311695
-0.0257071927189827
-0.02553436905145645
-0.02535345032811165
-0.02517101541161537
-0.02499357238411903
-0.024827029556036
-0.02467622235417366
-0.02454455383121967
-0.02443376742303371
-0.02434385567903519
-0.02427312731742859
-0.02421840094029903
-0.02417534776031971
-0.02413888648152351
-0.02410365082323551
-0.02406445704400539
-0.02401674352586269
-0.02395694144070148
-0.02388274669647217
-0.02379326336085796
-0.02368903160095215
-0.02357192151248455
-0.02344491146504879
-0.02331177517771721
-0.02317672595381737
-0.02304399758577347
-0.02291748858988285
-0.02280040644109249
-0.0226950217038393
-0.02260248735547066
-0.02252278663218021
-0.02245478145778179
-0.02239637449383736
-0.02234473451972008
-0.0222965944558382
-0.02224857360124588
-0.02219749614596367
-0.02214067801833153
-0.02207616344094276
-0.02200286090373993
-0.02192061953246593
-0.02183019369840622
-0.02173312939703465
-0.02163157798349857
-0.02152805961668491
-0.02142520435154438
-0.0213254876434803
-0.02123100310564041
-0.02114327624440193
-0.02106313966214657
-0.02099068462848663
-0.02092529460787773
-0.02086573280394077
-0.02081030048429966
-0.02075702697038651
-0.02070388197898865
-0.02064897306263447
-0.02059073746204376
-0.02052807435393333
-0.02046043798327446
-0.02038785815238953
-0.02031091786921024
-0.02023064158856869
-0.02014839090406895
-0.02006568945944309
-0.01998406834900379
-0.01990490034222603
-0.01982926577329636
-0.01975786127150059
-0.01969094201922417
-0.01962832920253277
-0.01956943981349468
-0.01951337419450283
-0.01945903152227402
-0.01940524205565453
-0.01935088075697422
-0.01929499395191669
-0.01923688501119614
-0.01917618326842785
-0.019112853333354
-0.01904718205332756
-0.01897973753511906
-0.01891127415001392
-0.01884265244007111
-0.0187747348099947
-0.01870829239487648
-0.01864392310380936
-0.01858199760317802
-0.01852263323962688
-0.01846569404006004
-0.01841082237660885
-0.01835749112069607
-0.01830507814884186
-0.01825292967259884
-0.01820044219493866
-0.01814712770283222
-0.01809265837073326
-0.01803689450025558
-0.01797988452017307
-0.01792185194790363
-0.01786315627396107
-0.01780424080789089
-0.01774558052420616
-0.01768762245774269
-0.01763073541224003
-0.01757518015801907
-0.01752107404172421
-0.0174683965742588
-0.01741699501872063
-0.01736661419272423
-0.01731692813336849
-0.01726759038865566
-0.01721826940774918
-0.0171686839312315
-0.01711864024400711
-0.0170680433511734
-0.01701690442860126
-0.01696532405912876
-0.01691348478198051
-0.01686161197721958
-0.01680995523929596
-0.0167587511241436
-0.01670819148421288
-0.01665841229259968
-0.01660947501659393
-0.0165613666176796
-0.0165140051394701
-0.01646725460886955
-0.01642094179987907
-0.01637489162385464
-0.01632893085479736
-0.01628292351961136
-0.01623677462339401
-0.01619044505059719
-0.01614394970238209
-0.01609735190868378
-0.01605075225234032
-0.01600426994264126
-0.01595802791416645
-0.01591214165091515
-0.01586670055985451
-0.01582175306975842
-0.01577731780707836
-0.0157333742827177
-0.01568987034261227
-0.01564672589302063
-0.01560384873300791
-0.01556115690618753
-0.01551857218146324
-0.01547603495419025
-0.01543351262807846
-0.01539099961519241
-0.0153485145419836
-0.01530609838664532
-0.01526380609720945
-0.01522169820964336
-0.01517983246594667
-0.01513825450092554
-0.01509699877351522
-0.01505607645958662
-0.01501548290252686
-0.01497519481927156
-0.01493517495691776
-0.01489538047462702
-0.01485576946288347
-0.01481630094349384
-0.01477694418281317
-0.01473768148571253
-0.01469850726425648
-0.01465943176299334
-0.0146204736083746
-0.01458165794610977
-0.01454301364719868
-0.01450456771999598
-0.01446634065359831
-0.01442834921181202
-0.01439059618860483
-0.0143530797213316
-0.01431578770279884
-0.01427870057523251
-0.01424179784953594
-0.01420505996793509
-0.01416846644133329
-0.01413200423121452
-0.01409566402435303
-0.01405944488942623
-0.01402334868907928
-0.01398738566786051
-0.0139515670016408
-0.01391590666025877
-0.0138804130256176
-0.01384509820491076
-0.01380996685475111
-0.01377502270042896
-0.01374026108533144
-0.01370567828416824
-0.01367126312106848
-0.0136370062828064
-0.01360289845615625
-0.01356892939656973
-0.01353509165346622
-0.01350138150155544
-0.01346779707819223
-0.01343434117734432
-0.01340101845562458
-0.01336783356964588
-0.01333479303866625
-0.0133018996566534
-0.01326915621757507
-0.01323656551539898
-0.01320412755012512
-0.01317184045910835
-0.01313969772309065
-0.01310769747942686
-0.01307583600282669
-0.01304410584270954
-0.01301250513643026
-0.01298103295266628
-0.01294968649744987
-0.01291846670210361
-0.0128873735666275
-0.01285640895366669
-0.01282557193189859
-0.01279486622661352
-0.0127642909064889
-0.01273384783416986
-0.01270353607833385
-0.01267335377633572
-0.01264329999685287
-0.01261337194591761
-0.01258356869220734
-0.01255388651043177
-0.01252432446926832
-0.01249488070607185
-0.01246555615216494
-0.01243634801357985
-0.01240725722163916
-0.01237828284502029
-0.01234942581504583
-0.01232068706303835
-0.01229206565767527
-0.01226356253027916
-0.01223517674952745
-0.01220690831542015
-0.01217875443398952
-0.012150714173913
-0.01212278660386801
-0.01209496892988682
-0.01206726115196943
-0.0120396614074707
-0.0120121706277132
-0.01198478788137436
-0.0119575122371316
-0.01193034276366234
-0.01190327946096659
-0.01187632326036692
-0.01184947416186333
-0.01182273123413324
-0.01179609633982182
-0.01176956575363874
-0.01174313947558403
-0.01171681564301252
-0.01169059332460165
-0.01166447438299656
-0.01163845602422953
-0.01161253917962313
-0.01158672198653221
-0.0115610072389245
-0.0115353912115097
-0.01150987390428782
-0.01148445624858141
-0.01145913731306791
-0.01143391523510218
-0.01140878908336163
-0.01138375792652369
-0.01135882083326578
-0.01133397966623306
-0.01130923070013523
-0.01128457486629486
-0.01126001216471195
-0.01123554259538651
-0.01121116429567337
-0.01118687726557255
-0.01116268243640661
-0.01113857701420784
-0.01111456193029881
-0.01109063532203436
-0.01106679812073708
-0.01104304846376181
-0.0110193882137537
-0.01099581457674503
-0.01097232755273581
-0.01094892714172602
-0.01092561241239309
-0.01090238522738218
-0.01087924372404814
-0.01085618790239096
-0.01083321962505579
-0.01081033516675234
-0.01078753639012575
-0.01076482329517603
-0.0107421912252903
-0.01071964297443628
-0.01069717481732368
-0.0106747867539525
-0.01065247785300016
-0.01063024997711182
-0.01060810219496489
-0.01058603171259165
-0.01056404039263725
-0.0105421282351017
-0.01052029430866241
-0.0104985386133194
-0.01047686021775007
-0.01045525912195444
-0.0104337353259325
-0.01041228976100683
-0.01039091963320971
-0.01036962773650885
-0.01034841220825911
-0.01032727211713791
-0.01030620839446783
-0.01028521917760372
-0.01026430260390043
-0.01024345960468054
-0.01022269017994404
-0.01020199246704578
-0.01018136739730835
-0.01016081310808659
-0.01014032866805792
-0.01011991314589977
-0.01009956654161215
-0.01007928885519505
-0.01005908101797104
-0.01003894209861755
-0.01001887302845716
-0.009998873807489872
-0.009978944435715675
-0.009959083981812
-0.009939292445778847
-0.009919569827616215
-0.009899917058646679
-0.00988033227622509
-0.009860816411674023
-0.009841369464993477
-0.009821988642215729
-0.009802673943340778
-0.009783424437046051
-0.009764238260686398
-0.009745116345584393
-0.009726057760417461
-0.009707062505185604
-0.009688131511211395
-0.009669262915849686
-0.00965045765042305
-0.009631715714931488
-0.009613035246729851
-0.009594418108463287
-0.009575864300131798
-0.009557371959090233
-0.009538940154016018
-0.009520569816231728
-0.009502260014414787
-0.009484009817242622
-0.009465819224715233
-0.009447688236832619
-0.009429617784917355
-0.009411608800292015
-0.009393657557666302
-0.00937576312571764
-0.009357928298413754
-0.009340151213109493
-0.009322432801127434
-0.00930477399379015
-0.009287171065807343
-0.009269624948501587
-0.009252134710550308
-0.009234701283276081
-0.00921732559800148
-0.009200005792081356
-0.009182741865515709
-0.009165533818304539
-0.00914838258177042
-0.009131285361945629
-0.00911424309015274
-0.009097255766391754
-0.009080324321985245
-0.009063448756933212
-0.009046625345945358
-0.009029855951666832
-0.009013136848807335
-0.008996471762657166
-0.008979858830571175
-0.008963298052549362
-0.008946788497269154
-0.0089303283020854
-0.008913920260965824
-0.008897560648620129
-0.008881249465048313
-0.008864986710250378
-0.008848768658936024
-0.008832596242427826
-0.008816469460725784
-0.008800385519862175
-0.008784344419836998
-0.008768344298005104
-0.008752381429076195
-0.008736454881727695
-0.008720564655959606
-0.008704707026481628
-0.008688881061971188
-0.008673082105815411
-0.008657308295369148
-0.008641555905342102
-0.008625820279121399
-0.00861009769141674
-0.00859438069164753
-0.008578663691878319
-0.008562938310205936
-0.00854719802737236
-0.008531432598829269
-0.008515631780028343
-0.00849978718906641
-0.008483882993459702
-0.008467907086014748
-0.008451844565570354
-0.008435678668320179
-0.008419390767812729
-0.008402964100241661
-0.00838637538254261
-0.008369605056941509
-0.008352626115083694
-0.008335412479937077
-0.008317932486534119
-0.008300154469907284
-0.008282043971121311
-0.00826356653124094
-0.008244683966040611
-0.008225356228649616
-0.008205542340874672
-0.008185196667909622
-0.008164273574948311
-0.008142724633216858
-0.008120499551296234
-0.008097550831735134
-0.008073823526501656
-0.008049267344176769
-0.008023831062018871
-0.007997464388608932
-0.007970115169882774
-0.007941737771034241
-0.007912285625934601
-0.007881716825067997
-0.007849992252886295
-0.00781707838177681
-0.00778294587507844
-0.007747574243694544
-0.007710948120802641
-0.007673062849789858
-0.007633920758962631
-0.007593534886837006
-0.007551928982138634
-0.007509138900786638
-0.007465211674571037
-0.007420208770781755
-0.0073742032982409
-0.00732728186994791
-0.007279544603079557
-0.007231103256344795
-0.00718208309262991
-0.007132621016353369
-0.007082865107804537
-0.007032974157482386
-0.006983115337789059
-0.006933463271707296
-0.006884197704493999
-0.006835500709712505
-0.006787556223571301
-0.006740547250956297
-0.006694649811834097
-0.00665003526955843
-0.006606864742934704
-0.00656528677791357
-0.006525434553623199
-0.006487422157078981
-0.006451343651860952
-0.00641727028414607
-0.006385248620063066
-0.006355295889079571
-0.00632740231230855
-0.006301529239863157
-0.006277605891227722
-0.00625553447753191
-0.00623518880456686
-0.006216414272785187
-0.006199034396559
-0.006182848010212183
-0.006167634855955839
-0.006153159774839878
-0.006139179691672325
-0.00612544221803546
-0.006111697293817997
-0.006097697652876377
-0.006083205807954073
-0.006067999638617039
-0.006051877979189157
-0.006034663878381252
-0.006016209721565247
-0.005996400024741888
-0.005975156556814909
-0.005952439736574888
-0.005928248632699251
-0.005902622360736132
-0.005875639151781797
-0.005847414489835501
-0.005818099714815617
-0.005787874106317759
-0.005756944883614779
-0.005725538823753595
-0.005693895742297173
-0.005662262905389071
-0.005630887113511562
-0.005600008647888899
-0.005569853819906712
-0.005540627520531416
-0.005512506235390902
-0.005485634319484234
-0.005460119806230068
-0.00543602928519249
-0.005413389299064875
-0.005392181221395731
-0.005372345447540283
-0.005353780928999186
-0.005336351692676544
-0.005319887306541204
-0.00530419172719121
-0.005289049819111824
-0.005274234339594841
-0.005259512457996607
-0.00524465786293149
-0.005229453556239605
-0.005213703960180283
-0.005197238177061081
-0.005179919768124819
-0.00516164768487215
-0.005142360925674438
-0.005122040864080191
-0.00510071124881506
-0.005078437272459269
-0.005055321380496025
-0.005031498149037361
-0.005007131490856409
-0.004982405342161655
-0.004957516677677631
-0.004932667128741741
-0.004908055998384953
-0.004883869085460901
-0.004860274959355593
-0.00483741657808423
-0.004815403837710619
-0.004794313106685877
-0.004774181172251701
-0.004755005706101656
-0.004736747592687607
-0.004719329066574574
-0.004702642094343901
-0.004686553031206131
-0.004670906346291304
-0.004655533935874701
-0.004640264436602592
-0.004624927882105112
-0.004609364550560713
-0.004593432415276766
-0.004577015992254019
-0.004560026340186596
-0.004542408511042595
-0.004524140618741512
-0.004505236633121967
-0.004485741723328829
-0.004465732257813215
-0.004445311147719622
-0.004424600396305323
-0.004403735045343637
-0.004382856655865908
-0.004362106323242188
-0.004341616295278072
-0.004321503452956676
-0.004301866050809622
-0.004282776731997728
-0.00426427973434329
-0.004246389959007502
-0.004229092970490456
-0.00421234592795372
-0.004196081310510635
-0.004180212039500475
-0.004164634738117456
-0.004149235785007477
-0.004133899696171284
-0.004118515178561211
-0.004102978855371475
-0.004087204113602638
-0.004071122501045465
-0.004054688382893801
-0.004037879873067141
-0.004020700231194496
-0.004003176465630531
-0.003985356539487839
-0.003967306576669216
-0.003949105273932219
-0.003930840641260147
-0.003912603482604027
-0.003894481807947159
-0.003876556409522891
-0.003858895506709814
-0.003841553116217256
-0.003824563231319189
-0.003807941218838096
-0.003791682189330459
-0.003775761462748051
-0.003760138060897589
-0.00374475703574717
-0.003729553194716573
-0.003714456921443343
-0.003699396969750524
-0.003684306284412742
-0.003669125027954578
-0.003653804771602154
-0.003638310125097632
-0.003622622694820166
-0.003606739453971386
-0.003590672975406051
-0.003574449801817536
-0.00355810928158462
-0.003541699377819896
-0.003525274340063334
-0.00350888934917748
-0.003492597956210375
-0.003476449521258473
-0.003460485488176346
-0.003444736357778311
-0.003429222386330366
-0.003413950558751822
-0.003398916916921735
-0.003384106792509556
-0.003369496902450919
-0.003355056745931506
-0.003340753028169274
-0.003326551290228963
-0.003312419168651104
-0.003298330586403608
-0.00328426668420434
-0.003270218381658196
-0.00325618707574904
-0.003242186503484845
-0.003228240180760622
-0.003214382566511631
-0.003200656967237592
-0.00318711344152689
-0.003173807170242071
-0.003160795895382762
-0.003148138057440519
-0.003135890932753682
-0.003124108305200934
-0.003112841164693236
-0.003102135378867388
-0.003092032857239246
-0.00308257108554244
-0.003073784522712231
-0.003065706230700016
-0.003058368572965264
-0.003051805542781949
-0.003046054393053055
-0.003041156334802508
-0.00303715793415904
-0.003034112043678761
-0.003032077569514513
-0.003031119471415877
-0.003031307365745306
-0.003032713895663619
-0.003035412868484855
-0.003039477625861764
-0.003044978249818087
-0.003051979001611471
-0.003060535527765751
-0.003070693463087082
-0.003082484705373645
-0.003095927415415645
-0.00311102531850338
-0.003127764211967587
-0.003146113827824593
-0.003166025271639228
-0.003187432652339339
-0.003210252849385142
-0.003234385279938579
-0.003259713761508465
-0.003286105347797275
-0.003313413355499506
-0.00334147596731782
-0.003370119258761406
-0.003399155335500836
-0.003428386058658361
-0.003457602579146624
-0.003486587665975094
-0.003515117103233933
-0.003542963182553649
-0.003569895634427667
-0.003595685120671988
-0.003620106726884842
-0.003642944851890206
-0.003663995303213596
-0.003683071583509445
-0.003700007451698184
-0.003714663442224264
-0.003726929426193237
-0.003736729035153985
-0.003744021989405155
-0.003748808987438679
-0.003751131938770413
-0.003751076059415936
-0.003748768707737327
-0.003744377521798015
-0.003738110885024071
-0.00373021187260747
-0.003720956388860941
-0.003710645949468017
-0.003699603257700801
-0.003688164753839374
-0.003676672466099262
-0.003665467724204063
-0.00365488207899034
-0.003645229618996382
-0.003636799287050962
-0.003629847895354033
-0.003624591510742903
-0.003621200565248728
-0.003619795897975564
-0.003620443167164922
-0.003623150987550616
-0.003627870231866837
-0.003634494496509433
-0.00364286289550364
-0.003652762388810515
-0.003663935465738177
-0.003676085500046611
-0.003688886528834701
-0.003701992332935333
-0.003715046215802431
-0.003727692645043135
-0.003739588893949986
-0.003750416450202465
-0.003759890329092741
-0.003767770947888494
-0.003773871343582869
-0.0037780636921525
-0.003780285827815533
-0.003780542407184839
-0.003778907004743814
-0.003775517921894789
-0.003770576091483235
-0.003764335997402668
-0.003757096361368895
-0.003749191062524915
-0.003740975167602301
-0.003732812125235796
-0.003725059563294053
-0.003718056250363588
-0.003712107194587588
-0.003707473166286945
-0.003704359987750649
-0.003702909685671329
-0.003703196765854955
-0.003705225419253111
-0.003708928590640426
-0.003714172402396798
-0.003720763605087996
-0.003728457493707538
-0.003736970946192741
-0.003745994763448834
-0.003755208104848862
-0.003764295019209385
-0.003772958880290389
-0.003780936589464545
-0.003788011381402612
-0.003794023767113686
-0.003798879217356443
-0.00380255444906652
-0.003805097658187151
-0.003806627355515957
-0.003807328408583999
-0.003807441564276814
-0.003807253204286098
-0.003807082073763013
-0.003807265311479568
-0.003808142151683569
-0.003810036461800337
-0.003813243471086025
-0.003818016732111573
-0.003824557177722454
-0.003833001712337136
-0.003843422746285796
-0.003855823073536158
-0.003870140295475721
-0.003886250779032707
-0.003903979202732444
-0.003923109732568264
-0.00394339906051755
-0.003964591771364212
-0.003986434545367956
-0.00400868896394968
-0.00403114827349782
-0.004053644370287657
-0.004076058510690928
-0.004098325967788696
-0.004120435565710068
-0.004142428748309612
-0.004164394456893206
-0.004186459351330996
-0.004208775702863932
-0.004231511149555445
-0.004254830069839954
-0.004278882872313261
-0.004303790628910065
-0.004329633433371782
-0.004356441553682089
-0.00438418798148632
-0.004412786103785038
-0.004442089237272739
-0.004471898078918457
-0.004501963034272194
-0.004532001446932554
-0.004561704117804766
-0.004590755328536034
-0.00461884168908
-0.004645672161132097
-0.00467098830267787
-0.004694577306509018
-0.004716277588158846
-0.004735987633466721
-0.004753665998578072
-0.004769331309944391
-0.004783055745065212
-0.004794960375875235
-0.00480520399287343
-0.004813970997929573
-0.004821461625397205
-0.004827880300581455
-0.004833423066884279
-0.004838269669562578
-0.004842579364776611
-0.004846482072025537
-0.004850079771131277
-0.004853448364883661
-0.004856639541685581
-0.004859688226133585
-0.004862618166953325
-0.004865451250225306
-0.004868214949965477
-0.004870947450399399
-0.004873704630881548
-0.004876564256846905
-0.004879625514149666
-0.004883005749434233
-0.004886840935796499
-0.004891276359558105
-0.004896459169685841
-0.004902530461549759
-0.004909614566713572
-0.004917808342725039
-0.004927176050841808
-0.004937739111483097
-0.004949474241584539
-0.004962311591953039
-0.004976133815944195
-0.004990782588720322
-0.005006061866879463
-0.005021748133003712
-0.00503759877756238
-0.005053368397057056
-0.005068813916295767
-0.005083708558231592
-0.005097852554172277
-0.005111079197376966
-0.005123262759298086
-0.005134319420903921
-0.005144211463630199
-0.005152944009751081
-0.005160560365766287
-0.005167139694094658
-0.005172786302864552
-0.005177625920623541
-0.005181796848773956
-0.005185442510992289
-0.005188707262277603
-0.005191727541387081
-0.00519463187083602
-0.005197534803301096
-0.005200540646910667
-0.005203739274293184
-0.005207208450883627
-0.005211015231907368
-0.005215217359364033
-0.005219863727688789
-0.005224995780736208
-0.005230647046118975
-0.005236843600869179
-0.005243600346148014
-0.005250921007245779
-0.005258797667920589
-0.005267204716801643
-0.00527610071003437
-0.005285426042973995
-0.005295103415846825
-0.005305036902427673
-0.005315116140991449
-0.005325219593942165
-0.005335219670087099
-0.005344985984265804
-0.00535439420491457
-0.005363330710679293
-0.005371698178350925
-0.005379424430429935
-0.005386461038142443
-0.005392790772020817
-0.005398426204919815
-0.00540341017767787
-0.005407813936471939
-0.005411732010543346
-0.005415278021246195
-0.005418578162789345
-0.005421762820333242
-0.005424964241683483
-0.005428305827081203
-0.005431898403912783
-0.00543583370745182
-0.0054401820525527
-0.005444990936666727
-0.00545028317719698
-0.005456056445837021
-0.005462287459522486
-0.005468931514769793
-0.005475929938256741
-0.00548321008682251
-0.005490692332386971
-0.005498292855918407
-0.005505926441401243
-0.005513511598110199
-0.005520974285900593
-0.005528246983885765
-0.005535274744033813
-0.005542012397199869
-0.005548427812755108
-0.005554501432925463
-0.005560224875807762
-0.005565603263676167
-0.005570653360337019
-0.005575403105467558
-0.005579890217632055
-0.00558415986597538
-0.00558826420456171
-0.005592260044068098
-0.005596207920461893
-0.005600166972726583
-0.005604194942861795
-0.005608344916254282
-0.005612662527710199
-0.005617181770503521
-0.005621927324682474
-0.005626910831779242
-0.005632129963487387
-0.005637566559016705
-0.005643191281706095
-0.005648963153362274
-0.005654829554259777
-0.005660730879753828
-0.005666604731231928
-0.005672385916113853
-0.005678012035787106
-0.00568342674523592
-0.005688580684363842
-0.005693435668945312
-0.005697963293641806
-0.005702149588614702
-0.005705989431589842
-0.005709490273147821
-0.005712667945772409
-0.005715544801205397
-0.00571814738214016
-0.005720502696931362
-0.005722635891288519
-0.005724569316953421
-0.005726316478103399
-0.005727882497012615
-0.005729262251406908
-0.005730438511818647
-0.005731383804231882
-0.005732059478759766
-0.005732416175305843
-0.005732396151870489
-0.005731933750212193
-0.005730958189815283
-0.005729395430535078
-0.005727170035243034
-0.005724206101149321
-0.005720431450754404
-0.005715776700526476
-0.005710177589207888
-0.0057035768404603
-0.005695924162864685
-0.00568717485293746
-0.005677295383065939
-0.005666256416589022
-0.005654037930071354
-0.005640626884996891
-0.005626014433801174
-0.005610199179500341
-0.00559318671002984
-0.005574984941631556
-0.005555607378482819
-0.005535072181373835
-0.00551340077072382
-0.005490619223564863
-0.005466760136187077
-0.005441860295832157
-0.005415964871644974
-0.005389125552028418
-0.005361403338611126
-0.005332870408892632
-0.005303607322275639
-0.005273709073662758
-0.00524328276515007
-0.005212449003010988
-0.00518133956938982
-0.005150102078914642
-0.005118892062455416
-0.005087876226752996
-0.005057228729128838
-0.00502712931483984
-0.004997759591788054
-0.004969300236552954
-0.004941928200423717
-0.004915810655802488
-0.004891106393188238
-0.004867957439273596
-0.004846489056944847
-0.004826806485652924
-0.004808990750461817
-0.004793099593371153
-0.004779164679348469
-0.00476719019934535
-0.004757152404636145
-0.004748999606817961
-0.004742652643471956
-0.004738008137792349
-0.004734934773296118
-0.004733280278742313
-0.004732869565486908
-0.004733513109385967
-0.004735003225505352
-0.004737121518701315
-0.00473964074626565
-0.004742330405861139
-0.00474495766684413
-0.004747294820845127
-0.004749123472720385
-0.00475023640319705
-0.004750443622469902
-0.004749576095491648
-0.004747489467263222
-0.004744067322462797
-0.004739225376397371
-0.004732911940664053
-0.004725111182779074
-0.004715843126177788
-0.004705164581537247
-0.004693166352808475
-0.004679974168539047
-0.004665743559598923
-0.004650659393519163
-0.004634929355233908
-0.004618777893483639
-0.004602442029863596
-0.004586164839565754
-0.004570187069475651
-0.004554742947220802
-0.004540050867944956
-0.004526309203356504
-0.00451368885114789
-0.004502327647060156
-0.004492328502237797
-0.004483752883970737
-0.004476620350033045
-0.00447090994566679
-0.004466555546969175
-0.004463453311473131
-0.004461462143808603
-0.004460408817976713
-0.004460092633962631
-0.004460294730961323
-0.004460783209651709
-0.004461321514099836
-0.004461675882339478
-0.004461624193936586
-0.004460963420569897
-0.004459516610950232
-0.004457137547433376
-0.004453716333955526
-0.004449183121323586
-0.004443510435521603
-0.004436714109033346
-0.004428850021213293
-0.004420015495270491
-0.00441034184768796
-0.004399990662932396
-0.00438914867118001
-0.004378017038106918
-0.00436680531129241
-0.004355725832283497
-0.004344980698078871
-0.004334757104516029
-0.004325220361351967
-0.004316506441682577
-0.004308715462684631
-0.004301910754293203
-0.004296115133911371
-0.004291310906410217
-0.004287440795451403
-0.004284413531422615
-0.004282102920114994
-0.00428035669028759
-0.004279002547264099
-0.004277857020497322
-0.004276733379811049
-0.004275448620319366
-0.004273831844329834
-0.004271732177585363
-0.004269024822860956
-0.004265614785254002
-0.004261445719748735
-0.004256494343280792
-0.004250776488333941
-0.004244344774633646
-0.004237283952534199
-0.004229707177728415
-0.004221749026328325
-0.004213561769574881
-0.004205305594950914
-0.004197139758616686
-0.004189216531813145
-0.00418167607858777
-0.004174633882939816
-0.00416817981749773
-0.004162374418228865
-0.004157244227826595
-0.0041527827270329
-0.004148950800299644
-0.00414567906409502
-0.004142872057855129
-0.004140416160225868
-0.004138181451708078
-0.004136032424867153
-0.004133834037929773
-0.004131457768380642
-0.004128789994865656
-0.004125737119466066
-0.004122230224311352
-0.004118226934224367
-0.004113715142011642
-0.004108710680156946
-0.004103256855159998
-0.004097422119230032
-0.004091294016689062
-0.004084974527359009
-0.004078574944287539
-0.004072206560522318
-0.00406597787514329
-0.004059986211359501
-0.004054312128573656
-0.004049017559736967
-0.004044141620397568
-0.004039697349071503
-0.004035674035549164
-0.004032037686556578
-0.004028733819723129
-0.004025690257549286
-0.004022824112325907
-0.00402004411444068
-0.004017259459942579
-0.004014383070170879
-0.004011337645351887
-0.004008058924227953
-0.004004501271992922
-0.00400063768029213
-0.003996462095528841
-0.003991988953202963
-0.003987253177911043
-0.0039823018014431
-0.003977196756750345
-0.003972007893025875
-0.00396680785343051
-0.003961668815463781
-0.003956656437367201
-0.00395182752981782
-0.00394722493365407
-0.003942875191569328
-0.003938789945095778
-0.00393496360629797
-0.003931373823434114
-0.003927985206246376
-0.003924751188606024
-0.00392161775380373
-0.003918526694178581
-0.003915420267730951
-0.0039122449234128
-0.003908955492079258
-0.003905516350641847
-0.003901904216036201
-0.00389810954220593
-0.00389413652010262
-0.003890001680701971
-0.003885732963681221
-0.003881367621943355
-0.003876947797834873
-0.003872519358992577
-0.00386812724173069
-0.003863812191411853
-0.003859609132632613
-0.003855543909594417
-0.003851632121950388
-0.003847878193482757
-0.003844276070594788
-0.003840810153633356
-0.003837456228211522
-0.003834184259176254
-0.003830959554761648
-0.003827747190371156
-0.003824512707069516
-0.003821226535364985
-0.00381786422803998
-0.0038144092541188
-0.003810853231698275
-0.00380719592794776
-0.003803445491939783
-0.003799617988988757
-0.00379573367536068
-0.003791818395256996
-0.003787899157032371
-0.003784002503380179
-0.003780152648687363
-0.003776369849219918
-0.003772669238969684
-0.003769059432670474
-0.003765541827306151
-0.003762111766263843
-0.003758758772164583
-0.003755467478185892
-0.003752219490706921
-0.003748994320631027
-0.003745771246030927
-0.003742530941963196
-0.003739257575944066
-0.003735939273610711
-0.003732568817213178
-0.00372914457693696
-0.003725669346749783
-0.003722151275724173
-0.003718601539731026
-0.003715034108608961
-0.003711464116349816
-0.003707907162606716
-0.003704376751556993
-0.003700885223224759
-0.003697441658005118
-0.003694050246849656
-0.003690712153911591
-0.003687424352392554
-0.003684180788695812
-0.003680972382426262
-0.003677788423374295
-0.003674616804346442
-0.003671446349471807
-0.00366826681420207
-0.003665070049464703
-0.003661850234493613
-0.003658604575321078
-0.003655333071947098
-0.003652038518339396
-0.003648726269602776
-0.003645403776317835
-0.003642078954726458
-0.003638760419562459
-0.003635456319898367
-0.003632173640653491
-0.003628918202593923
-0.003625692799687386
-0.003622497897595167
-0.003619332797825336
-0.003616194240748882
-0.003613077569752932
-0.003609976964071393
-0.003606886602938175
-0.003603800432756543
-0.003600712632760406
-0.003597618779167533
-0.003594515612348914
-0.003591401735320687
-0.003588277846574783
-0.003585145110264421
-0.003582005854696035
-0.003578864736482501
-0.003575725015252829
-0.003572591580450535
-0.003569468623027205
-0.003566359635442495
-0.003563266946002841
-0.003560192184522748
-0.00355713558383286
-0.00355409667827189
-0.003551073838025331
-0.003548064734786749
-0.003545065643265843
-0.00354207307100296
-0.003539084224030375
-0.003536096308380365
-0.003533107228577137
-0.003530115820467472
-0.00352712138555944
-0.003524124156683683
-0.003521125530824065
-0.003518126904964447
-0.003515130607411265
-0.0035121391993016
-0.003509155008941889
-0.003506180131807923
-0.003503215732052922
-0.003500262973830104
-0.003497322089970112
-0.003494393080472946
-0.003491474548354745
-0.00348856532946229
-0.003485663328319788
-0.003482767380774021
-0.003479875391349196
-0.003476986195892096
-0.003474099095910788
-0.003471212694421411
-0.003468327224254608
-0.003465443151071668
-0.00346256117336452
-0.003459681989625096
-0.003456807229667902
-0.003453937359154224
-0.003451073775067925
-0.003448217641562223
-0.003445369191467762
-0.003442528657615185
-0.003439695807173848
-0.003436871105805039
-0.003434053622186184
-0.003431242657825351
-0.003428437514230609
-0.003425637260079384
-0.003422840731218457
-0.003420047927647829
-0.003417258150875568
-0.003414471400901675
-0.003411687444895506
-0.003408906515687704
-0.003406128846108913
-0.003403354901820421
-0.003400585148483515
-0.003397820517420769
-0.003395061707124114
-0.003392308950424194
-0.003389562712982297
-0.003386822761967778
-0.003384088864549994
-0.003381361020728946
-0.003378638764843345
-0.00337592139840126
-0.003373208455741405
-0.00337049993686378
-0.003367795143276453
-0.003365093609318137
-0.003362395334988832
-0.003359700087457895
-0.003357007633894682
-0.003354318672791123
-0.003351632971316576
-0.003348950762301683
-0.003346272278577089
-0.003343597752973437
-0.003340927883982658
-0.003338262438774109
-0.003335601650178432
-0.003332945518195629
-0.003330293344333768
-0.003327645594254136
-0.003325002267956734
-0.003322363132610917
-0.003319727489724755
-0.003317095339298248
-0.003314466448500752
-0.003311840817332268
-0.003309217747300863
-0.003306597704067826
-0.003303979989141226
-0.003301365301012993
-0.003298752708360553
-0.003296142211183906
-0.003293533576652408
-0.003290926804766059
-0.003288321895524859
-0.003285717917606235
-0.003283114638179541
-0.003280512290075421
-0.003277910174801946
-0.00327530805952847
-0.003272706177085638
-0.003270103828981519
-0.003267500782385468
-0.003264897270128131
-0.003262292128056288
-0.003259685356169939
-0.003257076488807797
-0.003254464827477932
-0.003251850372180343
-0.003249232657253742
-0.0032466109842062
-0.003243985120207071
-0.00324135459959507
-0.003238718491047621
-0.003236076328903437
-0.003233427181839943
-0.003230770817026496
-0.003228106768801808
-0.003225434338673949
-0.003222753526642919
-0.003220063168555498
-0.003217363031581044
-0.003214653115719557
-0.003211932955309749
-0.00320920255035162
-0.00320646190084517
-0.003203711239621043
-0.003200949868187308
-0.003198178019374609
-0.003195395926013589
-0.003192603820934892
-0.003189801936969161
-0.003186990506947041
-0.003184169996529818
-0.003181341337040067
-0.003178505226969719
-0.003175661433488131
-0.003172811586409807
-0.00316995638422668
-0.003167096991091967
-0.003164235036820173
-0.003161372151225805
-0.003158509964123368
-0.003155651036649942
-0.003152797464281321
-0.003149951342493296
-0.003147114999592304
-0.003144291462376714
-0.003141483059152961
-0.003138692351058125
-0.003135922830551863
-0.00313317752443254
-0.003130459226667881
-0.003127771196886897
-0.003125116927549243
-0.003122500376775861
-0.003119924571365118
-0.003117393469437957
-0.003114909632131457
-0.003112477017566562
-0.003110098652541637
-0.003107778029516339
-0.003105517942458391
-0.00310332071967423
-0.003101189155131578
-0.003099125111475587
-0.003097130218520761
-0.003095205640420318
-0.003093352541327477
-0.003091570921242237
-0.003089861012995243
-0.003088222118094563
-0.003086652839556336
-0.0030851517803967
-0.003083716379478574
-0.003082343377172947
-0.003081029746681452
-0.003079770831391215
-0.003078562440350652
-0.003077398985624313
-0.003076274180784822
-0.003075182205066085
-0.003074114909395576
-0.003073064843192697
-0.003072024090215564
-0.003070984501391649
-0.003069937461987138
-0.003068873658776283
-0.003067784942686558
-0.003066661767661572
-0.003065495518967509
-0.003064277581870556
-0.003062999341636896
-0.003061652882024646
-0.003060230752453208
-0.003058725968003273
-0.003057132009416819
-0.003055443288758397
-0.003053654916584492
-0.003051763633266091
-0.003049766179174185
-0.00304766115732491
-0.003045447403565049
-0.003043125383555889
-0.003040696727111936
-0.003038164228200912
-0.003035532543435693
-0.003032807493582368
-0.003029995830729604
-0.003027104772627354
-0.00302414339967072
-0.003021121956408024
-0.003018050920218229
-0.003014941932633519
-0.003011807566508651
-0.00300865969620645
-0.00300551182590425
-0.003002376295626163
-0.002999266376718879
-0.002996194642037153
-0.002993172965943813
-0.002990212524309754
-0.002987323794513941
-0.00298451678827405
-0.002981799887493253
-0.00297918077558279
-0.00297666504047811
-0.002974257571622729
-0.002971961628645658
-0.002969778375700116
-0.002967707347124815
-0.002965746680274606
-0.002963893115520477
-0.002962141297757626
-0.002960484474897385
-0.002958914032205939
-0.002957421122118831
-0.00295599433593452
-0.002954622730612755
-0.002953294198960066
-0.002951995469629765
-0.00295071373693645
-0.002949435729533434
-0.002948147943243384
-0.002946838038042188
-0.00294549367390573
-0.00294410390779376
-0.00294265802949667
-0.002941146725788713
-0.002939562080428004
-0.002937897574156523
-0.002936148317530751
-0.002934310585260391
-0.002932382514700294
-0.002930363640189171
-0.002928256057202816
-0.002926062326878309
-0.002923786407336593
-0.002921434352174401
-0.00291901221498847
-0.002916527446359396
-0.002913987962529063
-0.002911402611061931
-0.002908779541030526
-0.002906126901507378
-0.002903451910242438
-0.002900762250646949
-0.002898063510656357
-0.002895360812544823
-0.002892657881602645
-0.00288995704613626
-0.002887259470298886
-0.002884563524276018
-0.002881866414099932
-0.002879164181649685
-0.002876450773328543
-0.002873718738555908
-0.002870959229767323
-0.002868162700906396
-0.002865318208932877
-0.002862414345145226
-0.002859439235180616
-0.002856381237506866
-0.002853228012099862
-0.002849969547241926
-0.002846595132723451
-0.00284309615381062
-0.002839465159922838
-0.002835697028785944
-0.002831787802278996
-0.002827737014740705
-0.002823546295985579
-0.002819219138473272
-0.002814762992784381
-0.002810187404975295
-0.002805504482239485
-0.002800728660076857
-0.002795876935124397
-0.00279096863232553
-0.002786024939268827
-0.00278106820769608
-0.002776122186332941
-0.002771211788058281
-0.00276636122725904
-0.002761595416814089
-0.00275693810544908
-0.002752412110567093
-0.002748038852587342
-0.002743838587775826
-0.002739828079938889
-0.002736022230237722
-0.002732433611527085
-0.00272907130420208
-0.002725941594690084
-0.002723047509789467
-0.002720388816669583
-0.002717961790040135
-0.002715759910643101
-0.002713773399591446
-0.002711989684030414
-0.002710394095629454
-0.002708968706429005
-0.002707694424316287
-0.002706550527364016
-0.0027055146638304
-0.002704563783481717
-0.002703674603253603
-0.002702823141589761
-0.002701985882595181
-0.002701140008866787
-0.002700264099985361
-0.002699337434023619
-0.002698340686038136
-0.002697256626561284
-0.00269606988877058
-0.002694766968488693
-0.002693337155506015
-0.002691771369427443
-0.002690063556656241
-0.002688209759071469
-0.002686207881197333
-0.002684058621525764
-0.002681764541193843
-0.002679330995306373
-0.002676764503121376
-0.002674074145033956
-0.002671269467100501
-0.00266836304217577
-0.002665367675945163
-0.002662297803908587
-0.002659168327227235
-0.002655995544046164
-0.002652795752510428
-0.002649585250765085
-0.002646381733939052
-0.002643201965838671
-0.002640061313286424
-0.002636976540088654
-0.002633962081745267
-0.002631031908094883
-0.002628199057653546
-0.002625474939122796
-0.002622869098559022
-0.002620388986542821
-0.002618040423840284
-0.002615827135741711
-0.002613749587908387
-0.002611806616187096
-0.002609995193779469
-0.00260830856859684
-0.002606737893074751
-0.002605272922664881
-0.002603900618851185
-0.002602606313303113
-0.002601373707875609
-0.002600184874609113
-0.002599021652713418
-0.002597864950075746
-0.002596695674583316
-0.002595494966953993
-0.002594244899228215
-0.002592928474768996
-0.002591531258076429
-0.002590039977803826
-0.002588444389402866
-0.002586736576631665
-0.002584911650046706
-0.002582967281341553
-0.002580904867500067
-0.00257872836664319
-0.002576445229351521
-0.002574065467342734
-0.002571601653471589
-0.002569069154560566
-0.002566484035924077
-0.002563865156844258
-0.002561231609433889
-0.002558602951467037
-0.002555998973548412
-0.002553438767790794
-0.002550939563661814
-0.002548517426475883
-0.002546186093240976
-0.002543956739827991
-0.002541837282478809
-0.002539833309128881
-0.00253794644959271
-0.002536175074055791
-0.002534514060243964
-0.00253295642323792
-0.00253149145282805
-0.002530105644837022
-0.002528784330934286
-0.002527510980144143
-0.002526267897337675
-0.002525037387385964
-0.002523801056668162
-0.002522541442885995
-0.002521241782233119
-0.002519887639209628
-0.002518466673791409
-0.002516968874260783
-0.002515387022867799
-0.00251371692866087
-0.002511957427486777
-0.002510110614821315
-0.002508180914446712
-0.002506176009774208
-0.002504105446860194
-0.002501981798559427
-0.002499818569049239
-0.002497630659490824
-0.002495432971045375
-0.002493241103366017
-0.002491070423275232
-0.002488934434950352
-0.002486846409738064
-0.002484817057847977
-0.002482854994013906
-0.002480966737493873
-0.00247915624640882
-0.002477424219250679
-0.002475769026204944
-0.002474186941981316
-0.002472671214491129
-0.002471213461831212
-0.002469803439453244
-0.002468429738655686
-0.002467080019414425
-0.002465741708874702
-0.002464402234181762
-0.00246304995380342
-0.002461673459038138
-0.002460263902321458
-0.002458812901750207
-0.002457314403727651
-0.00245576468296349
-0.002454161876812577
-0.002452506916597486
-0.002450801897794008
-0.002449050778523088
-0.002447260078042746
-0.002445437246933579
-0.002443591132760048
-0.002441730815917253
-0.002439865842461586
-0.002438005991280079
-0.002436160342767835
-0.002434337511658669
-0.002432545414194465
-0.002430790569633245
-0.00242907740175724
-0.00242740917019546
-0.002425787737593055
-0.00242421287111938
-0.002422682475298643
-0.002421192824840546
-0.002419739728793502
-0.002418317133560777
-0.002416918287053704
-0.002415536437183619
-0.002414164133369923
-0.002412794157862663
-0.002411419060081244
-0.002410032786428928
-0.002408629981800914
-0.002407206920906901
-0.00240576034411788
-0.002404288621619344
-0.002402791054919362
-0.002401268808171153
-0.002399724209681153
-0.002398160519078374
-0.002396582160145044
-0.002394994255155325
-0.002393402857705951
-0.0023918142542243
-0.002390233566984534
-0.002388666616752744
-0.002387118991464376
-0.002385594882071018
-0.002384098479524255
-0.00238263257779181
-0.00238119880668819
-0.002379798330366611
-0.002378431148827076
-0.002377095865085721
-0.002375791082158685
-0.002374513307586312
-0.00237325974740088
-0.002372026676312089
-0.002370810369029641
-0.002369606634601951
-0.002368412213400006
-0.00236722338013351
-0.00236603687517345
-0.002364850370213389
-0.00236366200260818
-0.002362470841035247
-0.002361276652663946
-0.002360079670324922
-0.002358881291002035
-0.002357683144509792
-0.002356488024815917
-0.002355298260226846
-0.002354116411879659
-0.002352945506572723
-0.002351788338273764
-0.00235064746811986
-0.002349524758756161
-0.002348421607166529
-0.002347338944673538
-0.002346276305615902
-0.002345233224332333
-0.002344208536669612
-0.002343200147151947
-0.002342205261811614
-0.002341220853850245
-0.002340243197977543
-0.002339268336072564
-0.00233829184435308
-0.002337309764698148
-0.002336317440494895
-0.002335310913622379
-0.002334286225959659
-0.002333239652216434
-0.002332168165594339
-0.002331068739295006
-0.002329938812181354
-0.002328776754438877
-0.002327580936253071
-0.002326349960640073
-0.002325083129107952
-0.002323780441656709
-0.002322440501302481
-0.002321063308045268
-0.002319648629054427
