0
0
0
0
0
0
0
0
0
0
0
0
0
0
0
0
0
0
0
0
0
0
0
0
0
0
0
0
0
0
0
0
0
0
0
0
0
0
0
0
0
0
0
0
0
0
0
0
0
0
0
0
0
0
0
0
0
0
0
0
0
0
0
0
0
0
0
0
0
0
0
0
0
0
0
0
0
0
0
0
0
0
0
0
0
0
0
0
0
0
0
0
0
0
0
0
0
0
0
0
0
0
0
0
0
0
0
0
0
0
0
0
0
0
0
0
0
0
0
0
0
0
0
0
0
0
0
0
0
0
0
0
0
0
0
0
0
0
0
0
0
0
0
0
0
0
0
0
0
0
0
0
0
0
0
0
0
0
0
0
0
0
0
0
0
0
0
0
0
0
0
0
0
0
0
0
0
0
0
0
0
0
0
0
0
0
0
0
0
0
0
0
0
0
0
0
0
0
0
0
0
0
0
0
0
0
0
0
0
0
0
0
0
0
0
0
0
0
0
0
0
0
0
0
0
0
0
0
0
0
0
0
0
0
0
0
0
0
0
0
0
0
0
0
0
0
0
0
0
0
0
0
0
0
0
0
0
0
0
0
0
0
0
0
0
0
0
0
0
0
0
0
0
0
0
0
0
0
0
0
0
0
0
0
0
0
0
0
0
0
0
0
0
0
0
0
0
0
0
0
0
0
0
0
0
0
0
0
0
0
0
0
0
0
0
0
0
0
0
0
0
0
0
0
0
0
0
0
0
0
0
0
0
0
0
0
0
0
0
0
0
0
0
0
0
0
0
0
0
0
0
0
0
0
0
0
0
0
0
0
0
0
0
0
0
0
0
0
0
0
0
0
0
0
0
0
0
0
0
0
0
0
0
0
0
0
0
0
0
0
0
0
0
0
0
0
0
0
0
0
0
0
0
0
0
0
0
0
0
0
0
0
0
0
0
0
0
0
0
0
0
0
0
0
0
0
0
0
0
0
0
0
0
0
0
0
0
0
0
0
0
0
0
0
0
0
0
0
0
0
0
0
0
0
0
0
0
0
0
0
0
0
0
0
0
0
0
0
0
0
0
0
0
0
0
0
0
0
0
0
0
0
0
0
0
0
0
0
0
0
0
0
0
0
0
0
0
0
0
0
0
0
0
0
0
0
0
0
0
0
0
0
0
0
0
0
0
0
0
0
0
0
0
0
0
0
0
0
0
0
0
0
0
0
0
0
0
0
0
0
0
0
0
0
0
0
0
0
0
0
0
0
0
0
0
0
0
0
0
0
0
0
0
0
0
0
0
0
0
0
0
0
0
0
0
0
0
0
0
0
0
0
0
0
0
0
0
0
0
0
0
0
0
0
0
0
0
0
0
0
0
0
0
0
0
0
0
0
0
0
0
0
0
0
0
0
0
0
0
0
0
0
0
0
0
0
0
0
0
0
0
0
0
0
0
0
0
0
0
0
0
0
0
0
0
0
0
0
0
0
0
0
0
0
0
0
0
0
0
0
0
0
0
0
0
0
0
0
0
0
0
0
0
0
0
0
0
0
0
0
0
0
0
0
0
0
0
0
0
0
0
0
0
0
0
0
0
0
0
0
0
0
0
0
0
0
0
0
0
0
0
0
0
0
0
0
0
0
0
0
0
0
0
0
0
0
0
0
0
0
0
0
0
0
0
0
0
0
0
0
0
0
0
0
0
0
0
0
0
0
0
0
0
0
0
0
0
0
0
0
0
0
0
0
0
0
0
0
0
0
0
0
0
0
0
0
0
0
0
0
0
0
0
0
0
0
0
0
0
0
0
0
0
0
0
0
0
0
0
0
0
0
0
0
0
0
0
0
0
0
0
0
0
0
0
0
0
0
0
0
0
0
0
0
0
0
0
0
0
0
0
0
0
0
0
0
0
0
0
0
0
0
0
0
0
0
0
0
0
0
0
0
0
0
0
0
0
0
0
0
0
0
0
0
0
0
0
0
0
0
0
0
0
0
0
0
0
0
0
0
0
0
0
0
0
0
0
0
0
0
0
0
0
0
0
0
0
0
0
0
0
0
0
0
0
0
0
0
0
0
0
0
0
0
0
0
0
0
0
0
0
0
0
0
0
0
0
0
0
0
0
0
0
0
0
0
0
0
0
0
0
0
0
0
0
0
0
0
0
0
0
0
0
0
0
0
0
0
0
0
0
0
0
0
0
0
0
0
0
0
0
0
0
0
0
0
0
0
0
0
0
0
0
0
0
0
0
0
0
0
0
0
0
0
0
0
0
0
0
0
0
0
0
0
0
0
0
0
0
0
0
0
0
0
0
0
0
0
0
0
0
0
0
0
0
0
0
0
0
0
0
0
0
0
0
0
0
0
0
0
0
0
0
0
0
0
0
0
0
0
0
0
0
0
0
0
0
0
0
0
0
0
0
0
0
0
0
0
0
0
0
0
0
0
0
0
0
0
0
0
0
0
0
0
0
0
0
0
0
0
0
0
0
0
0
0
0
0
0
0
0
0
0
0
0
1.68155815718978e-44
5.605193857299268e-44
1.401298464324817e-43
3.363116314379561e-43
7.847271400218976e-43
1.856720465230383e-42
4.400077177979926e-42
1.040464109761177e-41
2.450170364871943e-41
5.743922405267425e-41
1.340510136942407e-40
3.113853343545463e-40
7.200067691485916e-40
1.657244227535281e-39
3.797148895525673e-39
8.660761592519604e-39
1.966478989136628e-38
4.444923212993406e-38
1.000202450699705e-37
2.240616380984987e-37
4.997011490330937e-37
1.109490099085579e-36
2.452527371309712e-36
5.397450126820466e-36
1.182645394367259e-35
2.579992277737471e-35
5.603855354942766e-35
1.211899893003609e-34
2.609542587116524e-34
5.594822300746295e-34
1.194369943196113e-33
2.538799087114383e-33
5.373545774779569e-33
1.132512106010883e-32
2.376730999370026e-32
4.96682157025399e-32
1.033580444330565e-31
2.141820061364906e-31
4.419778355278205e-31
9.082437353323311e-31
1.858635996107746e-30
3.787754257332604e-30
7.687237277880357e-30
1.553692825120255e-29
3.127315113119718e-29
6.268952524641493e-29
1.251527537243644e-28
2.488358303081668e-28
4.927396910664982e-28
9.717605979531372e-28
1.908723108485097e-27
3.733991820620006e-27
7.275372928245801e-27
1.411865191788866e-26
2.728927483548841e-26
5.253588063856852e-26
1.007371678181739e-25
1.923966543549851e-25
3.660022228652497e-25
6.935098577965574e-25
1.308905624074386e-24
2.460679622159608e-24
4.607833971717725e-24
8.594835988748324e-24
1.596913060772059e-23
2.955505246733971e-23
5.448698875507531e-23
1.000617677908747e-22
1.830465018974656e-22
3.335617937023588e-22
6.055029231728415e-22
1.094925809801302e-21
1.972354817289441e-21
3.539326914839327e-21
6.326955467505007e-21
1.12670610509146e-20
1.998809248813366e-20
3.532481914491094e-20
6.219270526579311e-20
1.090819229645017e-19
1.905999777955373e-19
3.31781704255319e-19
5.753661545765722e-19
9.940336954529365e-19
1.710903052479541e-18
2.933727770931862e-18
5.011719413794446e-18
8.529599444974265e-18
1.446264916864253e-17
2.443130382426203e-17
4.11175468283451e-17
6.894324089013891e-17
1.151707389659222e-16
1.916816766092964e-16
3.178402725507892e-16
5.250842472719725e-16
8.642564622642101e-16
1.417266856411565e-15
2.315567849226971e-15
3.769309744292319e-15
6.113166799891689e-15
9.878069431759444e-15
1.590306052535843e-14
2.550900368215349e-14
4.076726207048048e-14
6.491365740291313e-14
1.029836006511027e-13
1.627828189083858e-13
2.563648349596798e-13
4.022708544309389e-13
6.289116363106251e-13
9.796532075140307e-13
1.520433410250044e-12
2.351121684493473e-12
3.622396653468751e-12
5.560711613394886e-12
8.505082922660723e-12
1.296106191123192e-11
1.967961904547622e-11
2.97719141006958e-11
4.487564486677087e-11
6.739510338693577e-11
1.008461647522552e-10
1.503500102195687e-10
2.233367102366657e-10
3.305435647416033e-10
4.874259884601884e-10
7.161419235401922e-10
1.048332753939007e-09
1.529001480982117e-09
2.221898443011128e-09
3.216969357566768e-09
4.640605677508347e-09
6.669695906680317e-09
9.550793933499335e-09
1.362615620337237e-08
1.936894022946944e-08
2.743058757914696e-08
3.870428599839215e-08
5.44096039334363e-08
7.620480602099633e-08
1.0633516467351e-07
1.478280182709568e-07
2.047477778432949e-07
2.825279068474629e-07
3.884009061039251e-07
5.319521960700513e-07
7.258306027324579e-07
9.866536174740759e-07
1.336156401521293e-06
1.802641236281488e-06
2.422795205347938e-06
3.243958872189978e-06
4.326940597820794e-06
5.749484444095287e-06
7.61052660891437e-06
1.00353672678466e-05
1.31819488160545e-05
1.724838512018323e-05
2.248195778520312e-05
2.918979589594528e-05
3.775141158257611e-05
4.863337017013691e-05
6.240626680664718e-05
7.976419874466956e-05
0.0001015469533740543
0.0001287649356527254
0.0001626270677661523
0.0002045713335974142
0.0002562981972005218
0.0003198061313014477
0.0003974293358623981
0.000491876679006964
0.000606270506978035
0.0007441854104399681
0.000909683876670897
0.001107348478399217
0.001342308125458658
0.001620254945009947
0.001947451266460121
0.002330721821635962
0.002777430228888988
0.003295432310551405
0.003893011482432485
0.004578784108161926
0.005361579358577728
0.006250284612178802
0.00725366547703743
0.00838015228509903
0.009637595154345036
0.01103299204260111
0.01257219910621643
0.01425962056964636
0.01609788462519646
0.01808753237128258
0.02022671513259411
0.02251092344522476
0.0249327439814806
0.0274816919118166
0.03014411777257919
0.03290317580103874
0.03573892638087273
0.03862852975726128
0.04154659435153008
0.04446560144424438
0.04735648259520531
0.05018931999802589
0.05293412134051323
0.05556170269846916
0.05804459005594254
0.06035799533128738
0.06248071044683456
0.064395971596241
0.06609225273132324
0.06756382435560226
0.06881119310855865
0.06984131783246994
0.07066753506660461
0.07130928337574005
0.07179148495197296
0.07214368879795074
0.07239899784326553
0.07259279489517212
0.07276131957769394
0.07294013351202011
0.07316259294748306
0.07345842570066452
0.07385237514972687
0.07436312735080719
0.07500249147415161
0.07577493786811829
0.07667750120162964
0.07770004868507385
0.07882599532604218
0.0800333246588707
0.08129590749740601
0.08258508890867233
0.08387134969234467
0.0851261094212532
0.08632331341505051
0.08744098246097565
0.08846237510442734
0.08937691897153854
0.09018062055110931
0.09087613224983215
0.0914723128080368
0.09198344498872757
0.0924280658364296
0.09282755851745605
0.093204565346241
0.09358140081167221
0.09397853165864944
0.0944131538271904
0.09489821642637253
0.09544162452220917
0.09604595601558685
0.09670860320329666
0.09742219001054764
0.09817546606063843
0.09895439445972443
0.09974342584609985
0.100526787340641
0.1012898311018944
0.1020201668143272
0.1027084812521935
0.1033491790294647
0.1039406135678291
0.1044849380850792
0.1049877256155014
0.1054572388529778
0.1059035509824753
0.1063375025987625
0.1067697182297707
0.1072096973657608
0.1076650097966194
0.1081407815217972
0.1086394116282463
0.1091605126857758
0.1097012311220169
0.11025670170784
0.1108206734061241
0.111386202275753
0.1119464263319969
0.1124952062964439
0.1130276843905449
0.1135406717658043
0.1140328720211983
0.114504761993885
0.1149584650993347
0.1153974011540413
0.1158257573843002
0.1162480935454369
0.1166687533259392
0.117091491818428
0.1175190806388855
0.1179531440138817
0.1183940917253494
0.1188411861658096
0.1192927435040474
0.1197463870048523
0.1201994195580482
0.1206491515040398
0.121093176305294
0.1215296387672424
0.1219574064016342
0.1223761066794395
0.1227860897779465
0.1231883615255356
0.1235843747854233
0.1239758282899857
0.12436443567276
0.1247517317533493
0.1251389235258102
0.1255267709493637
0.1259155422449112
0.1263050734996796
0.1266947984695435
0.1270838677883148
0.1274713277816772
0.1278562098741531
0.1282376796007156
0.1286150813102722
0.1289881020784378
0.1293566823005676
0.1297210156917572
0.1300815492868423
0.1304388344287872
0.1307935416698456
0.1311462372541428
0.131497398018837
0.1318473964929581
0.1321963965892792
0.1325444132089615
0.1328912526369095
0.1332367211580276
0.1335804760456085
0.1339221894741058
0.1342616230249405
0.134598508477211
0.1349327266216278
0.1352643072605133
0.1355933248996735
0.1359199434518814
0.1362443864345551
0.1365668475627899
0.1368875503540039
0.1372066289186478
0.1375242173671722
0.1378404051065445
0.1381551176309586
0.138468325138092
0.138779953122139
0.1390899121761322
0.1393980979919434
0.1397044360637665
0.140008881688118
0.1403114348649979
0.1406121253967285
0.1409110128879547
0.14120814204216
0.1415036171674728
0.1417975127696991
0.1420898735523224
0.1423807740211487
0.1426702290773392
0.1429582238197327
0.1432447880506516
0.1435298919677734
0.1438135355710983
0.1440956592559814
0.1443762630224228
0.1446553319692612
0.1449329107999802
0.1452089697122574
0.1454835832118988
0.1457567512989044
0.1460285037755966
0.146298885345459
0.1465678960084915
0.1468355804681778
0.1471019387245178
0.1473669707775116
0.1476307064294815
0.1478931605815887
0.1481542885303497
0.148414134979248
0.1486726701259613
0.1489299088716507
0.1491858661174774
0.1494405269622803
0.1496939361095428
0.1499460935592651
0.1501970291137695
0.1504467725753784
0.1506953239440918
0.1509426832199097
0.151188850402832
0.1514338701963425
0.1516777276992798
0.1519204378128052
0.1521619856357574
0.1524023860692978
0.1526416689157486
0.1528798192739487
0.153116837143898
0.153352752327919
0.1535875648260117
0.153821274638176
0.1540539115667343
0.1542854905128479
0.1545160114765167
0.1547454744577408
0.1549739241600037
0.1552013158798218
0.1554276943206787
0.1556530147790909
0.1558773219585419
0.1561006158590317
0.1563228964805603
0.1565441787242889
0.1567644774913788
0.1569837629795074
0.1572020649909973
0.1574194133281708
0.1576357930898666
0.1578512191772461
0.1580656766891479
0.1582791656255722
0.1584916710853577
0.1587031781673431
0.1589136868715286
0.1591231971979141
0.1593316793441772
0.1595391035079956
0.1597454398870468
0.1599506139755249
0.1601545661687851
0.1603572219610214
0.1605584919452667
0.1607582271099091
0.1609563082456589
0.1611524969339371
0.1613465398550034
0.1615381240844727
0.1617269217967987
0.1619124561548233
0.1620942354202271
0.1622716188430786
0.1624438017606735
0.1626098901033401
0.1627688109874725
0.1629193425178528
0.1630600392818451
0.1631892025470734
0.16330486536026
0.1634048372507095
0.1634865254163742
0.1635470688343048
0.1635832190513611
0.1635913699865341
0.1635674685239792
0.1635071039199829
0.1634054780006409
0.1632573306560516
0.1630570292472839
0.1627986133098602
0.1624757498502731
0.1620819270610809
0.1616104245185852
0.1610544323921204
0.1604071855545044
0.1596621125936508
0.1588129699230194
0.1578540056943893
0.1567801535129547
0.1555873155593872
0.1542724072933197
0.1528337299823761
0.1512710899114609
0.1495859622955322
0.1477818191051483
0.1458641439676285
0.1438406258821487
0.1417212188243866
0.1395181119441986
0.1372457146644592
0.13492052257061
0.1325609385967255
0.1301870495080948
0.12782022356987
0.1254826635122299
0.1231969371438026
0.1209854260087013
0.1188697516918182
0.1168700531125069
0.1150044500827789
0.1132883280515671
0.1117337793111801
0.1103490740060806
0.1091382205486298
0.108100600540638
0.1072308048605919
0.1065185964107513
0.1059489920735359
0.1055026277899742
0.1051562055945396
0.1048831567168236
0.1046543642878532
0.1044391691684723
0.1042063385248184
0.1039250791072845
0.1035661548376083
0.1031028628349304
0.1025119498372078
0.1017744094133377
0.1008760705590248
0.09980800747871399
0.09856664389371872
0.09715365618467331
0.09557563066482544
0.09384347498416901
0.09197155386209488
0.08997681736946106
0.08787763118743896
0.08569274097681046
0.08344012498855591
0.08113596588373184
0.07879380881786346
0.07642386108636856
0.07403262704610825
0.07162271440029144
0.069193035364151
0.06673920154571533
0.06425424665212631
0.06172950193285942
0.05915571376681328
0.05652415007352829
0.05382778495550156
0.05106237158179283
0.04822734743356705
0.04532657191157341
0.04236875846982002
0.03936757519841194
0.03634145855903625
0.0333130732178688
0.03030847944319248
0.02735607512295246
0.02448533847928047
0.02172546088695526
0.01910397037863731
0.01664541661739349
0.01437020767480135
0.01229365728795528
0.01042529381811619
0.008768483996391296
0.007320370059460402
0.006072112824767828
0.005009421613067389
0.004113314673304558
0.003361069364473224
0.002727276645600796
0.002184954239055514
0.001706622657366097
0.00126531335990876
0.0008354506571777165
0.0003935760469175875
-8.110165072139353e-05
-0.0006063321488909423
-0.001196616096422076
-0.00186313793528825
-0.002613813150674105
-0.00345341581851244
-0.004383752588182688
-0.005403865128755569
-0.006510225124657154
-0.007696934044361115
-0.008955905213952065
-0.01027705334126949
-0.01164849288761616
-0.01305677276104689
-0.01448715664446354
-0.01592397317290306
-0.0173510480672121
-0.01875219866633415
-0.02011179737746716
-0.02141539007425308
-0.02265030704438686
-0.02380627207458019
-0.02487592212855816
-0.02585523761808872
-0.02674381248652935
-0.02754495106637478
-0.0282655730843544
-0.0289158932864666
-0.02950893901288509
-0.03005987778306007
-0.03058520890772343
-0.03110187314450741
-0.03162635862827301
-0.03217378631234169
-0.03275712952017784
-0.03338654711842537
-0.03406891226768494
-0.03480751439929008
-0.03560201451182365
-0.03644862025976181
-0.0373404398560524
-0.03826801478862762
-0.03922000154852867
-0.04018393158912659
-0.04114696756005287
-0.04209671169519424
-0.04302187636494637
-0.04391293972730637
-0.04476255923509598
-0.04556591063737869
-0.04632082208991051
-0.04702776297926903
-0.04768965765833855
-0.04831158369779587
-0.04890033975243568
-0.04946394637227058
-0.05001112446188927
-0.05055071413516998
-0.05109115317463875
-0.05163998901844025
-0.05220348760485649
-0.05278632417321205
-0.05339139699935913
-0.05401972681283951
-0.05467051640152931
-0.05534129589796066
-0.05602817982435226
-0.05672617629170418
-0.05742958188056946
-0.05813238397240639
-0.0588286817073822
-0.05951307341456413
-0.06018098443746567
-0.06082893535494804
-0.06145475432276726
-0.06205762177705765
-0.06263808906078339
-0.06319795548915863
-0.06374009698629379
-0.06426817923784256
-0.06478638201951981
-0.06529905647039413
-0.06581041216850281
-0.06632420420646667
-0.06684349477291107
-0.0673704668879509
-0.06790629774332047
-0.0684511661529541
-0.06900428980588913
-0.06956401467323303
-0.07012803852558136
-0.07069363445043564
-0.07125788927078247
-0.07181791961193085
-0.07237113267183304
-0.07291539013385773
-0.07344915717840195
-0.07397162169218063
-0.07448268681764603
-0.0749829038977623
-0.07547343522310257
-0.07595589011907578
-0.07643214613199234
-0.07690421491861343
-0.07737407088279724
-0.07784345000982285
-0.07831376791000366
-0.07878600805997849
-0.07926066219806671
-0.07973777502775192
-0.0802169144153595
-0.08069729059934616
-0.08117783069610596
-0.08165731281042099
-0.08213447034358978
-0.08260811865329742
-0.08307722955942154
-0.08354104310274124
-0.08399909734725952
-0.08445125073194504
-0.08489766716957092
-0.08533879369497299
-0.08577527850866318
-0.08620791882276535
-0.08663758635520935
-0.08706507831811905
-0.08749116957187653
-0.08791644126176834
-0.08834129571914673
-0.08876593410968781
-0.08919035643339157
-0.08961433917284012
-0.09003756195306778
-0.09045955538749695
-0.09087981283664703
-0.09129781275987625
-0.09171309322118759
-0.092125304043293
-0.09253419190645218
-0.09293963760137558
-0.09334168583154678
-0.09374048560857773
-0.09413627535104752
-0.09452937543392181
-0.09492014348506927
-0.09530889987945557
-0.09569597244262695
-0.09608159214258194
-0.09646593034267426
-0.09684903919696808
-0.09723089635372162
-0.09761139750480652
-0.09799034893512726
-0.09836752712726593
-0.09874268621206284
-0.09911555051803589
-0.09948586672544479
-0.09985338896512985
-0.1002178937196732
-0.100579209625721
-0.1009371504187584
-0.1012915670871735
-0.1016422808170319
-0.1019890755414963
-0.1023316755890846
-0.1026697307825089
-0.1030027344822884
-0.1033301055431366
-0.1036510467529297
-0.1039646491408348
-0.1042697951197624
-0.1045651659369469
-0.1048492565751076
-0.1051203161478043
-0.1053764000535011
-0.1056152880191803
-0.1058345511555672
-0.1060314849019051
-0.1062031015753746
-0.1063461303710938
-0.1064570024609566
-0.1065318360924721
-0.1065664514899254
-0.1065563559532166
-0.1064967513084412
-0.1063826233148575
-0.1062086597084999
-0.1059694215655327
-0.1056593433022499
-0.1052728295326233
-0.1048043444752693
-0.1042485237121582
-0.1036003306508064
-0.1028551682829857
-0.1020090207457542
-0.10105861723423
-0.1000016182661057
-0.0988367572426796
-0.09756398946046829
-0.09618469327688217
-0.09470175206661224
-0.09311968088150024
-0.09144476801156998
-0.0896851047873497
-0.08785060048103333
-0.08595296740531921
-0.08400567620992661
-0.08202377706766129
-0.08002375811338425
-0.07802329212427139
-0.07604095339775085
-0.07409583777189255
-0.07220716774463654
-0.07039385288953781
-0.0686740055680275
-0.06706445664167404
-0.06558024883270264
-0.06423415988683701
-0.063036248087883
-0.06199348345398903
-0.06110941991209984
-0.06038395687937737
-0.05981319025158882
-0.05938946828246117
-0.05910146236419678
-0.05893443524837494
-0.05887062847614288
-0.05888976529240608
-0.05896967276930809
-0.05908698216080666
-0.05921794101595879
-0.05933918431401253
-0.0594286173582077
-0.0594661682844162
-0.05943458154797554
-0.05932002887129784
-0.05911263450980186
-0.05880685150623322
-0.05840162560343742
-0.05790039896965027
-0.05731091275811195
-0.05664479732513428
-0.05591699853539467
-0.0551450289785862
-0.05434814095497131
-0.05354637652635574
-0.0527595728635788
-0.05200641602277756
-0.05130352079868317
-0.05066465586423874
-0.05010009184479713
-0.04961616545915604
-0.04921503365039825
-0.04889466986060143
-0.04864908382296562
-0.04846877232193947
-0.04834134504199028
-0.04825230687856674
-0.04818594083189964
-0.04812626540660858
-0.04805795475840569
-0.04796722903847694
-0.04784262180328369
-0.04767554998397827
-0.04746075347065926
-0.04719646275043488
-0.04688435047864914
-0.04652928188443184
-0.04613885655999184
-0.04572276771068573
-0.04529207199811935
-0.04485837370157242
-0.04443302750587463
-0.04402635246515274
-0.04364698007702827
-0.04330132901668549
-0.04299326986074448
-0.04272399097681046
-0.04249202832579613
-0.04229354113340378
-0.04212268814444542
-0.04197219759225845
-0.04183398187160492
-0.04169978201389313
-0.0415617935359478
-0.04141325876116753
-0.04124890267848969
-0.04106525331735611
-0.04086080938577652
-0.04063600674271584
-0.04039307683706284
-0.04013573378324509
-0.03986876830458641
-0.03959759324789047
-0.03932774439454079
-0.03906439989805222
-0.03881197795271873
-0.03857379779219627
-0.0383518785238266
-0.03814686462283134
-0.0379580482840538
-0.03778352960944176
-0.03762048855423927
-0.03746548667550087
-0.03731481730937958
-0.03716485574841499
-0.03701238334178925
-0.03685484454035759
-0.03669054061174393
-0.03651870414614677
-0.03633948788046837
-0.0361538827419281
-0.03596356138586998
-0.03577063977718353
-0.0355774499475956
-0.03538628667593002
-0.03519919514656067
-0.03501779213547707
-0.03484313562512398
-0.03467566519975662
-0.03451520949602127
-0.03436106443405151
-0.03421209380030632
-0.03406689316034317
-0.03392394259572029
-0.03378178179264069
-0.03363915532827377
-0.03349510952830315
-0.03334906697273254
-0.03320085257291794
-0.03305067494511604
-0.03289906680583954
-0.03274677693843842
-0.0325947031378746
-0.03244375064969063
-0.03229473903775215
-0.03214831650257111
-0.03200492262840271
-0.03186473250389099
-0.03172767907381058
-0.03159347921609879
-0.0314616821706295
-0.03133174031972885
-0.03120307810604572
-0.03107514977455139
-0.03094750829041004
-0.03081983886659145
-0.03069199249148369
-0.03056396171450615
-0.03043587878346443
-0.03030798584222794
-0.03018059022724628
-0.03005401790142059
-0.02992857433855534
-0.02980451099574566
-0.02968199364840984
-0.02956109493970871
-0.02944179624319077
-0.02932399325072765
-0.02920752018690109
-0.02909217961132526
-0.02897775918245316
-0.0288640670478344
-0.0287509486079216
-0.02863829769194126
-0.0285260658711195
-0.02841426245868206
-0.02830293960869312
-0.02819218672811985
-0.02808210998773575
-0.02797281555831432
-0.02786439284682274
-0.02775691449642181
-0.02765041217207909
-0.02754489332437515
-0.02744032628834248
-0.02733665518462658
-0.02723380737006664
-0.02713171578943729
-0.02703030221164227
-0.02692950889468193
-0.02682929486036301
-0.02672963961958885
-0.02663053758442402
-0.02653199806809425
-0.02643405273556709
-0.02633672952651978
-0.02624006010591984
-0.02614407241344452
-0.02604878321290016
-0.02595419809222221
-0.02586031518876553
-0.02576711587607861
-0.02567457593977451
-0.02558266557753086
-0.02549136057496071
-0.02540063485503197
-0.02531046792864799
-0.0252208486199379
-0.02513176389038563
-0.02504321373999119
-0.02495520003139973
-0.02486773207783699
-0.02478081732988358
-0.02469445951282978
-0.0246086623519659
-0.02452343143522739
-0.0244387574493885
-0.02435463294386864
-0.0242710467427969
-0.02418798953294754
-0.02410545013844967
-0.02402341552078724
-0.0239418800920248
-0.02386083081364632
-0.02378026396036148
-0.02370017580688
-0.02362056635320187
-0.02354143559932709
-0.02346277981996536
-0.02338460087776184
-0.02330689504742622
-0.02322966232895851
-0.02315289713442326
-0.02307659201323986
-0.02300074696540833
-0.02292535081505775
-0.02285039983689785
-0.02277588658034801
-0.0227018091827631
-0.02262816391885281
-0.02255494333803654
-0.02248214930295944
-0.02240977436304092
-0.02233781665563583
-0.02226627059280872
-0.02219513803720474
-0.02212441340088844
-0.02205409109592438
-0.02198417112231255
-0.0219146516174078
-0.02184552699327469
-0.02177678793668747
-0.02170843817293644
-0.021640470251441
-0.02157288230955601
-0.02150567248463631
-0.0214388370513916
-0.02137237414717674
-0.02130627632141113
-0.02124054171144962
-0.02117517217993736
-0.02111016027629375
-0.02104550413787365
-0.0209812056273222
-0.0209172572940588
-0.02085365355014801
-0.02079039625823498
-0.02072747983038425
-0.02066490054130554
-0.02060266025364399
-0.02054074965417385
-0.02047917246818542
-0.02041792497038841
-0.02035700529813766
-0.02029640600085258
-0.02023612707853317
-0.02017616853117943
-0.0201165247708559
-0.02005719393491745
-0.01999817416071892
-0.01993946358561516
-0.01988106034696102
-0.01982295885682106
-0.01976515911519527
-0.01970765553414822
-0.01965044997632504
-0.01959353685379028
-0.01953691616654396
-0.01948058418929577
-0.01942453905940056
-0.01936878077685833
-0.01931330747902393
-0.01925811357796192
-0.019203195348382
-0.01914855279028416
-0.01909418404102325
-0.01904008910059929
-0.01898626424372196
-0.01893271319568157
-0.01887943036854267
-0.01882641389966011
-0.01877366192638874
-0.01872116886079311
-0.01866893656551838
-0.01861696131527424
-0.01856524311006069
-0.01851377636194229
-0.01846256107091904
-0.01841159723699093
-0.01836088113486767
-0.01831041090190411
-0.01826018467545509
-0.01821020059287548
-0.01816045492887497
-0.01811094768345356
-0.01806167885661125
-0.01801264472305775
-0.01796384714543819
-0.01791528053581715
-0.01786694675683975
-0.01781884208321571
-0.01777096651494503
-0.01772331818938255
-0.01767588965594769
-0.01762868836522102
-0.01758170686662197
-0.01753494516015053
-0.01748840138316154
-0.01744207553565502
-0.01739596575498581
-0.01735007017850876
-0.01730438880622387
-0.01725891791284084
-0.01721365749835968
-0.01716860197484493
-0.01712375320494175
-0.01707911118865013
-0.01703467406332493
-0.01699043810367584
-0.01694640517234802
-0.01690256781876087
-0.01685892790555954
-0.01681548729538918
-0.01677224226295948
-0.01672919280827045
-0.0166863389313221
-0.01664367504417896
-0.01660120114684105
-0.01655891723930836
-0.01651682145893574
-0.01647491380572319
-0.01643319241702557
-0.01639165915548801
-0.01635031029582024
-0.01630914397537708
-0.01626816019415855
-0.01622735895216465
-0.01618673466145992
-0.01614628545939922
-0.01610601134598255
-0.01606590859591961
-0.01602597907185555
-0.01598622277379036
-0.01594663970172405
-0.01590722426772118
-0.01586798392236233
-0.01582891307771206
-0.01579000987112522
-0.01575127430260181
-0.01571270450949669
-0.01567430235445499
-0.01563606411218643
-0.01559798885136843
-0.01556007564067841
-0.01552232261747122
-0.01548472885042429
-0.0154472915455699
-0.01541000977158546
-0.01537288352847099
-0.01533591281622648
-0.01529909577220678
-0.01526243425905704
-0.01522592455148697
-0.01518956758081913
-0.01515336148440838
-0.01511730439960957
-0.01508139725774527
-0.0150456391274929
-0.01501002814620733
-0.01497456338256598
-0.01493924390524626
-0.01490407064557076
-0.01486904080957174
-0.01483415346592665
-0.01479940861463547
-0.0147648062556982
-0.01473034452646971
-0.0146960224956274
-0.01466184016317129
-0.01462779380381107
-0.01459388434886932
-0.01456011179834604
-0.01452647335827351
-0.01449296902865171
-0.01445959694683552
-0.01442635804414749
-0.01439325138926506
-0.0143602779135108
-0.01432743668556213
-0.01429472677409649
-0.01426215004175901
-0.01422970369458199
-0.0141973877325654
-0.01416520029306412
-0.01413314044475555
-0.01410120632499456
-0.014069396071136
-0.01403770875185728
-0.01400614343583584
-0.01397469826042652
-0.01394337322562933
-0.01391216740012169
-0.01388108171522617
-0.01385011523962021
-0.01381926797330379
-0.01378853805363178
-0.01375792641192675
-0.01372743211686611
-0.0136970542371273
-0.01366679277271032
-0.01363664865493774
-0.01360662002116442
-0.01357670687139034
-0.01354690827429295
-0.01351722422987223
-0.01348765194416046
-0.01345819141715765
-0.01342884264886379
-0.01339960563927889
-0.01337047759443521
-0.01334145944565535
-0.01331255212426186
-0.0132837500423193
-0.01325505506247282
-0.01322646532207727
-0.01319798268377781
-0.01316960528492928
-0.01314133405685425
-0.01311316713690758
-0.01308510731905699
-0.01305715087801218
-0.01302929781377316
-0.01300154719501734
-0.0129738999530673
-0.0129463542252779
-0.01291891001164913
-0.01289156638085842
-0.01286431960761547
-0.012837172485888
-0.01281012315303087
-0.0127831706777215
-0.01275631319731474
-0.01272955350577831
-0.01270288974046707
-0.01267632097005844
-0.012649848125875
-0.01262347120791674
-0.01259719021618366
-0.0125710004940629
-0.01254490576684475
-0.01251890417188406
-0.01249299570918083
-0.01246717944741249
-0.01244145538657904
-0.01241582445800304
-0.01239028386771679
-0.01236483547836542
-0.01233947742730379
-0.0123142097145319
-0.01228903140872717
-0.0122639425098896
-0.01223894115537405
-0.01221402827650309
-0.01218920107930899
-0.01216446049511433
-0.01213980652391911
-0.01211523730307817
-0.01209075376391411
-0.01206635311245918
-0.01204203628003597
-0.01201780140399933
-0.01199365127831697
-0.01196958310902119
-0.01194559596478939
-0.01192169263958931
-0.01189787220209837
-0.01187413465231657
-0.01185047905892134
-0.01182690542191267
-0.01180341280996799
-0.01178000122308731
-0.01175667159259319
-0.01173342112451792
-0.01171024888753891
-0.01168715581297874
-0.01166414003819227
-0.01164120063185692
-0.01161833945661783
-0.01159555371850729
-0.01157284621149302
-0.01155021693557501
-0.01152766216546297
-0.0115051819011569
-0.01148277521133423
-0.01146044116467237
-0.01143818069249392
-0.01141599100083113
-0.01139387488365173
-0.01137183234095573
-0.01134986057877541
-0.01132796332240105
-0.01130613870918751
-0.01128438860177994
-0.01126271020621061
-0.01124110445380211
-0.01121957041323185
-0.01119810808449984
-0.01117671653628349
-0.01115539576858282
-0.01113414671272039
-0.01111296657472849
-0.01109185535460711
-0.01107081491500139
-0.01104984153062105
-0.01102893520146608
-0.01100809779018164
-0.01098732557147741
-0.01096661947667599
-0.01094597857445478
-0.01092540193349123
-0.01090488955378532
-0.01088444329798222
-0.01086406130343676
-0.01084374357014894
-0.01082349196076393
-0.01080330461263657
-0.010783183388412
-0.01076312735676765
-0.01074313651770353
-0.01072320993989706
-0.01070334948599339
-0.01068355049937963
-0.01066381670534611
-0.0106441443786025
-0.01062453258782625
-0.0106049831956625
-0.01058549247682095
-0.01056606136262417
-0.01054668985307217
-0.01052737794816494
-0.01050812378525734
-0.01048892829567194
-0.01046979334205389
-0.01045071892440319
-0.01043170224875212
-0.01041274610906839
-0.01039384957402945
-0.01037501357495785
-0.01035623718053102
-0.01033752132207155
-0.01031886413693428
-0.01030026376247406
-0.01028172206133604
-0.01026323717087507
-0.01024480815976858
-0.01022643409669399
-0.01020811591297388
-0.01018985360860825
-0.01017164625227451
-0.01015349570661783
-0.01013539917767048
-0.01011735573410988
-0.01009936630725861
-0.01008143089711666
-0.01006354764103889
-0.01004571747034788
-0.01002794224768877
-0.01001022011041641
-0.009992551989853382
-0.00997493788599968
-0.009957378730177879
-0.009939874522387981
-0.009922423399984837
-0.00990502443164587
-0.009887677617371082
-0.009870382957160473
-0.009853140451014042
-0.009835949167609215
-0.009818808175623417
-0.009801717475056648
-0.009784676134586334
-0.009767682291567326
-0.009750736877322197
-0.009733842685818672
-0.009716995991766453
-0.009700197726488113
-0.009683448821306229
-0.009666750207543373
-0.009650100953876972
-0.009633500128984451
-0.00961694773286581
-0.009600444696843624
-0.009583991020917892
-0.009567586705088615
-0.009551232680678368
-0.009534926153719425
-0.009518668055534363
-0.009502457454800606
-0.00948629342019558
-0.009470174089074135
-0.009454099461436272
-0.009438070468604565
-0.009422086179256439
-0.00940614752471447
-0.009390253573656082
-0.009374404326081276
-0.009358601644635201
-0.009342844597995281
-0.009327131323516369
-0.009311464615166187
-0.009295843541622162
-0.009280266240239143
-0.009264734573662281
-0.009249246679246426
-0.009233803488314152
-0.00921840313822031
-0.00920304749161005
-0.009187734685838223
-0.009172465652227402
-0.009157239459455013
-0.009142057038843632
-0.009126917459070683
-0.009111820720136166
-0.009096764959394932
-0.009081751108169556
-0.009066778235137463
-0.009051847271621227
-0.009036957286298275
-0.009022110141813755
-0.009007303975522518
-0.008992539718747139
-0.008977816440165043
-0.008963132277131081
-0.008948488160967827
-0.008933885022997856
-0.008919322863221169
-0.008904799818992615
-0.00889031495898962
-0.008875870145857334
-0.008861465379595757
-0.008847100660204887
-0.008832775056362152
-0.008818489499390125
-0.008804243057966232
-0.008790036663413048
-0.008775871247053146
-0.008761745877563953
-0.008747659623622894
-0.008733609691262245
-0.00871959887444973
-0.008705625310540199
-0.008691689930856228
-0.008677792735397816
-0.008663931861519814
-0.008650107309222221
-0.008636320009827614
-0.008622570894658566
-0.008608859032392502
-0.008595184423029423
-0.008581545203924179
-0.00856794323772192
-0.008554376661777496
-0.008540847338736057
-0.008527353405952454
-0.008513897657394409
-0.008500476367771626
-0.008487090468406677
-0.00847373902797699
-0.008460422046482563
-0.008447140455245972
-0.008433893322944641
-0.008420679718255997
-0.008407499641180038
-0.008394353091716766
-0.00838124193251133
-0.008368167094886303
-0.008355127647519112
-0.008342122659087181
-0.008329152129590511
-0.008316216059029102
-0.008303315378725529
-0.008290449157357216
-0.008277618326246738
-0.008264823816716671
-0.00825206283479929
-0.008239336311817169
-0.008226644247770309
-0.008213985711336136
-0.008201359771192074
-0.008188766427338123
-0.00817620474845171
-0.008163673803210258
-0.00815117359161377
-0.008138705044984818
-0.008126267232000828
-0.008113859221339226
-0.008101481944322586
-0.008089137263596058
-0.008076825179159641
-0.008064542897045612
-0.00805229414254427
-0.008040076121687889
-0.008027889765799046
-0.008015735074877739
-0.008003611117601395
-0.007991516962647438
-0.007979453541338444
-0.007967420853674412
-0.007955417968332767
-0.007943443953990936
-0.007931499741971493
-0.007919587194919586
-0.007907705381512642
-0.00789585430175066
-0.007884034886956215
-0.007872246205806732
-0.007860488258302212
-0.007848759181797504
-0.007837059907615185
-0.007825390435755253
-0.007813751697540283
-0.007802142761647701
-0.00779056316241622
-0.007779012434184551
-0.007767489645630121
-0.00775599479675293
-0.007744528353214264
-0.007733089383691549
-0.007721679285168648
-0.007710298057645559
-0.007698945235460997
-0.007687620352953672
-0.007676322944462299
-0.00766505254432559
-0.007653809618204832
-0.007642592769116163
-0.007631403394043446
-0.007620240561664104
-0.007609105668962002
-0.007597997318953276
-0.007586915511637926
-0.00757586071267724
-0.007564832922071218
-0.007553833071142435
-0.007542859762907028
-0.00753191439434886
-0.007520996034145355
-0.007510105147957802
-0.007499240804463625
-0.007488403469324112
-0.007477592676877975
-0.007466807961463928
-0.00745604932308197
-0.007445317227393389
-0.007434610277414322
-0.007423929870128632
-0.007413275539875031
-0.007402646820992231
-0.007392044644802809
-0.007381468079984188
-0.007370916660875082
-0.007360390853136778
-0.00734989158809185
-0.007339418400079012
-0.007328969426453114
-0.007318545132875443
-0.007308146916329861
-0.007297772448509932
-0.00728742266073823
-0.007277096621692181
-0.007266794331371784
-0.007256516721099615
-0.007246263325214386
-0.007236034609377384
-0.007225829642266035
-0.007215647492557764
-0.007205489557236433
-0.007195354904979467
-0.007185244001448154
-0.007175156380981207
-0.007165092509239912
-0.007155052851885557
-0.007145037408918142
-0.007135044783353806
-0.007125075440853834
-0.007115130312740803
-0.007105208467692137
-0.007095309440046549
-0.007085433695465326
-0.007075580302625895
-0.007065750658512115
-0.007055944297462702
-0.007046160753816366
-0.007036399096250534
-0.00702666025608778
-0.007016944698989391
-0.007007251959294081
-0.006997582037001848
-0.006987935863435268
-0.006978312041610479
-0.006968710571527481
-0.006959131453186274
-0.00694957422092557
-0.006940038409084082
-0.00693052401766181
-0.006921031512320042
-0.006911559961736202
-0.006902109831571579
-0.006892681121826172
-0.006883273832499981
-0.006873887497931719
-0.00686452304944396
-0.00685517955571413
-0.006845856551080942
-0.00683655496686697
-0.006827274337410927
-0.006818014662712812
-0.00680877547711134
-0.006799556780606508
-0.006790358573198318
-0.006781181320548058
-0.006772024091333151
-0.006762889213860035
-0.006753775291144848
-0.006744683254510164
-0.00673561217263341
-0.006726561114192009
-0.006717531010508537
-0.006708521861582994
-0.006699534133076668
-0.00669056735932827
-0.006681621540337801
-0.006672695744782686
-0.006663789972662926
-0.006654904223978519
-0.006646038498729467
-0.006637191865593195
-0.006628365255892277
-0.006619558669626713
-0.006610770709812641
-0.006602001376450062
-0.006593250669538975
-0.006584519520401955
-0.006575806997716427
-0.006567112170159817
-0.006558435969054699
-0.006549777928739786
-0.006541137583553791
-0.006532515864819288
-0.006523913238197565
-0.006515329703688622
-0.00650676479563117
-0.006498220376670361
-0.006489695515483618
-0.006481190677732229
-0.006472705397754908
-0.006464239209890366
-0.006455792579799891
-0.00644736411049962
-0.006438955198973417
-0.006430563051253557
-0.006422188598662615
-0.006413831375539303
-0.006405491381883621
-0.006397169083356857
-0.006388864014297724
-0.006380576640367508
-0.006372307427227497
-0.006364055443555117
-0.006355822086334229
-0.006347606889903545
-0.006339408922940493
-0.006331230513751507
-0.006323070265352726
-0.006314928643405437
-0.006306805182248354
-0.006298698950558901
-0.006290610879659653
-0.00628254096955061
-0.006274488288909197
-0.006266453769057989
-0.006258436478674412
-0.006250435952097178
-0.006242451258003712
-0.006234483793377876
-0.006226532626897097
-0.006218597292900085
-0.006210677325725555
-0.006202773191034794
-0.006194885354489088
-0.006187013350427151
-0.006179156713187695
-0.006171315908432007
-0.006163491867482662
-0.006155683659017086
-0.00614789268001914
-0.00614011799916625
-0.006132360547780991
-0.006124620325863361
-0.00611689779907465
-0.006109193433076143
-0.00610150583088398
-0.006093834992498159
-0.006086179986596107
-0.006078541744500399
-0.006070919800549746
-0.006063313223421574
-0.006055722013115883
-0.006048145703971386
-0.006040585227310658
-0.00603304011747241
-0.006025509908795357
-0.006017995066940784
-0.006010496057569981
-0.006003011018037796
-0.005995541345328093
-0.005988086573779583
-0.005980647169053555
-0.005973223131150007
-0.005965814460068941
-0.005958421621471643
-0.005951044615358114
-0.005943683441728354
-0.005936338100582361
-0.005929008591920137
-0.005921695381402969
-0.00591439800336957
-0.005907116923481226
-0.005899851676076651
-0.005892600864171982
-0.005885364953428507
-0.005878143943846226
-0.005870937835425138
-0.005863746628165245
-0.005856569856405258
-0.005849407054483891
-0.005842258222401142
-0.005835123360157013
-0.005828003399074078
-0.005820896942168474
-0.005813803523778915
-0.005806724075227976
-0.005799657199531794
-0.005792603828012943
-0.005785563495010138
-0.005778536200523376
-0.005771523341536522
-0.005764525383710861
-0.005757540464401245
-0.005750569514930248
-0.005743612535297871
-0.005736669525504112
-0.00572974095121026
-0.005722826346755028
-0.005715927109122276
-0.005709041375666857
-0.005702170543372631
-0.005695314612239599
-0.005688473116606474
-0.005681646056473255
-0.005674832966178656
-0.005668033845722675
-0.005661248229444027
-0.005654477514326572
-0.005647719837725163
-0.005640976130962372
-0.005634245462715626
-0.005627528764307499
-0.005620824638754129
-0.005614133086055517
-0.005607455037534237
-0.005600790493190289
-0.00559413805603981
-0.005587497726082802
-0.005580869968980551
-0.005574253853410482
-0.005567650776356459
-0.005561059806495905
-0.005554481875151396
-0.005547916982322931
-0.005541364196687937
-0.0055348239839077
-0.00552829634398222
-0.005521781742572784
-0.005515280179679394
-0.005508792120963335
-0.005502318032085896
-0.005495857447385788
-0.005489410366863012
-0.005482976790517569
-0.005476556718349457
-0.005470150150358677
-0.005463756155222654
-0.005457376129925251
-0.00545100774616003
-0.005444651003926992
-0.00543830543756485
-0.005431971978396177
-0.005425648763775826
-0.005419337190687656
-0.00541303725913167
-0.005406748037785292
-0.005400470923632383
-0.005394205916672945
-0.005387952551245689
-0.005381711758673191
-0.005375483073294163
-0.005369266960769892
-0.005363062955439091
-0.005356871522963047
-0.005350692197680473
-0.005344525445252657
-0.005338370334357023
-0.005332226399332285
-0.005326094105839729
-0.005319972988218069
-0.005313863977789879
-0.005307766608893871
-0.005301679950207472
-0.005295604933053255
-0.005289542023092508
-0.005283490289002657
-0.00527745159342885
-0.005271423608064651
-0.005265407729893923
-0.005259402561932802
-0.005253408569842577
-0.005247425753623247
-0.005241453647613525
-0.005235491786152124
-0.005229540634900331
-0.005223600193858147
-0.005217670928686857
-0.005211752839386463
-0.005205845460295677
-0.005199949722737074
-0.005194065626710653
-0.005188193172216415
-0.00518233235925436
-0.005176483187824488
-0.005170645657926798
-0.005164818838238716
-0.005159002728760242
-0.005153197795152664
-0.005147404037415981
-0.005141620524227619
-0.005135847255587578
-0.005130085162818432
-0.005124333314597607
-0.00511859217658639
-0.005112862214446068
-0.005107143428176641
-0.005101434886455536
-0.005095737054944038
-0.005090049933642149
-0.005084372591227293
-0.005078705493360758
-0.005073047708719969
-0.005067400168627501
-0.005061762873083353
-0.005056136287748814
-0.005050519946962595
-0.005044913850724697
-0.00503931799903512
-0.005033732857555151
-0.005028157960623503
-0.005022592842578888
-0.005017037503421307
-0.005011491477489471
-0.00500595523044467
-0.005000428762286901
-0.004994911607354879
-0.004989403299987316
-0.004983903374522924
-0.004978414159268141
-0.004972934722900391
-0.004967465996742249
-0.004962007980793715
-0.004956561140716076
-0.004951126407831907
-0.004945703782141209
-0.00494029326364398
-0.004934892989695072
-0.00492950389161706
-0.004924125038087368
-0.004918756429105997
-0.004913396667689085
-0.004908045753836632
-0.004902703687548637
-0.004897370468825102
-0.004892046097666025
-0.004886729642748833
-0.004881421569734812
-0.004876121878623962
-0.004870831035077572
-0.004865549504756927
-0.004860276356339455
-0.004855011589825153
-0.004849756602197886
-0.004844509530812502
-0.004839272238314152
-0.004834043327718973
-0.004828824661672115
-0.004823614843189716
-0.004818414337933064
-0.004813223145902157
-0.004808042664080858
-0.004802871961146593
-0.004797711502760649
-0.004792561754584312
-0.004787423182278872
-0.004782294388860464
-0.004777175839990377
-0.004772067535668612
-0.004766969010233879
-0.00476188026368618
-0.00475680036470294
-0.004751728847622871
-0.004746665246784687
-0.004741610027849674
-0.004736562259495258
-0.004731522407382727
-0.004726489540189505
-0.004721464589238167
-0.004716448020190001
-0.004711440298706293
-0.004706440959125757
-0.004701450001448393
-0.004696467891335487
-0.004691494628787041
-0.004686529748141766
-0.004681574180722237
-0.004676627460867167
-0.004671690054237843
-0.004666761495172977
-0.004661840386688709
-0.0046569281257689
-0.004652024712413549
-0.00464712968096137
-0.004642242565751076
-0.00463736429810524
-0.004632494878023863
-0.004627634305506945
-0.004622782114893198
-0.004617937840521336
-0.004613102413713932
-0.004608274437487125
-0.004603455774486065
-0.004598644562065601
-0.004593841731548309
-0.004589046817272902
-0.004584260284900665
-0.004579482134431601
-0.004574711434543133
-0.004569949116557837
-0.004565194714814425
-0.004560449160635471
-0.00455571198835969
-0.00455098319798708
-0.004546262323856354
-0.004541549831628799
-0.004536844789981842
-0.004532149061560631
-0.004527461249381304
-0.004522781353443861
-0.004518108908087015
-0.004513444844633341
-0.004508788697421551
-0.004504140932112932
-0.004499501548707485
-0.004494869615882635
-0.004490245599299669
-0.004485629498958588
-0.00448102131485939
-0.004476420115679502
-0.004471826832741499
-0.004467241000384092
-0.00446266308426857
-0.004458092153072357
-0.004453529603779316
-0.004448974970728159
-0.004444428253918886
-0.004439889453351498
-0.004435358103364706
-0.004430835135281086
-0.004426319617778063
-0.004421811085194349
-0.004417310934513807
-0.004412818234413862
-0.004408332053571939
-0.004403852857649326
-0.004399380646646023
-0.004394916351884604
-0.004390459507703781
-0.004386009648442268
-0.004381567239761353
-0.004377132747322321
-0.004372706171125174
-0.004368286579847336
-0.004363873973488808
-0.004359468817710876
-0.004355071112513542
-0.00435067992657423
-0.004346295725554228
-0.004341918043792248
-0.004337547346949577
-0.004333183635026217
-0.004328827373683453
-0.004324478562921286
-0.004320136737078428
-0.004315801896154881
-0.004311475437134504
-0.004307156428694725
-0.004302844405174255
-0.004298539832234383
-0.00429424224421382
-0.004289951641112566
-0.004285668022930622
-0.004281391855329275
-0.004277122672647238
-0.004272860009223223
-0.004268604330718517
-0.004264355171471834
-0.004260112531483173
-0.004255876876413822
-0.004251648671925068
-0.004247428383678198
-0.004243215080350637
-0.004239009227603674
-0.004234810825437307
-0.004230618476867676
-0.004226434510201216
-0.004222257062792778
-0.004218087065964937
-0.004213924054056406
-0.00420976709574461
-0.004205616656690836
-0.004201472271233797
-0.004197334870696068
-0.004193203989416361
-0.004189079161733389
-0.004184959456324577
-0.004180846735835075
-0.004176739603281021
-0.004172638058662415
-0.00416854303330183
-0.004164454527199268
-0.004160371609032154
-0.004156296141445637
-0.004152226727455854
-0.004148163832724094
-0.004144107457250357
-0.004140058066695929
-0.00413601566106081
-0.004131980240345001
-0.004127952270209789
-0.0041239308193326
-0.004119917284697294
-0.004115910269320011
-0.00411190977320075
-0.004107915796339512
-0.004103928338736296
-0.004099947400391102
-0.004095973446965218
-0.004092005081474781
-0.004088043235242367
-0.0040840869769454
-0.004080136772245169
-0.004076192621141672
-0.004072254057973623
-0.004068321082741022
-0.004064394161105156
-0.004060473758727312
-0.004056559409946203
-0.004052650183439255
-0.004048746544867754
-0.004044849425554276
-0.004040959291160107
-0.004037074744701385
-0.004033197183161974
-0.004029327072203159
-0.00402546301484108
-0.004021605011075735
-0.004017753526568413
-0.004013908095657825
-0.004010068718343973
-0.004006235394626856
-0.004002408590167761
-0.003998587839305401
-0.003994772676378489
-0.003990962635725737
-0.003987158183008432
-0.003983359318226576
-0.003979566507041454
-0.003975778818130493
-0.00397199671715498
-0.003968221135437489
-0.003964451141655445
-0.003960687201470137
-0.00395692978054285
-0.003953178413212299
-0.003949432633817196
-0.00394569244235754
-0.003941957838833332
-0.003938229288905859
-0.003934506326913834
-0.003930788952857256
-0.003927077632397413
-0.003923372365534306
-0.003919672220945358
-0.003915978595614433
-0.003912291023880243
-0.003908608108758926
-0.003904931945726275
-0.003901260904967785
-0.003897595452144742
-0.003893935354426503
-0.003890280611813068
-0.003886630525812507
-0.003882986027747393
-0.003879346651956439
-0.003875713096931577
-0.003872084897011518
-0.003868462750688195
-0.003864845726639032
-0.003861234756186604
-0.003857629140838981
-0.003854029346257448
-0.003850435605272651
-0.003846848150715232
-0.003843266051262617
-0.003839690005406737
-0.003836119314655662
-0.003832553746178746
-0.003828993532806635
-0.00382543820887804
-0.00382188824005425
-0.003818343160673976
-0.003814803203567863
-0.003811268834397197
-0.003807739354670048
-0.003804215462878346
-0.003800697159022093
-0.003797184675931931
-0.003793677780777216
-0.003790176939219236
-0.003786681685596704
-0.003783192485570908
-0.003779708873480558
-0.003776230616495013
-0.003772757714614272
-0.003769289935007691
-0.003765827044844627
-0.00376236904412508
-0.00375891593284905
-0.003755467478185892
-0.003752023912966251
-0.003748585004359484
-0.003745150519534945
-0.003741720458492637
-0.003738295054063201
-0.003734875004738569
-0.003731459612026811
-0.003728049341589212
-0.003724644193425775
-0.003721243934705853
-0.003717848798260093
-0.003714458551257849
-0.003711073892191052
-0.003707694355398417
-0.003704319940879941
-0.003700950881466269
-0.003697587177157402
-0.003694229293614626
-0.003690876765176654
-0.003687529359012842
-0.003684187075123191
-0.0036808499135077
-0.003677517874166369
-0.003674190491437912
-0.003670867998152971
-0.00366754992865026
-0.003664236515760422
-0.003660927526652813
-0.003657623194158077
-0.003654323518276215
-0.003651028499007225
-0.00364773883484304
-0.003644454292953014
-0.00364117487333715
-0.003637901041656733
-0.003634632332250476
-0.00363136874511838
-0.003628109814599156
-0.003624855540692806
-0.003621605690568686
-0.003618359798565507
-0.003615118563175201
-0.003611881751567125
-0.003608649130910635
-0.003605420934036374
-0.003602197160944343
-0.003598978277295828
-0.003595764515921474
-0.00359255587682128
-0.00358935259282589
-0.003586154198274016
-0.003582961624488235
-0.003579773707315326
-0.003576590912416577
-0.003573412541300058
-0.003570238826796412
-0.003567069070413709
-0.00356390280649066
-0.003560740035027266
-0.003557581687346101
-0.003554427064955235
-0.00355127640068531
-0.003548130393028259
-0.003544989274814725
-0.003541853046044707
-0.003538721473887563
-0.003535595256835222
-0.003532474162057042
-0.003529358422383666
-0.003526247572153807
-0.003523141844198108
-0.003520040772855282
-0.003516943659633398
-0.003513850504532456
-0.003510761307552457
-0.003507675835862756
-0.003504593390971422
-0.003501515369862318
-0.003498440608382225
-0.003495369805023074
-0.003492302494123578
-0.003489239607006311
-0.003486181376501918
-0.003483127802610397
-0.00348007888533175
-0.003477035090327263
-0.003473996417596936
-0.00347096286714077
-0.003467934671789408
-0.003464911598712206
-0.003461893647909164
-0.003458880353718996
-0.003455871716141701
-0.003452867502346635
-0.003449867479503155
-0.003446871880441904
-0.003443879773840308
-0.003440890926867723
-0.003437906270846725
-0.003434924874454737
-0.00343194673769176
-0.003428972326219082
-0.003426001174375415
-0.003423033747822046
-0.00342007027938962
-0.003417110769078135
-0.003414155682548881
-0.003411205252632499
-0.003408259013667703
-0.00340531743131578
-0.00340238050557673
-0.00339944870211184
-0.003396521555259824
-0.00339359906502068
-0.00339068123139441
-0.003387767588719726
-0.003384858136996627
-0.003381952410563827
-0.003379050642251968
-0.003376152832061052
-0.003373258514329791
-0.003370367921888828
-0.00336748082190752
-0.003364597447216511
-0.0033617177978158
-0.003358841640874743
-0.003355969209223986
-0.003353100037202239
-0.00335023389197886
-0.003347371239215136
-0.003344512078911066
-0.003341656178236008
-0.003338803770020604
-0.003335955319926143
-0.00333311059512198
-0.003330270294100046
-0.003327434416860342
-0.003324603429064155
-0.00332177709788084
-0.003318955656141043
-0.003316139103844762
-0.003313327673822641
-0.003310521366074681
-0.003307719947770238
-0.003304922953248024
-0.003302130149677396
-0.003299341537058353
-0.003296556416898966
-0.00329377525486052
-0.003290997352451086
-0.00328822317533195
-0.003285452025011182
-0.003282683901488781
-0.003279918804764748
-0.003277156734839082
-0.003274397924542427
-0.003271642606705427
-0.003268890548497438
-0.003266141749918461
-0.003263396676629782
-0.003260655561462045
-0.003257918637245893
-0.003255185671150684
-0.003252456430345774
-0.003249731147661805
-0.003247009823098779
-0.003244291990995407
-0.003241577884182334
-0.003238867269828916
-0.003236159915104508
-0.003233455820009112
-0.003230755683034658
-0.003228059038519859
-0.003225365886464715
-0.003222676459699869
-0.003219990758225322
-0.00321730924770236
-0.003214631695300341
-0.003211958333849907
-0.003209288697689772
-0.003206623019650578
-0.003203961299732327
-0.003201303305104375
-0.003198649268597364
-0.003195998957380652
-0.003193352604284883
-0.003190709743648767
-0.003188070608302951
-0.003185434965416789
-0.003182802349328995
-0.003180172992870212
-0.003177547128871083
-0.003174924291670322
-0.003172304714098573
-0.003169688396155834
-0.003167075337842107
-0.003164465771988034
-0.003161859465762973
-0.003159256186336279
-0.003156656166538596
-0.003154059173539281
-0.003151464974507689
-0.003148874035105109
-0.003146285889670253
-0.00314370053820312
-0.003141118446364999
-0.003138539614155889
-0.00313596474006772
-0.003133394289761782
-0.003130827564746141
-0.003128265496343374
-0.003125707386061549
-0.003123153699561954
-0.003120604204013944
-0.00311805889941752
-0.003115517552942038
-0.003112979233264923
-0.003110444638878107
-0.003107913071289659
-0.003105384297668934
-0.003102858318015933
-0.003100334666669369
-0.003097813809290528
-0.003095295513048768
-0.003092780010774732
-0.003090267535299063
-0.003087758086621761
-0.003085252130404115
-0.003082749666646123
-0.00308025092817843
-0.003077755216509104
-0.003075263230130076
-0.003072774736210704
-0.003070289501920342
-0.003067807760089636
-0.00306532927788794
-0.0030628542881459
-0.00306038255803287
-0.003057913854718208
-0.003055448411032557
-0.003052986459806561
-0.003050527768209577
-0.003048072336241603
-0.003045620396733284
-0.003043171716853976
-0.00304072629660368
-0.003038284135982394
-0.003035845700651407
-0.003033410292118788
-0.003030977910384536
-0.003028549021109939
-0.003026123391464353
-0.003023700788617134
-0.003021280979737639
-0.003018863964825869
-0.003016449278220534
-0.00301403715275228
-0.00301162782125175
-0.003009220585227013
-0.003006815910339355
-0.003004413796588778
-0.003002014476805925
-0.002999617718160152
-0.002997223986312747
-0.002994833514094353
-0.002992446068674326
-0.002990062581375241
-0.002987682120874524
-0.002985305385664105
-0.002982932608574629
-0.002980563789606094
-0.002978198695927858
-0.002975837560370564
-0.002973480382934213
-0.002971126930788159
-0.002968776505440474
-0.002966429339721799
-0.002964085433632135
-0.002961744554340839
-0.002959406469017267
-0.002957070944830775
-0.00295473774895072
-0.002952407347038388
-0.002950079506263137
-0.002947754226624966
-0.002945431740954518
-0.002943112049251795
-0.002940794918686152
-0.002938480349257588
-0.002936168573796749
-0.002933859126642346
-0.002931552473455667
-0.002929248847067356
-0.002926947781816125
-0.002924649277701974
-0.002922353567555547
-0.002920060884207487
-0.002917770994827151
-0.002915484132245183
-0.002913200296461582
-0.002910919254645705
-0.002908641006797552
-0.002906365552917123
-0.002904092893004417
-0.002901822561398149
-0.002899555489420891
-0.00289729074575007
-0.00289502926170826
-0.002892770804464817
-0.002890515374019742
-0.002888263203203678
-0.002886014292016625
-0.002883769106119871
-0.002881527179852128
-0.002879288978874683
-0.002877054503187537
-0.002874823519960046
-0.002872595796361566
-0.002870371332392097
-0.002868150128051639
-0.002865931484848261
-0.002863715402781963
-0.002861501881852746
-0.002859290689229965
-0.002857081359252334
-0.002854874124750495
-0.002852668752893806
-0.002850465709343553
-0.002848264761269093
-0.002846065675839782
-0.00284386845305562
-0.002841673558577895
-0.002839480992406607
-0.002837290754541755
-0.002835103077813983
-0.002832917962223291
-0.002830736106261611
-0.002828557277098298
-0.002826381707563996
-0.002824209630489349
-0.002822041278705001
-0.002819876419380307
-0.002817715518176556
-0.002815557876601815
-0.00281340372748673
-0.002811252139508724
-0.002809103345498443
-0.002806956646963954
-0.002804812043905258
-0.002802669769152999
-0.002800529357045889
-0.002798391040414572
-0.002796254819259048
-0.002794120693579316
-0.002791989129036665
-0.002789861056953669
-0.002787735546007752
-0.002785613061860204
-0.002783493837341666
-0.002781377406790853
-0.002779263770207763
-0.002777152927592397
-0.002775044646114111
-0.002772938460111618
-0.002770834835246205
-0.002768732607364655
-0.002766632474958897
-0.002764534205198288
-0.002762437798082829
-0.002760343253612518
-0.002758251037448645
-0.002756161382421851
-0.002754074288532138
-0.002751989988610148
-0.002749908715486526
-0.002747829770669341
-0.002745754085481167
-0.002743681194260716
-0.002741611329838634
-0.002739544957876205
-0.002737481612712145
-0.002735421294346452
-0.002733363769948483
-0.002731308806687593
-0.002729256637394428
-0.002727206563577056
-0.00272515881806612
-0.002723113400861621
-0.002721070079132915
-0.002719029085710645
-0.002716990420594811
-0.002714953618124127
-0.002712918911129236
-0.002710886532440782
-0.002708856714889407
-0.002706829691305757
-0.002704805228859186
-0.002702783327549696
-0.00270076422020793
-0.002698747674003243
-0.002696733456104994
-0.002694721799343824
-0.002692712936550379
-0.002690706169232726
-0.00268870173022151
-0.002686698921024799
-0.002684698207303882
-0.002682699356228113
-0.00268070213496685
-0.00267870700918138
-0.002676713978871703
-0.002674723044037819
-0.002672734437510371
-0.002670749090611935
-0.002668766304850578
-0.002666786778718233
-0.002664810279384255
-0.002662837039679289
-0.002660866361111403
-0.00265889847651124
-0.002656933153048158
-0.002654970390722156
-0.00265300995670259
-0.002651051618158817
-0.002649095607921481
-0.002647141925990582
-0.002645189873874187
-0.002643239917233586
-0.002641291590407491
-0.002639346057549119
-0.00263740262016654
-0.002635461045429111
-0.002633521798998117
-0.002631584880873561
-0.002629650291055441
-0.002627717796713114
-0.002625787630677223
-0.002623859327286482
-0.002621933585032821
-0.002620009705424309
-0.00261808792129159
-0.002616168232634664
-0.002614250406622887
-0.002612334908917546
-0.002610421739518642
-0.002608510898426175
-0.002606602385640144
-0.00260469620116055
-0.002602792344987392
-0.002600891282781959
-0.002598992548882961
-0.002597096376121044
-0.002595203230157495
-0.002593312878161669
-0.002591424621641636
-0.002589539159089327
-0.002587655792012811
-0.002585774753242731
-0.002583896042779088
-0.002582019427791238
-0.002580144908279181
-0.002578272484242916
-0.002576401690021157
-0.002574531827121973
-0.002572663361206651
-0.002570796757936478
-0.002568931551650167
-0.002567067975178361
-0.002565206261351705
-0.002563346410170197
-0.002561488887295127
-0.002559633459895849
-0.002557781292125583
-0.00255593191832304
-0.002554085571318865
-0.002552242251113057
-0.002550402190536261
-0.002548564923927188
-0.002546730684116483
-0.002544899238273501
-0.002543069655075669
-0.00254124216735363
-0.00253941654227674
-0.002537592547014356
-0.002535769948735833
-0.002533948980271816
-0.002532129408791661
-0.002530311234295368
-0.002528494223952293
-0.002526679309085011
-0.002524866024032235
-0.002523054834455252
-0.002521245507523417
-0.002519438043236732
-0.00251763267442584
-0.002515829633921385
-0.002514028456062078
-0.002512229373678565
-0.002510432619601488
-0.002508637961000204
-0.002506845165044069
-0.002505054231733084
-0.002503265393897891
-0.002501478651538491
-0.002499694004654884
-0.00249791145324707
-0.002496131230145693
-0.002494353102520108
-0.002492577536031604
-0.00249080453068018
-0.002489033853635192
-0.002487265737727284
-0.002485500648617744
-0.002483738353475928
-0.002481978619471192
-0.002480221446603537
-0.002478466602042317
-0.002476713620126247
-0.002474962268024683
-0.002473212778568268
-0.002471464918926358
-0.002469718223437667
-0.002467972924932837
-0.002466228790581226
-0.002464486286044121
-0.002462745178490877
-0.002461005700752139
-0.002459268551319838
-0.002457533264532685
-0.002455800073221326
-0.002454069210216403
-0.002452340209856629
-0.002450613072142005
-0.00244888779707253
-0.002447164384648204
-0.00244544236920774
-0.002443721983581781
-0.002442002762109041
-0.002440284937620163
-0.00243856874294579
-0.002436854410916567
-0.002435142174363136
-0.002433432033285499
-0.002431724220514297
-0.002430018968880177
-0.002428316278383136
-0.002426615916192532
-0.002424917882308364
-0.002423221943899989
-0.002421527868136764
-0.002419836120679975
-0.002418146468698978
-0.002416458446532488
-0.002414772287011147
-0.002413087757304311
-0.002411404857411981
-0.0024097238201648
-0.002408044179901481
-0.002406366402283311
-0.00240469048731029
-0.002403016900643706
-0.002401345875114202
-0.002399677177891135
-0.002398010576143861
-0.002396346069872379
-0.002394683891907334
-0.002393023576587439
-0.002391365123912692
-0.002389708533883095
-0.002388053573668003
-0.002386400010436773
-0.002384747378528118
-0.002383095910772681
-0.002381445840001106
-0.00237979693338275
-0.002378150122240186
-0.002376504708081484
-0.002374860923737288
-0.002373219467699528
-0.002371580339968204
-0.002369943307712674
-0.002368309069424868
-0.002366676926612854
-0.002365046879276633
-0.002363418927416205
-0.00236179307103157
-0.002360168611630797
-0.00235854578204453
-0.002356924582272768
-0.002355304546654224
-0.002353685442358255
-0.002352067502215505
-0.002350450726225972
-0.002348835114389658
-0.002347220899537206
-0.002345608547329903
-0.002343998057767749
-0.002342389198020101
-0.002340783132240176
-0.002339179161936045
-0.00233757751993835
-0.002335978206247091
-0.002334380988031626
-0.002332786098122597
-0.002331193769350648
-0.002329603536054492
-0.002328015398234129
-0.002326429588720202
-0.002324845176190138
-0.002323262160643935
-0.002321680309250951
-0.002320100087672472
-0.002318520797416568
-0.002316942671313882
-0.002315365709364414
-0.002313790144398808
-0.002312216442078352
-0.002310644369572401
-0.002309074159711599
-0.002307505812495947
-0.002305939560756087
-0.00230437470600009
-0.002302811713889241
-0.002301250118762255
-0.002299690153449774
-0.002298132050782442
-0.002296575345098972
-0.002295020269230008
-0.002293466590344906
-0.002291914774104953
-0.002290364354848862
-0.00228881579823792
-0.002287268871441483
-0.002285723574459553
-0.002284179907292128
-0.002282638335600495
-0.002281098393723369
-0.002279560547322035
-0.002278024796396494
-0.002276490908116102
-0.002274958649650216
-0.002273427788168192
-0.00227189832367003
-0.002270370256155729
-0.002268843818455935
-0.002267319010570645
-0.002265795599669218
-0.002264273818582296
-0.002262753434479237
-0.002261234680190682
-0.002259718254208565
-0.002258203690871596
-0.002256691223010421
-0.002255180617794394
-0.002253671642392874
-0.002252164529636502
-0.00225065927952528
-0.002249155193567276
-0.002247652504593134
-0.002246151212602854
-0.002244651084765792
-0.002243152353912592
-0.002241655485704541
-0.002240159781649709
-0.002238665940240026
-0.002237174194306135
-0.002235684311017394
-0.002234196523204446
-0.002232711063697934
-0.002231227932497859
-0.002229746663942933
-0.002228266792371869
-0.002226788084954023
-0.002225310541689396
-0.002223833696916699
-0.002222357550635934
-0.002220882335677743
-0.002219408052042127
-0.002217934234067798
-0.0022164611145854
-0.002214989624917507
-0.002213519299402833
-0.002212050138041377
-0.002210582606494427
-0.002209116704761982
-0.002207652665674686
-0.002206190256401896
-0.002204729942604899
-0.002203271258622408
-0.002201815135776997
-0.002200360409915447
-0.002198907779529691
-0.002197457244619727
-0.002196008572354913
-0.002194561762735248
-0.002193116815760732
-0.002191673498600721
-0.002190232276916504
-0.002188792219385505
-0.002187354024499655
-0.002185917226597667
-0.002184481825679541
-0.002183047821745276
-0.002181615214794874
-0.002180184004828334
-0.002178754424676299
-0.002177326008677483
-0.002175898989662528
-0.002174472901970148
-0.00217304821126163
-0.002171624917536974
-0.002170203486457467
-0.002168783452361822
-0.002167365048080683
-0.002165948506444693
-0.002164533594623208
-0.002163120312616229
-0.002161708660423756
-0.002160298638045788
-0.002158890245482326
-0.002157483249902725
-0.00215607788413763
-0.002154673915356398
-0.002153271343559027
-0.002151869935914874
-0.002150469925254583
-0.002149071078747511
-0.002147673163563013
-0.002146276645362377
-0.002144881524145603
-0.002143487334251404
-0.002142094075679779
-0.002140701748430729
-0.002139310818165541
-0.002137920819222927
-0.002136532217264175
-0.002135145245119929
-0.002133759902790189
-0.00213237595744431
-0.002130993641912937
-0.002129613654688001
-0.00212823529727757
-0.002126858802512288
-0.002125483937561512
-0.002124110236763954
-0.002122738398611546
-0.002121368423104286
-0.002120000077411532
-0.002118633128702641
-0.002117267809808254
-0.002115904353559017
-0.002114542527124286
-0.002113182097673416
-0.002111823065206409
-0.002110465429723263
-0.002109109191223979
-0.002107754349708557
-0.002106400672346354
-0.002105048159137368
-0.002103697275742888
-0.002102347556501627
-0.00210099876858294
-0.002099651144817472
-0.002098304685205221
-0.002096958691254258
-0.002095613861456513
-0.0020942697301507
-0.002092926762998104
-0.002091584727168083
-0.002090244553983212
-0.002088905544951558
-0.00208756816573441
-0.002086232649162412
-0.002084898995235562
-0.002083566738292575
-0.002082236343994737
-0.002080907579511404
-0.002079580212011933
-0.002078254241496325
-0.002076929435133934
-0.002075605792924762
-0.002074283082038164
-0.002072961535304785
-0.00207164091989398
-0.002070321701467037
-0.002069003880023956
-0.002067687222734094
-0.002066372195258737
-0.002065058797597885
-0.002063746796920896
-0.002062436426058412
-0.002061127685010433
-0.002059820340946317
-0.002058514626696706
-0.002057210076600313
-0.002055906690657139
-0.002054604468867183
-0.002053303411230445
-0.002052003284916282
-0.002050704322755337
-0.00204940652474761
-0.002048109890893102
-0.002046814654022455
-0.002045521279796958
-0.002044229535385966
-0.00204293942078948
-0.002041651634499431
-0.002040365245193243
-0.002039080718532205
-0.002037797821685672
-0.002036516321823001
-0.002035235986113548
-0.002033957047387958
-0.002032678574323654
-0.002031401265412569
-0.002030124654993415
-0.002028848510235548
-0.002027573296800256
-0.002026298549026251
-0.002025024732574821
-0.002023751847445965
-0.002022480126470327
-0.002021209802478552
-0.002019940875470638
-0.002018673345446587
-0.002017407445237041
-0.002016143174842
-0.002014880301430821
-0.002013619057834148
-0.002012358978390694
-0.002011100295931101
-0.002009842777624726
-0.002008585957810283
-0.00200732983648777
-0.002006074879318476
-0.002004820620641112
-0.002003567526116967
-0.002002315362915397
-0.002001064596697688
-0.001999815460294485
-0.001998567720875144
-0.001997321611270308
-0.001996077364310622
-0.001994834979996085
-0.001993594225496054
-0.001992354867979884
-0.001991117373108864
-0.001989880809560418
-0.001988645642995834
-0.001987411640584469
-0.001986178569495678
-0.001984946429729462
-0.00198371522128582
-0.001982484711334109
-0.00198125489987433
-0.001980026718229055
-0.001978799467906356
-0.001977573614567518
-0.001976349158212543
-0.001975126098841429
-0.001973904669284821
-0.001972684636712074
-0.00197146600112319
-0.001970248762518167
-0.001969033153727651
-0.001967818941920996
-0.001966605894267559
-0.001965393777936697
-0.001964182825759053
-0.001962973270565271
-0.00196176441386342
-0.001960556954145432
-0.001959350658580661
-0.001958145061507821
-0.001956940395757556
-0.001955736661329865
-0.00195453385822475
-0.001953331986442208
-0.00195213092956692
-0.001950930687598884
-0.001949731376953423
-0.001948532997630537
-0.001947335549630225
-0.001946139032952487
-0.001944943680427969
-0.001943749492056668
-0.001942556584253907
-0.00194136518985033
-0.001940175192430615
-0.001938986941240728
-0.001937800436280668
-0.001936615444719791
-0.001935432082973421
-0.001934250118210912
-0.001933069434016943
-0.001931889913976192
-0.00193071155808866
-0.001929534133523703
-0.00192835764028132
-0.001927182078361511
-0.001926007331348956
-0.001924833399243653
-0.001923660165630281
-0.001922487863339484
-0.001921316375955939
-0.001920145703479648
-0.001918976427987218
-0.001917808316648006
-0.001916641485877335
-0.001915476168505847
-0.001914312015287578
-0.001913149026222527
-0.001911987201310694
-0.00191082654055208
-0.00190966681111604
-0.001908508129417896
-0.001907350495457649
-0.00190619402565062
-0.001905038836412132
-0.001903885044157505
-0.001902732765302062
-0.001901581883430481
-0.001900432398542762
-0.001899284310638905
-0.001898137736134231
-0.001896992907859385
-0.001895849709399045
-0.001894707907922566
-0.001893567503429949
-0.001892428263090551
-0.001891290070489049
-0.001890152576379478
-0.00188901589717716
-0.001887879800051451
-0.001886744168587029
-0.001885608769953251
-0.001884473604150116
-0.001883338787592947
-0.001882204203866422
-0.001881069852970541
-0.001879936084151268
-0.001878803130239248
-0.001877671456895769
-0.001876540947705507
-0.001875411719083786
-0.001874284236691892
-0.001873158616945148
-0.001872034859843552
-0.001870912732556462
-0.001869792235083878
-0.001868673367425799
-0.001867556013166904
-0.001866439823061228
-0.001865324564278126
-0.001864210236817598
-0.001863096724264324
-0.001861983793787658
-0.001860871794633567
-0.001859760610386729
-0.001858650473877788
-0.001857541268691421
-0.001856433460488915
-0.001855326700024307
-0.001854221103712916
-0.001853116671554744
-0.001852013287134469
-0.001850910950452089
-0.001849809545092285
-0.001848709071055055
-0.001847609411925077
-0.001846510567702353
-0.001845412771217525
-0.001844315906055272
-0.001843220088630915
-0.001842125202529132
-0.001841031480580568
-0.001839939155615866
-0.001838848227635026
-0.001837758463807404
-0.001836670213378966
-0.001835583243519068
-0.001834497321397066
-0.001833412447012961
-0.001832328620366752
-0.001831245492212474
-0.001830162946134806
-0.001829080982133746
-0.001827999367378652
-0.001826918451115489
-0.001825838116928935
-0.001824758597649634
-0.001823679776862264
-0.00182260200381279
-0.001821525278501213
-0.001820449717342854
-0.001819375320337713
-0.001818302320316434
-0.001817230600863695
-0.001816160161979496
-0.001815090887248516
-0.001814022776670754
-0.001812955713830888
-0.001811889582313597
-0.001810824265703559
-0.001809759996831417
-0.001808696542866528
-0.001807634020224214
-0.001806572428904474
-0.00180551188532263
-0.001804452389478683
-0.001803393824957311
-0.001802336191758513
-0.001801279606297612
-0.001800223835743964
-0.001799168880097568
-0.001798114855773747
-0.001797061762772501
-0.001796009717509151
-0.001794958487153053
-0.001793908420950174
-0.00179285928606987
-0.001791811315342784
-0.001790764625184238
-0.001789718982763588
-0.001788674737326801
-0.001787631888873875
-0.001786590088158846
-0.001785549684427679
-0.00178451044484973
-0.001783472369424999
-0.001782435341738164
-0.001781399478204548
-0.001780364429578185
-0.001779330195859075
-0.001778296660631895
-0.001777263823896646
-0.001776231802068651
-0.001775200245901942
-0.001774169504642487
-0.00177313934545964
-0.001772109768353403
-0.001771081006154418
-0.001770052826032043
-0.001769025227986276
-0.001767998444847763
-0.001766972476616502
-0.001765947323292494
-0.00176492310129106
-0.001763899810612202
-0.001762877334840596
-0.001761855673976243
-0.001760835060849786
-0.001759815379045904
-0.001758796744979918
-0.001757779042236507
-0.001756762387230992
-0.001755746779963374
-0.001754731987603009
-0.001753718010149896
-0.00175270508043468
-0.001751693431288004
-0.00175068317912519
-0.001749674207530916
-0.001748666516505182
-0.001747660338878632
-0.001746655558235943
-0.001745652174577117
-0.001744650304317474
-0.001743649831041694
-0.001742650521919131
-0.001741652260534465
-0.001740654930472374
-0.001739658415317535
-0.001738662598654628
-0.001737667014822364
-0.001736671663820744
-0.001735676778480411
-0.001734682242386043
-0.001733688055537641
-0.001732694450765848
-0.001731701311655343
-0.00173070898745209
-0.001729717594571412
-0.001728727016597986
-0.001727737369947135
-0.001726748771034181
-0.001725761219859123
-0.001724774716421962
-0.001723789260722697
-0.00172280496917665
-0.001721821608953178
-0.001720838830806315
-0.001719856867566705
-0.001718875602819026
-0.001717894920147955
-0.00171691516879946
-0.001715936348773539
-0.001714958460070193
-0.001713981502689421
-0.001713005593046546
-0.001712030731141567
-0.001711057149805129
-0.001710084616206586
-0.001709113363176584
-0.001708143157884479
-0.001707173883914948
-0.001706205541267991
-0.001705238246358931
-0.001704271999187768
-0.0017033067997545
-0.001702342298813164
-0.001701378729194403
-0.001700415858067572
-0.001699453918263316
-0.001698492444120347
-0.001697531552053988
-0.001696571474894881
-0.001695611979812384
-0.001694653066806495
-0.001693694735877216
-0.001692736987024546
-0.001691780053079128
-0.001690824050456285
-0.001689868629910052
-0.001688913791440427
-0.001687959767878056
-0.001687006559222937
-0.00168605416547507
-0.001685102819465101
-0.001684152288362384
-0.00168320257216692
-0.00168225378729403
-0.001681306282989681
-0.001680359826423228
-0.001679414534009993
-0.001678470405749977
-0.001677527674473822
-0.001676585874520242
-0.001675645471550524
-0.001674705883488059
-0.001673767226748168
-0.001672829501330853
-0.001671892357990146
-0.001670955796726048
-0.001670019584707916
-0.001669083721935749
-0.001668148091994226
-0.00166721292771399
-0.001666278229095042
-0.001665344228968024
-0.001664410810917616
-0.001663478091359138
-0.001662546303123236
-0.001661615562625229
-0.001660685753449798
-0.001659756992012262
-0.001658829161897302
-0.001657902612350881
-0.001656977110542357
-0.001656052540056407
-0.001655129133723676
-0.001654206542298198
-0.001653284882195294
-0.001652364153414965
-0.001651444006711245
-0.001650524558499455
-0.001649605459533632
-0.001648687059059739
-0.001647769124247134
-0.001646851887926459
-0.001645935233682394
-0.00164501927793026
-0.001644103904254735
-0.001643189578317106
-0.001642276183702052
-0.001641363720409572
-0.001640452421270311
-0.001639542169868946
-0.001638632966205478
-0.001637724693864584
-0.001636817585676908
-0.001635911641642451
-0.001635006745345891
-0.001634102780371904
-0.001633199630305171
-0.00163229729514569
-0.001631395774893463
-0.001630494836717844
-0.001629594597034156
-0.0016286950558424
-0.00162779598031193
-0.001626897603273392
-0.001625999808311462
-0.001625102595426142
-0.001624205964617431
-0.001623310032300651
-0.001622414798475802
-0.001621520495973527
-0.001620626775547862
-0.001619733753614128
-0.001618841546587646
-0.001617950038053095
-0.001617059577256441
-0.00161616993136704
-0.001615281216800213
-0.001614393317140639
-0.001613506348803639
-0.001612620078958571
-0.001611734507605433
-0.001610849751159549
-0.001609965809620917
-0.001609082682989538
-0.001608200487680733
-0.001607319107279181
-0.001606438541784883
-0.001605558558367193
-0.001604679389856756
-0.001603801036253572
-0.001602923381142318
-0.001602046424522996
-0.001601169933564961
-0.001600293908268213
-0.001599418697878718
-0.001598544302396476
-0.001597670605406165
-0.001596797606907785
-0.001595925306901336
-0.001595053588971496
-0.001594182336702943
-0.001593311782926321
-0.001592442160472274
-0.001591573352925479
-0.001590705593116581
-0.001589838648214936
-0.001588972634635866
-0.001588107785210013
-0.001587243983522058
-0.001586381113156676
-0.001585519290529191
-0.001584658399224281
-0.001583798206411302
-0.001582938944920897
-0.001582080498337746
-0.001581222633831203
-0.001580365234985948
-0.001579508418217301
-0.001578652067109942
-0.001577796181663871
-0.001576940645463765
-0.001576085574924946
-0.001575230853632092
-0.001574376714415848
-0.001573523157276213
-0.001572670065797865
-0.001571817672811449
-0.001570966094732285
-0.001570115331560373
-0.001569265383295715
-0.001568416249938309
-0.001567568280734122
-0.001566721126437187
-0.001565874787047505
-0.001565029378980398
