0
0
0
0
0
0
0
0
0
0
0
0
0
0
0
0
0
0
0
0
0
0
0
0
0
0
0
0
0
0
0
0
0
0
0
0
0
0
0
0
0
0
0
0
0
0
0
0
0
0
0
0
0
0
0
0
0
0
0
0
0
0
0
0
0
0
0
0
0
0
0
0
0
0
0
0
0
0
0
0
0
0
0
0
0
0
0
0
0
0
0
0
0
0
0
0
0
0
0
0
0
0
0
0
0
0
0
0
0
0
0
0
0
0
0
0
0
0
0
0
0
0
0
0
0
0
0
0
0
0
0
0
0
0
0
0
0
0
0
0
0
0
0
0
0
0
0
0
0
0
0
0
0
0
0
0
0
0
0
0
0
0
0
0
0
0
0
0
0
0
0
0
0
0
0
0
0
0
0
0
0
0
0
0
0
0
0
0
0
0
0
0
0
0
0
0
0
0
0
0
0
0
0
0
0
0
0
0
0
0
0
0
0
0
0
0
0
0
0
0
0
0
0
0
0
0
0
0
0
0
0
0
0
0
0
0
0
0
0
0
0
0
0
0
0
0
0
0
0
0
0
0
0
0
0
0
0
0
0
0
0
0
0
0
0
0
0
0
0
0
0
0
0
0
0
0
0
0
0
0
0
0
0
0
0
0
0
0
0
0
0
0
0
0
0
0
0
0
0
0
0
0
0
0
0
0
0
0
0
0
0
0
0
0
0
0
0
0
0
0
0
0
0
0
0
0
0
0
0
0
0
0
0
0
0
0
0
0
0
0
0
0
0
0
0
0
0
0
0
0
0
0
0
0
0
0
0
0
0
0
0
0
0
0
0
0
0
0
0
0
0
0
0
0
0
0
0
0
0
0
0
0
0
0
0
0
0
0
0
0
0
0
0
0
0
0
0
0
0
0
0
0
0
0
0
0
0
0
0
0
0
0
0
0
0
0
0
0
0
0
0
0
0
0
0
0
0
0
0
0
0
0
0
0
0
0
0
0
0
0
0
0
0
0
0
0
0
0
0
0
0
0
0
0
0
0
0
0
0
0
0
0
0
0
0
0
0
0
0
0
0
0
0
0
0
0
0
0
0
0
0
0
0
0
0
0
0
0
0
0
0
0
0
0
0
0
0
0
0
0
0
0
0
0
0
0
0
0
0
0
0
0
0
0
0
0
0
0
0
0
0
0
0
0
0
0
0
0
0
0
0
0
0
0
0
0
0
0
0
0
0
0
0
0
0
0
0
0
0
0
0
0
0
0
0
0
0
0
0
0
0
0
0
0
0
0
0
0
0
0
0
0
0
0
0
0
0
0
0
0
0
0
0
0
0
0
0
0
0
0
0
0
0
0
0
0
0
0
0
0
0
0
0
0
0
0
0
0
0
0
0
0
0
0
0
0
0
0
0
0
0
0
0
0
0
0
0
0
0
0
0
0
0
0
0
0
0
0
0
0
0
0
0
0
0
0
0
0
0
0
0
0
0
0
0
0
0
0
0
0
0
0
0
0
0
0
0
0
0
0
0
0
0
0
0
0
0
0
0
0
0
0
0
0
0
0
0
0
0
0
0
0
0
0
0
0
0
0
0
0
0
0
0
0
0
0
0
0
7.006492321624085e-45
3.082856621514598e-44
9.388699710976274e-44
2.550363205071167e-43
6.445972935894159e-43
1.562447787722171e-42
3.724651318175364e-42
8.783338774387953e-42
2.058227184400291e-41
4.794682825533794e-41
1.111061526393861e-40
2.561993982325063e-40
5.879540070644781e-40
1.342945593673403e-39
3.053181323935591e-39
6.909323483510874e-39
1.556389974460895e-38
3.489889264109791e-38
7.789764913840014e-38
1.730873885888948e-37
3.828628561059282e-37
8.4307496599884e-37
1.848173217221264e-36
4.033488531402382e-36
8.763725080042492e-36
1.895721117103545e-35
4.082684160975885e-35
8.754081491988126e-35
1.868859349271703e-34
3.9723852531097e-34
8.407028149550495e-34
1.771566413960153e-33
3.717092767530558e-33
7.765828490942578e-33
1.615539926368642e-32
3.346572466579161e-32
6.90307176729427e-32
1.417917726286719e-31
2.900233970187756e-31
5.907382442966981e-31
1.198240354589795e-30
2.42039440201543e-30
4.868869765399687e-30
9.753856404705081e-30
1.945974511673277e-29
3.866488530408308e-29
7.651055223219674e-29
1.507846062794117e-28
2.959577749246081e-28
5.785562404934768e-28
1.126445802185978e-27
2.184387624401064e-27
4.219000299258999e-27
8.116251660520756e-27
1.555152838907321e-26
2.968026601689463e-26
5.642154444972688e-26
1.068341504951106e-25
2.014969044538081e-25
3.785515700569253e-25
7.0841089795431e-25
1.320547436098411e-24
2.45208951854743e-24
4.535624799897414e-24
8.357209784851314e-24
1.533958647319621e-23
2.804779802383927e-23
5.108830145178817e-23
9.270138631168779e-23
1.675705150628694e-22
3.017588347539375e-22
5.413496241601969e-22
9.675099051577665e-22
1.722649669874996e-21
3.055671421843374e-21
5.399936416838816e-21
9.507075970168914e-21
1.667575758509017e-20
2.914126601868773e-20
5.073636364185878e-20
8.800799113250448e-20
1.520969562537871e-19
2.618895178373513e-19
4.492815470457402e-19
7.679365929134844e-19
1.307801913358082e-18
2.219074120573557e-18
3.75161397532709e-18
6.31952339510406e-18
1.060653498498977e-17
1.773735629770523e-17
2.955516659524213e-17
4.906933662721331e-17
8.117496574875244e-17
1.33804921175035e-16
2.197671980276605e-16
3.59664271326924e-16
5.865134588870185e-16
9.530321325813612e-16
1.54308036583639e-15
2.489564933735476e-15
4.002346719290343e-15
6.411572695561116e-15
1.023470587793729e-14
1.627981061590178e-14
2.580409471438384e-14
4.075634889798806e-14
6.414624555270074e-14
1.006047594407158e-13
1.572312972094453e-13
2.448693374804134e-13
3.800200171905077e-13
5.8770154541532e-13
9.057057404407431e-13
1.390909414554498e-12
2.128596561165597e-12
3.246175680690633e-12
4.933284249858394e-12
7.471140893444694e-12
1.127523421851073e-11
1.695715790006602e-11
2.541384117038525e-11
3.795580863497072e-11
5.649079468095231e-11
8.378561039412702e-11
1.238380092916103e-10
1.824029816077655e-10
2.677342236800939e-10
3.916247326429811e-10
5.708616912514231e-10
8.292520004005155e-10
1.200430532755092e-09
1.731739307508917e-09
2.489561667928797e-09
3.566629880324967e-09
5.091990828987036e-09
7.244548072549151e-09
1.027137752629415e-08
1.451239572958229e-08
2.043346292168735e-08
2.86705823526745e-08
4.008868970117874e-08
5.585948770203686e-08
7.756410269621483e-08
1.073277502428027e-07
1.479958200434339e-07
2.033628163644607e-07
2.784689172585786e-07
3.799822252403828e-07
5.166892265151546e-07
7.001210633461596e-07
9.453494840272469e-07
1.271993369300617e-06
1.705486056380323e-06
2.278661895616096e-06
3.033732355106622e-06
4.024736426799791e-06
5.320561740518315e-06
7.008649390627397e-06
9.199507076118607e-06
1.203219107992481e-05
1.568090738146566e-05
2.036292426055297e-05
2.63479923887644e-05
3.396949978196062e-05
4.363758125691675e-05
5.585440521826968e-05
7.123191608116031e-05
9.051225788425654e-05
0.0001145909700426273
0.0001445433881599456
0.0001816541189327836
0.0002274497819598764
0.0002837349893525243
0.0003526314394548535
0.0004366195935290307
0.0005385829135775566
0.0006618535844609141
0.0008102590218186378
0.0009881675941869617
0.001200532889924943
0.001452934346161783
0.001751611242070794
0.002103489590808749
0.002516196807846427
0.002998063340783119
0.003558107651770115
0.004205998964607716
0.004951998591423035
0.005806869827210903
0.006781762931495905
0.007888066582381725
0.009137218818068504
0.01054048538208008
0.01210870873183012
0.01385201420634985
0.01577947847545147
0.01789879612624645
0.02021589130163193
0.02273454889655113
0.02545602060854435
0.02837865799665451
0.03149756789207458
0.03480429202318192
0.03828658536076546
0.04192822426557541
0.04570893570780754
0.04960444197058678
0.05358660593628883
0.0576237328350544
0.06168101355433464
0.06572109460830688
0.0697048231959343
0.07359211891889572
0.0773429274559021
0.08091834187507629
0.08428168296813965
0.08739972859621048
0.09024384617805481
0.09279105812311172
0.09502504765987396
0.09693694114685059
0.09852592647075653
0.09979961067438126
0.1007740572094917
0.1014735400676727
0.1019299775362015
0.1021820530295372
0.1022739186882973
0.1022538021206856
0.1021722406148911
0.1020802408456802
0.1020273268222809
0.1020595505833626
0.1022176072001457
0.102535218000412
0.1030376702547073
0.1037407517433167
0.1046501249074936
0.1057611405849457
0.1070591434836388
0.1085202693939209
0.1101127117872238
0.1117984130978584
0.1135350167751312
0.1152781397104263
0.1169837191700935
0.1186103373765945
0.1201214343309402
0.1214871779084206
0.122686043381691
0.1237058192491531
0.1245441660284996
0.1252084672451019
0.1257152259349823
0.126088872551918
0.1263601183891296
0.1265638917684555
0.1267370879650116
0.1269163191318512
0.1271355301141739
0.1274239271879196
0.1278044134378433
0.1282921731472015
0.1288940459489822
0.1296083480119705
0.1304253190755844
0.1313281357288361
0.1322943419218063
0.1332976222038269
0.1343099027872086
0.1353033930063248
0.1362525522708893
0.1371358782052994
0.1379373222589493
0.138647198677063
0.1392626613378525
0.1397876292467117
0.1402321308851242
0.1406112462282181
0.1409436911344528
0.1412502527236938
0.1415520012378693
0.1418686062097549
0.1422168612480164
0.1426095217466354
0.1430544555187225
0.1435543298721313
0.1441066414117813
0.1447042673826218
0.1453362852334976
0.1459891945123672
0.1466481238603592
0.1472983360290527
0.1479263752698898
0.1485211998224258
0.1490750163793564
0.1495837718248367
0.1500472873449326
0.1504689753055573
0.1508553922176361
0.1512154191732407
0.1515592336654663
0.1518973708152771
0.1522397696971893
0.1525948047637939
0.15296870470047
0.1533650606870651
0.1537846624851227
0.154225766658783
0.1546842753887177
0.1551543921232224
0.1556293368339539
0.1561020314693451
0.1565658301115036
0.1570151150226593
0.1574458181858063
0.1578557342290878
0.1582445651292801
0.1586138010025024
0.1589664667844772
0.1593066453933716
0.1596390753984451
0.1599685251712799
0.1602993458509445
0.1606350541114807
0.1609780937433243
0.1613295525312424
0.1616892963647842
0.1620559692382812
0.1624273508787155
0.1628005802631378
0.1631726026535034
0.1635404229164124
0.1639015227556229
0.1642540395259857
0.164596900343895
0.1649299412965775
0.1652537286281586
0.1655696034431458
0.1658793240785599
0.1661849319934845
0.1664884090423584
0.1667915731668472
0.1670958250761032
0.1674020141363144
0.1677104532718658
0.1680208593606949
0.1683325320482254
0.1686444878578186
0.1689554899930954
0.1692643016576767
0.169569805264473
0.1698711365461349
0.1701677441596985
0.1704594790935516
0.1707464754581451
0.1710292249917984
0.1713084280490875
0.1715848594903946
0.1718593537807465
0.172132670879364
0.1724053174257278
0.172677680850029
0.172949880361557
0.1732218414545059
0.1734932512044907
0.1737637370824814
0.1740328222513199
0.1743000745773315
0.1745650917291641
0.1748275458812714
0.1750872433185577
0.1753442138433456
0.1755985766649246
0.1758505553007126
0.1761004030704498
0.1763484627008438
0.1765950471162796
0.1768403947353363
0.1770846992731094
0.1773280650377274
0.1775704771280289
0.1778119057416916
0.1780522018671036
0.1782911866903305
0.1785287111997604
0.1787646114826202
0.1789987683296204
0.1792311072349548
0.1794616281986237
0.1796903610229492
0.1799173802137375
0.1801427751779556
0.180366650223732
0.1805891096591949
0.1808101832866669
0.1810299307107925
0.1812483072280884
0.1814652681350708
0.1816807091236115
0.181894451379776
0.1821063160896301
0.1823160350322723
0.1825233399868011
0.1827279031276703
0.1829293221235275
0.183127149939537
0.1833208501338959
0.1835097819566727
0.1836931258440018
0.1838699281215668
0.184038981795311
0.1841988861560822
0.1843479424715042
0.18448406457901
0.1846048533916473
0.1847074031829834
0.1847884654998779
0.1848441809415817
0.184870183467865
0.1848615109920502
0.1848125457763672
0.1847170442342758
0.1845680624246597
0.1843579858541489
0.1840785145759583
0.1837207227945328
0.183275118470192
0.1827317476272583
0.1820803433656693
0.1813104599714279
0.180411696434021
0.1793738901615143
0.1781875491142273
0.1768441647291183
0.175336480140686
0.1736590564250946
0.1718085110187531
0.1697841286659241
0.1675881594419479
0.1652262508869171
0.1627077758312225
0.1600461006164551
0.1572587937116623
0.1543676406145096
0.151398554444313
0.1483812928199768
0.1453491300344467
0.1423380523920059
0.1393861174583435
0.1365324258804321
0.1338158547878265
0.1312738656997681
0.1289410591125488
0.1268477439880371
0.1250185370445251
0.1234709471464157
0.1222142800688744
0.121248684823513
0.1205645129084587
0.1201421394944191
0.1199521794915199
0.1199562251567841
0.1201080307364464
0.1203552186489105
0.1206414401531219
0.1209088861942291
0.1211010441184044
0.1211655884981155
0.1210572645068169
0.1207405030727386
0.1201916635036469
0.1194006949663162
0.1183721199631691
0.1171251609921455
0.1156929060816765
0.1141206920146942
0.112463466823101
0.1107825338840485
0.1091416478157043
0.1076027899980545
0.1062219515442848
0.1050450801849365
0.1041046753525734
0.1034171506762505
0.1029813811182976
0.1027784571051598
0.1027727574110031
0.1029144749045372
0.1031431406736374
0.1033922955393791
0.1035947129130363
0.1036877483129501
0.1036186218261719
0.1033488586544991
0.1028576791286469
0.1021439656615257
0.1012264862656593
0.1001423969864845
0.0989440530538559
0.09769433736801147
0.09646099805831909
0.09531033039093018
0.0943010151386261
0.09347845613956451
0.09287037700414658
0.09248403459787369
0.0923055037856102
0.09230092912912369
0.09241995215415955
0.09260070323944092
0.09277621656656265
0.09288127720355988
0.09285929054021835
0.09266822040081024
0.09228502213954926
0.09170810878276825
0.09095744788646698
0.09007225185632706
0.08910658210515976
0.08812320232391357
0.08718639612197876
0.08635466545820236
0.08567403256893158
0.08517269045114517
0.08485783636569977
0.08471497148275375
0.08470972627401352
0.08479213714599609
0.08490274846553802
0.08497998863458633
0.08496765047311783
0.08482179790735245
0.0845160186290741
0.08404453098773956
0.08342263102531433
0.08268435299396515
0.08187778294086456
0.08105850964784622
0.08028216660022736
0.07959692925214767
0.07903707772493362
0.07861842215061188
0.07833624631166458
0.07816600054502487
0.0780666247010231
0.0779862105846405
0.07786892354488373
0.07766247540712357
0.07732491940259933
0.07682991027832031
0.07616962492465973
0.07535497099161148
0.07441303133964539
0.07338220626115799
0.07230569422245026
0.07122427225112915
0.0701696053147316
0.06915884464979172
0.06819149106740952
0.06724889576435089
0.06629651784896851
0.06528846919536591
0.06417373567819595
0.06290306895971298
0.06143555417656898
0.05974369123578072
0.05781644582748413
0.05565968528389931
0.05329404398798943
0.05075060203671455
0.04806514084339142
0.04527189955115318
0.04239792376756668
0.03945888578891754
0.03645704686641693
0.03338169679045677
0.03021200187504292
0.0269217025488615
0.02348490990698338
0.01988196931779385
0.01610449329018593
0.01215866860002279
0.008066327311098576
0.003863644087687135
-0.0004022906650789082
-0.004678430035710335
-0.008911401033401489
-0.01305287051945925
-0.01706376485526562
-0.02091671898961067
-0.02459639310836792
-0.02809776365756989
-0.03142279386520386
-0.03457619622349739
-0.03756110370159149
-0.04037556797266006
-0.04301049560308456
-0.04544943571090698
-0.04767029732465744
-0.04964864999055862
-0.05136200413107872
-0.05279431492090225
-0.05393984541296959
-0.05480575188994408
-0.05541286617517471
-0.05579458177089691
-0.05599405616521835
-0.05606019869446754
-0.05604316294193268
-0.0559900738298893
-0.05594170838594437
-0.05593053624033928
-0.0559803806245327
-0.05610750615596771
-0.05632278695702553
-0.0566343329846859
-0.057049959897995
-0.05757889896631241
-0.05823239684104919
-0.05902297794818878
-0.05996264144778252
-0.06106023862957954
-0.06231872737407684
-0.0637328177690506
-0.0652875229716301
-0.06695806980133057
-0.06871111690998077
-0.07050725817680359
-0.07230441272258759
-0.07406142354011536
-0.07574151456356049
-0.07731489092111588
-0.0787602961063385
-0.08006531745195389
-0.08122557401657104
-0.08224310725927353
-0.08312442153692245
-0.08387859910726547
-0.08451585471630096
-0.08504684269428253
-0.0854826420545578
-0.08583543449640274
-0.08611936122179031
-0.08635146170854568
-0.08655206859111786
-0.08674459159374237
-0.08695456385612488
-0.08720787614583969
-0.08752863109111786
-0.08793690800666809
-0.08844666928052902
-0.08906444162130356
-0.08978875726461411
-0.09061054885387421
-0.09151440858840942
-0.09248051047325134
-0.09348667412996292
-0.0945105105638504
-0.0955311581492424
-0.09653043746948242
-0.09749342501163483
-0.09840848296880722
-0.09926693886518478
-0.1000625267624855
-0.1007909998297691
-0.1014498844742775
-0.1020386293530464
-0.1025588735938072
-0.1030149161815643
-0.1034141480922699
-0.1037671342492104
-0.1040873825550079
-0.1043906211853027
-0.1046936586499214
-0.1050129756331444
-0.1053632870316505
-0.1057561263442039
-0.1061989441514015
-0.1066945865750313
-0.1072413846850395
-0.1078337132930756
-0.1084629520773888
-0.1091185584664345
-0.1097892373800278
-0.1104639694094658
-0.1111326515674591
-0.1117865592241287
-0.1124185472726822
-0.1130229756236076
-0.1135956570506096
-0.1141337901353836
-0.1146359667181969
-0.1151022687554359
-0.1155343875288963
-0.1159357652068138
-0.1163115650415421
-0.1166685223579407
-0.11701450496912
-0.1173579767346382
-0.117707222700119
-0.118069589138031
-0.1184507831931114
-0.1188543662428856
-0.1192815154790878
-0.1197310611605644
-0.1201997622847557
-0.1206828430294991
-0.121174618601799
-0.1216690838336945
-0.1221605017781258
-0.1226437911391258
-0.1231147795915604
-0.1235703080892563
-0.1240082383155823
-0.1244273334741592
-0.1248272284865379
-0.1252082735300064
-0.1255714744329453
-0.1259185075759888
-0.1262515336275101
-0.1265731006860733
-0.1268860250711441
-0.1271929740905762
-0.1274962723255157
-0.1277975142002106
-0.1280972957611084
-0.1283949613571167
-0.1286885291337967
-0.1289747059345245
-0.1292490214109421
-0.1295060813426971
-0.129739910364151
-0.1299442052841187
-0.1301126182079315
-0.1302390098571777
-0.1303174942731857
-0.1303424686193466
-0.1303085833787918
-0.1302106380462646
-0.1300435364246368
-0.1298021823167801
-0.1294814199209213
-0.1290760338306427
-0.1285807341337204
-0.1279902011156082
-0.1272991150617599
-0.1265023052692413
-0.1255946606397629
-0.1245713382959366
-0.1234278455376625
-0.1221603080630302
-0.1207656338810921
-0.1192417740821838
-0.117588110268116
-0.1158057600259781
-0.1138978525996208
-0.1118698120117188
-0.1097295880317688
-0.1074877306818962
-0.1051574423909187
-0.1027544513344765
-0.1002968773245811
-0.0978049635887146
-0.09530073404312134
-0.09280765056610107
-0.09035009890794754
-0.08795295655727386
-0.0856410339474678
-0.08343849331140518
-0.08136823028326035
-0.07945124059915543
-0.07770597189664841
-0.07614772766828537
-0.07478809356689453
-0.07363443821668625
-0.07268954068422318
-0.07195129990577698
-0.07141263782978058
-0.07106149941682816
-0.07088102400302887
-0.07084992527961731
-0.0709429606795311
-0.071131631731987
-0.07138493657112122
-0.07167040556669235
-0.07195504754781723
-0.0722065269947052
-0.07239433377981186
-0.0724908858537674
-0.07247263938188553
-0.0723210796713829
-0.07202345132827759
-0.07157344371080399
-0.07097142189741135
-0.07022451609373093
-0.0693463534116745
-0.06835648417472839
-0.06727954000234604
-0.06614416837692261
-0.06498164683580399
-0.06382448226213455
-0.06270478665828705
-0.061652772128582
-0.06069523841142654
-0.05985421314835548
-0.05914581567049026
-0.0585794523358345
-0.05815733224153519
-0.05787437036633492
-0.05771849676966667
-0.05767134949564934
-0.05770932510495186
-0.05780496820807457
-0.05792851001024246
-0.05804963782429695
-0.05813923478126526
-0.05817106738686562
-0.05812329053878784
-0.05797970667481422
-0.05773064866662025
-0.05737348273396492
-0.0569126196205616
-0.05635913088917732
-0.0557299330830574
-0.05504657700657845
-0.05433374643325806
-0.05361760035157204
-0.05292396992444992
-0.05227666720747948
-0.05169588327407837
-0.0511968694627285
-0.05078904330730438
-0.05047542974352837
-0.05025260895490646
-0.05011111870408058
-0.05003628507256508
-0.05000940337777138
-0.05000921338796616
-0.05001353099942207
-0.05000090599060059
-0.0499521940946579
-0.04985194280743599
-0.04968942701816559
-0.04945933446288109
-0.04916200786828995
-0.04880321398377419
-0.04839352518320084
-0.04794730991125107
-0.04748145118355751
-0.04701393097639084
-0.04656229168176651
-0.04614225029945374
-0.04576645791530609
-0.04544356092810631
-0.04517762735486031
-0.04496798291802406
-0.04480944573879242
-0.04469294846057892
-0.04460644721984863
-0.04453609511256218
-0.0444675013422966
-0.04438701644539833
-0.04428288713097572
-0.04414622485637665
-0.04397165775299072
-0.04375765845179558
-0.04350651428103447
-0.04322393238544464
-0.0429183728992939
-0.04260013625025749
-0.04228032380342484
-0.04196976870298386
-0.04167803749442101
-0.0414125844836235
-0.041178148239851
-0.04097643122076988
-0.04080609977245331
-0.04066305607557297
-0.04054095968604088
-0.04043197259306908
-0.04032759740948677
-0.04021954163908958
-0.04010051488876343
-0.03996491059660912
-0.03980926796793938
-0.03963248059153557
-0.03943580016493797
-0.03922255337238312
-0.03899770230054855
-0.03876722976565361
-0.03853747248649597
-0.03831443563103676
-0.03810320794582367
-0.03790746256709099
-0.0377291738986969
-0.03756849467754364
-0.03742385283112526
-0.0372922308743
-0.03716956451535225
-0.0370512418448925
-0.03693263605237007
-0.03680959716439247
-0.03667887672781944
-0.03653841093182564
-0.03638748452067375
-0.03622669726610184
-0.03605782240629196
-0.03588354587554932
-0.03570707142353058
-0.03553175926208496
-0.03536072373390198
-0.03519649803638458
-0.03504079207777977
-0.03489434719085693
-0.03475692123174667
-0.03462738916277885
-0.03450392559170723
-0.03438426554203033
-0.03426599502563477
-0.03414684906601906
-0.03402494639158249
-0.0338989794254303
-0.03376834094524384
-0.03363313898444176
-0.03349411115050316
-0.03335250914096832
-0.0332099013030529
-0.03306796029210091
-0.03292825818061829
-0.03279207646846771
-0.03266028314828873
-0.03253325447440147
-0.03241086378693581
-0.03229254484176636
-0.03217738494277
-0.03206426277756691
-0.03195200860500336
-0.03183954209089279
-0.03172600641846657
-0.03161084651947021
-0.03149386122822762
-0.03137519210577011
-0.03125527128577232
-0.03113475628197193
-0.03101441636681557
-0.03089502826333046
-0.03077727742493153
-0.03066167794167995
-0.03054851666092873
-0.03043784573674202
-0.03032948076725006
-0.0302230566740036
-0.03011808358132839
-0.03001401945948601
-0.02991034649312496
-0.02980663068592548
-0.0297025740146637
-0.02959804236888885
-0.0294930599629879
-0.02938779257237911
-0.02928252145648003
-0.0291775818914175
-0.02907332591712475
-0.02897005900740623
-0.02886801958084106
-0.02876733988523483
-0.02866804227232933
-0.02857005037367344
-0.02847319096326828
-0.02837724797427654
-0.02828198112547398
-0.02818715944886208
-0.02809259481728077
-0.02799816802144051
-0.02790382690727711
-0.02780959010124207
-0.0277155376970768
-0.02762180007994175
-0.02752852253615856
-0.02743585035204887
-0.02734390646219254
-0.02725277654826641
-0.02716249600052834
-0.02707305550575256
-0.02698440477252007
-0.02689646184444427
-0.02680912613868713
-0.02672229334712029
-0.02663587592542171
-0.02654979936778545
-0.02646403014659882
-0.02637855708599091
-0.02629340067505836
-0.02620860561728477
-0.02612422779202461
-0.0260403249412775
-0.02595695108175278
-0.02587414719164371
-0.02579193562269211
-0.02571031264960766
-0.02562926337122917
-0.02554875798523426
-0.02546875551342964
-0.02538920566439629
-0.02531006745994091
-0.02523131109774113
-0.02515291608870029
-0.02507487684488297
-0.02499719522893429
-0.02491988614201546
-0.02484297007322311
-0.02476646937429905
-0.02469040267169476
-0.02461478672921658
-0.02453962899744511
-0.0244649276137352
-0.02439066953957081
-0.02431684546172619
-0.0242434348911047
-0.02417041920125484
-0.02409777976572514
-0.02402550168335438
-0.02395358122885227
-0.02388200722634792
-0.02381078712642193
-0.02373992279171944
-0.02366941794753075
-0.02359928376972675
-0.0235295258462429
-0.0234601479023695
-0.02339115180075169
-0.02332253381609917
-0.02325429022312164
-0.02318641357123852
-0.02311889454722404
-0.02305172197520733
-0.02298488467931747
-0.02291837707161903
-0.02285219728946686
-0.02278634160757065
-0.02272080630064011
-0.02265559323132038
-0.02259070053696632
-0.02252613380551338
-0.0224618948996067
-0.02239798381924629
-0.02233440056443214
-0.02227114327251911
-0.0222082082182169
-0.0221455916762352
-0.02208329178392887
-0.02202129550278187
-0.02195960283279419
-0.02189821004867554
-0.02183711528778076
-0.02177631668746471
-0.02171581238508224
-0.02165559865534306
-0.02159567549824715
-0.02153604477643967
-0.02147670462727547
-0.02141765132546425
-0.02135888487100601
-0.02130040153861046
-0.02124220691621304
-0.021184291690588
-0.02112665399909019
-0.02106928825378418
-0.0210121925920248
-0.02095536701381207
-0.02089881338179111
-0.0208425261080265
-0.02078650146722794
-0.02073074504733086
-0.02067524753510952
-0.02062000706791878
-0.02056502364575863
-0.02051029726862907
-0.02045582607388496
-0.0204016026109457
-0.02034762874245644
-0.02029390260577202
-0.0202404223382473
-0.02018718793988228
-0.02013419754803181
-0.02008144743740559
-0.02002893947064877
-0.01997666992247105
-0.01992463693022728
-0.01987284049391747
-0.01982128247618675
-0.01976995728909969
-0.01971886493265629
-0.01966800354421139
-0.01961737312376499
-0.0195669699460268
-0.01951679401099682
-0.01946684159338474
-0.01941711083054543
-0.01936759985983372
-0.01931830868124962
-0.01926923543214798
-0.01922037452459335
-0.01917172782123089
-0.01912329159677029
-0.019075071439147
-0.01902706362307072
-0.0189792662858963
-0.01893167570233345
-0.01888429187238216
-0.01883711479604244
-0.01879014447331429
-0.01874337531626225
-0.01869680732488632
-0.01865043863654137
-0.01860426925122738
-0.01855829916894436
-0.01851252652704716
-0.01846694946289062
-0.01842156797647476
-0.01837637647986412
-0.01833137683570385
-0.0182865709066391
-0.01824195310473442
-0.01819752529263496
-0.01815328560769558
-0.01810923404991627
-0.01806536875665188
-0.01802168600261211
-0.01797818392515182
-0.01793486438691616
-0.01789171993732452
-0.01784875616431236
-0.01780596934258938
-0.01776335574686527
-0.01772091910243034
-0.01767865754663944
-0.01763656735420227
-0.01759465038776398
-0.01755291223526001
-0.01751134358346462
-0.01746994443237782
-0.01742871664464474
-0.01738765835762024
-0.01734676770865917
-0.01730604283511639
-0.01726548187434673
-0.01722508482635021
-0.01718484796583652
-0.01714477129280567
-0.0171048566699028
-0.01706510223448277
-0.01702550798654556
-0.0169860702008009
-0.01694679073989391
-0.01690767146646976
-0.01686870865523815
-0.01682990230619907
-0.01679124869406223
-0.01675275154411793
-0.01671440340578556
-0.01667620986700058
-0.01663816347718239
-0.01660026609897614
-0.01656251586973667
-0.01652491092681885
-0.01648744940757751
-0.01645012944936752
-0.01641295477747917
-0.01637592725455761
-0.01633904129266739
-0.01630230061709881
-0.01626570522785187
-0.01622925326228142
-0.01619293913245201
-0.0161567647010088
-0.01612072624266148
-0.0160848256200552
-0.01604906283318996
-0.01601343788206577
-0.01597794890403748
-0.01594259403645992
-0.01590737327933311
-0.01587228663265705
-0.01583733223378658
-0.01580250822007656
-0.01576781645417213
-0.0157332569360733
-0.01569882966578007
-0.01566453278064728
-0.01563036441802979
-0.01559632364660501
-0.01556240767240524
-0.01552861742675304
-0.01549495011568069
-0.01546140667051077
-0.01542798709124327
-0.01539469044655561
-0.01536151673644781
-0.01532846596091986
-0.01529553718864918
-0.01526273041963577
-0.01523004658520222
-0.01519748196005821
-0.01516503747552633
-0.015132712200284
-0.01510050520300865
-0.01506841462105513
-0.01503644045442343
-0.01500458084046841
-0.01497283484786749
-0.01494120340794325
-0.01490968652069569
-0.0148782841861248
-0.01484699547290802
-0.01481581944972277
-0.01478475518524647
-0.0147538036108017
-0.01472296286374331
-0.01469223201274872
-0.01466161012649536
-0.01463109720498323
-0.01460069138556719
-0.01457039173692465
-0.01454019919037819
-0.01451011188328266
-0.01448013167828321
-0.0144502567127347
-0.01442048512399197
-0.01439081784337759
-0.01436125487089157
-0.01433179527521133
-0.01430243905633688
-0.01427318621426821
-0.01424403768032789
-0.01421499159187078
-0.01418604794889688
-0.01415720582008362
-0.01412846427410841
-0.01409982237964869
-0.01407128013670444
-0.01404283661395311
-0.01401448808610439
-0.01398623920977116
-0.01395808532834053
-0.01393002644181252
-0.01390206068754196
-0.01387419085949659
-0.01384641416370869
-0.01381873060017824
-0.01379114110022783
-0.01376364566385746
-0.01373624429106712
-0.01370893511921167
-0.01368171907961369
-0.01365459617227316
-0.01362756546586752
-0.01360062789171934
-0.01357378251850605
-0.01354702562093735
-0.01352035906165838
-0.01349378097802401
-0.01346729137003422
-0.01344089023768902
-0.01341457571834326
-0.01338834967464209
-0.01336221024394035
-0.01333615742623806
-0.01331019029021263
-0.01328430883586407
-0.01325851399451494
-0.01323280390352011
-0.01320717856287956
-0.01318163704127073
-0.01315617840737104
-0.0131308026611805
-0.01310550887137651
-0.01308029610663652
-0.0130551652982831
-0.01303011458367109
-0.0130051439628005
-0.0129802543669939
-0.01295544486492872
-0.01293071638792753
-0.01290606893599033
-0.01288150250911713
-0.01285701710730791
-0.01283261179924011
-0.01280828565359116
-0.01278403867036104
-0.01275987084954977
-0.01273578032851219
-0.01271176617592573
-0.01268782746046782
-0.01266396418213844
-0.01264017634093761
-0.01261646300554276
-0.01259282510727644
-0.01256926078349352
-0.01254577282816172
-0.01252235937863588
-0.01249902043491602
-0.0124757569283247
-0.01245256699621677
-0.01242945156991482
-0.01240641064941883
-0.01238344050943851
-0.01236054301261902
-0.01233771629631519
-0.01231495849788189
-0.01229227241128683
-0.01226965617388487
-0.012247109785676
-0.01222463324666023
-0.01220222562551498
-0.01217988692224026
-0.0121576189994812
-0.01213541813194752
-0.01211328431963921
-0.01209121849387884
-0.01206922065466642
-0.01204728987067938
-0.01202542614191771
-0.0120036294683814
-0.01198189985007048
-0.01196023728698492
-0.01193863991647959
-0.01191710773855448
-0.01189564075320959
-0.01187423896044493
-0.01185290142893791
-0.01183162909001112
-0.01181042194366455
-0.01178927905857563
-0.01176820136606693
-0.01174718793481588
-0.01172623783349991
-0.01170535106211901
-0.01168452668935061
-0.0116637647151947
-0.0116430651396513
-0.01162242796272039
-0.01160185132175684
-0.01158133614808321
-0.01156088337302208
-0.01154049020260572
-0.01152015663683414
-0.01149988267570734
-0.01147966831922531
-0.01145951449871063
-0.01143941935151815
-0.01141938380897045
-0.01139940600842237
-0.0113794868811965
-0.01135962549597025
-0.01133982371538877
-0.01132007967680693
-0.01130039431154728
-0.01128076668828726
-0.01126120053231716
-0.01124169211834669
-0.01122224144637585
-0.01120284851640463
-0.01118350960314274
-0.01116422656923532
-0.01114499755203724
-0.01112582348287106
-0.01110670529305935
-0.01108764205127954
-0.01106863375753164
-0.01104967854917049
-0.01103077922016382
-0.01101193483918905
-0.01099314447492361
-0.0109744081273675
-0.01095572486519814
-0.0109370956197381
-0.0109185203909874
-0.01089999824762344
-0.01088152825832367
-0.0108631094917655
-0.01084474101662636
-0.01082642376422882
-0.01080815773457289
-0.01078994199633598
-0.01077177934348583
-0.01075366698205471
-0.01073560584336519
-0.01071759592741728
-0.01069963723421097
-0.01068172976374626
-0.01066387351602316
-0.01064606755971909
-0.01062831468880177
-0.01061060931533575
-0.01059295237064362
-0.01057534478604794
-0.01055778656154871
-0.01054027769714594
-0.0105228191241622
-0.01050540991127491
-0.0104880491271615
-0.01047073677182198
-0.0104534737765789
-0.01043625827878714
-0.01041909027844667
-0.01040197070688009
-0.01038489863276482
-0.0103678721934557
-0.01035089138895273
-0.01033395621925592
-0.01031706668436527
-0.0103002218529582
-0.01028342172503471
-0.01026666536927223
-0.01024995371699333
-0.01023328769952059
-0.01021666824817657
-0.01020009163767099
-0.01018356066197157
-0.0101670753210783
-0.01015063468366861
-0.01013424061238766
-0.01011789124459028
-0.01010158658027649
-0.01008532755076885
-0.0100691132247448
-0.01005294360220432
-0.01003681682050228
-0.01002073381096125
-0.01000469364225864
-0.009988696314394474
-0.009972740896046162
-0.009956828318536282
-0.009940957650542259
-0.00992512796074152
-0.009909340180456638
-0.009893594309687614
-0.009877889417111874
-0.009862226434051991
-0.009846605360507965
-0.009831023402512074
-0.00981548149138689
-0.009799981489777565
-0.009784523397684097
-0.009769105352461338
-0.009753728285431862
-0.009738393127918243
-0.009723098948597908
-0.009707844816148281
-0.009692631661891937
-0.009677458554506302
-0.009662323631346226
-0.009647227823734283
-0.009632171131670475
-0.009617154486477375
-0.009602176956832409
-0.009587238542735577
-0.009572340175509453
-0.009557479992508888
-0.009542658925056458
-0.009527875110507011
-0.009513130411505699
-0.009498423896729946
-0.009483754634857178
-0.009469121694564819
-0.009454526007175446
-0.009439965710043907
-0.009425442665815353
-0.009410955011844635
-0.009396505542099476
-0.009382094256579876
-0.009367719292640686
-0.009353380650281906
-0.009339078329503536
-0.009324812330305576
-0.009310581721365452
-0.009296387434005737
-0.009282230399549007
-0.009268111549317837
-0.009254029020667076
-0.009239980950951576
-0.009225968271493912
-0.009211991913616657
-0.009198052808642387
-0.009184150956571102
-0.009170284494757652
-0.009156452491879463
-0.00914265401661396
-0.009128891862928867
-0.009115163236856461
-0.009101470001041889
-0.009087811224162579
-0.009074185974895954
-0.009060594253242016
-0.009047036059200764
-0.009033509530127048
-0.00902001466602087
-0.009006552398204803
-0.008993121795356274
-0.008979721926152706
-0.008966352790594101
-0.008953015320003033
-0.008939711377024651
-0.008926441892981529
-0.008913205936551094
-0.008900003507733345
-0.008886834606528282
-0.008873699232935905
-0.00886059831827879
-0.008847531862556934
-0.008834498934447765
-0.008821499533951283
-0.008808531798422337
-0.008795596659183502
-0.008782693184912205
-0.008769822306931019
-0.008756982162594795
-0.008744172751903534
-0.008731394074857235
-0.008718643337488174
-0.008705924265086651
-0.008693233132362366
-0.008680571801960468
-0.008667940273880959
-0.008655338548123837
-0.008642767556011677
-0.008630226366221905
-0.00861771684139967
-0.008605238050222397
-0.008592789061367512
-0.008580370806157589
-0.008567982353270054
-0.008555623702704906
-0.008543295785784721
-0.008530997671186924
-0.00851872842758894
-0.008506488986313343
-0.00849427841603756
-0.008482095785439014
-0.008469940163195133
-0.008457813411951065
-0.00844571553170681
-0.008433644659817219
-0.00842160452157259
-0.008409592323005199
-0.008397609926760197
-0.008385656401515007
-0.00837373174726963
-0.008361835032701492
-0.008349966257810593
-0.008338126353919506
-0.008326315321028233
-0.008314533159136772
-0.00830277893692255
-0.008291051723062992
-0.008279351517558098
-0.008267678320407867
-0.008256031200289726
-0.0082444092258811
-0.008232811465859413
-0.008221241645514965
-0.008209697902202606
-0.008198181167244911
-0.00818669144064188
-0.008175229653716087
-0.008163794875144958
-0.008152387104928493
-0.008141007274389267
-0.008129652589559555
-0.008118323981761932
-0.008107021450996399
-0.008095744997262955
-0.008084493689239025
-0.00807326752692461
-0.00806206651031971
-0.008050892502069473
-0.008039742708206177
-0.008028619922697544
-0.008017523214221001
-0.008006451651453972
-0.007995405234396458
-0.007984382100403309
-0.007973385043442249
-0.007962413132190704
-0.00795146357268095
-0.007940538227558136
-0.007929636165499687
-0.007918757386505604
-0.007907903753221035
-0.007897075265645981
-0.007886273786425591
-0.007875499315559864
-0.007864749059081078
-0.00785402487963438
-0.007843325845897198
-0.007832652889192104
-0.007822003215551376
-0.00781137915328145
-0.00780077837407589
-0.007790201343595982
-0.007779648061841726
-0.007769116200506687
-0.007758606225252151
-0.007748119067400694
-0.00773765379562974
-0.007727212272584438
-0.00771679449826479
-0.007706399541348219
-0.007696028333157301
-0.007685680873692036
-0.007675356697291136
-0.007665055803954601
-0.007654777262359858
-0.007644522003829479
-0.007634289562702179
-0.007624079473316669
-0.007613892666995525
-0.007603729609400034
-0.007593589369207621
-0.007583471480756998
-0.007573375012725592
-0.007563300896435976
-0.007553249131888151
-0.007543218787759542
-0.007533209398388863
-0.007523220498114824
-0.007513252552598715
-0.007503305096179247
-0.007493379060178995
-0.00748347444459796
-0.007473591715097427
-0.007463730406016111
-0.007453890983015299
-0.007444072980433702
-0.007434276398271322
-0.007424501702189445
-0.007414747960865498
-0.007405015174299479
-0.007395303808152676
-0.007385612465441227
-0.00737594161182642
-0.007366290781646967
-0.007356660906225443
-0.00734705151990056
-0.007337463553994894
-0.007327897008508444
-0.007318350952118635
-0.007308825850486755
-0.007299321703612804
-0.007289838045835495
-0.007280375342816114
-0.00727093406021595
-0.007261513266712427
-0.007252113427966833
-0.007242734543979168
-0.007233376614749432
-0.007224038243293762
-0.007214718963950872
-0.007205419708043337
-0.007196140475571156
-0.007186879869550467
-0.007177638355642557
-0.007168415933847427
-0.007159211672842503
-0.007150026503950357
-0.007140860892832279
-0.007131714839488268
-0.007122587412595749
-0.00711347907781601
-0.00710438983514905
-0.00709531968459487
-0.007086269091814756
-0.00707723805680871
-0.007068226113915443
-0.007059233728796244
-0.007050260435789824
-0.007041306234896183
-0.007032370194792747
-0.007023452781140804
-0.007014552596956491
-0.007005671039223671
-0.006996806245297194
-0.006987959146499634
-0.00697912834584713
-0.006970314774662256
-0.0069615188986063
-0.006952740252017975
-0.006943979300558567
-0.006935237441211939
-0.006926515139639378
-0.006917811930179596
-0.006909128744155169
-0.006900465581566095
-0.006891821976751089
-0.00688319792971015
-0.006874592043459415
-0.006866004317998886
-0.006857434753328562
-0.006848881486803293
-0.006840344984084368
-0.006831824779510498
-0.006823319941759109
-0.006814831867814064
-0.006806358695030212
-0.006797901820391417
-0.006789461709558964
-0.006781038362532854
-0.006772632244974375
-0.006764244753867388
-0.006755874492228031
-0.006747521925717592
-0.006739187985658646
-0.006730872206389904
-0.006722573190927505
-0.006714291404932737
-0.0067060268484056
-0.006697778590023518
-0.006689547095447779
-0.006681332364678383
-0.006673133000731468
-0.006664949934929609
-0.006656783632934093
-0.006648633629083633
-0.006640499457716942
-0.006632380653172731
-0.006624277681112289
-0.006616190541535616
-0.006608119234442711
-0.006600063759833574
-0.006592024117708206
-0.006584001239389181
-0.006575994659215212
-0.006568003445863724
-0.006560028530657291
-0.006552069913595915
-0.006544127129018307
-0.006536200176924467
-0.006528289057314396
-0.006520393770188093
-0.006512514315545559
-0.006504650693386793
-0.006496802903711796
-0.006488970946520567
-0.006481154821813107
-0.006473354995250702
-0.006465571001172066
-0.006457803305238485
-0.006450050510466099
-0.006442312616854906
-0.006434590090066195
-0.006426881533116102
-0.006419187411665916
-0.006411507725715637
-0.006403842009603977
-0.006396190263330936
-0.00638855341821909
-0.006380931939929724
-0.006373326294124126
-0.006365735549479723
-0.006358160171657801
-0.006350600626319647
-0.006343056913465261
-0.00633552810177207
-0.006328015122562647
-0.006320517044514418
-0.006313032936304808
-0.006305562797933817
-0.006298105232417583
-0.006290661636739969
-0.0062832310795784
-0.006275813560932875
-0.006268409080803394
-0.006261018104851246
-0.006253640633076429
-0.006246277131140232
-0.006238928064703941
-0.006231593433767557
-0.006224273703992367
-0.006216969341039658
-0.00620968034490943
-0.006202406715601683
-0.006195148453116417
-0.006187904626131058
-0.006180675234645605
-0.006173458881676197
-0.006166256032884121
-0.006159066688269377
-0.00615188991650939
-0.00614472571760416
-0.006137574557214975
-0.006130435969680548
-0.006123310420662165
-0.006116198375821114
-0.006109099835157394
-0.006102014798671007
-0.006094944663345814
-0.00608788849785924
-0.006080846302211285
-0.006073818542063236
-0.006066805217415094
-0.006059805862605572
-0.006052819546312094
-0.006045846734195948
-0.006038886960595846
-0.006031939759850502
-0.006025004666298628
-0.006018081679940224
-0.006011171266436577
-0.006004272494465113
-0.005997386295348406
-0.005990512203425169
-0.005983650684356689
-0.005976802203804255
-0.005969967693090439
-0.005963146220892668
-0.005956337321549654
-0.005949541460722685
-0.005942758172750473
-0.005935987923294306
-0.005929229315370321
-0.005922482814639807
-0.005915748421102762
-0.005909026134759188
-0.005902315955609083
-0.005895617417991161
-0.005888931918889284
-0.005882259923964739
-0.005875600501894951
-0.005868954118341208
-0.005862321704626083
-0.005855701398104429
-0.005849093664437532
-0.005842498503625393
-0.005835914984345436
-0.005829344037920237
-0.00582278473302722
-0.005816237535327673
-0.005809701979160309
-0.00580317759886384
-0.005796664394438267
-0.005790163297206163
-0.00578367430716753
-0.005777196958661079
-0.005770730786025524
-0.005764276720583439
-0.005757833831012249
-0.005751402117311954
-0.00574498251080513
-0.005738574545830488
-0.005732178222388029
-0.005725793540477753
-0.005719420500099659
-0.005713059566915035
-0.005706711206585169
-0.005700374487787485
-0.005694048944860697
-0.005687734577804804
-0.005681431852281094
-0.005675139371305704
-0.00566885806620121
-0.005662587471306324
-0.005656327586621046
-0.005650078412145376
-0.005643840413540602
-0.005637613590806723
-0.005631397943943739
-0.005625194404274225
-0.005619002040475607
-0.005612821783870459
-0.005606653168797493
-0.005600496660917997
-0.005594351794570684
-0.005588216707110405
-0.005582092795521021
-0.005575979128479958
-0.005569875705987215
-0.005563782528042793
-0.005557699594646692
-0.005551627371460199
-0.005545565858483315
-0.005539515055716038
-0.005533475428819656
-0.005527445580810308
-0.005521427374333143
-0.005515418946743011
-0.005509421695023775
-0.005503435619175434
-0.005497459787875414
-0.005491494201123714
-0.005485538858920336
-0.005479594226926565
-0.005473660305142403
-0.005467737559229136
-0.005461825989186764
-0.005455925129354
-0.005450035445392132
-0.005444156937301159
-0.005438289139419794
-0.005432432051748037
-0.005426585208624601
-0.005420748144388199
-0.005414921324700117
-0.005409104283899069
-0.005403296556323767
-0.005397498607635498
-0.005391709972172976
-0.005385930184274912
-0.005380160175263882
-0.005374399945139885
-0.005368649493902922
-0.005362907890230417
-0.005357176531106234
-0.005351454950869083
-0.005345743615180254
-0.005340042524039745
-0.00533435121178627
-0.005328670609742403
-0.005323000252246857
-0.005317340139299631
-0.005311690736562014
-0.005306050647050142
-0.005300420802086592
-0.005294800736010075
-0.005289189517498016
-0.005283588543534279
-0.005277996882796288
-0.005272414069622755
-0.005266840569674969
-0.005261277314275503
-0.005255723372101784
-0.005250179208815098
-0.005244644358754158
-0.005239119753241539
-0.005233604926615953
-0.005228099413216114
-0.005222603213042021
-0.005217116791754961
-0.005211638752371073
-0.005206169094890356
-0.005200709216296673
-0.005195258185267448
-0.005189815070480108
-0.005184380803257227
-0.005178955383598804
-0.005173539742827415
-0.005168133415281773
-0.005162735935300589
-0.005157347768545151
-0.005151969380676746
-0.005146600306034088
-0.005141239613294601
-0.005135887768119574
-0.005130545701831579
-0.005125212948769331
-0.005119889043271542
-0.005114573985338211
-0.005109268706291914
-0.00510397320613265
-0.005098687019199133
-0.005093410145491362
-0.005088142585009336
-0.005082884803414345
-0.005077636335045099
-0.005072396714240313
-0.005067165940999985
-0.005061944015324116
-0.005056730471551418
-0.00505152577534318
-0.005046329461038113
-0.00504114106297493
-0.005035960581153631
-0.00503078754991293
-0.005025622434914112
-0.005020464770495892
-0.005015315487980843
-0.005010173656046391
-0.005005039274692535
-0.004999913275241852
-0.004994795192033052
-0.004989685490727425
-0.004984584636986256
-0.004979493096470833
-0.004974410869181156
-0.004969337489455938
-0.004964272957295179
-0.004959217738360167
-0.004954170901328325
-0.004949131980538368
-0.004944101441651583
-0.004939078819006681
-0.004934064112603664
-0.004929057788103819
-0.004924060311168432
-0.004919071216136217
-0.004914090503007174
-0.004909119103103876
-0.004904156550765038
-0.00489920238032937
-0.00489425752311945
-0.0048893210478127
-0.004884392488747835
-0.004879471845924854
-0.004874558188021183
-0.004869651980698109
-0.004864752758294344
-0.004859860055148602
-0.004854974336922169
-0.00485009653493762
-0.004845226649194956
-0.004840364214032888
-0.004835509695112705
-0.004830663092434406
-0.004825824405997992
-0.004820994101464748
-0.004816172178834677
-0.004811359103769064
-0.004806553944945335
-0.004801757168024778
-0.004796969704329967
-0.004792190156877041
-0.004787418525665998
-0.004782655276358128
-0.004777899011969566
-0.004773150198161602
-0.004768409300595522
-0.004763675387948751
-0.004758948460221291
-0.004754228051751852
-0.004749514628201723
-0.004744808189570904
-0.004740108735859394
-0.004735416732728481
-0.004730731248855591
-0.00472605274990201
-0.004721381235867739
-0.004716716706752777
-0.0047120600938797
-0.004707410465925932
-0.004702768288552761
-0.0046981330960989
-0.004693505354225636
-0.004688885062932968
-0.004684272222220898
-0.004679666366428137
-0.004675067961215973
-0.004670476540923119
-0.004665893036872149
-0.00466131791472435
-0.004656751174479723
-0.00465219235047698
-0.004647641442716122
-0.004643099848181009
-0.004638565704226494
-0.00463403994217515
-0.00462952209636569
-0.004625011701136827
-0.004620508756488562
-0.004616011399775743
-0.004611521027982235
-0.004607037175446749
-0.00460255891084671
-0.004598086234182119
-0.004593619611114264
-0.004589159041643143
-0.004584704991430044
-0.004580256994813681
-0.004575815983116627
-0.004571381490677595
-0.004566953983157873
-0.004562534391880035
-0.004558122716844082
-0.004553717561066151
-0.004549319390207529
-0.004544928204268217
-0.004540543537586927
-0.00453616539016366
-0.004531793761998415
-0.004527428653091192
-0.004523070063441992
-0.004518717993050814
-0.004514372441917658
-0.004510033410042524
-0.0045057013630867
-0.004501376766711473
-0.004497059620916843
-0.00449274992570281
-0.004488447215408087
-0.00448415195569396
-0.004479863680899143
-0.004475582856684923
-0.0044713094830513
-0.004467042628675699
-0.004462782759219408
-0.004458529409021139
-0.004454282578080893
-0.004450041800737381
-0.004445806611329317
-0.004441577941179276
-0.004437354858964682
-0.00443313829600811
-0.004428926855325699
-0.004424721002578735
-0.004420521203428507
-0.004416326992213726
-0.004412139300256968
-0.004407957196235657
-0.004403782077133656
-0.004399613477289677
-0.004395450931042433
-0.004391295369714499
-0.004387147258967161
-0.004383006133139133
-0.004378871526569128
-0.004374743904918432
-0.004370623268187046
-0.004366509150713682
-0.004362401552498341
-0.004358300007879734
-0.004354204516857862
-0.004350115079432726
-0.004346032161265612
-0.004341954831033945
-0.004337883088737726
-0.004333817400038242
-0.004329756367951632
-0.00432570232078433
-0.004321653861552477
-0.004317610990256071
-0.004313573706895113
-0.004309542942792177
-0.004305518232285976
-0.004301500041037798
-0.00429748697206378
-0.004293479956686497
-0.004289478994905949
-0.004285484086722136
-0.004281495697796345
-0.004277513828128576
-0.00427353847771883
-0.004269569180905819
-0.004265605937689543
-0.004261649213731289
-0.00425769854336977
-0.004253754392266273
-0.004249815363436937
-0.004245882388204336
-0.004241954535245895
-0.004238031804561615
-0.004234114661812782
-0.00423020264133811
-0.004226296208798885
-0.004222396295517683
-0.004218501970171928
-0.004214612767100334
-0.004210729151964188
-0.004206851590424776
-0.0042029800824821
-0.004199113696813583
-0.004195252899080515
-0.004191397689282894
-0.004187547601759434
-0.004183703102171421
-0.004179864656180143
-0.004176031798124313
-0.004172203596681356
-0.004168381448835135
-0.004164565354585648
-0.004160754848271608
-0.004156950395554304
-0.00415315292775631
-0.004149361979216337
-0.004145577549934387
-0.00414179963991046
-0.004138027783483267
-0.004134261980652809
-0.004130501765757799
-0.004126747604459524
-0.004122997634112835
-0.004119252786040306
-0.004115512128919363
-0.004111776128411293
-0.004108044318854809
-0.004104317165911198
-0.004100595135241747
-0.004096878226846457
-0.004093166906386614
-0.004089461173862219
-0.004085761960595846
-0.004082068800926208
-0.004078380763530731
-0.004074698314070702
-0.00407102145254612
-0.004067350178956985
-0.004063684493303299
-0.004060023929923773
-0.00405636802315712
-0.004052716307342052
-0.004049068316817284
-0.004045424517244101
-0.004041785374283791
-0.004038151353597641
-0.004034522920846939
-0.004030900076031685
-0.004027282819151878
-0.00402367115020752
-0.004020065069198608
-0.004016465041786432
-0.004012870602309704
-0.004009281750768423
-0.004005698952823877
-0.004002121742814779
-0.003998549655079842
-0.00399498175829649
-0.003991419449448586
-0.003987861797213554
-0.003984309267252684
-0.003980761393904686
-0.003977219574153423
-0.003973683342337608
-0.003970152232795954
-0.003966626711189747
-0.0039631063118577
-0.003959591500461102
-0.00395608227699995
-0.003952577710151672
-0.003949077799916267
-0.003945581614971161
-0.003942090552300215
-0.003938603214919567
-0.003935119602829218
-0.003931640647351742
-0.003928166348487139
-0.003924696706235409
-0.003921231720596552
-0.003917771391570568
-0.003914316650480032
-0.003910867497324944
-0.003907422535121441
-0.003903982928022742
-0.003900548676028848
-0.003897119779139757
-0.003893695771694183
-0.003890276420861483
-0.00388686265796423
-0.00388345355167985
-0.003880048869177699
-0.003876649541780353
-0.003873254870995879
-0.003869865089654922
-0.003866479964926839
-0.003863099962472916
-0.003859724150970578
-0.003856353228911757
-0.003852987196296453
-0.003849625820294023
-0.003846268868073821
-0.003842916339635849
-0.003839568002149463
-0.003836223855614662
-0.003832883900031447
-0.003829548601061106
-0.003826217260211706
-0.003822890343144536
-0.003819568315520883
-0.003816250944510102
-0.003812938230112195
-0.003809630405157804
-0.003806327236816287
-0.003803028492256999
-0.00379973417147994
-0.003796444740146399
-0.003793159732595086
-0.003789879847317934
-0.003786605084314942
-0.003783335210755467
-0.003780070226639509
-0.003776810597628355
-0.003773556090891361
-0.003770306473597884
-0.003767061745747924
-0.003763821441680193
-0.003760585794225335
-0.003757354570552707
-0.003754127537831664
-0.003750904463231564
-0.003747685346752405
-0.003744469955563545
-0.003741258988156915
-0.003738051746040583
-0.003734848462045193
-0.003731648903340101
-0.003728454001247883
-0.003725262824445963
-0.003722075838595629
-0.003718892810866237
-0.003715714206919074
-0.003712539793923497
-0.003709369571879506
-0.003706204006448388
-0.003703042631968856
-0.003699885215610266
-0.003696731990203261
-0.00369358342140913
-0.003690439276397228
-0.003687299787998199
-0.003684164956212044
-0.003681035013869405
-0.003677909960970283
-0.003674789797514677
-0.003671674523502588
-0.003668564138934016
-0.003665458178147674
-0.00366235664114356
-0.003659259062260389
-0.003656165907159448
-0.003653076477348804
-0.00364999077282846
-0.00364690856076777
-0.003643830073997378
-0.003640755545347929
-0.003637684509158134
-0.003634617663919926
-0.003631554543972015
-0.003628495382145047
-0.003625439945608377
-0.003622388932853937
-0.003619342343881726
-0.003616299945861101
-0.003613261971622705
-0.003610228188335896
-0.003607198828831315
-0.00360417366027832
-0.003601152449846268
-0.003598134964704514
-0.003595121670514345
-0.003592112567275763
-0.003589106956496835
-0.003586105303838849
-0.003583106677979231
-0.003580112010240555
-0.00357712060213089
-0.003574132919311523
-0.003571148728951812
-0.003568168031051755
-0.003565191058441997
-0.00356221804395318
-0.003559248987585306
-0.003556283889338374
-0.003553322982043028
-0.003550366498529911
-0.00354741420596838
-0.003544466337189078
-0.003541522892192006
-0.003538584103807807
-0.00353564927354455
-0.003532719099894166
-0.003529793350026011
-0.003526872023940086
-0.003523954888805747
-0.00352104171179235
-0.003518132725730538
-0.003515227464959025
-0.003512325696647167
-0.00350942718796432
-0.003506531938910484
-0.00350363994948566
-0.003500751219689846
-0.003497865749523044
-0.003494983306154609
-0.003492103889584541
-0.003489227499812841
-0.003486354136839509
-0.003483484266325831
-0.003480618353933096
-0.003477756632491946
-0.003474899334833026
-0.003472046460956335
-0.003469198709353805
-0.003466355847194791
-0.00346351764164865
-0.003460684092715383
-0.003457854967564344
-0.003455029800534248
-0.003452208591625094
-0.003449390875175595
-0.003446576185524464
-0.003443764057010412
-0.003440954722464085
-0.003438148181885481
-0.003435344202443957
-0.003432543016970158
-0.003429745091125369
-0.003426950657740235
-0.0034241599496454
-0.003421373199671507
-0.003418590640649199
-0.003415812505409122
-0.003413038328289986
-0.003410268574953079
-0.003407503245398402
-0.003404742106795311
-0.003401985159143806
-0.003399231936782598
-0.003396482206881046
-0.003393735969439149
-0.003390992991626263
-0.003388253273442388
-0.00338551658205688
-0.00338278291746974
-0.003380052279680967
-0.003377324668690562
-0.003374600317329168
-0.003371879225596786
-0.003369161626324058
-0.003366447519510984
-0.003363736672326922
-0.003361029317602515
-0.003358325455337763
-0.003355624852702022
-0.003352927742525935
-0.00335023389197886
-0.003347543301060796
-0.003344855969771743
-0.003342171898111701
-0.003339491318911314
-0.003336813999339938
-0.003334140172228217
-0.003331469837576151
-0.003328802995383739
-0.003326139878481627
-0.003323480719700456
-0.003320825286209583
-0.003318173810839653
-0.003315525595098734
-0.003312881337478757
-0.003310240339487791
-0.003307602601125836
-0.003304967889562249
-0.003302336204797029
-0.00329970708116889
-0.003297080518677831
-0.003294456517323852
-0.003291835775598884
-0.003289218060672283
-0.003286603605374694
-0.003283992409706116
-0.003281384706497192
-0.00327878026291728
-0.00327617977745831
-0.003273582551628351
-0.003270989283919334
-0.003268399275839329
-0.003265812294557691
-0.003263229038566351
-0.003260649042204022
-0.003258072538301349
-0.00325549952685833
-0.003252930240705609
-0.003250364679843187
-0.003247802844271064
-0.003245244733989239
-0.003242690348997712
-0.003240139223635197
-0.003237592056393623
-0.003235048381611705
-0.003232508199289441
-0.003229971276596189
-0.003227437380701303
-0.003224905813112855
-0.00322237703949213
-0.003219850594177842
-0.003217326477169991
-0.003214803989976645
-0.003212283831089735
-0.003209766000509262
-0.003207250032573938
-0.003204736392945051
-0.003202225780114532
-0.003199718194082379
-0.003197213634848595
-0.003194712568074465
-0.003192215459421277
-0.003189722308889031
-0.003187233349308372
-0.003184748580679297
-0.003182268003001809
-0.003179791150614619
-0.003177318023517728
-0.003174848156049848
-0.003172381548210979
-0.00316991750150919
-0.003167455783113837
-0.003164996393024921
-0.003162539331242442
-0.003160084597766399
-0.003157632192596793
-0.003155182115733624
-0.003152735531330109
-0.003150291740894318
-0.003147850977256894
-0.003145413706079125
-0.003142980160191655
-0.00314055010676384
-0.003138123312965035
-0.003135699778795242
-0.00313327950425446
-0.00313086248934269
-0.003128448268398643
-0.003126037074252963
-0.003123628674075007
-0.003121223067864776
-0.003118820255622268
-0.003116420237347484
-0.003114023013040423
-0.003111628582701087
-0.003109236946329474
-0.003106848336756229
-0.003104462986811996
-0.003102080663666129
-0.00309970136731863
-0.003097325097769499
-0.003094951622188091
-0.003092580707743764
-0.003090212820097804
-0.003087847493588924
-0.003085484495386481
-0.003083124058321118
-0.003080766415223479
-0.00307841133326292
-0.003076058812439442
-0.003073708852753043
-0.003071361687034369
-0.003069017315283418
-0.003066675737500191
-0.003064337419345975
-0.003062002127990127
-0.003059669397771358
-0.003057338995859027
-0.003055011387914419
-0.003052686806768179
-0.003050364786759019
-0.003048045560717583
-0.003045728662982583
-0.003043414326384664
-0.003041102085262537
-0.003038791939616203
-0.003036483656615019
-0.003034177469089627
-0.003031873144209385
-0.003029570449143648
-0.003027269616723061
-0.003024970646947622
-0.003022672841325402
-0.003020376665517688
-0.003018081421032548
-0.003015787340700626
-0.003013493958860636
-0.003011201275512576
-0.003008908126503229
-0.003006614744663239
-0.003004320431500673
-0.003002024721354246
-0.002999726915732026
-0.002997426316142082
-0.002995122224092484
-0.002992813708260655
-0.00299049960449338
-0.002988179912790656
-0.00298585370182991
-0.002983519807457924
-0.00298117776401341
-0.002978825941681862
-0.002976463176310062
-0.002974088303744793
-0.002971699461340904
-0.002969294786453247
-0.002966871950775385
-0.002964428858831525
-0.002961962250992656
-0.002959469333291054
-0.002956947311758995
-0.002954392693936825
-0.002951801754534245
-0.002949170535430312
-0.002946494845673442
-0.002943770727142692
-0.002940993057563901
-0.002938156947493553
-0.002935257507488132
-0.002932289149612188
-0.002929245354607701
-0.002926120068877935
-0.002922906074672937
-0.00291959592141211
-0.002916182391345501
-0.00291265663690865
-0.002909010509029031
-0.002905235160142183
-0.002901320811361074
-0.002897257916629314
-0.002893035998567939
-0.002888644812628627
-0.002884073415771127
-0.002879310166463256
-0.002874343888834119
-0.002869162242859602
-0.002863753587007523
-0.002858105581253767
-0.002852205885574222
-0.002846042159944773
-0.00283960229717195
-0.002832874190062284
-0.002825846197083592
-0.002818506676703691
-0.002810844918712974
-0.002802850678563118
-0.002794514410197735
-0.002785826800391078
-0.00277677970007062
-0.002767365891486406
-0.002757579786702991
-0.002747416030615568
-0.002736871363595128
-0.002725943690165877
-0.002714632311835885
-0.002702939789742231
-0.002690869150683284
-0.002678425749763846
-0.002665617503225803
-0.002652454655617476
-0.002638948615640402
-0.002625114051625133
-0.002610968658700585
-0.002596531761810184
-0.002581825712695718
-0.002566874725744128
-0.002551705809310079
-0.002536347834393382
-0.002520832931622863
-0.002505194628611207
-0.002489468082785606
-0.002473690779879689
-0.002457902301102877
-0.002442142926156521
-0.002426454098895192
-0.002410878892987967
-0.002395459916442633
-0.002380240242928267
-0.002365262946113944
-0.002350569935515523
-0.002336202654987574
-0.002322200918570161
-0.002308602211996913
-0.002295442391186953
-0.002282754750922322
-0.002270569326356053
-0.002258911728858948
-0.002247804310172796
-0.002237266162410378
-0.002227310324087739
-0.002217946108430624
-0.002209177240729332
-0.00220100162550807
-0.002193412743508816
-0.002186397789046168
-0.002179939532652497
-0.002174014458432794
-0.002168594393879175
-0.002163646044209599
-0.002159131458029151
-0.002155008492991328
-0.002151231747120619
-0.002147751627489924
-0.002144516678526998
-0.002141472650691867
-0.002138564130291343
-0.00213573407381773
-0.002132926369085908
-0.002130085835233331
-0.002127157989889383
-0.002124090446159244
-0.002120834309607744
-0.002117344411090016
-0.002113580238074064
-0.002109506633132696
-0.002105093328282237
-0.002100316574797034
-0.002095160074532032
-0.002089613815769553
-0.002083675237372518
-0.002077348297461867
-0.002070645103231072
-0.002063583815470338
-0.002056190278381109
-0.002048496389761567
-0.00204053963534534
-0.002032363321632147
-0.002024015178903937
-0.002015546895563602
-0.002007013186812401
-0.001998471096158028
-0.001989978132769465
-0.001981592969968915
-0.001973372651264071
-0.001965373288840055
-0.001957647502422333
-0.001950245234183967
-0.001943211536854506
-0.001936586573719978
-0.001930404920130968
-0.001924695330671966
-0.001919479691423476
-0.001914773602038622
-0.001910586259327829
-0.001906920340843499
-0.001903771772049367
-0.001901131356135011
-0.001898983959108591
-0.001897310023196042
-0.001896086148917675
-0.001895285677164793
-0.001894879853352904
-0.001894839107990265
-0.001895133871585131
-0.00189573538955301
-0.001896616769954562
-0.00189775403123349
-0.001899127499200404
-0.001900721807032824
-0.00190252682659775
-0.001904538599774241
-0.001906758872792125
-0.001909195794723928
-0.001911863801069558
-0.001914783264510334
-0.001917980727739632
-0.001921487622894347
-0.001925339689478278
-0.001929576625116169
-0.0019342404557392
-0.001939374371431768
-0.001945022377185524
-0.001951227197423577
-0.001958029344677925
-0.001965465256944299
-0.00197356753051281
-0.00198236177675426
-0.001991866854950786
-0.002002093242481351
-0.002013043034821749
-0.002024708548560739
-0.002037071855738759
-0.002050105016678572
-0.002063770312815905
-0.002078019781038165
-0.002092794980853796
-0.002108029555529356
-0.002123648300766945
-0.002139569260179996
-0.00215570442378521
-0.002171960426494479
-0.002188241109251976
-0.002204448683187366
-0.002220484428107738
-0.002236250089481473
-0.002251650905236602
-0.002266594907268882
-0.002280996181070805
-0.002294774865731597
-0.002307858318090439
-0.002320181811228395
-0.002331690397113562
-0.002342338673770428
-0.002352091250941157
-0.002360922051593661
-0.002368816174566746
-0.002375768963247538
-0.002381784841418266
-0.002386878477409482
-0.00239107315428555
-0.002394401235505939
-0.002396901603788137
-0.002398621523752809
-0.00239961314946413
-0.002399934455752373
-0.002399648306891322
-0.00239882105961442
-0.002397521864622831
-0.002395822666585445
-0.002393796341493726
-0.002391516463831067
-0.002389056840911508
-0.002386491047218442
-0.002383891493082047
-0.002381329191848636
-0.002378872828558087
-0.002376588294282556
-0.00237453798763454
-0.00237278058193624
-0.002371370326727629
-0.002370355883613229
-0.002369779860600829
-0.00236967857927084
-0.002370082074776292
-0.002371012000367045
-0.00237248232588172
-0.002374498406425118
-0.002377056982368231
-0.002380145480856299
-0.00238374387845397
-0.00238782144151628
-0.00239233928732574
-0.002397250849753618
-0.002402501180768013
-0.002408028813079
-0.002413765992969275
-0.002419640310108662
-0.002425576094537973
-0.002431495347991586
-0.002437319606542587
-0.002442971104755998
-0.002448375336825848
-0.002453461987897754
-0.002458166796714067
-0.002462433651089668
-0.002466214587911963
-0.002469473052769899
-0.002472183667123318
-0.002474332693964243
-0.002475919667631388
-0.002476955763995647
-0.002477465663105249
-0.002477485919371247
-0.002477063564583659
-0.002476255875080824
-0.002475128974765539
-0.002473756205290556
-0.002472214866429567
-0.002470585983246565
-0.002468951512128115
-0.002467391081154346
-0.002465981524437666
-0.002464792924001813
-0.002463888842612505
-0.002463322598487139
-0.002463137730956078
-0.002463365439325571
-0.002464024350047112
-0.002465120516717434
-0.002466646488755941
-0.002468582941219211
-0.002470897743478417
-0.002473549218848348
-0.002476485911756754
-0.002479648450389504
-0.00248297187499702
-0.002486387500539422
-0.002489825477823615
-0.002493216656148434
-0.002496494213119149
-0.00249959621578455
-0.002502467483282089
-0.002505060750991106
-0.002507338067516685
-0.002509272424504161
-0.002510847523808479
-0.002512058708816767
-0.002512912731617689
-0.002513426821678877
-0.002513628220185637
-0.002513553015887737
-0.002513244980946183
-0.002512753708288074
-0.002512132981792092
-0.002511438447982073
-0.002510725753381848
-0.002510049380362034
-0.002509460784494877
-0.002509005600586534
-0.002508723642677069
-0.002508647041395307
-0.002508799312636256
-0.002509194891899824
-0.002509839367121458
-0.002510729013010859
-0.002511851256713271
-0.002513186074793339
-0.002514705760404468
-0.002516377251595259
-0.00251816282980144
-0.002520021982491016
-0.002521912334486842
-0.00252379197627306
-0.00252562016248703
-0.002527358941733837
-0.002528975252062082
-0.002530441386625171
-0.002531735459342599
-0.002532842103391886
-0.002533753402531147
-0.002534468658268452
-0.002534994389861822
-0.002535343402996659
-0.002535534556955099
-0.002535591600462794
-0.002535542473196983
-0.002535417210310698
-0.002535248175263405
-0.002535067731514573
-0.002534906612709165
-0.002534794388338923
-0.002534756669774652
-0.002534815110266209
-0.002534986240789294
-0.002535281237214804
-0.002535706153139472
-0.002536260755732656
-0.002536939457058907
-0.002537731546908617
-0.002538621891289949
-0.002539591398090124
-0.002540618879720569
-0.002541681285947561
-0.002542753936722875
-0.0025438133161515
-0.002544836606830359
-0.002545803319662809
-0.002546696225181222
-0.002547501120716333
-0.00254820822738111
-0.002548812190070748
-0.002549311611801386
-0.002549709752202034
-0.002550013596192002
-0.002550234319642186
-0.002550385426729918
-0.002550482982769608
-0.002550544450059533
-0.002550587989389896
-0.00255063152872026
-0.002550691831856966
-0.002550784731283784
-0.002550923265516758
-0.002551118144765496
-0.002551376819610596
-0.002551703015342355
-0.002552097663283348
-0.002552558202296495
-0.002553078811615705
-0.002553651807829738
-0.002554266713559628
-0.002554911188781261
-0.002555572427809238
-0.002556237624958158
-0.002556893741711974
-0.002557529369369149
-0.002558134263381362
-0.002558700507506728
-0.002559221815317869
-0.002559695625677705
-0.002560121705755591
-0.002560502383857965
-0.0025608423165977
-0.002561148023232818
-0.002561428584158421
-0.002561694709584117
-0.002561957109719515
-0.002562228124588728
-0.002562519162893295
-0.002562840934842825
-0.002563203684985638
-0.002563616493716836
-0.002564085880294442
-0.002564617432653904
-0.002565214643254876
-0.002565879141911864
-0.002566610928624868
-0.002567409304901958
-0.002568271709606051
-0.00256919558160007
-0.002570177661255002
-0.00257121492177248
-0.00257230456918478
-0.002573445672169328
-0.002574637532234192
-0.002575880847871304
-0.002577178413048387
-0.002578535117208958
-0.002579957013949752
-0.002581452019512653
-0.002583029679954052
-0.002584701171144843
-0.00258647883310914
-0.002588375471532345
-0.002590404357761145
-0.002592578995972872
-0.002594912424683571
-0.002597417682409286
-0.002600107109174132
-0.002602991880849004
-0.002606081776320934
-0.002609385875985026
-0.002612912096083164
-0.002616667188704014
-0.002620657440274954
-0.002624887740239501
-0.002629363210871816
-0.002634087577462196
-0.002639064565300941
-0.002644297666847706
-0.002649790141731501
-0.002655545482411981
-0.002661567181348801
-0.002667858498170972
-0.002674422925338149
-0.002681263955309987
-0.002688383916392922
-0.002695785369724035
-0.002703469479456544
-0.002711437176913023
-0.002719687530770898
-0.002728219609707594
-0.002737029222771525
-0.002746110782027245
-0.002755457069724798
-0.002765058539807796
-0.002774903085082769
-0.002784976735711098
-0.002795262495055795
-0.002805741503834724
-0.002816393272951245
-0.002827194519340992
-0.002838120795786381
-0.002849146025255322
-0.002860242733731866
-0.002871382748708129
-0.002882536733523011
-0.002893674885854125
-0.002904766704887152
-0.002915781922638416
-0.002926690503954887
-0.002937462413683534
-0.002948068315163255
-0.002958479104563594
-0.002968665678054094
-0.002978601027280092
-0.002988258376717567
-0.002997611882165074
-0.003006637329235673
-0.003015311900526285
-0.003023614641278982
-0.003031526692211628
-0.003039031522348523
-0.003046114463359118
-0.003052764106541872
-0.003058971837162971
-0.003064732998609543
-0.003070045495405793
-0.003074910957366228
-0.003079335205256939
-0.003083328017964959
-0.003086901968345046
-0.003090074053034186
-0.003092864295467734
-0.00309529691003263
-0.003097399370744824
-0.003099201247096062
-0.00310073490254581
-0.003102035261690617
-0.003103138413280249
-0.003104082308709621
-0.003104906063526869
-0.003105648793280125
-0.003106349380686879
-0.003107046475633979
-0.003107777098193765
-0.003108576638624072
-0.003109479090198874
-0.003110515186563134
-0.00311171286739409
-0.003113096812739968
-0.003114687511697412
-0.003116501495242119
-0.003118551103398204
-0.00312084355391562
-0.003123381175100803
-0.003126161638647318
-0.003129177261143923
-0.003132415469735861
-0.003135858336463571
-0.003139483975246549
-0.003143264912068844
-0.003147170413285494
-0.00315116485580802
-0.003155209124088287
-0.003159261075779796
-0.00316327647306025
-0.003167208516970277
-0.003171009477227926
-0.003174630459398031
-0.003178021870553493
-0.003181135514751077
-0.003183923894539475
-0.003186341607943177
-0.003188345581293106
-0.00318989553488791
-0.003190954681485891
-0.003191490424796939
-0.00319147459231317
-0.003190883435308933
-0.003189698327332735
-0.003187905764207244
-0.003185496665537357
-0.003182468004524708
-0.00317882071249187
-0.003174560610204935
-0.003169698407873511
-0.003164248075336218
-0.003158228006213903
-0.003151658922433853
-0.00314456457272172
-0.003136970801278949
-0.003128904616460204
-0.003120393957942724
-0.003111467696726322
-0.00310215400531888
-0.003092481289058924
-0.003082476556301117
-0.003072165651246905
-0.003061572322621942
-0.003050718922168016
-0.003039626171812415
-0.003028311999514699
-0.003016792936250567
-0.003005083417519927
-0.002993196016177535
-0.002981143072247505
-0.002968934830278158
-0.002956582233309746
-0.002944095293059945
-0.002931485418230295
-0.002918764017522335
-0.002905945759266615
-0.00289304624311626
-0.00288008339703083
-0.002867079339921474
-0.002854058984667063
-0.002841051202267408
-0.002828087657690048
-0.002815204206854105
-0.002802440896630287
-0.002789840800687671
-0.002777450019493699
-0.002765317214652896
-0.002753493143245578
-0.002742030192166567
-0.002730981446802616
-0.00272039882838726
-0.002710334258154035
-0.002700836397707462
-0.002691951114684343
-0.002683719620108604
-0.002676178468391299
-0.002669357461854815
-0.002663279185071588
-0.002657959004864097
-0.002653403440490365
-0.002649609232321382
-0.00264656450599432
-0.002644247142598033
-0.002642625709995627
-0.002641658997163177
-0.002641296945512295
-0.002641481580212712
-0.002642146544530988
-0.002643218962475657
-0.002644619671627879
-0.002646266249939799
-0.002648072550073266
-0.002649951260536909
-0.002651814604178071
-0.002653575735166669
-0.002655151998624206
-0.00265646493062377
-0.002657440491020679
-0.002658012788742781
-0.002658123383298516
-0.002657723845914006
-0.002656775526702404
-0.00265524978749454
-0.002653129631653428
-0.00265040947124362
-0.002647094894200563
-0.002643202198669314
-0.00263875862583518
-0.002633801195770502
-0.002628376008942723
-0.002622537314891815
-0.002616345882415771
-0.002609868533909321
-0.002603176049888134
-0.002596341772004962
-0.002589440904557705
-0.002582547487691045
-0.002575734630227089
-0.002569071715697646
-0.002562623703852296
-0.002556450664997101
-0.00255060545168817
-0.002545133698731661
-0.002540073124691844
-0.002535451902076602
-0.002531289355829358
-0.002527595497667789
-0.002524370793253183
-0.002521607326343656
-0.002519288100302219
-0.00251738796941936
-0.002515874104574323
-0.00251470785588026
-0.002513844287022948
-0.002513234037905931
-0.002512824255973101
-0.002512560226023197
-0.002512386068701744
-0.002512246370315552
-0.002512086182832718
-0.002511853352189064
-0.002511498983949423
-0.0025109788402915
-0.002510253340005875
-0.002509289421141148
-0.002508059842512012
-0.002506544813513756
-0.002504731295630336
-0.002502613700926304
-0.002500193193554878
-0.00249747815541923
-0.002494483953341842
-0.002491232473403215
-0.002487750956788659
-0.002484071301296353
-0.002480230061337352
-0.002476266818121076
-0.002472223481163383
-0.002468143822625279
-0.002464070916175842
-0.002460047602653503
-0.002456114394590259
-0.002452309709042311
-0.002448667772114277
-0.002445217920467257
-0.00244198483414948
-0.002438987139612436
-0.002436237642541528
-0.002433742396533489
-0.002431500470265746
-0.002429505111649632
-0.002427743514999747
-0.002426196588203311
-0.002424840349704027
-0.002423646626994014
-0.002422582823783159
-0.002421614481136203
-0.002420705277472734
-0.002419817727059126
-0.002418914576992393
-0.002417960437014699
-0.002416922245174646
-0.002415770199149847
-0.002414478454738855
-0.002413026755675673
-0.002411399967968464
-0.002409588545560837
-0.002407588763162494
-0.002405404346063733
-0.002403043443337083
-0.00240052049048245
-0.0023978550452739
-0.002395070623606443
-0.0023921940010041
-0.002389255212619901
-0.002386285224929452
-0.002383315935730934
-0.002380379009991884
-0.00237750425003469
-0.002374718897044659
-0.002372046932578087
-0.002369507681578398
-0.002367115812376142
-0.002364882035180926
-0.002362810540944338
-0.002360900398343801
-0.002359145320951939
-0.002357534598559141
-0.002356052165850997
-0.002354678930714726
-0.002353392308577895
-0.002352167153730989
-0.002350977389141917
-0.002349796704947948
-0.002348599024116993
-0.002347360365092754
-0.002346058608964086
-0.002344674896448851
-0.002343194792047143
-0.002341606887057424
-0.002339905593544245
-0.002338089048862457
-0.002336160279810429
-0.002334126038476825
-0.002331998199224472
-0.002329791430383921
-0.002327522961422801
-0.002325212815776467
-0.002322881016880274
-0.00232054921798408
-0.002318238606676459
-0.002315967809408903
-0.002313754754140973
-0.002311614342033863
-0.002309557981789112
-0.002307593589648604
-0.002305726055055857
-0.002303955843672156
-0.002302279463037848
-0.002300690393894911
-0.002299178624525666
-0.002297731814906001
-0.002296335296705365
-0.002294973470270634
-0.00229362933896482
-0.002292286604642868
-0.00229092943482101
-0.002289543393999338
-0.002288116607815027
-0.002286638598889112
-0.002285102382302284
-0.002283503534272313
-0.002281840657815337
-0.002280115848407149
-0.002278333296999335
-0.002276499755680561
-0.002274624304845929
-0.002272717887535691
-0.002270792378112674
-0.002268859883770347
-0.002266932977363467
-0.002265023300424218
-0.002263142028823495
-0.002261298010125756
-0.002259499160572886
-0.002257750136777759
-0.002256054431200027
-0.002254412276670337
-0.002252822276204824
-0.002251280937343836
-0.00224978243932128
-0.002248319331556559
-0.002246883464977145
-0.00224546599201858
-0.002244057366624475
-0.002242648508399725
-0.00224123103544116
-0.00223979726433754
-0.002238340675830841
-0.002236856846138835
-0.002235342282801867
-0.002233795821666718
-0.002232217462733388
-0.002230609301477671
-0.002228974830359221
-0.002227318473160267
-0.002225646283477545
-0.002223964082077146
-0.00222227955237031
-0.002220598515123129
-0.002218927955254912
-0.002217273693531752
-0.00221564038656652
-0.002214031992480159
-0.002212451072409749
-0.002210899256169796
-0.002209376078099012
-0.002207880606874824
-0.002206410281360149
-0.002204962074756622
-0.002203531330451369
-0.002202113391831517
-0.002200703369453549
-0.002199296606704593
-0.002197887981310487
-0.002196473302319646
-0.002195049077272415
-0.002193612977862358
-0.002192162675783038
-0.002190697472542524
-0.002189217135310173
-0.002187722828239202
-0.002186216413974762
-0.002184700453653932
-0.002183177741244435
-0.002181651303544641
-0.002180125098675489
-0.002178602619096637
-0.00217708689160645
-0.002175580943003297
-0.002174087101593614
-0.00217260723002255
-0.002171142259612679
-0.00216969265602529
-0.002168258186429739
-0.002166838152334094
-0.002165430458262563
-0.00216403347440064
-0.002162645105272532
-0.002161262556910515
-0.002159883733838797
-0.002158505842089653
-0.002157126786187291
-0.002155744237825274
-0.002154356800019741
-0.00215296377427876
-0.002151564927771688
-0.002150159562006593
-0.002148748375475407
-0.002147332532331347
-0.002145913196727633
-0.002144492231309414
-0.002143071033060551
-0.002141651464626193
-0.00214023538865149
-0.00213882396928966
-0.002137419069185853
-0.002136021154001355
-0.002134630922228098
-0.002133248839527369
-0.002131875138729811
-0.002130509121343493
-0.002129150554537773
-0.002127798274159431
-0.00212645111605525
-0.002125108148902655
-0.00212376844137907
-0.002122430363669991
-0.002121093217283487
-0.002119755838066339
-0.002118417760357261
-0.00211707828566432
-0.002115737181156874
-0.002114394446834922
-0.002113050548359752
-0.002111705718562007
-0.002110360423102975
-0.00210901559330523
-0.002107671461999416
-0.002106329193338752
-0.002104989718645811
-0.002103653503581882
-0.00210232101380825
-0.002100992482155561
-0.002099668374285102
-0.002098348923027515
-0.002097033662721515
-0.002095722360536456
-0.00209441501647234
-0.002093111164867878
-0.002091810340061784
-0.00209051207639277
-0.002089216141030192
-0.002087922068312764
-0.002086629625409842
-0.002085338346660137
-0.002084048232063651
-0.00208275904878974
-0.002081470331177115
-0.002080183010548353
-0.002078895922750235
-0.002077609999105334
-0.002076325239613652
-0.002075041644275188
-0.002073759213089943
-0.002072478644549847
-0.002071200171485543
-0.002069923561066389
-0.002068649511784315
-0.002067378256469965
-0.002066109329462051
-0.002064843662083149
-0.00206358078867197
-0.002062320942059159
-0.002061063889414072
-0.002059809863567352
-0.002058557700365782
-0.002057307632640004
-0.002056059194728732
-0.002054812619462609
-0.002053566975519061
-0.002052322262898088
-0.002051078015938401
-0.002049834467470646
-0.002048591850325465
-0.002047350164502859
-0.002046109177172184
-0.002044869586825371
-0.00204363139346242
-0.00204239459708333
-0.002041159430518746
-0.002039925893768668
-0.002038695150986314
-0.002037466736510396
-0.002036240650340915
-0.002035017358139157
-0.002033796859905124
-0.00203257892280817
-0.002031363314017653
-0.002030149800702929
-0.002028938382863998
-0.002027728362008929
-0.002026519970968366
-0.002025312511250377
-0.002024105982854962
-0.002022900385782123
-0.002021695952862501
-0.002020492451265454
-0.002019290113821626
-0.002018088707700372
-0.00201688869856298
-0.00201569008640945
-0.002014493104070425
-0.002013298217207193
-0.002012105192989111
-0.002010914031416178
-0.00200972449965775
-0.002008536830544472
-0.002007351024076343
-0.002006167080253363
-0.002004984533414245
-0.002003803383558989
-0.002002623863518238
-0.002001445740461349
-0.00200026948004961
-0.00199909508228302
-0.001997921615839005
-0.001996750012040138
-0.001995580038055778
-0.001994411926716566
-0.001993245678022504
-0.001992081291973591
-0.001990918768569827
-0.001989757874980569
-0.001988598611205816
-0.001987440977245569
-0.001986284274607897
-0.001985128736123443
-0.001983974128961563
-0.001982820918783545
-0.001981668639928102
-0.00198051705956459
-0.001979366643354297
-0.001978217391297221
-0.00197706907056272
-0.001975922146812081
-0.001974776154384017
-0.001973631791770458
-0.001972488826140761
-0.00197134749032557
-0.001970207318663597
-0.00196906877681613
-0.001967931864783168
-0.001966796815395355
-0.001965663628652692
-0.001964531606063247
-0.001963400980457664
-0.001962271751835942
-0.00196114438585937
-0.001960018649697304
-0.001958894543349743
-0.001957772299647331
-0.001956651918590069
-0.001955533167347312
-0.001954415813088417
-0.001953300088644028
-0.001952185644768178
-0.001951072481460869
-0.0019499605987221
-0.001948849763721228
-0.001947740092873573
-0.001946631469763815
-0.001945523777976632
-0.001944417017512023
-0.001943311071954668
-0.001942206057719886
-0.001941101625561714
-0.001939998008310795
-0.001938895089551806
-0.001937792985700071
-0.001936691929586232
-0.001935591921210289
-0.001934492960572243
-0.001933395164087415
-0.001932298764586449
-0.001931203762069345
-0.001930110156536102
-0.001929018180817366
-0.001927927951328456
-0.001926839468069375
-0.001925752847455442
-0.001924668089486659
-0.001923585077747703
-0.001922503695823252
-0.001921423710882664
-0.001920345239341259
-0.001919268048368394
-0.001918192370794713
-0.001917117973789573
-0.001916044624522328
-0.001914972555823624
-0.001913901651278138
-0.001912831794470549
-0.001911762868985534
-0.001910695224069059
-0.001909628626890481
-0.001908562961034477
-0.001907498459331691
-0.001906435005366802
-0.001905372831970453
-0.001904311706312001
-0.001903251628391445
-0.001902192831039429
-0.001901135314255953
-0.001900078728795052
-0.001899023191072047
-0.00189796881750226
-0.001896915724501014
-0.001895863679237664
-0.001894812565296888
-0.001893762266263366
-0.001892712665721774
-0.001891663880087435
-0.001890616142190993
-0.001889569335617125
-0.00188852334395051
-0.001887478167191148
-0.001886434154585004
-0.001885391073301435
-0.001884349039755762
-0.001883308170363307
-0.001882268697954714
-0.001881230506114662
-0.001880193478427827
-0.001879157847724855
-0.001878123497590423
-0.001877090544439852
-0.0018760587554425
-0.001875028014183044
-0.001873998669907451
-0.001872970489785075
-0.001871943357400596
-0.001870917389169335
-0.001869892585091293
-0.00186886906158179
-0.001867846469394863
-0.001866825041361153
-0.00186580466106534
-0.001864785444922745
-0.001863767392933369
-0.001862750272266567
-0.001861734199337661
-0.001860719174146652
-0.001859705429524183
-0.001858692849054933
-0.001857681199908257
-0.001856670482084155
-0.001855660928413272
-0.001854652655310929
-0.001853645662777126
-0.001852639601565897
-0.001851634588092566
-0.00185063062235713
-0.001849627238698304
-0.001848624786362052
-0.001847623148933053
-0.001846622209995985
-0.001845621969550848
-0.001844622660428286
-0.001843624282628298
-0.001842626603320241
-0.001841629622504115
-0.001840633805841208
-0.001839638920500875
-0.00183864519931376
-0.001837652293033898
-0.001836660667322576
-0.001835670089349151
-0.001834680559113622
-0.001833692309446633
-0.001832705223932862
-0.001831719186156988
-0.001830734428949654
-0.001829750719480217
-0.001828768057748675
-0.001827786443755031
-0.001826805761083961
-0.001825826009735465
-0.001824847189709544
-0.001823869301006198
-0.001822892343625426
-0.001821916317567229
-0.001820941222831607
-0.001819967408664525
-0.001818994409404695
-0.001818022574298084
-0.001817051670514047
-0.001816081814467907
-0.00181511277332902
-0.001814144663512707
-0.001813177485018969
-0.001812211237847805
-0.001811245805583894
-0.001810281188227236
-0.001809317502193153
-0.001808354631066322
-0.001807392458431423
-0.001806431217119098
-0.001805471023544669
-0.001804511644877493
-0.001803553197532892
-0.001802595681510866
-0.001801639096811414
-0.001800683559849858
-0.001799729070626199
-0.001798775629140437
-0.001797823118977249
-0.001796871656551957
-0.001795921241864562
-0.001794971758499742
-0.001794023090042174
-0.001793075236491859
-0.001792128081433475
-0.001791181392036378
-0.001790235284715891
-0.001789289992302656
-0.001788345398381352
-0.001787401386536658
-0.001786458189599216
-0.001785515691153705
-0.001784573891200125
-0.001783633138984442
-0.001782693085260689
-0.001781754079274833
-0.001780815655365586
-0.001779878395609558
-0.001778941950760782
-0.001778006320819259
-0.001777071505784988
-0.001776137622073293
-0.001775204669684172
-0.001774272765032947
-0.001773341675288975
-0.001772411516867578
-0.001771482173353434
-0.001770553761161864
-0.001769626280292869
-0.001768699730746448
-0.001767774461768568
-0.001766850356943905
-0.001765927532687783
-0.001765006105415523
-0.001764085958711803
-0.001763166976161301
-0.001762249157764018
-0.001761332154273987
-0.001760416314937174
-0.001759501290507615
-0.001758586848154664
-0.001757672987878323
-0.001756759593263268
-0.001755846664309502
-0.001754934201017022
-0.001754022319801152
-0.001753110904246569
-0.001752199954353273
-0.001751289470121264
-0.001750379567965865
-0.00174947059713304
-0.001748562441207469
-0.001747655216604471
-0.001746748690493405
-0.001745842862874269
