0
0
0
0
0
0
0
0
0
0
0
0
0
0
0
0
0
0
0
0
0
0
0
0
0
0
0
0
0
0
0
0
0
0
0
0
0
0
0
0
0
0
0
0
0
0
0
0
0
0
0
0
0
0
0
0
0
0
0
0
0
0
0
0
0
0
0
0
0
0
0
0
0
0
0
0
0
0
0
0
0
0
0
0
0
0
0
0
0
0
0
0
0
0
0
0
0
0
0
0
0
0
0
0
0
0
0
0
0
0
0
0
0
0
0
0
0
0
0
0
0
0
0
0
0
0
0
0
0
0
0
0
0
0
0
0
0
0
0
0
0
0
0
0
0
0
0
0
0
0
0
0
0
0
0
0
0
0
0
0
0
0
0
0
0
0
0
0
0
0
0
0
0
0
0
0
0
0
0
0
0
0
0
0
0
0
0
0
0
0
0
0
0
0
0
0
0
0
0
0
0
0
0
0
0
0
0
0
0
0
0
0
0
0
0
0
0
0
0
0
0
0
0
0
0
0
0
0
0
0
0
0
0
0
0
0
0
0
0
0
0
0
0
0
0
0
0
0
0
0
0
0
0
0
0
0
0
0
0
0
0
0
0
0
0
0
0
0
0
0
0
0
0
0
0
0
0
0
0
0
0
0
0
0
0
0
0
0
0
0
0
0
0
0
0
0
0
0
0
0
0
0
0
0
0
0
0
0
0
0
0
0
0
0
0
0
0
0
0
0
0
0
0
0
0
0
0
0
0
0
0
0
0
0
0
0
0
0
0
0
0
0
0
0
0
0
0
0
0
0
0
0
0
0
0
0
0
0
0
0
0
0
0
0
0
0
0
0
0
0
0
0
0
0
0
0
0
0
0
0
0
0
0
0
0
0
0
0
0
0
0
0
0
0
0
0
0
0
0
0
0
0
0
0
0
0
0
0
0
0
0
0
0
0
0
0
0
0
0
0
0
0
0
0
0
0
0
0
0
0
0
0
0
0
0
0
0
0
0
0
0
0
0
0
0
0
0
0
0
0
0
0
0
0
0
0
0
0
0
0
0
0
0
0
0
0
0
0
0
0
0
0
0
0
0
0
0
0
0
0
0
0
0
0
0
0
0
0
0
0
0
0
0
0
0
0
0
0
0
0
0
0
0
0
0
0
0
0
0
0
0
0
0
0
0
0
0
0
0
0
0
0
0
0
0
0
0
0
0
0
0
0
0
0
0
0
0
0
0
0
0
0
0
0
0
0
0
0
0
0
0
0
0
0
0
0
0
0
0
0
0
0
0
0
0
0
0
0
0
0
0
0
0
0
0
0
0
0
0
0
0
0
0
0
0
0
0
0
0
0
0
0
0
0
0
0
0
0
0
0
0
0
0
0
0
0
0
0
0
0
0
0
0
0
0
0
0
0
0
0
0
0
0
0
0
0
0
0
0
0
0
0
0
0
0
0
0
0
0
0
0
0
0
0
0
0
0
0
0
0
0
0
0
0
0
0
0
0
0
0
0
0
0
0
0
0
0
0
0
0
0
0
0
0
0
0
0
0
0
0
0
0
0
0
0
0
0
0
0
0
0
0
0
0
0
0
0
0
0
0
0
0
0
0
0
0
0
0
0
0
0
0
0
0
0
0
0
0
0
0
0
0
2.802596928649634e-45
1.961817850054744e-44
6.165713243029195e-44
1.877739942195255e-43
5.409012072293794e-43
1.486777670648631e-42
4.027331786469524e-42
1.082362933844489e-41
2.879528214341067e-41
7.600082351112078e-41
1.991301169744138e-40
5.179563461745248e-40
1.337704737416828e-39
3.430579026347551e-39
8.736574642036506e-39
2.209567558677218e-38
5.549940098331555e-38
1.38454297043107e-37
3.430704862949647e-37
8.443855948473292e-37
2.064429488348821e-36
5.013973793457244e-36
1.209782855228426e-35
2.899990481226662e-35
6.906682491047363e-35
1.634353162440575e-34
3.842777587793187e-34
8.978147590027273e-34
2.084439296452875e-33
4.809183590110097e-33
1.102684965416324e-32
2.512740250800774e-32
5.690856736193821e-32
1.281029645891937e-31
2.866219865652362e-31
6.374494275526117e-31
1.409239145534146e-30
3.097012711930661e-30
6.766078527174864e-30
1.469545485194608e-29
3.173195579219883e-29
6.812307917614172e-29
1.454088061738922e-28
3.086039124219407e-28
6.512408847428997e-28
1.366552258724713e-27
2.851476794063332e-27
5.916800375059667e-27
1.220932811185391e-26
2.505523615934206e-26
5.113532281259474e-26
1.0379418871518e-25
2.095405616517491e-25
4.207456198135144e-25
8.403121883965629e-25
1.669338341037355e-24
3.298704902791935e-24
6.484113996806482e-24
1.267880833812276e-23
2.466261444152771e-23
4.772488569729528e-23
9.187719705968736e-23
1.759703564687607e-22
3.35314175628104e-22
6.357061731796705e-22
1.199125020511428e-21
2.250542563926022e-21
4.202771406443387e-21
7.809460630727151e-21
1.443955557840975e-20
2.656713488238526e-20
4.864119269844439e-20
8.862223089846193e-20
1.606831427108758e-19
2.899326466629124e-19
5.206346119736589e-19
9.304390159840941e-19
1.654898272118755e-18
2.929494880942275e-18
5.161329503235381e-18
9.050801813040865e-18
1.579713303342942e-17
2.744380297095155e-17
4.745629472806551e-17
8.168375461736646e-17
1.399517730988104e-16
2.386879023660719e-16
4.05228555839897e-16
6.848500135963026e-16
1.152191918974831e-15
1.929727612851929e-15
3.217486625639219e-15
5.340658775952137e-15
8.825470058535997e-15
1.451955079063115e-14
2.378198481786491e-14
3.878196591991512e-14
6.296588820004292e-14
1.017844933771245e-13
1.638194788156078e-13
2.625207993697809e-13
4.188734049285353e-13
6.654709335668363e-13
1.05271043618349e-12
1.658167743737171e-12
2.600721721313093e-12
4.061729251547685e-12
6.316631679520457e-12
9.781902718386526e-12
1.50844631924274e-11
2.316384063727472e-11
3.542180784799065e-11
5.394056382113099e-11
8.179935201413358e-11
1.235317959036308e-10
1.857834303065076e-10
2.782525321265439e-10
4.150302601590994e-10
6.165001287250504e-10
9.120183497302037e-10
1.343677613618866e-09
1.971567797909302e-09
2.8810926977485e-09
4.193101421634537e-09
6.077844894036843e-09
8.774116544429944e-09
1.261536741736791e-08
1.806517957447795e-08
2.57651979751472e-08
3.659959446622452e-08
5.178134188099648e-08
7.296710435866771e-08
1.024094444801449e-07
1.431575356036774e-07
1.993203824213197e-07
2.764103328445344e-07
3.817892775259679e-07
5.252445021142194e-07
7.197289733085199e-07
9.823073696679785e-07
1.335357978859975e-06
1.808092633837077e-06
2.43846761804889e-06
3.275571543781552e-06
4.382593942864332e-06
5.840492576680845e-06
7.752498277113773e-06
1.024961602524854e-05
1.349728972854791e-05
1.770345079421531e-05
2.312813921889756e-05
3.009495048900135e-05
3.900455703842454e-05
5.035055437474512e-05
6.473788380390033e-05
8.29040800454095e-05
0.0001057436238625087
0.0001343354961136356
0.0001699740969343111
0.0002142037701560184
0.000268856412731111
0.0003360926348250359
0.0004184455319773406
0.0005188671057112515
0.000640775659121573
0.0007881044875830412
0.000965349143370986
0.001177612575702369
0.001430646167136729
0.001730882911942899
0.002085462911054492
0.002502245362848043
0.002989805769175291
0.00355741404928267
0.004214989021420479
0.004973030183464289
0.005842517595738173
0.00683478033170104
0.007961331866681576
0.009233668446540833
0.01066302787512541
0.01226011943072081
0.01403481606394053
0.01599581353366375
0.01815026812255383
0.02050342038273811
0.0230582132935524
0.02581490948796272
0.02877072617411613
0.03191952034831047
0.03525150194764137
0.03875302523374557
0.04240648075938225
0.04619027301669121
0.05007890239357948
0.05404321476817131
0.05805074423551559
0.06206625327467918
0.06605233997106552
0.0699702724814415
0.073780857026577
0.07744545489549637
0.08092705905437469
0.08419144153594971
0.08720821142196655
0.08995193988084793
0.0924031138420105
0.09454900026321411
0.09638426452875137
0.09791143238544464
0.09914106875658035
0.1000916063785553
0.1007890254259109
0.1012660339474678
0.101561151444912
0.1017173305153847
0.1017805188894272
0.1017980054020882
0.1018165946006775
0.1018808260560036
0.1020312234759331
0.1023027151823044
0.1027232185006142
0.1033125296235085
0.1040815785527229
0.1050321310758591
0.1061568334698677
0.1074397042393684
0.108857125043869
0.1103790998458862
0.1119709461927414
0.113595113158226
0.1152132004499435
0.1167879700660706
0.1182852983474731
0.119675911962986
0.1209369152784348
0.1220528036355972
0.1230161562561989
0.1238277852535248
0.1244964301586151
0.1250379979610443
0.1254743784666061
0.1258318871259689
0.1261396259069443
0.126427486538887
0.1267243474721909
0.1270563155412674
0.127445176243782
0.1279072165489197
0.1284524500370026
0.1290842890739441
0.1297995448112488
0.1305890828371048
0.1314387172460556
0.1323304176330566
0.1332438290119171
0.1341577768325806
0.1350518763065338
0.1359079033136368
0.1367110311985016
0.1374507397413254
0.1381213366985321
0.1387221217155457
0.1392571479082108
0.1397346705198288
0.1401661932468414
0.140565499663353
0.1409474164247513
0.1413265466690063
0.1417162269353867
0.1421274989843369
0.1425683796405792
0.1430434733629227
0.143553763628006
0.144096851348877
0.1446673423051834
0.1452575773000717
0.1458583474159241
0.1464598625898361
0.147052600979805
0.1476281434297562
0.1481797695159912
0.1487029492855072
0.149195671081543
0.1496583074331284
0.1500934809446335
0.1505056023597717
0.1509004533290863
0.1512845009565353
0.1516642272472382
0.1520455926656723
0.1524335145950317
0.1528315097093582
0.1532414704561234
0.1536636650562286
0.1540968120098114
0.1545383036136627
0.154984638094902
0.1554318219423294
0.1558757424354553
0.1563127040863037
0.1567396372556686
0.1571543961763382
0.1575558632612228
0.157944068312645
0.1583199799060822
0.1586854457855225
0.1590427905321121
0.1593946665525436
0.1597436815500259
0.1600921601057053
0.1604420095682144
0.1607944369316101
0.1611499935388565
0.1615085303783417
0.1618693023920059
0.1622311323881149
0.1625925004482269
0.1629518270492554
0.1633076071739197
0.1636585593223572
0.164003774523735
0.1643427908420563
0.1646755635738373
0.1650024801492691
0.1653242111206055
0.1656416654586792
0.1659558713436127
0.1662678420543671
0.1665784418582916
0.1668883562088013
0.1671980023384094
0.167507529258728
0.1678168326616287
0.1681255549192429
0.1684332191944122
0.1687393039464951
0.16904316842556
0.1693443208932877
0.1696423888206482
0.1699371486902237
0.1702285557985306
0.1705166697502136
0.1708017438650131
0.1710841208696365
0.1713641583919525
0.1716422438621521
0.1719187349081039
0.172193855047226
0.1724677979946136
0.172740638256073
0.173012301325798
0.1732827425003052
0.1735517084598541
0.1738190948963165
0.1740846931934357
0.1743483394384384
0.1746098697185516
0.1748692691326141
0.1751265227794647
0.1753817200660706
0.1756349354982376
0.1758863031864166
0.1761359572410583
0.1763840317726135
0.1766306757926941
0.1768759787082672
0.1771199554204941
0.1773626357316971
0.1776039898395538
0.1778439879417419
0.1780825704336166
0.1783196926116943
0.1785552948713303
0.1787893325090408
0.179021805524826
0.1792526990175247
0.1794820129871368
0.179709792137146
0.1799360662698746
0.1801608949899673
0.1803843230009079
0.1806063950061798
0.1808270961046219
0.1810464113950729
0.1812643110752106
0.1814807057380676
0.1816955357789993
0.1819086670875549
0.1821199506521225
0.1823291927576065
0.1825361698865891
0.1827405691146851
0.1829420477151871
0.1831401586532593
0.1833342611789703
0.1835237145423889
0.1837076395750046
0.1838849633932114
0.184054359793663
0.1842141896486282
0.1843625605106354
0.184497132897377
0.1846151649951935
0.1847134083509445
0.1847881227731705
0.1848349124193192
0.184848740696907
0.1848238557577133
0.1847538948059082
0.1846316605806351
0.1844492107629776
0.1841978877782822
0.1838683187961578
0.1834505498409271
0.1829341500997543
0.1823083460330963
0.1815621554851532
0.180684819817543
0.1796659529209137
0.178495928645134
0.1771662682294846
0.1756700724363327
0.1740024238824844
0.172160878777504
0.1701458245515823
0.1679609566926956
0.1656136214733124
0.1631150841712952
0.1604806631803513
0.1577298939228058
0.154886394739151
0.1519775241613388
0.1490340083837509
0.1460893452167511
0.1431789249181747
0.1403391510248184
0.1376062482595444
0.1350151002407074
0.132597953081131
0.1303831040859222
0.1283936202526093
0.1266462653875351
0.1251505166292191
0.1239079609513283
0.1229118406772614
0.1221471279859543
0.1215908452868462
0.1212128773331642
0.1209771782159805
0.1208432540297508
0.1207680702209473
0.1207079812884331
0.1206209287047386
0.1204685345292091
0.1202180236577988
0.1198439300060272
0.1193294078111649
0.1186669543385506
0.1178587377071381
0.116916187107563
0.1158591210842133
0.1147142574191093
0.1135133504867554
0.1122909486293793
0.1110819950699806
0.1099194958806038
0.1088322475552559
0.1078430116176605
0.106967069208622
0.106211431324482
0.1055746227502823
0.1050471141934395
0.1046124771237373
0.1042488887906075
0.1039310991764069
0.1036326214671135
0.1033279076218605
0.1029943823814392
0.1026141420006752
0.102175161242485
0.1016719937324524
0.1011057943105698
0.1004838049411774
0.09981828927993774
0.09912509471178055
0.09842192381620407
0.09772655367851257
0.09705517441034317
0.09642087668180466
0.09583267569541931
0.09529486298561096
0.09480699151754379
0.09436421096324921
0.09395814687013626
0.09357801079750061
0.09321188181638718
0.0928480476140976
0.09247619658708572
0.09208840876817703
0.09167975187301636
0.09124857187271118
0.09079635888338089
0.09032727777957916
0.08984746038913727
0.08936409652233124
0.08888448029756546
0.08841517567634583
0.08796131610870361
0.08752608299255371
0.08711054921150208
0.08671372383832932
0.08633283525705338
0.08596386015415192
0.08560209721326828
0.08524280786514282
0.0848817452788353
0.08451560884714127
0.08414226770401001
0.08376090228557587
0.0833718553185463
0.08297642320394516
0.08257642388343811
0.08217386156320572
0.08177044987678528
0.08136734366416931
0.08096484839916229
0.08056236058473587
0.0801583006978035
0.07975025475025177
0.07933513820171356
0.07890944927930832
0.07846942543983459
0.07801133394241333
0.07753151655197144
0.07702651619911194
0.0764930322766304
0.07592782378196716
0.07532761991024017
0.07468892633914948
0.07400787621736526
0.07328014075756073
0.07250081747770309
0.07166434824466705
0.07076460123062134
0.0697949081659317
0.06874819099903107
0.06761707365512848
0.06639401614665985
0.0650714710354805
0.06364197283983231
0.06209830194711685
0.06043356657028198
0.05864125490188599
0.05671533942222595
0.05465037003159523
0.0524415597319603
0.05008488148450851
0.04757722839713097
0.04491657763719559
0.04210212081670761
0.03913448750972748
0.03601587191224098
0.0327502153813839
0.02934334240853786
0.02580308169126511
0.02213931642472744
0.01836404390633106
0.01449135784059763
0.01053738780319691
0.006520209833979607
0.002459705574437976
-0.001622624811716378
-0.005703890696167946
-0.009760086424648762
-0.0137663958594203
-0.01769756339490414
-0.02152827382087708
-0.02523359283804893
-0.02878941036760807
-0.03217291831970215
-0.03536310419440269
-0.038341224193573
-0.04109126701951027
-0.04360038414597511
-0.04585928469896317
-0.04786257073283195
-0.0496089793741703
-0.05110155045986176
-0.05234772711992264
-0.05335929989814758
-0.05415226891636848
-0.05474661290645599
-0.05516590923070908
-0.0554368868470192
-0.05558881163597107
-0.05565286800265312
-0.0556613951921463
-0.055647112429142
-0.0556422732770443
-0.05567783489823341
-0.05578260868787766
-0.05598249286413193
-0.05629975348711014
-0.05675236880779266
-0.05735354870557785
-0.05811133235692978
-0.05902840197086334
-0.06010200828313828
-0.06132412701845169
-0.06268173456192017
-0.06415727734565735
-0.06572934240102768
-0.0673733726143837
-0.06906256079673767
-0.0707688182592392
-0.07246378064155579
-0.07411982864141464
-0.07571109384298325
-0.07721438258886337
-0.07860996574163437
-0.07988233864307404
-0.08102069050073624
-0.08201928436756134
-0.08287757635116577
-0.08360016345977783
-0.08419645577669144
-0.08468026667833328
-0.08506913483142853
-0.08538348972797394
-0.08564580976963043
-0.08587957173585892
-0.0861082449555397
-0.08635430783033371
-0.08663824945688248
-0.0869777724146843
-0.08738703280687332
-0.08787617087364197
-0.08845093101263046
-0.0891125425696373
-0.0898578092455864
-0.09067939221858978
-0.09156632423400879
-0.09250462800264359
-0.09347812086343765
-0.09446927905082703
-0.09546015411615372
-0.09643328189849854
-0.09737254679203033
-0.09826397150754929
-0.09909632802009583
-0.09986165910959244
-0.100555531680584
-0.1011771783232689
-0.1017293557524681
-0.1022181138396263
-0.102652296423912
-0.1030429899692535
-0.1034028232097626
-0.1037451848387718
-0.1040834784507751
-0.1044303625822067
-0.1047971248626709
-0.1051930114626884
-0.1056248992681503
-0.1060969308018684
-0.1066104620695114
-0.1071640625596046
-0.10775376111269
-0.1083734259009361
-0.109015204012394
-0.1096700802445412
-0.1103285104036331
-0.1109809949994087
-0.1116187125444412
-0.112233966588974
-0.1128206849098206
-0.1133746653795242
-0.1138937473297119
-0.1143778711557388
-0.1148289814591408
-0.115250751376152
-0.1156483069062233
-0.1160278022289276
-0.1163959428668022
-0.1167595535516739
-0.1171250715851784
-0.1174982264637947
-0.1178836226463318
-0.1182845309376717
-0.1187027469277382
-0.1191385313868523
-0.1195906698703766
-0.120056726038456
-0.1205331906676292
-0.1210158467292786
-0.1215000301599503
-0.1219810545444489
-0.122454509139061
-0.1229165121912956
-0.1233640164136887
-0.123794861137867
-0.1242079809308052
-0.1246032640337944
-0.1249815300107002
-0.1253443956375122
-0.1256940513849258
-0.1260329484939575
-0.1263636499643326
-0.1266884207725525
-0.1270091682672501
-0.1273271292448044
-0.1276426911354065
-0.1279553472995758
-0.1282636225223541
-0.1285650879144669
-0.128856435418129
-0.1291335821151733
-0.1293917745351791
-0.1296257972717285
-0.1298301070928574
-0.129998967051506
-0.1301265358924866
-0.1302070766687393
-0.1302348226308823
-0.1302042454481125
-0.1301098316907883
-0.1299462169408798
-0.1297080218791962
-0.1293898969888687
-0.1289864182472229
-0.1284921020269394
-0.1279013901948929
-0.1272086650133133
-0.1264083832502365
-0.1254951506853104
-0.1244639605283737
-0.1233103647828102
-0.1220306903123856
-0.1206223741173744
-0.1190842092037201
-0.1174166351556778
-0.115621954202652
-0.1137045919895172
-0.1116712838411331
-0.1095311716198921
-0.107295848429203
-0.1049793586134911
-0.1025980785489082
-0.1001705527305603
-0.09771718829870224
-0.09525994956493378
-0.09282191097736359
-0.09042678773403168
-0.08809841424226761
-0.08586015552282333
-0.08373434841632843
-0.08174166828393936
-0.07990052551031113
-0.07822654396295547
-0.07673203200101852
-0.07542553544044495
-0.07431146502494812
-0.07338987290859222
-0.07265631109476089
-0.07210186123847961
-0.07171322405338287
-0.07147308439016342
-0.0713605061173439
-0.07135149836540222
-0.07141979783773422
-0.07153762131929398
-0.07167661190032959
-0.07180878520011902
-0.07190749049186707
-0.07194837182760239
-0.07191021740436554
-0.07177580147981644
-0.0715324878692627
-0.07117269933223724
-0.07069416344165802
-0.07009993493556976
-0.06939825415611267
-0.06860204786062241
-0.06772834807634354
-0.06679745018482208
-0.06583192199468613
-0.06485547125339508
-0.06389189511537552
-0.06296384334564209
-0.06209175288677216
-0.06129290163516998
-0.06058062985539436
-0.05996371060609818
-0.05944602936506271
-0.05902650579810143
-0.05869929492473602
-0.05845422297716141
-0.05827749148011208
-0.05815252661705017
-0.05806098505854607
-0.05798386409878731
-0.05790258571505547
-0.0578000470995903
-0.05766157433390617
-0.05747565999627113
-0.05723453685641289
-0.05693448334932327
-0.05657585337758064
-0.05616290122270584
-0.05570331960916519
-0.05520759895443916
-0.0546882189810276
-0.05415874347090721
-0.05363288521766663
-0.0531235933303833
-0.05264220759272575
-0.05219778418540955
-0.05179659649729729
-0.05144183710217476
-0.05113355442881584
-0.05086881667375565
-0.05064207687973976
-0.05044569447636604
-0.05027060583233833
-0.05010704323649406
-0.04994529113173485
-0.04977639019489288
-0.04959272965788841
-0.04938856139779091
-0.04916030541062355
-0.04890667274594307
-0.04862863570451736
-0.0483291894197464
-0.04801302030682564
-0.04768598824739456
-0.04735461249947548
-0.04702549427747726
-0.04670478403568268
-0.04639771580696106
-0.04610823467373848
-0.04583875462412834
-0.04559008404612541
-0.04536143690347672
-0.04515061527490616
-0.04495430737733841
-0.04476840794086456
-0.04458846524357796
-0.04441004246473312
-0.04422912374138832
-0.04404242336750031
-0.04384760558605194
-0.04364341497421265
-0.04342972487211227
-0.04320743307471275
-0.04297831654548645
-0.04274480044841766
-0.04250968247652054
-0.04227584972977638
-0.04204599186778069
-0.04182237759232521
-0.04160667583346367
-0.04139985889196396
-0.0412021279335022
-0.04101299867033958
-0.04083136469125748
-0.04065567255020142
-0.04048410430550575
-0.04031476005911827
-0.0401458628475666
-0.03997590392827988
-0.03980376571416855
-0.03962881118059158
-0.03945088386535645
-0.03927029669284821
-0.03908773511648178
-0.03890417888760567
-0.03872076421976089
-0.03853864595293999
-0.0383589006960392
-0.03818238154053688
-0.03800969570875168
-0.03784113004803658
-0.03767665848135948
-0.03751597553491592
-0.03735854849219322
-0.03720369189977646
-0.03705066069960594
-0.03689870610833168
-0.03674718737602234
-0.03659561648964882
-0.03644368797540665
-0.03629128634929657
-0.03613849729299545
-0.03598557040095329
-0.03583285957574844
-0.03568079695105553
-0.03552982956171036
-0.03538034111261368
-0.03523266315460205
-0.03508699685335159
-0.03494342789053917
-0.0348019152879715
-0.03466231375932693
-0.03452439606189728
-0.03438789024949074
-0.03425250574946404
-0.03411796689033508
-0.03398405015468597
-0.03385059908032417
-0.03371752798557281
-0.0335848368704319
-0.03345258161425591
-0.03332088515162468
-0.03318990021944046
-0.03305977210402489
-0.0329306535422802
-0.03280266746878624
-0.03267589211463928
-0.03255035728216171
-0.03242605552077293
-0.03230292350053787
-0.03218087553977966
-0.03205981478095055
-0.03193962946534157
-0.03182021155953407
-0.03170148283243179
-0.03158337995409966
-0.03146588057279587
-0.03134897723793983
-0.03123268857598305
-0.03111705556511879
-0.03100213222205639
-0.03088797256350517
-0.03077461943030357
-0.03066210821270943
-0.03055045753717422
-0.03043966740369797
-0.03032971732318401
-0.03022057935595512
-0.03011221624910831
-0.03000458516180515
-0.0298976507037878
-0.02979137375950813
-0.02968572452664375
-0.02958068624138832
-0.02947625145316124
-0.02937242202460766
-0.02926920354366302
-0.02916661277413368
-0.02906465902924538
-0.0289633572101593
-0.0288627166301012
-0.02876274101436138
-0.02866342850029469
-0.02856477536261082
-0.02846676670014858
-0.02836938761174679
-0.02827261947095394
-0.0281764417886734
-0.02808084338903427
-0.02798581123352051
-0.02789133787155151
-0.02779741771519184
-0.02770404517650604
-0.02761121839284897
-0.02751893736422062
-0.02742720954120159
-0.02733603306114674
-0.0272454060614109
-0.02715532667934895
-0.02706579118967056
-0.02697679959237576
-0.02688834071159363
-0.02680040709674358
-0.02671298757195473
-0.02662607841193676
-0.02653967030346394
-0.02645375952124596
-0.02636834233999252
-0.02628340944647789
-0.02619895711541176
-0.02611498720943928
-0.02603149600327015
-0.02594848349690437
-0.0258659403771162
-0.02578387036919594
-0.02570226415991783
-0.02562112174928188
-0.0255404394119978
-0.02546020969748497
-0.02538043074309826
-0.02530109882354736
-0.02522220835089684
-0.02514375373721123
-0.02506573125720024
-0.02498813532292843
-0.02491096034646034
-0.02483420819044113
-0.02475787326693535
-0.02468195743858814
-0.02460645325481892
-0.02453135512769222
-0.02445666678249836
-0.02438238263130188
-0.02430850267410278
-0.02423502132296562
-0.0241619348526001
-0.02408923767507076
-0.02401693165302277
-0.02394500747323036
-0.02387346141040325
-0.02380229160189629
-0.02373149432241917
-0.02366106957197189
-0.02359100989997387
-0.02352131716907024
-0.02345198765397072
-0.02338301762938499
-0.02331440709531307
-0.0232461541891098
-0.02317825332283974
-0.02311070449650288
-0.02304350584745407
-0.02297665178775787
-0.02291013859212399
-0.02284396626055241
-0.02277812920510769
-0.02271262370049953
-0.02264744974672794
-0.02258260548114777
-0.02251808531582355
-0.02245389111340046
-0.02239001728594303
-0.02232646383345127
-0.02226322889328003
-0.02220030874013901
-0.02213769964873791
-0.02207540161907673
-0.02201340906322002
-0.02195172384381294
-0.02189034223556519
-0.0218292623758316
-0.02176848240196705
-0.02170799858868122
-0.02164781093597412
-0.0215879175812006
-0.02152831479907036
-0.02146900072693825
-0.02140997350215912
-0.02135123498737812
-0.02129277586936951
-0.02123459614813328
-0.02117669023573399
-0.02111905999481678
-0.02106169983744621
-0.02100460976362228
-0.02094778791069984
-0.02089123614132404
-0.02083495073020458
-0.02077893353998661
-0.02072318270802498
-0.02066769637167454
-0.02061247080564499
-0.02055750414729118
-0.02050279267132282
-0.02044833824038506
-0.02039413526654243
-0.02034018188714981
-0.02028647623956203
-0.02023301459848881
-0.02017979696393013
-0.02012682147324085
-0.02007408998906612
-0.02002159878611565
-0.01996934786438942
-0.019917331635952
-0.01986555382609367
-0.0198140125721693
-0.01976270601153374
-0.01971162855625153
-0.01966078765690327
-0.01961017213761806
-0.01955978386104107
-0.01950961910188198
-0.01945967599749565
-0.01940995454788208
-0.01936045102775097
-0.01931116729974747
-0.01926210336387157
-0.01921325922012329
-0.01916463114321232
-0.01911621540784836
-0.01906801387667656
-0.01902002468705177
-0.0189722441136837
-0.01892467215657234
-0.0188773050904274
-0.01883014291524887
-0.01878318376839161
-0.01873642764985561
-0.01868987455964088
-0.01864352449774742
-0.01859737187623978
-0.01855141669511795
-0.01850565709173679
-0.01846009306609631
-0.01841472461819649
-0.01836955361068249
-0.01832457073032856
-0.01827978156507015
-0.01823517866432667
-0.01819076202809811
-0.01814653351902962
-0.01810248754918575
-0.01805862970650196
-0.01801495626568794
-0.01797146908938885
-0.01792816072702408
-0.01788503304123878
-0.01784208416938782
-0.01779931038618088
-0.01775671355426311
-0.01771429553627968
-0.01767205074429512
-0.01762997731566429
-0.01758807711303234
-0.01754635013639927
-0.01750479266047478
-0.01746340468525887
-0.01742218807339668
-0.01738114282488823
-0.01734026521444321
-0.01729955524206161
-0.01725900918245316
-0.01721862703561783
-0.01717840693891048
-0.01713834516704082
-0.017098443582654
-0.01705870218575001
-0.01701911725103855
-0.01697969064116478
-0.01694042421877384
-0.01690131425857544
-0.01686236262321472
-0.01682356745004654
-0.01678492687642574
-0.01674643903970718
-0.01670810393989086
-0.01666991971433163
-0.01663188263773918
-0.01659399271011353
-0.01655624620616436
-0.01651864685118198
-0.01648119650781155
-0.0164438895881176
-0.01640672981739044
-0.01636971719563007
-0.01633284986019135
-0.01629612594842911
-0.01625954359769821
-0.01622310094535351
-0.016186797991395
-0.01615063101053238
-0.0161146055907011
-0.01607871986925602
-0.01604297012090683
-0.01600735448300838
-0.01597187481820583
-0.01593652926385403
-0.01590131781995296
-0.0158662423491478
-0.01583130471408367
-0.01579649746417999
-0.01576182246208191
-0.01572727784514427
-0.01569286175072193
-0.01565857604146004
-0.01562441699206829
-0.01559038553386927
-0.01555648073554039
-0.01552270166575909
-0.01548904739320278
-0.01545551884919405
-0.01542211510241032
-0.01538883429020643
-0.0153556764125824
-0.01532264053821564
-0.015289724804461
-0.01525693107396364
-0.01522425562143326
-0.01519169844686985
-0.01515926048159599
-0.01512694079428911
-0.01509473845362663
-0.01506265159696341
-0.01503068301826715
-0.01499882992357016
-0.01496709324419498
-0.01493547204881907
-0.01490396820008755
-0.01487257983535528
-0.01484130602329969
-0.01481014490127563
-0.01477909740060568
-0.01474815979599953
-0.01471733301877975
-0.01468661334365606
-0.01465600077062845
-0.0146254962310195
-0.0145950997248292
-0.01456480845808983
-0.01453462429344654
-0.01450454723089933
-0.01447457727044821
-0.01444471161812544
-0.0144149512052536
-0.01438529696315527
-0.01435574796050787
-0.0143263004720211
-0.01429695729166269
-0.01426771655678749
-0.01423857733607292
-0.01420953869819641
-0.01418060436844826
-0.01415176875889301
-0.0141230346634984
-0.0140943992882967
-0.01406586356461048
-0.0140374256297946
-0.01400908548384905
-0.01398084405809641
-0.01395269855856895
-0.01392464805394411
-0.0138966916128993
-0.01386883016675711
-0.01384106278419495
-0.01381339132785797
-0.01378581300377846
-0.0137583315372467
-0.01373094227164984
-0.01370364613831043
-0.01367644313722849
-0.01364933326840401
-0.01362231653183699
-0.0135953901335597
-0.01356855407357216
-0.01354180555790663
-0.01351514644920826
-0.01348857395350933
-0.01346208993345499
-0.01343569345772266
-0.01340938452631235
-0.01338316407054663
-0.01335702929645777
-0.01333098113536835
-0.01330501958727837
-0.01327914465218782
-0.01325335446745157
-0.01322764903306961
-0.01320203021168709
-0.01317649520933628
-0.01315104588866234
-0.01312568038702011
-0.0131003987044096
-0.01307519990950823
-0.01305008493363857
-0.01302505098283291
-0.01300009805709124
-0.01297522522509098
-0.01295043248683214
-0.01292571984231472
-0.01290108636021614
-0.01287653110921383
-0.01285205408930779
-0.01282765530049801
-0.01280333567410707
-0.01277909334748983
-0.01275493018329144
-0.01273084618151188
-0.01270683854818344
-0.01268290914595127
-0.01265905797481537
-0.01263528410345316
-0.01261158473789692
-0.01258796080946922
-0.0125644113868475
-0.01254093553870916
-0.01251753233373165
-0.01249420363456011
-0.01247094757854939
-0.01244776323437691
-0.01242465060204268
-0.01240161061286926
-0.01237864140421152
-0.01235574577003717
-0.01233292184770107
-0.01231016963720322
-0.01228749193251133
-0.01226488221436739
-0.01224234234541655
-0.01221987325698137
-0.01219747122377157
-0.01217513997107744
-0.01215287763625383
-0.01213068328797817
-0.01210855692625046
-0.01208649575710297
-0.01206450257450342
-0.01204257737845182
-0.01202072016894817
-0.01199893187731504
-0.01197721157222986
-0.01195555832237005
-0.01193397119641304
-0.01191245019435883
-0.01189099624752998
-0.01186960935592651
-0.01184828672558069
-0.01182702742516994
-0.01180583145469427
-0.01178469881415367
-0.01176362670958042
-0.01174261700361967
-0.01172166969627142
-0.01170078478753567
-0.01167996414005756
-0.01165920589119196
-0.01163851004093885
-0.01161787565797567
-0.01159730367362499
-0.01157679501920938
-0.01155634969472885
-0.01153596397489309
-0.01151563879102468
-0.01149537600576878
-0.01147517189383507
-0.01145502645522356
-0.0114349415525794
-0.01141491439193487
-0.01139494590461254
-0.01137503609061241
-0.01135518401861191
-0.01133539061993361
-0.01131565682590008
-0.01129598170518875
-0.01127636432647705
-0.01125680562108755
-0.01123730558902025
-0.01121786236763
-0.01119847409427166
-0.01117914263159037
-0.01115986611694098
-0.01114064548164606
-0.01112147886306047
-0.01110236626118422
-0.01108330767601728
-0.01106430497020483
-0.01104535441845655
-0.01102645695209503
-0.01100761443376541
-0.01098882593214512
-0.01097009237855673
-0.01095141377300024
-0.01093279011547565
-0.0109142204746604
-0.01089570578187704
-0.01087724510580301
-0.01085883658379316
-0.01084047928452492
-0.01082217320799828
-0.01080391742289066
-0.01078571286052465
-0.01076756045222282
-0.0107494592666626
-0.01073140650987625
-0.01071340497583151
-0.01069545187056065
-0.01067754905670881
-0.01065969653427601
-0.01064189523458481
-0.01062414515763521
-0.01060644630342722
-0.01058879960328341
-0.01057120319455862
-0.01055365614593029
-0.01053615938872099
-0.01051871199160814
-0.0105013120919466
-0.01048396062105894
-0.01046665664762259
-0.01044940017163754
-0.01043219026178122
-0.01041502691805363
-0.01039791014045477
-0.01038083713501692
-0.01036381162703037
-0.01034683175384998
-0.0103298993781209
-0.01031301356852055
-0.01029617339372635
-0.01027937792241573
-0.01026262808591127
-0.01024592388421297
-0.01022926438599825
-0.01021265145391226
-0.01019608322530985
-0.01017956249415874
-0.01016308646649122
-0.01014665514230728
-0.01013026852160692
-0.01011392753571272
-0.0100976312533021
-0.01008137874305248
-0.01006517093628645
-0.010049007833004
-0.01003288757055998
-0.01001680921763182
-0.01000077277421951
-0.009984779171645641
-0.009968828409910202
-0.009952920489013195
-0.009937054477632046
-0.009921230375766754
-0.009905447252094746
-0.00988970510661602
-0.009874003008008003
-0.009858342818915844
-0.009842724539339542
-0.009827148169279099
-0.009811613708734512
-0.009796120226383209
-0.009780668653547764
-0.009765259921550751
-0.009749892167747021
-0.009734565392136574
-0.00971927959471941
-0.009704033844172955
-0.009688827209174633
-0.009673659689724445
-0.009658531285822392
-0.009643441997468472
-0.009628389962017536
-0.009613378904759884
-0.009598405100405216
-0.009583472274243832
-0.009568577632308006
-0.009553723037242889
-0.009538907557725906
-0.009524129331111908
-0.009509389288723469
-0.009494687430560589
-0.009480022825300694
-0.009465396404266357
-0.009450806304812431
-0.009436254389584064
-0.009421738795936108
-0.009407260455191135
-0.009392819367349148
-0.00937841460108757
-0.009364048019051552
-0.009349717758595943
-0.009335423819720745
-0.009321167133748531
-0.009306947700679302
-0.009292764589190483
-0.009278615936636925
-0.009264501743018627
-0.00925042387098074
-0.009236382320523262
-0.00922237616032362
-0.009208405390381813
-0.009194470942020416
-0.009180572815239429
-0.009166711010038853
-0.009152883663773537
-0.009139092639088631
-0.009125336073338985
-0.009111613035202026
-0.009097923524677753
-0.009084265679121017
-0.009070640429854393
-0.009057045914232731
-0.009043483063578606
-0.009029951877892017
-0.009016453288495541
-0.00900298822671175
-0.008989558555185795
-0.0089761633425951
-0.008962803520262241
-0.008949478156864643
-0.00893618818372488
-0.008922931738197803
-0.008909708820283413
-0.008896520361304283
-0.00888336542993784
-0.008870242163538933
-0.008857150562107563
-0.00884409062564373
-0.008831062354147434
-0.008818065747618675
-0.008805100806057453
-0.008792166598141193
-0.008779262192547321
-0.008766390383243561
-0.008753548376262188
-0.008740736171603203
-0.00872795470058918
-0.008715204894542694
-0.008702486753463745
-0.008689800277352333
-0.008677143603563309
-0.008664517663419247
-0.008651922456920147
-0.008639357052743435
-0.008626824244856834
-0.008614320307970047
-0.008601848036050797
-0.008589405566453934
-0.008576993830502033
-0.00856461189687252
-0.008552259765565395
-0.008539936505258083
-0.008527642115950584
-0.008515376597642899
-0.008503139019012451
-0.008490930311381817
-0.008478749543428421
-0.008466596715152264
-0.008454472757875919
-0.008442378602921963
-0.008430314250290394
-0.008418278768658638
-0.00840627308934927
-0.008394297212362289
-0.008382350206375122
-0.008370432071387768
-0.008358543738722801
-0.008346682414412498
-0.008334850892424583
-0.008323045447468758
-0.008311266079545021
-0.008299512788653374
-0.00828778650611639
-0.008276088163256645
-0.008264416828751564
-0.008252770639955997
-0.008241149596869946
-0.008229556493461132
-0.008217990398406982
-0.008206453174352646
-0.008194942027330399
-0.00818345695734024
-0.008171998895704746
-0.00816056877374649
-0.008149165660142899
-0.008137788623571396
-0.008126437664031982
-0.008115112781524658
-0.008103814907371998
-0.008092543110251427
-0.008081297390162945
-0.008070077747106552
-0.008058883249759674
-0.00804771576076746
-0.008036572486162186
-0.008025455288589001
-0.008014362305402756
-0.0080032953992486
-0.007992252707481384
-0.007981235161423683
-0.007970242761075497
-0.007959276437759399
-0.007948334328830242
-0.0079374173656106
-0.007926525548100471
-0.007915657944977283
-0.007904813624918461
-0.007893993519246578
-0.00788319855928421
-0.007872427813708782
-0.007861682213842869
-0.007850960828363895
-0.007840265519917011
-0.007829594425857067
-0.007818947546184063
-0.007808324880897999
-0.007797726429998875
-0.007787151262164116
-0.007776600308716297
-0.007766072638332844
-0.007755567785352468
-0.007745085749775171
-0.007734626997262239
-0.007724190596491098
-0.007713777478784323
-0.007703387178480625
-0.007693020161241293
-0.007682675961405039
-0.007672355510294437
-0.007662058342248201
-0.007651784457266331
-0.007641533855348825
-0.007631306536495686
-0.007621101569384336
-0.007610919419676065
-0.007600760087370872
-0.007590622641146183
-0.007580507081001997
-0.007570412941277027
-0.007560340687632561
-0.007550289388746023
-0.007540258578956127
-0.007530249189585447
-0.007520261686295271
-0.007510296069085598
-0.007500351872295141
-0.00749043095856905
-0.007480531465262175
-0.00747065432369709
-0.007460799068212509
-0.007450965698808432
-0.007441154215484858
-0.0074313641525805
-0.007421595975756645
-0.007411849219352007
-0.007402124349027872
-0.007392420433461666
-0.007382737472653389
-0.007373075000941753
-0.007363432552665472
-0.007353811524808407
-0.007344209589064121
-0.007334628142416477
-0.0073250662535429
-0.007315523456782103
-0.007306000217795372
-0.007296497002243996
-0.007287013810127974
-0.007277550175786018
-0.007268107030540705
-0.007258684374392033
-0.007249282207340002
-0.007239901460707188
-0.007230542134493589
-0.007221203297376633
-0.007211885415017605
-0.007202588487416506
-0.007193312048912048
-0.007184055633842945
-0.007174819242209196
-0.007165602408349514
-0.007156404666602612
-0.007147225085645914
-0.007138064131140709
-0.007128920871764421
-0.007119797170162201
-0.007110691163688898
-0.007101604714989662
-0.007092536427080631
-0.007083486765623093
-0.007074456196278334
-0.007065445184707642
-0.007056453265249729
-0.007047480437904596
-0.00703852716833353
-0.007029592990875244
-0.00702067743986845
-0.007011780515313148
-0.007002902217209339
-0.006994042545557022
-0.006985202897340059
-0.006976381875574589
-0.006967579014599323
-0.00695879478007555
-0.006950028240680695
-0.006941278465092182
-0.006932547315955162
-0.006923833396285772
-0.0069151371717453
-0.006906458176672459
-0.006897796411067247
-0.006889152340590954
-0.006880526896566153
-0.006871919147670269
-0.006863330025225878
-0.006854758597910404
-0.006846205797046423
-0.006837671156972647
-0.006829152815043926
-0.006820652168244123
-0.006812167819589376
-0.006803701166063547
-0.006795250345021486
-0.006786816287785769
-0.006778398994356394
-0.006769997533410788
-0.006761613301932812
-0.006753245834261179
-0.006744896061718464
-0.006736563518643379
-0.006728248670697212
-0.006719951052218676
-0.006711671128869057
-0.006703409366309643
-0.006695165764540434
-0.006686939392238855
-0.00667872978374362
-0.00667053647339344
-0.006662358064204454
-0.006654195953160524
-0.006646048743277788
-0.006637917831540108
-0.006629802752286196
-0.00662170397117734
-0.006613620556890965
-0.006605553440749645
-0.006597502157092094
-0.006589466705918312
-0.006581447552889585
-0.006573443301022053
-0.006565454415977001
-0.006557481829077005
-0.006549524143338203
-0.006541582755744457
-0.006533657666295767
-0.006525748409330845
-0.006517855450510979
-0.006509978789836168
-0.006502117961645126
-0.006494272965937853
-0.006486444268375635
-0.006478631403297186
-0.006470833905041218
-0.006463052239269018
-0.006455286405980587
-0.006447535939514637
-0.006439799908548594
-0.006432078313082457
-0.006424372084438801
-0.006416681222617626
-0.006409005261957645
-0.006401344202458858
-0.00639369897544384
-0.006386069115251303
-0.006378454156219959
-0.006370854564011097
-0.006363268010318279
-0.006355696357786655
-0.006348139606416225
-0.006340596824884415
-0.006333068013191223
-0.006325553636997938
-0.006318053230643272
-0.0063105677254498
-0.006303096190094948
-0.006295640487223864
-0.006288199219852686
-0.006280772853642702
-0.006273360922932625
-0.006265963427722454
-0.00625858036801219
-0.006251211278140545
-0.006243856158107519
-0.006236515007913113
-0.006229187361896038
-0.00622187415137887
-0.006214574910700321
-0.006207290571182966
-0.006200019735842943
-0.006192762404680252
-0.00618551904335618
-0.006178289651870728
-0.006171073764562607
-0.006163870915770531
-0.006156681571155787
-0.006149506662040949
-0.00614234572276473
-0.006135198753327131
-0.006128066219389439
-0.006120947655290365
-0.006113842595368624
-0.006106751505285501
-0.006099673453718424
-0.006092609371989965
-0.006085558794438839
-0.00607852078974247
-0.006071495357900858
-0.006064482498914003
-0.006057481747120619
-0.006050494033843279
-0.006043518427759409
-0.006036555394530296
-0.006029605865478516
-0.006022668909281492
-0.006015744991600513
-0.006008835043758154
-0.006001938134431839
-0.005995054729282856
-0.005988185293972492
-0.005981329828500748
-0.005974487401545048
-0.005967657547444105
-0.005960840731859207
-0.005954036023467779
-0.005947243887931108
-0.005940463859587908
-0.005933695938438177
-0.005926939658820629
-0.005920195020735264
-0.005913462955504656
-0.005906743928790092
-0.005900037474930286
-0.005893343593925238
-0.005886662751436234
-0.005879994481801987
-0.005873339250683784
-0.005866696126759052
-0.005860065575689077
-0.005853447131812572
-0.00584684032946825
-0.005840245168656111
-0.005833662115037441
-0.005827090702950954
-0.005820530466735363
-0.005813981872051954
-0.005807445384562016
-0.005800921004265547
-0.005794408731162548
-0.005787908099591732
-0.005781419109553099
-0.005774941761046648
-0.005768475588411093
-0.005762022454291582
-0.005755582358688116
-0.005749155301600695
-0.005742740351706743
-0.005736337509006262
-0.00572994677349925
-0.005723567679524422
-0.00571720115840435
-0.005710846744477749
-0.00570450397208333
-0.005698171444237232
-0.005691850557923317
-0.005685540847480297
-0.005679240915924311
-0.00567295216023922
-0.005666673649102449
-0.005660406313836575
-0.005654150154441595
-0.005647905170917511
-0.00564167182892561
-0.005635449197143316
-0.005629237275570631
-0.005623036064207554
-0.005616845097392797
-0.005610665306448936
-0.005604496691375971
-0.005598339717835188
-0.005592193454504013
-0.005586058367043734
-0.005579934921115637
-0.005573823116719723
-0.005567722953855991
-0.005561634432524443
-0.005555557087063789
-0.005549490917474031
-0.005543435923755169
-0.005537391174584627
-0.005531356669962406
-0.005525332409888506
-0.005519318394362926
-0.00551331415772438
-0.005507319699972868
-0.005501335021108389
-0.005495361052453518
-0.005489397794008255
-0.0054834452457726
-0.005477503873407841
-0.005471572745591402
-0.005465652327984571
-0.005459743551909924
-0.005453845951706171
-0.005447959061712027
-0.005442082416266203
-0.0054362160153687
-0.005430359393358231
-0.005424512550234795
-0.005418675020337105
-0.005412846338003874
-0.005407026968896389
-0.005401217844337225
-0.005395418033003807
-0.00538962846621871
-0.005383850075304508
-0.005378082394599915
-0.005372324958443642
-0.005366578232496977
-0.005360842682421207
-0.005355117842555046
-0.005349403247237206
-0.005343698896467686
-0.005338004324585199
-0.005332319065928459
-0.005326642654836178
-0.005320975091308355
-0.005315316375344992
-0.005309666506946087
-0.005304025486111641
-0.005298393312841654
-0.0052927709184587
-0.005287157837301493
-0.005281554069370031
-0.005275960545986891
-0.005270376335829496
-0.005264802370220423
-0.005259239580482244
-0.005253687035292387
-0.00524814473465085
-0.005242613609880209
-0.005237091798335314
-0.005231581162661314
-0.005226079374551773
-0.005220587365329266
-0.005215104203671217
-0.005209629889577627
-0.005204164423048496
-0.005198707804083824
-0.005193259567022324
-0.005187820177525282
-0.005182390566915274
-0.005176970269531012
-0.005171558819711208
-0.005166158080101013
-0.005160766653716564
-0.005155384540557861
-0.005150011740624905
-0.005144647788256407
-0.005139293149113655
-0.005133946426212788
-0.005128608085215092
-0.00512327766045928
-0.00511795561760664
-0.005112642422318459
-0.005107338074594736
-0.00510204304009676
-0.005096757784485817
-0.005091482307761908
-0.005086216144263744
-0.005080960225313902
-0.005075713619589806
-0.005070475395768881
-0.005065245553851128
-0.005060024093836546
-0.005054810550063848
-0.005049604456871748
-0.005044405814260244
-0.005039214622229338
-0.005034030880779028
-0.005028854589909315
-0.005023686680942774
-0.005018526222556829
-0.005013375077396631
-0.005008232779800892
-0.005003099795430899
-0.004997976124286652
-0.004992862232029438
-0.004987758584320545
-0.004982664715498686
-0.004977579694241285
-0.004972503986209631
-0.004967437591403723
-0.004962380044162273
-0.004957330878823996
-0.004952290095388889
-0.004947257228195667
-0.004942231811583042
-0.004937214776873589
-0.004932205658406019
-0.004927203990519047
-0.004922210238873959
-0.004917225800454617
-0.004912250209599733
-0.004907282534986734
-0.004902323242276907
-0.004897371400147676
-0.004892428405582905
-0.004887492395937443
-0.004882563836872578
-0.004877642728388309
-0.004872728604823351
-0.00486782006919384
-0.004862918518483639
-0.004858023952692747
-0.00485313730314374
-0.004848258569836617
-0.004843387752771378
-0.00483852531760931
-0.004833671730011702
-0.004828827455639839
-0.004823991563171148
-0.004819164052605629
-0.004814345389604568
-0.00480953510850668
-0.004804732277989388
-0.004799937829375267
-0.004795150365680456
-0.004790370352566242
-0.004785597790032625
-0.004780833143740892
-0.004776075948029757
-0.004771326668560505
-0.00476658483967185
-0.004761851392686367
-0.004757125861942768
-0.004752407781779766
-0.004747697152197361
-0.004742993973195553
-0.004738298244774342
-0.004733609035611153
-0.004728926345705986
-0.004724251106381416
-0.004719581920653582
-0.004714920185506344
-0.00471026636660099
-0.004705619532614946
-0.004700979683548212
-0.004696347750723362
-0.004691724199801683
-0.004687109030783176
-0.004682501778006554
-0.004677902441471815
-0.004673311021178961
-0.004668727051466703
-0.00466415099799633
-0.004659582395106554
-0.004655019845813513
-0.004650464281439781
-0.004645915701985359
-0.004641374573111534
-0.004636839963495731
-0.004632312338799238
-0.004627791233360767
-0.004623277112841606
-0.004618769511580467
-0.004614268429577351
-0.004609773866832256
-0.004605286754667759
-0.004600806627422571
-0.004596333485096693
-0.004591867327690125
-0.004587408155202866
-0.004582955501973629
-0.004578510299324989
-0.004574072547256947
-0.004569642245769501
-0.004565219394862652
-0.004560803528875113
-0.004556394182145596
-0.004551992285996675
-0.004547597840428352
-0.004543209914118052
-0.004538829438388348
-0.004534455481916666
-0.004530088044703007
-0.004525727592408657
-0.004521373193711042
-0.004517026245594025
-0.004512685816735029
-0.004508351907134056
-0.004504024051129818
-0.004499702714383602
-0.004495387896895409
-0.004491080529987812
-0.004486780147999525
-0.00448248628526926
-0.004478198476135731
-0.004473917186260223
-0.004469642881304026
-0.00446537509560585
-0.004461113829165697
-0.004456858616322279
-0.004452609457075596
-0.004448366351425648
-0.004444128833711147
-0.004439897369593382
-0.004435672424733639
-0.004431453533470631
-0.004427241161465645
-0.004423035774379969
-0.004418836906552315
-0.00441464502364397
-0.004410460591316223
-0.004406283609569073
-0.004402113612741232
-0.004397950600832701
-0.004393794573843479
-0.00438964506611228
-0.004385502077639103
-0.004381365608423948
-0.004377234727144241
-0.004373109899461269
-0.004368990659713745
-0.004364876542240381
-0.00436076894402504
-0.004356666002422571
-0.004352569114416838
-0.004348479211330414
-0.004344395361840725
-0.004340317565947771
-0.00433624628931284
-0.004332181997597218
-0.004328124690800905
-0.004324073437601328
-0.004320028237998486
-0.004315989091992378
-0.004311955533921719
-0.004307927098125219
-0.004303905181586742
-0.004299888852983713
-0.004295877646654844
-0.004291872028261423
-0.004287872463464737
-0.004283878486603498
-0.004279890563338995
-0.004275909159332514
-0.004271934274584055
-0.004267965909093618
-0.004264004062861204
-0.004260047804564238
-0.004256098065525293
-0.004252154380083084
-0.004248215351253748
-0.004244282841682434
-0.004240354988723993
-0.004236433189362288
-0.004232516512274742
-0.004228605888783932
-0.004224700387567282
-0.004220800939947367
-0.004216907080262899
-0.00421301880851388
-0.004209136124700308
-0.004205259494483471
-0.004201388917863369
-0.004197524860501289
-0.004193667322397232
-0.004189816303551197
-0.00418597087264061
-0.004182131495326757
-0.00417829817160964
-0.004174469970166683
-0.004170647356659174
-0.0041668307967484
-0.004163019824773073
-0.004159214440733194
-0.004155414644628763
-0.004151619970798492
-0.004147830884903669
-0.004144047386944294
-0.004140269011259079
-0.004136496223509312
-0.004132729023694992
-0.00412896741181612
-0.004125211387872696
-0.004121460486203432
-0.004117714706808329
-0.004113974049687386
-0.004110238049179316
-0.004106507636606693
-0.004102781880646944
-0.004099061246961355
-0.004095345269888639
-0.004091634880751371
-0.004087930079549551
-0.004084230400621891
-0.004080536775290966
-0.004076848737895489
-0.004073167685419321
-0.004069491755217314
-0.004065822344273329
-0.004062158986926079
-0.004058500751852989
-0.00405484763905406
-0.004051199648529291
-0.004047556780278683
-0.004043917637318373
-0.004040282685309649
-0.004036652389913797
-0.004033027216792107
-0.004029406234622002
-0.004025789443403482
-0.004022178240120411
-0.004018572624772787
-0.004014972597360611
-0.004011378157883883
-0.004007789772003889
-0.004004207439720631
-0.004000631161034107
-0.003997060935944319
-0.003993497230112553
-0.003989939112216234
-0.003986385650932789
-0.003982837311923504
-0.003979294095188379
-0.003975756466388702
-0.003972223959863186
-0.00396869657561183
-0.003965173847973347
-0.003961655311286449
-0.003958140965551138
-0.003954631276428699
-0.00395112531259656
-0.003947623539716005
-0.003944126423448324
-0.003940633963793516
-0.003937145695090294
-0.003933662082999945
-0.003930182661861181
-0.003926708828657866
-0.00392324011772871
-0.003919776994735003
-0.003916318994015455
-0.003912866581231356
-0.003909420222043991
-0.003905978985130787
-0.00390254333615303
-0.003899113042280078
-0.003895687405019999
-0.00389226689003408
-0.003888851031661034
-0.003885439597070217
-0.00388203258626163
-0.003878629766404629
-0.003875231370329857
-0.003871836932376027
-0.003868446452543139
-0.00386505969800055
-0.003861677367240191
-0.003858299227431417
-0.003854925977066159
-0.003851557616144419
-0.003848193911835551
-0.003844835329800844
-0.003841482102870941
-0.003838134463876486
-0.003834791947156191
-0.003831454319879413
-0.003828121814876795
-0.003824794199317694
-0.003821471007540822
-0.003818152938038111
-0.003814839525148273
-0.003811531001701951
-0.003808227367699146
-0.003804928623139858
-0.003801634535193443
-0.003798345336690545
-0.003795060561969876
-0.003791780443862081
-0.003788504982367158
-0.003785233944654465
-0.003781967330724001
-0.00377870537340641
-0.003775448072701693
-0.003772194497287273
-0.003768945345655084
-0.00376570038497448
-0.003762459615245461
-0.003759222803637385
-0.003755989717319608
-0.00375276105478406
-0.003749536583200097
-0.003746316535398364
-0.00374310021288693
-0.003739888779819012
-0.003736681304872036
-0.00373347825370729
-0.003730279626324773
-0.003727085189893842
-0.00372389517724514
-0.003720709588378668
-0.003717528656125069
-0.003714352147653699
-0.003711179830133915
-0.003708011703565717
-0.003704847302287817
-0.003701686626300216
-0.003698529908433557
-0.003695376915857196
-0.003692227648571134
-0.003689082805067301
-0.003685942385345697
-0.003682806389406323
-0.003679674817249179
-0.003676548367366195
-0.003673427039757371
-0.003670311300083995
-0.003667200915515423
-0.003664095653221011
-0.00366099551320076
-0.003657900495454669
-0.003654810599982738
-0.003651725826784968
-0.003648645477369428
-0.00364556978456676
-0.003642497817054391
-0.00363942957483232
-0.003636364825069904
-0.003633303102105856
-0.003630243940278888
-0.003627187106758356
-0.003624132834374905
-0.003621081123128533
-0.003618032205849886
-0.00361498654820025
-0.003611944383010268
-0.003608905943110585
-0.003605871694162488
-0.00360284186899662
-0.003599817166104913
-0.003596797352656722
-0.003593782661482692
-0.003590773325413465
-0.003587768878787756
-0.00358476978726685
-0.003581775119528174
-0.003578784875571728
-0.003575798589736223
-0.003572816494852304
-0.003569838125258684
-0.003566863248124719
-0.003563891863450408
-0.003560924204066396
-0.003557960269972682
-0.00355500029399991
-0.003552044276148081
-0.003549092449247837
-0.003546144580468535
-0.003543200669810176
-0.003540260484442115
-0.003537323791533709
-0.003534390358254313
-0.00353146018460393
-0.0035285335034132
-0.003525610314682126
-0.003522690152749419
-0.003519773716107011
-0.003516861004754901
-0.00351395271718502
-0.003511048853397369
-0.003508149646222591
-0.003505255095660686
-0.003502365201711655
-0.003499479731544852
-0.003496598219498992
-0.00349372043274343
-0.003490846138447523
-0.003487975103780627
-0.003485107328742743
-0.003482242580503225
-0.003479380393400788
-0.003476521233096719
-0.003473664633929729
-0.003470811061561108
-0.003467960981652141
-0.003465114627033472
-0.003462272230535746
-0.003459433559328318
-0.003456599311903119
-0.003453769721090794
-0.003450944554060698
-0.003448124276474118
-0.003445308422669768
-0.003442496526986361
-0.003439688589423895
-0.003436885308474302
-0.003434085752815008
-0.003431289689615369
-0.003428497817367315
-0.00342570967040956
-0.00342292501591146
-0.003420144086703658
-0.003417366882786155
-0.003414593171328306
-0.003411822719499469
-0.003409055760130286
-0.003406292060390115
-0.003403531154617667
-0.003400773042812943
-0.003398017957806587
-0.003395265899598598
-0.003392516635358334
-0.003389770397916436
-0.00338702742010355
-0.003384287701919675
-0.003381551243364811
-0.003378818510100245
-0.003376089734956622
-0.00337336421944201
-0.003370642894878983
-0.003367925062775612
-0.003365210955962539
-0.00336250034160912
-0.003359793452546
-0.003357090521603823
-0.003354390850290656
-0.003351694904267788
-0.003349002217873931
-0.00334631372243166
-0.0033436284866184
-0.003340947441756725
-0.003338269656524062
-0.003335595596581697
-0.003332925261929631
-0.003330257954075933
-0.003327594138681889
-0.003324933350086212
-0.003322275588288903
-0.003319620853289962
-0.003316969145089388
-0.003314320696517825
-0.003311675740405917
-0.003309033811092377
-0.003306395607069135
-0.003303761128336191
-0.003301130142062902
-0.003298503113910556
-0.003295879811048508
-0.003293260699138045
-0.003290645079687238
-0.003288032952696085
-0.003285424318164587
-0.003282818710431457
-0.003280216362327337
-0.003277617041021585
-0.00327502004802227
-0.003272425616160035
-0.00326983374543488
-0.003267244901508093
-0.003264659084379673
-0.003262076294049621
-0.003259496763348579
-0.003256920492276549
-0.003254347713664174
-0.003251778427511454
-0.003249212866649032
-0.003246650565415621
-0.003244091989472508
-0.003241536905989051
-0.003238984616473317
-0.003236436052247882
-0.003233890049159527
-0.003231347072869539
-0.003228807589039207
-0.00322627043351531
-0.003223736537620425
-0.003221205668523908
-0.003218677593395114
-0.003216152777895331
-0.00321363122202456
-0.003211112460121512
-0.003208596957847476
-0.003206084948033094
-0.003203576197847724
-0.003201070940122008
-0.003198568476364017
-0.003196069272235036
-0.003193573094904423
-0.003191079711541533
-0.003188589354977012
-0.003186102258041501
-0.003183618187904358
-0.003181137377396226
-0.003178659826517105
-0.003176185302436352
-0.003173713805153966
-0.003171245334669948
-0.003168780356645584
-0.003166318638250232
-0.003163859713822603
-0.003161403816193342
-0.003158950945362449
-0.003156500868499279
-0.003154054051265121
-0.003151610027998686
-0.003149168798699975
-0.003146730596199632
-0.003144295187667012
-0.003141863038763404
-0.003139433916658163
-0.003137007588520646
-0.003134584287181497
-0.003132164245471358
-0.003129747230559587
-0.003127332776784897
-0.00312492111697793
-0.003122512251138687
-0.003120106179267168
-0.003117702901363373
-0.003115302650257945
-0.003112905658781528
-0.003110511926934123
-0.003108121221885085
-0.003105733776465058
-0.003103349823504686
-0.003100968897342682
-0.003098591230809689
-0.003096216358244419
-0.003093844745308161
-0.003091475926339626
-0.003089109668508172
-0.003086745971813798
-0.003084385069087148
-0.003082026727497578
-0.003079670714214444
-0.003077317029237747
-0.003074965672567487
-0.003072616877034307
-0.003070271108299494
-0.003067927667871118
-0.003065587021410465
-0.003063249168917537
-0.003060913877561688
-0.003058581380173564
-0.003056252142414451
-0.003053926164284348
-0.00305160298012197
-0.003049283055588603
-0.003046966623514891
-0.003044653451070189
-0.003042343538254499
-0.003040036652237177
-0.003037732327356935
-0.003035430563613772
-0.003033131593838334
-0.003030835185199976
-0.003028541337698698
-0.003026249818503857
-0.003023960860446095
-0.003021674463525414
-0.003019390860572457
-0.003017110051587224
-0.003014832036569715
-0.003012557048350573
-0.003010285086929798
-0.003008016385138035
-0.003005750942975283
-0.003003488527610898
-0.003001228906214237
-0.0029989720787853
-0.0029967175796628
-0.002994465408846736
-0.002992215566337109
-0.002989968052133918
-0.002987722866237164
-0.002985479775816202
-0.00298323854804039
-0.002980999881401658
-0.002978763775900006
-0.002976529998704791
-0.0029742990154773
-0.002972070593386889
-0.002969844965264201
-0.002967622131109238
-0.002965401858091354
-0.002963184611871839
-0.00296097039245069
-0.002958759665489197
-0.002956552198156714
-0.002954348223283887
-0.002952147042378783
-0.00294994842261076
-0.002947752131149173
-0.002945558167994022
-0.002943366533145308
-0.002941176760941744
-0.002938988618552685
-0.002936801873147488
-0.002934616757556796
-0.002932433737441897
-0.002930252812802792
-0.00292807468213141
-0.002925899578258395
-0.002923727268353105
-0.002921558218076825
-0.002919392660260201
-0.002917230594903231
-0.002915072022005916
-0.002912916475906968
-0.002910764189437032
-0.002908614696934819
-0.002906467998400331
-0.002904323162510991
-0.002902180422097445
-0.002900039777159691
-0.002897900994867086
-0.002895764075219631
-0.002893629251047969
-0.002891496755182743
-0.002889366587623954
-0.002887238748371601
-0.002885113935917616
-0.002882991451770067
-0.002880871994420886
-0.002878755796700716
-0.00287664239294827
-0.002874531783163548
-0.002872423734515905
-0.0028703180141747
-0.002868214854970574
-0.002866113558411598
-0.002864014590159059
-0.002861917484551668
-0.002859822707250714
-0.002857730258256197
-0.002855639439076185
-0.00285355094820261
-0.002851464552804828
-0.002849380485713482
-0.002847298746928573
-0.0028452193364501
-0.002843142254278064
-0.002841067500412464
-0.002838995307683945
-0.002836925676092505
-0.002834858139976859
-0.002832792932167649
-0.00283073028549552
-0.00282867019996047
-0.002826612675562501
-0.002824558177962899
-0.002822506008669734
-0.002820456633344293
-0.002818409586325288
-0.002816365333274007
-0.002814323408529162
-0.002812284044921398
-0.002810247475281358
-0.002808213466778398
-0.002806181786581874
-0.002804151969030499
-0.002802124712616205
-0.002800099551677704
-0.002798076253384352
-0.002796055050566792
-0.002794035943225026
-0.002792019164189696
-0.002790004480630159
-0.002787992125377059
-0.002785982098430395
-0.002783974166959524
-0.002781968330964446
-0.002779964357614517
-0.002777962479740381
-0.002775961998850107
-0.002773963380604982
-0.002771967090666294
-0.002769972896203399
-0.002767980797216296
-0.002765990793704987
-0.002764003351330757
-0.002762018470093608
-0.002760036382824183
-0.002758056856691837
-0.00275608035735786
-0.002754106186330318
-0.002752134576439857
-0.002750165527686477
-0.002748198341578245
-0.00274623348377645
-0.002744270488619804
-0.002742309821769595
-0.002740351250395179
-0.002738395007327199
-0.002736440626904368
-0.002734489040449262
-0.002732539549469948
-0.002730593085289001
-0.002728648949414492
-0.002726707840338349
-0.002724769758060575
-0.00272283423691988
-0.002720900811254978
-0.002718969713896513
-0.002717040712013841
-0.002715113339945674
-0.002713187597692013
-0.002711263718083501
-0.002709341468289495
-0.002707421081140637
-0.00270550255663693
-0.002703585894778371
-0.002701671095564961
-0.002699758391827345
-0.002697847550734878
-0.00269593857228756
-0.002694031689316034
-0.002692126901820302
-0.002690224442631006
-0.002688324078917503
-0.002686425810679793
-0.002684528939425945
-0.002682633930817246
-0.00268074101768434
-0.00267884973436594
-0.002676960546523333
-0.002675073221325874
-0.002673188224434853
-0.00267130509018898
-0.002669424284249544
-0.002667545806616545
-0.002665670122951269
-0.002663796301931143
-0.00266192527487874
-0.002660056808963418
-0.002658190904185176
-0.002656326862052083
-0.002654465613886714
-0.002652606228366494
-0.002650749403983355
-0.002648894442245364
-0.002647041575983167
-0.002645190805196762
-0.00264334212988615
-0.002641495317220688
-0.002639650832861662
-0.002637808443978429
-0.002635968150570989
-0.002634130185469985
-0.002632294083014131
-0.002630459843203425
-0.002628627466037869
-0.002626796951517463
-0.002624968066811562
-0.002623140811920166
-0.002621315186843276
-0.002619490725919604
-0.002617667894810438
-0.002615846460685134
-0.002614026889204979
-0.00261220894753933
-0.002610392868518829
-0.002608579583466053
-0.002606767928227782
-0.002604958834126592
-0.00260315160267055
-0.002601346699520946
-0.002599543891847134
-0.002597742946818471
-0.002595944097265601
-0.002594147110357881
-0.002592351986095309
-0.002590558957308531
-0.002588768256828189
-0.002586979884654284
-0.002585193840786815
-0.002583409659564495
-0.002581627573817968
-0.002579847583547235
-0.002578069688752294
-0.002576293889433146
-0.00257452018558979
-0.002572749042883515
-0.00257097976282239
-0.002569212578237057
-0.002567447489127517
-0.002565684029832482
-0.002563922666013241
-0.002562163164839149
-0.002560405759140849
-0.002558650216087699
-0.002556896302849054
-0.002555144252255559
-0.002553393831476569
-0.002551644807681441
-0.002549897646531463
-0.002548151882365346
-0.002546407748013735
-0.002544665010645986
-0.002542923903092742
-0.002541184658184648
-0.002539447275921702
-0.002537711523473263
-0.002535977400839329
-0.002534245373681188
-0.002532514976337552
-0.002530786208808422
-0.002529059536755085
-0.002527334494516253
-0.002525611314922571
-0.002523889997974038
-0.002522170310840011
-0.002520452253520489
-0.002518736058846116
-0.00251702219247818
-0.002515310188755393
-0.002513600280508399
-0.002511892700567842
-0.002510187216103077
-0.002508484059944749
-0.002506782999262214
-0.002505084266886115
-0.002503387629985809
-0.002501692622900009
-0.002499999478459358
-0.002498307963833213
-0.002496618079021573
-0.002494929591193795
-0.002493242034688592
-0.002491555642336607
-0.002489871112629771
-0.002488187979906797
-0.002486506476998329
-0.002484827069565654
-0.002483149757608771
-0.002481474773958325
-0.00247980235144496
-0.00247813225723803
-0.002476464258506894
-0.002474798588082194
-0.002473135013133287
-0.002471473533660173
-0.002469813451170921
-0.002468154765665531
-0.002466497709974647
-0.002464842051267624
-0.002463188022375107
-0.002461534924805164
-0.002459883689880371
-0.00245823385193944
-0.002456586109474301
-0.002454939996823668
-0.002453295979648829
-0.002451653825119138
-0.002450013300403953
-0.002448374638333917
-0.00244673783890903
-0.002445102669298649
-0.002443468663841486
-0.002441835589706898
-0.002440203446894884
-0.002438572468236089
-0.002436942886561155
-0.002435314236208797
-0.002433686750009656
-0.002432060893625021
-0.002430436201393604
-0.002428813371807337
-0.002427192172035575
-0.002425573533400893
-0.002423956757411361
-0.002422342775389552
-0.002420730888843536
-0.002419121563434601
-0.002417514333501458
-0.002415909431874752
-0.002414306392893195
-0.002412705449387431
-0.00241110660135746
-0.002409509383141994
-0.002407914027571678
-0.002406320534646511
-0.00240472867153585
-0.002403138671070337
-0.002401550533249974
-0.002399963792413473
-0.002398378681391478
-0.002396795433014631
-0.002395213814452291
-0.002393633825704455
-0.002392055001109838
-0.00239047734066844
-0.00238890084438026
-0.002387325745075941
-0.002385751809924841
-0.002384179271757603
-0.002382608130574226
-0.002381038619205356
-0.002379470504820347
-0.002377904020249844
-0.002376339165493846
-0.00237477570772171
-0.00237321387976408
-0.002371653914451599
-0.002370095578953624
-0.002368538873270154
-0.00236698379740119
-0.002365430118516088
-0.002363877836614847
-0.002362326951697469
-0.002360777463763952
-0.002359229605644941
-0.002357682911679149
-0.002356138080358505
-0.002354594646021724
-0.002353052841499448
-0.002351512899622321
-0.002349974820390344
-0.002348438836634159
-0.002346904948353767
-0.002345373388379812
-0.002343843458220363
-0.002342315157875419
-0.002340788720175624
-0.002339264145120978
-0.002337741199880838
-0.002336219884455204
-0.002334700198844075
-0.002333181677386165
-0.002331664552912116
-0.002330148592591286
-0.002328634029254317
-0.002327120397239923
-0.002325608162209392
-0.002324097091332078
-0.002322587417438626
-0.002321078907698393
-0.002319572027772665
-0.002318067010492086
-0.002316563623026013
-0.002315061632543802
-0.002313561271876097
-0.00231206277385354
-0.00231056590564549
-0.002309070667251945
-0.002307577058672905
-0.002306084847077727
-0.002304593799635768
-0.002303104382008314
-0.002301616361364722
-0.002300129737704992
-0.002298644511029124
-0.002297160681337118
-0.002295678714290261
-0.00229419837705791
-0.002292719669640064
-0.002291242824867368
-0.00228976714424789
-0.002288293093442917
-0.00228682067245245
-0.002285349881276488
-0.002283880719915032
-0.002282412722706795
-0.002280946122482419
-0.002279480686411262
-0.00227801688015461
-0.002276554238051176
-0.002275092527270317
-0.002273631980642676
-0.002272172830998898
-0.002270715078338981
-0.002269258722662926
-0.002267803996801376
-0.002266350900754333
-0.002264899900183082
-0.00226345076225698
-0.002262003486976027
-0.002260557841509581
-0.002259113825857639
-0.002257671440020204
-0.002256230218335986
-0.002254790626466274
-0.002253352198749781
-0.002251914935186505
-0.002250479068607092
-0.002249044366180897
-0.002247611060738564
-0.002246179385110736
-0.00224474910646677
-0.00224332045763731
-0.002241893904283643
-0.002240468980744481
-0.002239045919850469
-0.002237624255940318
-0.002236204221844673
-0.00223478558473289
-0.002233367646113038
-0.002231950871646404
-0.002230535028502345
-0.002229119883850217
-0.00222770543769002
-0.002226291690021753
-0.002224879106506705
-0.002223467687144876
-0.002222057431936264
-0.002220648573711514
-0.002219241112470627
-0.002217835048213601
-0.002216431079432368
-0.002215028973296285
-0.002213628962635994
-0.002212230581790209
-0.002210834296420217
-0.00220943964086473
-0.002208046382293105
-0.002206654520705342
-0.002205264056101441
-0.002203874755650759
-0.002202486619353294
-0.002201099647209048
-0.002199713606387377
-0.002198328962549567
-0.002196945948526263
-0.002195564564317465
-0.002194185042753816
-0.002192807383835316
-0.002191431121900678
-0.002190056722611189
-0.002188683953136206
-0.002187313046306372
-0.002185944002121687
-0.002184575889259577
-0.002183208940550685
-0.002181842923164368
-0.002180478302761912
-0.002179114613682032
-0.002177751623094082
-0.002176389330998063
-0.002175027970224619
-0.002173667307943106
-0.002172307809814811
-0.002170949475839734
-0.002169592306017876
-0.002168236533179879
-0.002166882157325745
-0.002165529178455472
-0.002164177596569061
-0.0021628278773278
-0.002161480253562331
-0.002160134492442012
-0.002158790361136198
-0.002157447626814246
-0.002156106289476156
-0.002154766349121928
-0.002153427572920918
-0.002152090426534414
-0.002150753978639841
-0.002149418694898486
-0.002148084342479706
-0.002146751154214144
-0.002145418664440513
-0.002144087105989456
-0.002142756013199687
-0.002141426084563136
-0.002140097552910447
-0.002138769952580333
-0.00213744374923408
-0.002136119175702333
-0.002134795999154449
-0.002133474219590425
-0.002132153604179621
-0.002130834152922034
-0.00212951609864831
-0.002128199441358447
-0.002126884181052446
-0.002125570317730308
-0.002124257618561387
-0.002122946083545685
-0.002121635945513844
-0.002120327204465866
-0.00211901986040175
-0.002117713913321495
-0.00211640982888639
-0.002115107141435146
-0.002113806083798409
-0.002112506423145533
-0.002111208392307162
-0.00210991152562201
-0.002108615823090076
-0.002107321284711361
-0.00210602767765522
-0.002104735234752297
-0.002103443723171949
-0.002102152677252889
-0.002100862562656403
-0.002099573612213135
-0.002098285593092442
-0.002096998738124967
-0.00209571304731071
-0.002094428520649672
-0.002093145390972495
-0.002091863658279181
-0.002090583322569728
-0.002089304151013494
-0.002088025910779834
-0.00208674930036068
-0.002085474319756031
-0.002084201201796532
-0.002082929480820894
-0.002081659389659762
-0.002080390462651849
-0.002079123165458441
-0.002077857265248895
-0.002076592994853854
-0.002075329655781388
-0.002074067713692784
-0.002072807168588042
-0.002071547554805875
-0.002070289105176926
-0.002069031121209264
-0.002067773602902889
-0.002066517015919089
-0.002065260894596577
-0.002064005238935351
-0.002062750747427344
-0.002061497187241912
-0.002060244791209698
-0.002058993326500058
-0.002057743491604924
-0.002056495286524296
-0.002055248944088817
-0.002054003998637199
-0.002052760683000088
-0.002051518531516194
-0.00205027824267745
-0.002049039350822568
-0.002047801623120904
-0.002046565292403102
-0.002045329893007874
-0.002044095657765865
-0.002042862586677074
-0.002041630214080215
-0.002040398539975286
-0.002039167797192931
-0.002037938684225082
-0.002036710968241096
-0.002035484649240971
-0.002034259494394064
-0.002033035270869732
-0.002031812211498618
-0.002030589850619435
-0.002029368886724114
-0.002028148854151368
-0.002026930218562484
-0.002025712514296174
-0.002024495741352439
-0.002023279899731278
-0.002022064989432693
-0.002020851476117969
-0.002019639359787107
-0.002018428174778819
-0.002017217921093106
-0.002016008831560612
-0.002014800906181335
-0.002013593912124634
-0.002012387616559863
-0.002011182485148311
-0.002009978517889977
-0.002008775947615504
-0.00200757454149425
-0.002006374299526215
-0.002005175454542041
-0.002003977773711085
-0.002002781722694635
-0.00200158660300076
-0.00200039311312139
-0.001999200787395239
-0.001998010091483593
-0.001996820792555809
-0.001995632657781243
-0.001994445221498609
-0.001993258483707905
-0.001992072444409132
-0.001990886870771646
-0.001989702228456736
-0.001988518051803112
-0.001987334573641419
-0.001986152026802301
-0.001984970411285758
-0.001983789959922433
-0.001982611138373613
-0.001981433946639299
-0.001980258384719491
-0.001979083986952901
-0.001977910986170173
-0.00197673961520195
-0.001975569641217589
-0.001974401297047734
-0.001973234349861741
-0.001972068566828966
-0.001970903947949409
-0.001969740027561784
-0.001968576572835445
-0.001967413583770394
-0.001966250594705343
-0.001965088304132223
-0.001963926712051034
-0.001962765585631132
-0.001961605157703161
-0.001960445661097765
-0.001959287328645587
-0.001958130160346627
-0.001956974389031529
-0.001955820247530937
-0.001954667735844851
-0.001953517086803913
-0.001952368067577481
-0.001951220561750233
-0.001950074336491525
-0.001948929275386035
-0.001947785378433764
-0.001946642878465354
-0.001945501193404198
-0.001944360323250294
-0.001943220500834286
-0.001942081493325531
-0.001940943417139351
-0.001939806039445102
-0.001938669476658106
-0.001937533961609006
-0.001936399145051837
-0.001935265259817243
-0.001934131956659257
-0.001932999351993203
-0.001931867562234402
-0.001930736470967531
-0.001929606311023235
-0.001928476965986192
-0.001927348552271724
-0.001926221419125795
-0.001925095450133085
-0.001923970645293593
-0.001922847353853285
-0.001921725692227483
-0.001920605427585542
-0.001919486676342785
-0.001918369554914534
-0.001917253714054823
-0.001916138920933008
-0.001915025059133768
-0.001913912128657103
-0.001912799780257046
-0.001911688013933599
-0.001910576713271439
-0.001909465994685888
-0.001908355858176947
-0.001907246303744614
-0.001906137447804213
-0.001905029290355742
-0.00190392229706049
-0.001902816351503134
-0.001901711570098996
-0.001900607952848077
-0.001899505732581019
-0.001898404792882502
-0.001897305250167847
-0.001896207220852375
-0.001895110472105443
-0.00189401488751173
-0.001892920350655913
-0.001891826861537993
-0.001890734303742647
-0.001889642677269876
-0.001888551982119679
-0.001887462334707379
-0.00188637338578701
-0.001885285368189216
-0.001884198281913996
-0.001883112010546029
-0.001882026670500636
-0.00188094237819314
-0.001879859250038862
-0.001878777169622481
-0.001877696253359318
-0.001876616384834051
-0.001875537796877325
-0.001874460140243173
-0.001873383298516273
-0.001872307504527271
-0.001871232525445521
-0.001870158477686346
-0.001869085128419101
-0.00186801259405911
-0.001866940874606371
-0.001865870086476207
-0.001864800229668617
-0.001863731071352959
-0.001862662727944553
-0.0018615951994434
-0.001860528602264822
-0.001859462936408818
-0.00185839831829071
-0.001857334864325821
-0.001856272225268185
-0.001855210633948445
-0.001854150090366602
-0.001853090594522655
-0.001852032146416605
-0.001850974629633129
-0.001849917694926262
-0.001848861458711326
-0.001847805920988321
-0.001846750965341926
-0.001845696475356817
-0.001844642451032996
-0.001843589241616428
-0.001842536847107112
-0.001841485383920372
-0.001840434968471527
-0.001839385717175901
-0.001838337746448815
-0.001837291172705591
-0.00183624611236155
-0.001835202565416694
-0.001834160648286343
-0.001833120128139853
-0.001832081121392548
-0.001831043628044426
-0.001830007415264845
-0.00182897225022316
-0.001827937900088727
-0.001826904248446226
-0.001825871178880334
-0.001824838807806373
-0.001823807018809021
-0.001822775695472956
-0.001821745070628822
-0.001820714911445975
-0.00181968545075506
-0.001818656455725431
-0.00181762792635709
-0.00181660009548068
-0.001815572963096201
-0.001814546529203653
-0.001813520793803036
-0.001812495640479028
-0.001811471185646951
-0.001810447545722127
-0.001809424604289234
-0.001808402710594237
-0.001807381631806493
-0.001806361367926002
-0.001805342035368085
-0.001804323401302099
-0.001803305931389332
-0.001802289276383817
-0.001801273669116199
-0.001800258993171155
-0.001799245248548687
-0.001798232551664114
-0.00179722101893276
-0.001796210766769946
-0.001795201445929706
-0.001794193405658007
-0.001793186645954847
-0.001792181050404906
-0.001791176851838827
-0.001790173817425966
-0.001789172063581645
-0.001788171241059899
-0.001787171233445406
-0.001786172273568809
-0.001785174361430109
-0.001784177264198661
-0.001783180981874466
-0.001782185630872846
-0.001781191094778478
-0.001780197490006685
-0.001779204583726823
-0.001778212143108249
-0.001777220168150961
-0.001776228775270283
-0.001775237848050892
-0.001774247386492789
-0.001773257390595973
-0.001772267976775765
-0.001771279261447489
-0.001770291244611144
-0.001769304042682052
-0.001768317422829568
-0.001767331617884338
-0.00176634662784636
-0.001765362569130957
-0.001764379441738129
-0.001763397245667875
-0.001762415980920196
-0.001761435647495091
-0.001760456361807883
-0.001759478123858571
-0.001758500933647156
-0.001757524907588959
-0.001756549929268658
-0.001755575998686254
-0.001754602999426425
-0.00175363093148917
-0.001752659911289811
-0.001751689822413027
-0.001750720548443496
-0.001749752089381218
-0.001748784445226192
-0.001747817732393742
-0.001746851834468544
-0.00174588686786592
-0.001744922832585871
-0.001743959845043719
-0.001742997672408819
-0.001742036198265851
-0.001741075539030135
-0.001740115694701672
-0.001739156432449818
-0.001738197752274573
-0.001737239887006581
-0.00173628272023052
-0.001735326135531068
-0.001734370365738869
-0.001733415294438601
-0.001732460921630263
-0.001731507363729179
-0.001730554620735347
-0.001729602692648768
-0.001728651463054121
-0.001727700931951404
-0.001726751099340618
-0.001725801965221763
-0.001724853529594839
-0.001723905676044524
-0.001722958637401462
-0.00172201229725033
-0.00172106665559113
-0.001720121945254505
-0.00171917793340981
-0.00171823485288769
-0.001717292703688145
-0.001716351485811174
-0.001715411199256778
-0.001714471611194313
-0.001713533070869744
-0.001712595229037106
-0.001711658202111721
-0.001710722222924232
-0.001709786942228675
-0.001708852592855692
-0.001707919291220605
-0.001706987270154059
-0.001706056529656053
-0.001705126836895943
-0.001704198308289051
-0.001703270943835378
-0.001702344627119601
-0.001701419474557042
-0.001700495020486414
-0.001699571497738361
-0.001698648673482239
-0.001697726314887404
-0.001696804305538535
-0.001695882645435631
-0.001694961334578693
-0.001694040489383042
-0.001693120342679322
-0.001692200778052211
-0.001691281911917031
-0.001690363744273782
-0.001689446391537786
-0.001688529970124364
-0.001687614480033517
-0.001686699455603957
-0.001685785129666328
-0.001684871269389987
-0.001683957641944289
-0.001683044363744557
-0.001682131318375468
-0.001681218505837023
-0.001680306042544544
-0.001679394277743995
-0.001678483095020056
-0.001677572960034013
-0.001676663756370544
-0.001675755716860294
-0.001674849074333906
-0.00167394382879138
-0.001673039980232716
-0.001672137528657913
-0.001671236357651651
-0.001670336350798607
-0.001669437508098781
-0.001668539829552174
-0.001667642849497497
-0.001666746335104108
-0.001665850286372006
-0.001664954470470548
-0.001664058770984411
-0.001663163071498275
-0.001662267837673426
-0.001661372953094542
-0.001660478301346302
-0.001659584231674671
-0.001658690860494971
-0.001657798304222524
-0.00165690656285733
-0.001656015869230032
-0.001655126339755952
-0.001654237974435091
-0.001653350656852126
-0.001652464387007058
-0.001651579397730529
-0.001650695456191897
-0.00164981244597584
-0.001648930599913001
-0.001648049568757415
-0.001647169352509081
-0.001646289951168001
-0.001645411248318851
-0.00164453312754631
-0.001643655472435057
-0.001642778282985091
-0.001641901326365769
-0.00164102460257709
-0.001640148111619055
-0.001639271853491664
-0.001638395828194916
-0.001637520268559456
-0.001636645291000605
-0.001635770662687719
-0.00163489650003612
-0.001634022803045809
-0.001633149920962751
-0.001632277737371624
-0.001631406252272427
-0.001630535814911127
-0.001629666541703045
-0.001628798549063504
-0.001627931487746537
-0.001627065590582788
-0.001626200741156936
-0.001625336590223014
-0.001624473487026989
-0.001623611315153539
-0.001622750191017985
-0.001621890114620328
-0.001621031202375889
-0.001620173221454024
-0.001619315939024091
-0.00161845947150141
-0.00161760370247066
-0.001616748748347163
-0.001615894609130919
-0.001615041168406606
-0.001614188309758902
-0.001613335916772485
-0.001612484222277999
-0.0016116329934448
-0.001610782113857567
-0.001609931467100978
-0.001609081053175032
-0.001608231104910374
-0.001607381622307003
-0.001606532488949597
-0.001605683821253479
-0.001604835619218647
-0.001603988115675747
-0.001603141194209456
-0.001602294854819775
-0.001601449213922024
-0.001600604620762169
-0.001599760842509568
-0.001598917995579541
-0.00159807619638741
-0.001597235095687211
-0.001596395042724907
-0.001595556037500501
-0.001594717730768025
-0.00159388012252748
-0.001593043212778866
-0.001592206885106862
-0.001591371255926788
-0.001590536208823323
-0.001589701743796468
-0.0015888677444309
-0.001588034327141941
-0.001587201608344913
-0.001586369588039815
-0.001585538149811327
-0.00158470741007477
-0.001583877485245466
-0.001583048375323415
-0.001582220080308616
-0.001581392250955105
-0.001580565120093524
-0.001579738454893231
-0.001578912371769547
-0.001578086637891829
-0.001577261369675398
-0.001576436567120254
-0.001575612113811076
-0.001574788126163185
-0.001573965069837868
-0.001573142479173839
-0.001572320703417063
-0.001571499742567539
-0.001570679596625268
-0.001569860498420894
-0.00156904268078506
-0.001568225910887122
-0.001567410537973046
-0.001566596096381545
-0.00156578270252794
-0.001564970356412232
-0.001564158941619098
-0.001563348108902574
-0.001562537858262658
-0.001561728189699352
-0.001560918986797333
-0.001560110133141279
-0.001559301395900548
-0.001558492891490459
-0.00155768427066505
-0.001556875882670283
-0.001556067611090839
-0.00155525968875736
-0.001554452115669847
-0.00155364500824362
-0.001552838482894003
-0.001552032423205674
-0.001551227062009275
-0.001550422399304807
-0.00154961843509227
-0.001548815402202308
-0.001548013300634921
-0.001547211897559464
-0.001546411192975938
-0.001545611419714987
-0.001544812461361289
-0.001544014434330165
-0.001543217105790973
-0.001542420592159033
-0.001541625009849668
-0.001540830242447555
-0.001540036173537374
-0.001539243035949767
-0.001538450713269413
-0.001537659321911633
-0.001536868745461106
-0.001536078751087189
-0.00153528933878988
-0.001534500624984503
-0.001533712493255734
-0.001532924710772932
-0.00153213762678206
-0.001531350892037153
-0.001530564739368856
-0.001529778935946524
-0.00152899359818548
-0.001528208726085722
-0.001527424203231931
-0.001526639913208783
-0.0015258559724316
-0.001525072497315705
-0.001524289487861097
-0.001523506827652454
-0.001522724400274456
-0.0015219422057271
-0.001521160360425711
-0.001520378980785608
-0.001519598183222115
-0.001518817967735231
-0.001518038450740278
-0.001517259981483221
-0.001516482327133417
-0.00151570572052151
-0.00151493027806282
-0.001514155883342028
-0.00151338241994381
-0.001512610004283488
-0.001511838636361063
-0.001511068316176534
-0.001510298927314579
-0.001509530236944556
-0.001508762477897108
-0.001507995184510946
-0.001507228356786072
-0.001506461994722486
-0.001505695865489542
-0.001504929852671921
-0.001504164189100266
-0.001503398758359253
-0.001502633793279529
-0.001501869061030447
-0.001501104910857975
-0.001500341109931469
-0.001499577891081572
-0.001498815254308283
-0.001498053199611604
-0.0014972920762375
-0.00149653188418597
-0.001495772274211049
-0.001495013595558703
-0.00149425573181361
-0.001493498450145125
-0.001492741983383894
-0.001491986331529915
-0.001491231378167868
-0.001490476657636464
-0.001489722519181669
-0.001488968613557518
-0.001488215057179332
-0.00148746173363179
-0.001486708642914891
-0.001485955785028636
-0.001485203392803669
-0.001484451233409345
-0.001483699539676309
-0.001482948428019881
-0.001482197898440063
-0.001481447950936854
-0.001480698469094932
-0.001479949569329619
-0.001479201018810272
-0.001478452817536891
-0.001477704849094152
-0.001476956997066736
-0.001476209261454642
-0.001475461409427226
-0.001474713557399809
-0.001473965705372393
-0.00147321738768369
-0.001472468720749021
-0.001471719820983708
-0.001470970339141786
-0.001470220391638577
-0.001469469745643437
-0.00146871863398701
-0.001467966707423329
-0.001467214082367718
-0.001466460525989532
-0.001465705689042807
-0.001464949338696897
-0.00146419124212116
-0.001463431166484952
-0.001462668762542307
-0.001461903564631939
-0.001461135339923203
-0.001460363622754812
-0.001459587947465479
-0.001458807731978595
-0.001458022277802229
-0.001457231002859771
-0.001456433674320579
-0.001455629360862076
-0.00145481713116169
-0.001453996286727488
-0.00145316612906754
-0.001452325494028628
-0.001451473450288177
-0.001450609066523612
-0.001449730945751071
-0.001448838040232658
-0.001447928720153868
-0.001447001937776804
-0.001446055830456316
-0.001445089234039187
-0.001444100053049624
-0.001443086541257799
-0.001442046952433884
-0.001440979074686766
-0.001439880346879363
-0.001438748789951205
-0.001437581609934568
-0.00143637612927705
-0.001435129321180284
-0.001433838275261223
-0.001432499848306179
-0.001431110082194209
-0.001429665717296302
-0.001428162795491517
-0.00142659735865891
-0.001424965332262218
-0.001423262292519212
-0.001421483815647662
-0.001419625245034695
-0.001417682040482759
-0.001415648963302374
-0.001413521124050021
-0.001411293400451541
-0.001408960437402129
-0.001406516879796982
-0.001403957605361938
