0
0
0
0
0
0
0
0
0
0
0
0
0
0
0
0
0
0
0
0
0
0
0
0
0
0
0
0
0
0
0
0
0
0
0
0
0
0
0
0
0
0
0
0
0
0
0
0
0
0
0
0
0
0
0
0
0
0
0
0
0
0
0
0
0
0
0
0
0
0
0
0
0
0
0
0
0
0
0
0
0
0
0
0
0
0
0
0
0
0
0
0
0
0
0
0
0
0
0
0
0
0
0
0
0
0
0
0
0
0
0
0
0
0
0
0
0
0
0
0
0
0
0
0
0
0
0
0
0
0
0
0
0
0
0
0
0
0
0
0
0
0
0
0
0
0
0
0
0
0
0
0
0
0
0
0
0
0
0
0
0
0
0
0
0
0
0
0
0
0
0
0
0
0
0
0
0
0
0
0
0
0
0
0
0
0
0
0
0
0
0
0
0
0
0
0
0
0
0
0
0
0
0
0
0
0
0
0
0
0
0
0
0
0
0
0
0
0
0
0
0
0
0
0
0
0
0
0
0
0
0
0
0
0
0
0
0
0
0
0
0
0
0
0
0
0
0
0
0
0
0
0
0
0
0
0
0
0
0
0
0
0
0
0
0
0
0
0
0
0
0
0
0
0
0
0
0
0
0
0
0
0
0
0
0
0
0
0
0
0
0
0
0
0
0
0
0
0
0
0
0
0
0
0
0
0
0
0
0
0
0
0
0
0
0
0
0
0
0
0
0
0
0
0
0
0
0
0
0
0
0
0
0
0
0
0
0
0
0
0
0
0
0
0
0
0
0
0
0
0
0
0
0
0
0
0
0
0
0
0
0
0
0
0
0
0
0
0
0
0
0
0
0
0
0
0
0
0
0
0
0
0
0
0
0
0
0
0
0
0
0
0
0
0
0
0
0
0
0
0
0
0
0
0
0
0
0
0
0
0
0
0
0
0
0
0
0
0
0
0
0
0
0
0
0
0
0
0
0
0
0
0
0
0
0
0
0
0
0
0
0
0
0
0
0
0
0
0
0
0
0
0
0
0
0
0
0
0
0
0
0
0
0
0
0
0
0
0
0
0
0
0
0
0
0
0
0
0
0
0
0
0
0
0
0
0
0
0
0
0
0
0
0
0
0
0
0
0
0
0
0
0
0
0
0
0
0
0
0
0
0
0
0
0
0
0
0
0
0
0
0
0
0
0
0
0
0
0
0
0
0
0
0
0
0
0
0
0
0
0
0
0
0
0
0
0
0
0
0
0
0
0
0
0
0
0
0
0
0
0
0
0
0
0
0
0
0
0
0
0
0
0
0
0
0
0
0
0
0
0
0
0
0
0
0
0
0
0
0
0
0
0
0
0
0
0
0
0
0
0
0
0
0
0
0
0
0
0
0
0
0
0
0
0
0
0
0
0
0
0
0
0
0
0
0
0
0
0
0
0
0
0
0
0
0
0
0
0
0
0
0
0
0
0
0
0
0
0
0
0
0
0
0
0
0
0
0
0
0
0
0
0
0
0
0
0
0
0
0
0
0
0
0
0
0
0
0
0
0
0
0
0
0
0
0
0
0
0
0
0
0
0
0
0
0
0
0
0
0
0
0
0
0
0
0
0
0
0
0
0
0
0
0
0
0
0
0
0
0
0
0
0
0
0
0
0
0
0
0
0
0
0
0
0
0
0
0
0
0
0
0
0
0
0
0
0
0
0
0
0
0
0
0
0
0
0
0
0
0
0
0
0
0
0
0
0
0
0
0
0
0
0
0
0
0
0
0
0
0
0
0
0
0
0
0
0
0
0
0
0
0
0
0
0
0
0
0
0
0
0
0
0
0
0
0
0
0
0
0
0
0
0
0
0
0
0
0
0
0
0
0
0
0
0
0
0
0
0
0
0
0
0
0
0
0
0
0
0
0
0
0
0
0
0
0
0
0
0
0
0
0
0
0
0
0
0
0
0
0
0
0
0
0
0
0
0
0
0
0
0
0
0
0
0
0
0
0
0
0
0
0
0
0
0
0
0
0
0
0
0
0
0
0
0
0
0
0
0
0
0
0
0
0
0
0
0
0
0
0
0
0
0
0
0
0
0
0
0
0
0
0
0
0
0
0
0
0
0
0
0
0
0
0
0
0
0
0
0
0
0
0
0
0
0
0
0
0
0
0
0
0
0
0
0
0
0
0
0
0
0
0
0
0
0
0
0
0
0
0
0
0
0
0
0
0
0
0
0
0
0
0
0
0
0
0
0
0
0
0
0
0
0
0
0
0
0
0
0
0
0
0
0
0
0
0
0
0
0
0
0
0
0
0
0
0
0
0
0
0
0
0
0
0
0
0
0
0
0
0
0
0
7.006492321624085e-45
3.503246160812043e-44
9.108440018111311e-44
1.98984381934124e-43
4.259947331547444e-43
8.716076448100362e-43
1.729202304976824e-42
3.389740985201732e-42
6.605720960827188e-42
1.282468354550073e-41
2.481279190779954e-41
4.78431321689779e-41
9.19307844535653e-41
1.761278026825219e-40
3.364994054321756e-40
6.411276785917476e-40
1.218259457616245e-39
2.30871489009221e-39
4.363564945193478e-39
8.225434211592457e-39
1.546413289914288e-38
2.899645255094914e-38
5.422758249709435e-38
1.011474495546733e-37
1.881707074199697e-37
3.491519871054818e-37
6.461681827990871e-37
1.192746420050241e-36
2.195964106312766e-36
4.032551163623238e-36
7.386097214852397e-36
1.349377544656344e-35
2.458885652108748e-35
4.469225791009306e-35
8.10248626184499e-35
1.465207216580051e-34
2.642880020165577e-34
4.755062452665796e-34
8.533714298145483e-34
1.527657305471779e-33
2.727861374067816e-33
4.858810022865936e-33
8.632796716976293e-33
1.529993765797931e-32
2.704873626948326e-32
4.770083782734267e-32
8.391302275922599e-32
1.472514384256705e-31
2.57762166149441e-31
4.501017240061273e-31
7.840369585238813e-31
1.362383000314889e-30
2.361571724304802e-30
4.08361471260971e-30
7.044211399166993e-30
1.212178125279811e-29
2.080890719102464e-29
3.563552389071456e-29
6.087941591405828e-29
1.037560451911489e-28
1.764063838134374e-28
2.992094428203386e-28
5.062892341524943e-28
8.546467239648938e-28
1.439266610443528e-27
2.418047223043957e-27
4.052838767377046e-27
6.776835947305454e-27
1.130498074344766e-26
1.881438189332771e-26
3.123844503100497e-26
5.174520781845583e-26
8.551340343150023e-26
1.4098845038043e-25
2.319103642968112e-25
3.805800026151847e-25
6.231073253606227e-25
1.017824134479724e-24
1.658737233762543e-24
2.696988822775351e-24
4.375011536303058e-24
7.08075632069591e-24
1.143358114403963e-23
1.841996524578304e-23
2.960745176410811e-23
4.748108034592767e-23
7.597125578819678e-23
1.212798668436873e-22
1.931704145889355e-22
3.069775346060963e-22
4.867301572601424e-22
7.69993826235924e-22
1.215360459516699e-21
1.914006272361775e-21
3.007485727781459e-21
4.715060354110103e-21
7.375575318874678e-21
1.151147434267198e-20
1.792643205305047e-20
2.785390802926526e-20
4.318263106738123e-20
6.679811087436452e-20
1.030985637023876e-19
1.587727303120934e-19
2.439693478000318e-19
3.740520294240624e-19
5.722258667785912e-19
8.734597134641445e-19
1.330329970545811e-18
2.021706965262026e-18
3.065635781673855e-18
4.638394191785483e-18
7.002619071117701e-18
1.054873491250702e-17
1.585580495427781e-17
2.37807345442952e-17
3.558872455359987e-17
5.31435717209514e-17
7.918468978561106e-17
1.177293608017814e-16
1.74655586450546e-16
2.585444722320808e-16
3.818949421951888e-16
5.628716575984077e-16
8.278135049833042e-16
1.214826299655142e-15
1.778914667142722e-15
2.599298263810507e-15
3.789814717879451e-15
5.513677537406564e-15
8.004367330895993e-15
1.159512972968716e-14
1.676053400072059e-14
2.417487935638292e-14
3.479410092292398e-14
4.997034280503423e-14
7.161185842452858e-14
1.0240568701185e-13
1.461268985588488e-13
2.080672331476741e-13
2.956276716481465e-13
4.191358631694397e-13
5.929706053432737e-13
8.371062090034576e-13
1.17922652979191e-12
1.657614800629204e-12
2.325090424012966e-12
3.254364659699416e-12
4.545303803477063e-12
6.334759973525284e-12
8.809840010282066e-12
1.222578288606613e-11
1.692997131375051e-11
2.339411477036979e-11
3.225729752753814e-11
4.438336156931122e-11
6.093731075296205e-11
8.348666202806498e-11
1.141357147682598e-10
1.557028256327087e-10
2.119540654099694e-10
2.879101956843044e-10
3.902493050933487e-10
5.278332770863869e-10
7.123945322540237e-10
9.594297578630062e-10
1.289359841116777e-09
1.729032028663369e-09
2.313659264174817e-09
3.089318356686022e-09
4.116160301492755e-09
5.472523323390988e-09
7.260190226787699e-09
9.611092366412777e-09
1.26958301649438e-08
1.673448402073063e-08
2.201027626824725e-08
2.888682359980521e-08
3.782982460620588e-08
4.9434262905379e-08
6.445846878477823e-08
8.386659544612485e-08
1.088814940430893e-07
1.410502790122337e-07
1.823254649480077e-07
2.35165202866483e-07
3.02656360418041e-07
3.886655974838504e-07
4.980242920282762e-07
6.367538958329533e-07
8.123397492454387e-07
1.034063643601257e-06
1.313404823122255e-06
1.664523324507172e-06
2.104841314576333e-06
2.655737716850126e-06
3.343376874909154e-06
4.1996963773272e-06
5.263572802505223e-06
6.582206879102159e-06
8.212744432967156e-06
1.022418291540816e-05
1.269960284844274e-05
1.573875670146663e-05
1.946107840922195e-05
2.400915946054738e-05
2.955274976557121e-05
3.629333878052421e-05
4.446938692126423e-05
5.436227002064697e-05
6.630300777032971e-05
8.067981252679601e-05
9.794659854378551e-05
0.0001186323861475103
0.000143351819133386
0.0001728166680550203
0.0002078484394587576
0.0002493922365829349
0.0002985315513797104
0.0003565042570699006
0.0004247195029165596
0.0005047758459113538
0.000598479644395411
0.0007078645867295563
0.0008352111326530576
0.0009830667404457927
0.001154264900833368
0.001351944170892239
0.001579565228894353
0.001840927172452211
0.002140180673450232
0.002481837989762425
0.002870779950171709
0.003312255721539259
0.003811879782006145
0.004375620745122433
0.005009782034903765
0.005720976274460554
0.006516085471957922
0.007402216549962759
0.00838664174079895
0.009476726874709129
0.01067985128611326
0.01200330629944801
0.01345419231802225
0.01503929402679205
0.01676494814455509
0.01863690279424191
0.02066015265882015
0.02283878996968269
0.02517583034932613
0.02767303958535194
0.03033078461885452
0.03314784169197083
0.03612126410007477
0.03924623131752014
0.04251593351364136
0.04592147469520569
0.0494517982006073
0.05309364944696426
0.05683159828186035
0.06064807251095772
0.06452346593141556
0.06843627989292145
0.07236336916685104
0.07628010958433151
0.08016079664230347
0.08397895097732544
0.0877077728509903
0.09132057428359985
0.09479125589132309
0.09809482842683792
0.101207934319973
0.1041093766689301
0.1067806556820869
0.109206423163414
0.1113749668002129
0.1132785677909851
0.1149138510227203
0.1162819862365723
0.1173888444900513
0.1182449832558632
0.1188656017184258
0.1192702949047089
0.1194826811552048
0.1195300370454788
0.1194426119327545
0.1192530319094658
0.1189954727888107
0.1187048330903053
0.118415892124176
0.1181623414158821
0.1179758831858635
0.117885410785675
0.1179161444306374
0.1180889308452606
0.1184196323156357
0.1189186722040176
0.119590736925602
0.1204346567392349
0.1214434579014778
0.122604638338089
0.1239005923271179
0.1253093034029007
0.1268050372600555
0.1283592879772186
0.1299418061971664
0.1315217018127441
0.1330686062574387
0.1345536261796951
0.1359505504369736
0.1372367441654205
0.1383939683437347
0.1394090056419373
0.1402741223573685
0.1409872621297836
0.1415520757436752
0.1419776678085327
0.142278179526329
0.1424719989299774
0.1425810307264328
0.1426296532154083
0.1426436603069305
0.1426491141319275
0.1426712423563004
0.1427332758903503
0.1428555697202682
0.1430547088384628
0.1433428674936295
0.1437273770570755
0.1442105621099472
0.1447897255420685
0.145457461476326
0.1462020874023438
0.1470085084438324
0.1478588581085205
0.1487335413694382
0.1496123075485229
0.1504753082990646
0.1513039618730545
0.1520820111036301
0.1527961939573288
0.1534368693828583
0.1539983749389648
0.1544792354106903
0.15488201379776
0.1552131026983261
0.1554822027683258
0.1557016670703888
0.1558857709169388
0.1560497730970383
0.1562091559171677
0.1563786417245865
0.1565713733434677
0.1567983329296112
0.1570677757263184
0.1573847979307175
0.1577513068914413
0.158165916800499
0.1586243212223053
0.1591195613145828
0.1596425920724869
0.160182997584343
0.1607296168804169
0.1612712740898132
0.1617975533008575
0.1622992604970932
0.1627690494060516
0.1632017940282822
0.1635948270559311
0.1639478653669357
0.1642630398273468
0.1645445823669434
0.1647984683513641
0.1650319397449493
0.1652529388666153
0.1654695868492126
0.1656896322965622
0.1659199148416519
0.1661659777164459
0.166431799530983
0.1667195856571198
0.1670296639204025
0.1673606485128403
0.1677095890045166
0.1680722534656525
0.168443500995636
0.1688176840543747
0.1691890805959702
0.1695522964000702
0.169902577996254
0.1702361404895782
0.1705503016710281
0.1708437353372574
0.1711162477731705
0.1713688373565674
0.1716034263372421
0.1718226671218872
0.1720296442508698
0.1722274422645569
0.172418937087059
0.1726064831018448
0.1727916151285172
0.1729748696088791
0.1731557250022888
0.1733324527740479
0.1735022366046906
0.1736611574888229
0.173804447054863
0.1739265769720078
0.1740214824676514
0.1740828603506088
0.1741041988134384
0.1740790456533432
0.1740011274814606
0.1738643944263458
0.1736631244421005
0.1733918339014053
0.1730453372001648
0.1726185828447342
0.1721066832542419
0.1715048253536224
0.1708081066608429
0.1700116544961929
0.1691105961799622
0.1681000888347626
0.1669754981994629
0.1657325476408005
0.1643675267696381
0.1628775596618652
0.1612608879804611
0.1595171838998795
0.1576477587223053
0.1556558758020401
0.1535470187664032
0.1513289660215378
0.14901202917099
0.1466089934110641
0.1441350728273392
0.1416078060865402
0.1390468925237656
0.136473760008812
0.1339113563299179
0.1313835382461548
0.1289146840572357
0.1265290826559067
0.1242504045367241
0.1221009716391563
0.1201012879610062
0.1182693690061569
0.1166201457381248
0.1151650100946426
0.1139113008975983
0.1128619834780693
0.1120153442025185
0.1113649010658264
0.1108993366360664
0.1106027066707611
0.1104547008872032
0.1104311347007751
0.1105045303702354
0.1106449663639069
0.110820896923542
0.1110002174973488
0.111151322722435
0.1112442389130592
0.1112517267465591
0.1111503392457962
0.1109213754534721
0.1105516701936722
0.1100341603159904
0.1093682870268822
0.1085600405931473
0.1076218038797379
0.106571801006794
0.105433352291584
0.1042338311672211
0.1030034497380257
0.101773776113987
0.10057632625103
0.09944098442792892
0.09839449822902679
0.09745919704437256
0.09665179997682571
0.09598264098167419
0.09545508027076721
0.09506534785032272
0.09480284154415131
0.09465068578720093
0.09458666294813156
0.09458455443382263
0.0946156233549118
0.09465023875236511
0.09465959668159485
0.09461740404367447
0.09450140595436096
0.09429459273815155
0.09398620575666428
0.09357229620218277
0.09305580705404282
0.09244634211063385
0.09175935387611389
0.09101511538028717
0.09023726731538773
0.08945120871067047
0.08868242800235748
0.08795474469661713
0.0872887447476387
0.08670048415660858
0.08620043098926544
0.0857929065823555
0.08547592163085938
0.08524145185947418
0.08507616817951202
0.08496253192424774
0.08488017320632935
0.08480742573738098
0.08472298085689545
0.08460747450590134
0.08444485068321228
0.08422346413135529
0.08393686264753342
0.08358406275510788
0.08316951990127563
0.08270254731178284
0.08219645172357559
0.08166729658842087
0.08113256841897964
0.08060968667268753
0.08011458814144135
0.07966049760580063
0.07925690710544586
0.07890892028808594
0.07861702889204025
0.07837720215320587
0.0781814306974411
0.07801852375268936
0.07787525653839111
0.07773754000663757
0.0775916799902916
0.07742559909820557
0.07722976803779602
0.07699801027774811
0.07672783732414246
0.07642056047916412
0.07608094066381454
0.07571662962436676
0.07533735781908035
0.07495389878749847
0.07457704842090607
0.07421660423278809
0.07388048619031906
0.07357409596443176
0.07329992949962616
0.07305746525526047
0.07284336537122726
0.0726519450545311
0.0724758505821228
0.07230681926012039
0.07213657349348068
0.07195762544870377
0.07176394760608673
0.07155153900384903
0.07131865620613098
0.07106585800647736
0.07079591602087021
0.07051327079534531
0.07022358477115631
0.06993303447961807
0.06964767724275589
0.06937281787395477
0.06911247223615646
0.06886906176805496
0.0686432421207428
0.06843394041061401
0.06823854148387909
0.06805329024791718
0.06787372380495071
0.06769523769617081
0.06751353293657303
0.06732507795095444
0.06712743639945984
0.06691945344209671
0.06670127809047699
0.06647427380084991
0.06624075025320053
0.06600365787744522
0.06576615571975708
0.06553129106760025
0.06530158221721649
0.06507880985736847
0.06486377120018005
0.06465628743171692
0.06445521116256714
0.06425861269235611
0.06406400352716446
0.06386861950159073
0.06366966664791107
0.06346461921930313
0.06325139105319977
0.0630284771323204
0.06279498338699341
0.06255057454109192
0.06229535490274429
0.06202967837452888
0.06175393983721733
0.06146835908293724
0.06117279455065727
0.06086656078696251
0.0605483204126358
0.06021605432033539
0.05986710265278816
0.05949820950627327
0.05910565331578255
0.05868540331721306
0.05823323875665665
0.05774486437439919
0.05721602588891983
0.0566425733268261
0.05602043494582176
0.05534562468528748
0.05461416020989418
0.05382198467850685
0.05296488851308823
0.05203840509057045
0.05103776976466179
0.04995789378881454
0.04879335314035416
0.04753844067454338
0.04618727788329124
0.04473390057682991
0.04317240417003632
0.04149707779288292
0.03970255330204964
0.03778394311666489
0.03573695197701454
0.03355798125267029
0.03124422393739223
0.02879372611641884
0.02620542608201504
0.02347921393811703
0.02061598375439644
0.01761767826974392
0.01448733825236559
0.01122917886823416
0.007848647423088551
0.004352502059191465
0.0007488694973289967
-0.002952697686851025
-0.00674118846654892
-0.01060411799699068
-0.01452754903584719
-0.01849614642560482
-0.0224932711571455
-0.02650109492242336
-0.03050078637897968
-0.03447268530726433
-0.03839653730392456
-0.04225173965096474
-0.0460176095366478
-0.0496736578643322
-0.0531998872756958
-0.05657709762454033
-0.05978716909885406
-0.06281337141990662
-0.0656406357884407
-0.06825587898492813
-0.07064823806285858
-0.07280933856964111
-0.07473351806402206
-0.07641801238059998
-0.07786311954259872
-0.07907230406999588
-0.08005224913358688
-0.08081286400556564
-0.08136719465255737
-0.08173131942749023
-0.08192408829927444
-0.08196688443422318
-0.08188330382108688
-0.0816986933350563
-0.08143975585699081
-0.08113400638103485
-0.08080926537513733
-0.08049309253692627
-0.08021222800016403
-0.07999198138713837
-0.07985573261976242
-0.07982442528009415
-0.07991605252027512
-0.08014527708292007
-0.08052308112382889
-0.08105649054050446
-0.08174842596054077
-0.08259765058755875
-0.0835987776517868
-0.08474241197109222
-0.08601544052362442
-0.08740132302045822
-0.08888059854507446
-0.09043140709400177
-0.09203007072210312
-0.09365180134773254
-0.09527137130498886
-0.09686382114887238
-0.09840521961450577
-0.09987331926822662
-0.10124821215868
-0.1025128811597824
-0.1036537289619446
-0.1046609133481979
-0.1055286303162575
-0.1062552705407143
-0.1068433970212936
-0.1072996407747269
-0.1076344326138496
-0.1078615859150887
-0.1079978421330452
-0.1080622598528862
-0.1080755442380905
-0.108059324324131
-0.1080354303121567
-0.1080250963568687
-0.1080482825636864
-0.1081229373812675
-0.1082644611597061
-0.10848518460989
-0.1087939515709877
-0.1091959029436111
-0.1096924021840096
-0.1102809607982635
-0.110955536365509
-0.1117067486047745
-0.1125223785638809
-0.1133878529071808
-0.1142869144678116
-0.1152022927999496
-0.1161163672804832
-0.1170119270682335
-0.1178728118538857
-0.1186845600605011
-0.1194349005818367
-0.120114229619503
-0.1207158789038658
-0.1212363243103027
-0.1216751933097839
-0.1220351904630661
-0.1223218217492104
-0.1225430592894554
-0.1227088496088982
-0.1228306144475937
-0.1229205802083015
-0.1229911521077156
-0.1230543479323387
-0.1231211200356483
-0.1232008412480354
-0.1233008056879044
-0.1234258711338043
-0.1235782355070114
-0.1237572729587555
-0.123959518969059
-0.1241788044571877
-0.124406561255455
-0.1246320530772209
-0.1248429268598557
-0.125025600194931
-0.1251658648252487
-0.1252494007349014
-0.1252623200416565
-0.1251915693283081
-0.1250255107879639
-0.1247541531920433
-0.1243694573640823
-0.1238654628396034
-0.1232383847236633
-0.1224865615367889
-0.1216103360056877
-0.1206117942929268
-0.1194945648312569
-0.1182634606957436
-0.1169242188334465
-0.1154831126332283
-0.1139467060565948
-0.1123215705156326
-0.1106141060590744
-0.1088304296135902
-0.1069763228297234
-0.1050572693347931
-0.1030785292387009
-0.1010453328490257
-0.09896306693553925
-0.09683755040168762
-0.09467525780200958
-0.09248356521129608
-0.09027104079723358
-0.08804750442504883
-0.08582422882318497
-0.08361391723155975
-0.08143062889575958
-0.07928962260484695
-0.07720710337162018
-0.07519985735416412
-0.07328486442565918
-0.07147878408432007
-0.06979745626449585
-0.06825532764196396
-0.06686493009328842
-0.06563642621040344
-0.06457709521055222
-0.06369098275899887
-0.06297866255044937
-0.0624370202422142
-0.06205921992659569
-0.06183479726314545
-0.0617498904466629
-0.06178752705454826
-0.06192807480692863
-0.0621497705578804
-0.06242932751774788
-0.06274258345365524
-0.06306517869234085
-0.06337329000234604
-0.06364425271749496
-0.06385724246501923
-0.06399384886026382
-0.06403855234384537
-0.0639791414141655
-0.06380704790353775
-0.0635175034403801
-0.06310959905385971
-0.06258627027273178
-0.0619540810585022
-0.06122303009033203
-0.06040611863136292
-0.05951890349388123
-0.05857894942164421
-0.05760525539517403
-0.0566176101565361
-0.05563593655824661
-0.05467963963747025
-0.05376696586608887
-0.05291439965367317
-0.0521361418068409
-0.05144365504384041
-0.05084526538848877
-0.05034593120217323
-0.04994709044694901
-0.04964665696024895
-0.04943912476301193
-0.04931579902768135
-0.04926517233252525
-0.04927337542176247
-0.04932475462555885
-0.04940249025821686
-0.04948929697275162
-0.04956809431314468
-0.04962274059653282
-0.04963866621255875
-0.04960346966981888
-0.04950741678476334
-0.04934384301304817
-0.04910937696695328
-0.04880405962467194
-0.04843126609921455
-0.04799753054976463
-0.04751215875148773
-0.04698677733540535
-0.04643472284078598
-0.04587036743760109
-0.0453084334731102
-0.0447632372379303
-0.04424799606204033
-0.04377418756484985
-0.04335103183984756
-0.04298503324389458
-0.04267973825335503
-0.04243558645248413
-0.04224998131394386
-0.04211749881505966
-0.04203023388981819
-0.04197828099131584
-0.04195034131407738
-0.04193433746695518
-0.04191812872886658
-0.04189015552401543
-0.0418400727212429
-0.04175930470228195
-0.04164144024252892
-0.04148256033658981
-0.04128136113286018
-0.04103916138410568
-0.04075970500707626
-0.04044888913631439
-0.04011432453989983
-0.03976483270525932
-0.03940986841917038
-0.03905893117189407
-0.0387209877371788
-0.0384039394557476
-0.03811418637633324
-0.03785627335309982
-0.03763270005583763
-0.03744382411241531
-0.03728791698813438
-0.03716138750314713
-0.03705905377864838
-0.03697453811764717
-0.03690074756741524
-0.03683033585548401
-0.03675620257854462
-0.0366719514131546
-0.03657224774360657
-0.03645315766334534
-0.03631232678890228
-0.03614905476570129
-0.03596429154276848
-0.03576049581170082
-0.03554137423634529
-0.03531158342957497
-0.03507637232542038
-0.03484117612242699
-0.03461123257875443
-0.03439124673604965
-0.03418504819273949
-0.03399540483951569
-0.03382385522127151
-0.03367066010832787
-0.03353485465049744
-0.03341436758637428
-0.03330623731017113
-0.03320686519145966
-0.0331123098731041
-0.03301858529448509
-0.03292195126414299
-0.03281919285655022
-0.0327078104019165
-0.03258618712425232
-0.03245364129543304
-0.03231042623519897
-0.03215767070651054
-0.03199724107980728
-0.03183155879378319
-0.03166338056325912
-0.03149556368589401
-0.03133084997534752
-0.0311716552823782
-0.03101989254355431
-0.03087685815989971
-0.03074315935373306
-0.03061871044337749
-0.03050277568399906
-0.03039407543838024
-0.03029089979827404
-0.03019128739833832
-0.03009318374097347
-0.02999462187290192
-0.02989386394619942
-0.02978953719139099
-0.02968072704970837
-0.02956700697541237
-0.02944845706224442
-0.02932562306523323
-0.02919942885637283
-0.02907109260559082
-0.02894199825823307
-0.02881356701254845
-0.0286871362477541
-0.02856384962797165
-0.02844457887113094
-0.02832985669374466
-0.02821986004710197
-0.02811441756784916
-0.02801303565502167
-0.02791497483849525
-0.0278193186968565
-0.02772507630288601
-0.02763126045465469
-0.02753698267042637
-0.02744151651859283
-0.02734435722231865
-0.02724524401128292
-0.02714416570961475
-0.02704135701060295
-0.02693723514676094
-0.02683237567543983
-0.02672743238508701
-0.02662307769060135
-0.02651993930339813
-0.02641854993999004
-0.02631929516792297
-0.02622240036725998
-0.02612791210412979
-0.02603571303188801
-0.02594553865492344
-0.02585700713098049
-0.0257696732878685
-0.02568306773900986
-0.0255967490375042
-0.02551032602787018
-0.02542350813746452
-0.02533611655235291
-0.025248097255826
-0.02515950426459312
-0.02507050149142742
-0.02498132549226284
-0.02489226311445236
-0.02480362169444561
-0.02471569553017616
-0.02462873607873917
-0.02454292960464954
-0.0244583897292614
-0.02437514625489712
-0.02429315261542797
-0.02421228960156441
-0.02413238771259785
-0.02405323833227158
-0.02397463284432888
-0.02389637380838394
-0.02381828799843788
-0.02374024875462055
-0.02366218157112598
-0.02358406782150269
-0.02350594289600849
-0.02342788688838482
-0.02335000969469547
-0.0232724379748106
-0.02319530211389065
-0.02311872877180576
-0.02304281666874886
-0.02296763099730015
-0.02289320528507233
-0.02281953580677509
-0.02274658530950546
-0.02267428673803806
-0.02260255627334118
-0.0225313063710928
-0.02246044017374516
-0.02238987386226654
-0.02231954596936703
-0.02224941737949848
-0.02217947132885456
-0.02210971340537071
-0.02204016968607903
-0.02197088301181793
-0.02190190739929676
-0.02183329686522484
-0.02176510170102119
-0.02169736474752426
-0.02163011766970158
-0.02156337723135948
-0.02149713784456253
-0.02143138647079468
-0.02136608771979809
-0.02130120433866978
-0.02123669907450676
-0.0211725328117609
-0.02110867016017437
-0.02104508318006992
-0.02098175324499607
-0.02091867662966251
-0.0208558551967144
-0.02079330012202263
-0.02073103189468384
-0.02066906727850437
-0.02060742676258087
-0.02054612524807453
-0.02048518694937229
-0.02042461186647415
-0.02036440931260586
-0.02030457369983196
-0.02024509757757187
-0.02018596045672894
-0.02012714557349682
-0.02006863988935947
-0.02001042664051056
-0.01995249278843403
-0.01989482529461384
-0.01983741857111454
-0.01978027261793613
-0.01972338929772377
-0.01966676861047745
-0.01961042173206806
-0.01955435238778591
-0.01949856989085674
-0.0194430835545063
-0.01938789151608944
-0.0193329993635416
-0.0192783996462822
-0.01922409050166607
-0.01917006447911263
-0.01911631599068642
-0.019062839448452
-0.01900962367653847
-0.01895666308701038
-0.0189039558172226
-0.01885149069130421
-0.01879926957190037
-0.01874729059636593
-0.01869555003941059
-0.01864405535161495
-0.01859280653297901
-0.01854180730879307
-0.01849105767905712
-0.01844055764377117
-0.01839030720293522
-0.01834030263125896
-0.01829054579138756
-0.01824103109538555
-0.0181917566806078
-0.01814271509647369
-0.0180939044803381
-0.01804532296955585
-0.01799696683883667
-0.01794883422553539
-0.01790092140436172
-0.01785322837531567
-0.01780575327575207
-0.01775849796831608
-0.01771146059036255
-0.01766463927924633
-0.01761803962290287
-0.01757165975868702
-0.01752549596130848
-0.01747954823076725
-0.01743381284177303
-0.01738828793168068
-0.01734297163784504
-0.01729786023497581
-0.01725295372307301
-0.01720825210213661
-0.01716374978423119
-0.01711945049464703
-0.01707534678280354
-0.01703144237399101
-0.01698773168027401
-0.01694421470165253
-0.01690089516341686
-0.01685776561498642
-0.0168148297816515
-0.01677208766341209
-0.01672953553497791
-0.01668717339634895
-0.01664499938488007
-0.0166030079126358
-0.01656120456755161
-0.01651959121227264
-0.01647815853357315
-0.01643690466880798
-0.01639583148062229
-0.01635493524372578
-0.01631421223282814
-0.01627366803586483
-0.01623329892754555
-0.01619310490787029
-0.01615308411419392
-0.01611323468387127
-0.0160735547542572
-0.01603404246270657
-0.01599469967186451
-0.01595552451908588
-0.01591651700437069
-0.01587767526507378
-0.01583900116384029
-0.01580048725008965
-0.01576213911175728
-0.01572395488619804
-0.01568593084812164
-0.01564807072281837
-0.01561036892235279
-0.01557282451540232
-0.01553543750196695
-0.0154982041567564
-0.01546112447977066
-0.01542420126497746
-0.01538742892444134
-0.01535080652683973
-0.01531433500349522
-0.01527801528573036
-0.01524184364825487
-0.01520582102239132
-0.01516994647681713
-0.01513422001153231
-0.0150986397638917
-0.01506320387125015
-0.01502791233360767
-0.01499276328831911
-0.01495775766670704
-0.01492289267480373
-0.01488816738128662
-0.0148535817861557
-0.01481913682073355
-0.01478483062237501
-0.01475066319108009
-0.01471663359552622
-0.01468274090439081
-0.0146489841863513
-0.01461536157876253
-0.01458187308162451
-0.01454851683229208
-0.01451529189944267
-0.01448219642043114
-0.01444923132658005
-0.01441639289259911
-0.01438368111848831
-0.01435109600424767
-0.01431863754987717
-0.01428630575537682
-0.01425409968942404
-0.01422202028334141
-0.01419006660580635
-0.01415823958814144
-0.01412653923034668
-0.01409496180713177
-0.01406351011246443
-0.01403217948973179
-0.01400096993893385
-0.01396988146007061
-0.01393891032785177
-0.01390805747359991
-0.01387732196599245
-0.01384670473635197
-0.01381620392203331
-0.01378581859171391
-0.01375554781407118
-0.01372539065778255
-0.01369534712284803
-0.01366541441529989
-0.01363559439778328
-0.01360588520765305
-0.01357628684490919
-0.01354679651558399
-0.01351741701364517
-0.01348814554512501
-0.01345898490399122
-0.01342993229627609
-0.01340098958462477
-0.01337215676903725
-0.01334343384951353
-0.0133148180320859
-0.01328631211072206
-0.01325791049748659
-0.01322961412370205
-0.01320142205804586
-0.01317333150655031
-0.01314534246921539
-0.01311745680868626
-0.01308967173099518
-0.01306198630481958
-0.01303440053015947
-0.01300691533833742
-0.01297952979803085
-0.01295224484056234
-0.01292505860328674
-0.01289797015488148
-0.01287097949534655
-0.01284408662468195
-0.01281728968024254
-0.01279058866202831
-0.0127639826387167
-0.01273747161030769
-0.01271105371415615
-0.01268472988158464
-0.01265850011259317
-0.01263236347585917
-0.01260631997138262
-0.01258036773651838
-0.01255450770258904
-0.012528738938272
-0.01250306144356728
-0.01247747428715229
-0.01245197560638189
-0.01242656446993351
-0.01240124087780714
-0.01237600576132536
-0.01235085818916559
-0.01232579909265041
-0.01230082754045725
-0.0122759435325861
-0.01225114800035954
-0.01222643814980984
-0.01220181491225958
-0.01217727828770876
-0.0121528273448348
-0.01212846115231514
-0.01210417971014977
-0.01207998115569353
-0.01205586455762386
-0.01203182991594076
-0.0120078781619668
-0.01198400743305683
-0.01196021772921085
-0.01193650905042887
-0.0119128804653883
-0.01188933104276657
-0.01186586078256369
-0.01184246968477964
-0.01181915774941444
-0.01179592311382294
-0.0117727667093277
-0.01174968853592873
-0.01172668673098087
-0.01170376315712929
-0.01168091781437397
-0.01165814977139235
-0.01163545809686184
-0.01161284185945988
-0.01159030105918646
-0.01156783662736416
-0.01154544577002525
-0.01152312755584717
-0.01150088291615248
-0.01147870905697346
-0.01145660690963268
-0.0114345783367753
-0.01141262054443359
-0.01139073446393013
-0.01136892009526491
-0.01134717743843794
-0.01132550742477179
-0.01130391098558903
-0.01128238532692194
-0.0112609313800931
-0.01123954635113478
-0.0112182330340147
-0.01119698770344257
-0.01117581222206354
-0.01115470193326473
-0.01113365963101387
-0.01111268345266581
-0.01109177432954311
-0.01107093133032322
-0.01105015445500612
-0.01102944370359182
-0.0110088000074029
-0.01098822336643934
-0.01096771378070116
-0.01094726845622063
-0.01092688925564289
-0.01090657617896795
-0.01088632643222809
-0.0108661400154233
-0.01084601785987616
-0.01082595717161894
-0.01080596260726452
-0.0107860304415226
-0.01076616253703833
-0.01074635703116655
-0.01072661206126213
-0.01070692855864763
-0.01068730652332306
-0.01066774502396584
-0.01064824312925339
-0.01062879990786314
-0.01060941722244024
-0.01059009227901697
-0.01057082694023848
-0.01055162120610476
-0.01053247600793839
-0.01051339041441679
-0.01049436535686255
-0.01047539990395308
-0.01045649591833353
-0.01043765153735876
-0.01041886769235134
-0.01040014158934355
-0.01038147229701281
-0.01036285981535912
-0.01034430507570505
-0.01032580528408289
-0.01030736044049263
-0.0102889696136117
-0.01027063559740782
-0.01025235652923584
-0.01023413147777319
-0.01021596230566502
-0.01019784715026617
-0.01017978601157665
-0.01016177982091904
-0.01014382857829332
-0.01012593042105436
-0.01010808441787958
-0.01009029150009155
-0.01007255259901285
-0.01005486771464348
-0.01003723405301571
-0.01001965254545212
-0.01000212505459785
-0.00998464971780777
-0.009967225603759289
-0.009949852712452412
-0.009932531043887138
-0.009915261529386044
-0.009898042306303978
-0.009880875237286091
-0.009863759391009808
-0.009846693836152554
-0.00982967671006918
-0.009812710806727409
-0.009795795194804668
-0.009778929874300957
-0.00976211205124855
-0.009745343588292599
-0.009728624485433102
-0.009711954742670059
-0.009695334360003471
-0.009678762406110764
-0.009662238880991936
-0.009645763784646988
-0.00962933711707592
-0.009612957946956158
-0.009596625342965126
-0.009580339305102825
-0.00956409890204668
-0.009547903202474117
-0.009531752206385136
-0.009515647776424885
-0.009499588049948215
-0.009483574889600277
-0.00946760643273592
-0.009451682679355145
-0.009435804560780525
-0.009419970214366913
-0.009404181502759457
-0.009388439357280731
-0.009372741915285587
-0.0093570901080966
-0.009341481141746044
-0.00932591687887907
-0.009310398250818253
-0.009294924326241016
-0.009279494173824787
-0.009264110587537289
-0.009248769842088223
-0.009233471937477589
-0.009218216873705387
-0.009203004650771618
-0.009187835268676281
-0.009172708727419376
-0.009157625027000904
-0.009142583236098289
-0.009127583354711533
-0.009112624451518059
-0.009097704663872719
-0.009082824923098087
-0.009067985229194164
-0.009053186513483524
-0.009038427844643593
-0.00902370922267437
-0.00900903157889843
-0.008994393981993198
-0.008979796431958675
-0.008965238928794861
-0.00895072054117918
-0.008936241269111633
-0.008921802043914795
-0.008907402865588665
-0.008893045596778393
-0.008878727443516254
-0.00886444840580225
-0.008850207552313805
-0.008836005814373493
-0.00882184412330389
-0.008807721547782421
-0.008793637156486511
-0.008779590018093586
-0.008765581995248795
-0.008751609362661839
-0.008737674914300442
-0.008723774924874306
-0.008709913119673729
-0.008696087636053562
-0.00868229940533638
-0.008668547496199608
-0.00865483283996582
-0.008641156367957592
-0.008627515286207199
-0.008613911457359791
-0.008600343950092793
-0.00858681183308363
-0.008573315106332302
-0.008559854701161385
-0.008546430617570877
-0.008533041924238205
-0.008519690483808517
-0.00850637536495924
-0.008493095636367798
-0.008479852229356766
-0.008466643281280994
-0.008453469723463058
-0.008440330624580383
-0.008427225053310394
-0.008414153009653091
-0.0084011135622859
-0.008388107642531395
-0.008375133387744427
-0.00836219172924757
-0.008349284529685974
-0.008336410857737064
-0.008323571644723415
-0.008310765027999878
-0.008297991938889027
-0.008285251446068287
-0.008272545412182808
-0.00825987383723259
-0.008247235789895058
-0.008234628476202488
-0.008222054690122604
-0.008209512569010258
-0.008197001181542873
-0.008184519596397877
-0.008172069676220417
-0.008159653283655643
-0.008147267624735832
-0.008134914562106133
-0.008122592233121395
-0.008110301569104195
-0.008098041638731956
-0.008085815235972404
-0.008073621429502964
-0.00806145928800106
-0.008049327880144119
-0.008037228137254715
-0.008025160059332848
-0.008013122715055943
-0.008001115173101425
-0.007989139296114445
-0.007977191358804703
-0.007965274155139923
-0.007953386753797531
-0.007941528223454952
-0.007929699495434761
-0.007917898707091808
-0.007906127721071243
-0.007894387468695641
-0.007882676087319851
-0.007870993576943874
-0.007859339937567711
-0.007847714237868786
-0.007836116477847099
-0.007824546657502651
-0.007813005708158016
-0.007801494095474482
-0.00779001135379076
-0.007778557483106852
-0.007767130620777607
-0.007755731232464314
-0.007744360249489546
-0.007733017671853304
-0.007721702568233013
-0.007710415869951248
-0.007699157111346722
-0.007687926758080721
-0.007676724810153246
-0.007665551267564297
-0.007654406595975161
-0.007643289398401976
-0.007632199674844742
-0.007621136028319597
-0.007610099390149117
-0.007599089294672012
-0.007588105276226997
-0.007577147334814072
-0.007566215470433235
-0.007555309683084488
-0.00754442997276783
-0.007533576805144548
-0.007522749248892069
-0.007511946838349104
-0.007501170970499516
-0.007490420248359442
-0.007479695603251457
-0.007468997966498137
-0.007458325941115618
-0.007447679527103901
-0.007437058724462986
-0.00742646399885416
-0.007415894884616137
-0.00740535045042634
-0.007394830696284771
-0.007384336087852716
-0.007373866625130177
-0.007363422308117151
-0.007353002205491066
-0.007342606782913208
-0.00733223557472229
-0.007321888580918312
-0.007311565335839987
-0.007301265839487314
-0.007290990557521582
-0.007280739955604076
-0.007270514033734798
-0.007260311860591173
-0.007250134833157063
-0.007239982020109892
-0.007229853887110949
-0.007219750434160233
-0.007209671661257744
-0.007199616637080908
-0.007189584895968437
-0.007179576437920332
-0.007169592194259167
-0.007159631699323654
-0.007149693090468645
-0.007139777764678001
-0.007129884790629148
-0.007120015565305948
-0.007110168691724539
-0.00710034416988492
-0.007090542931109667
-0.007080763578414917
-0.007071007043123245
-0.007061272859573364
-0.007051561027765274
-0.007041871547698975
-0.007032204419374466
-0.007022559177130461
-0.007012935355305672
-0.007003333885222673
-0.006993754301220179
-0.006984196603298187
-0.006974660791456699
-0.00696514593437314
-0.006955652963370085
-0.006946181878447533
-0.006936731748282909
-0.006927302572876215
-0.006917894817888737
-0.006908507086336613
-0.00689913984388113
-0.006889794021844864
-0.006880469620227814
-0.006871165707707405
-0.006861883215606213
-0.006852622143924236
-0.006843381561338902
-0.006834161467850208
-0.006824962794780731
-0.006815786007791758
-0.006806630175560713
-0.006797495298087597
-0.00678838137537241
-0.006779287941753864
-0.00677021499723196
-0.006761162541806698
-0.00675213010981679
-0.006743117701262236
-0.006734125316143036
-0.006725152488797903
-0.006716199684888124
-0.0067072669044137
-0.006698353681713343
-0.006689460482448339
-0.006680586375296116
-0.006671731360256672
-0.006662895902991295
-0.006654080003499985
-0.006645283196121454
-0.006636506877839565
-0.006627750117331743
-0.006619012914597988
-0.006610294803977013
-0.006601595319807529
-0.006592914927750826
-0.006584254559129477
-0.00657561281695962
-0.006566991098225117
-0.006558389402925968
-0.006549806334078312
-0.006541241426020861
-0.006532695610076189
-0.006524167489260435
-0.006515657994896173
-0.006507166661322117
-0.006498693488538265
-0.006490239407867193
-0.006481804419308901
-0.006473388522863388
-0.006464991252869368
-0.006456612143665552
-0.006448252126574516
-0.006439910270273685
-0.006431585643440485
-0.00642327917739749
-0.006414990406483412
-0.006406718399375677
-0.006398463156074286
-0.00639022421091795
-0.006382002029567957
-0.006373797077685595
-0.006365608423948288
-0.006357436068356037
-0.006349280942231417
-0.006341143511235714
-0.006333023775368929
-0.006324921268969774
-0.00631683599203825
-0.006308769807219505
-0.006300721783190966
-0.006292692385613918
-0.006284681148827076
-0.006276687607169151
-0.006268712691962719
-0.006260755006223917
-0.006252814084291458
-0.00624489039182663
-0.006236982066184282
-0.006229090038686991
-0.006221212912350893
-0.006213352084159851
-0.006205506157130003
-0.006197676062583923
-0.006189861800521612
-0.006182064302265644
-0.006174283102154732
-0.006166518200188875
-0.006158770062029362
-0.006151039153337479
-0.006143325474113226
-0.006135628093034029
-0.006127947010099888
-0.006120281759649515
-0.006112631876021624
-0.006104996893554926
-0.006097377277910709
-0.006089773960411549
-0.006082186475396156
-0.00607461528852582
-0.006067059934139252
-0.006059520412236452
-0.006051997188478708
-0.006044489797204733
-0.006036996841430664
-0.006029518786817789
-0.006022055633366108
-0.006014607846736908
-0.006007175426930189
-0.005999757908284664
-0.005992355290800333
-0.005984967574477196
-0.00597759522497654
-0.005970238707959652
-0.005962897557765245
-0.00595557177439332
-0.005948261823505163
-0.005940967239439487
-0.005933687556535006
-0.005926423706114292
-0.005919174756854773
-0.005911940708756447
-0.00590472063049674
-0.00589751498773694
-0.00589032331481576
-0.005883145146071911
-0.005875980481505394
-0.005868829786777496
-0.005861693527549505
-0.005854571238160133
-0.005847463384270668
-0.005840369965881109
-0.00583329051733017
-0.005826225504279137
-0.005819175392389297
-0.005812140181660652
-0.005805119406431913
-0.005798112601041794
-0.005791120231151581
-0.005784140899777412
-0.005777176003903151
-0.005770224612206221
-0.005763286724686623
-0.005756361875683069
-0.005749450530856848
-0.005742552690207958
-0.005735668819397688
-0.005728799384087324
-0.00572194391861558
-0.005715102888643742
-0.005708275828510523
-0.005701462738215923
-0.005694663617759943
-0.005687877535820007
-0.005681104492396116
-0.00567434448748827
-0.005667597521096468
-0.005660864058881998
-0.005654143635183573
-0.005647436250001192
-0.005640741903334856
-0.005634060595184565
-0.005627392791211605
-0.005620737560093403
-0.00561409629881382
-0.005607468076050282
-0.005600853357464075
-0.005594251211732626
-0.005587662104517221
-0.005581086035817862
-0.005574523471295834
-0.005567973479628563
-0.00556143606081605
-0.005554912146180868
-0.005548399407416582
-0.005541899707168341
-0.005535412114113569
-0.005528936162590981
-0.005522473715245724
-0.005516023840755224
-0.005509585607796907
-0.005503159482032061
-0.005496745463460684
-0.005490343552082777
-0.005483952816575766
-0.005477574653923512
-0.005471208598464727
-0.005464855115860701
-0.005458514206111431
-0.005452185403555632
-0.005445869639515877
-0.005439567379653454
-0.005433277692645788
-0.005427001044154167
-0.005420736502856016
-0.005414483603090048
-0.005408242344856262
-0.005402013193815947
-0.005395795684307814
-0.005389589350670576
-0.005383394192904234
-0.005377210676670074
-0.005371038801968098
-0.005364878103137016
-0.00535872858017683
-0.00535259023308754
-0.005346463061869144
-0.005340348463505507
-0.005334245972335339
-0.005328154657036066
-0.005322075914591551
-0.005316008813679218
-0.005309953819960356
-0.005303910467773676
-0.005297879688441753
-0.005291860550642014
-0.005285853054374456
-0.005279857665300369
-0.005273873452097178
-0.005267900414764881
-0.00526193855330348
-0.005255988333374262
-0.005250048823654652
-0.005244119558483362
-0.005238201934844255
-0.005232294555753469
-0.005226396955549717
-0.005220509599894285
-0.005214632488787174
-0.005208765622228384
-0.00520290806889534
-0.005197061225771904
-0.005191225092858076
-0.005185399670153856
-0.005179585888981819
-0.005173783283680677
-0.005167991388589144
-0.005162211135029793
-0.005156442988663912
-0.005150686483830214
-0.005144941154867411
-0.005139206536114216
-0.005133481230586767
-0.005127766635268927
-0.00512206181883812
-0.005116366781294346
-0.005110681522637606
-0.005105006042867899
-0.005099339876323938
-0.005093684419989586
-0.00508803827688098
-0.005082401912659407
-0.005076776258647442
-0.005071160849183798
-0.005065555218607187
-0.005059959832578897
-0.00505437608808279
-0.005048803053796291
-0.005043241195380688
-0.005037690512835979
-0.005032151006162167
-0.005026622209697962
-0.005021104123443365
-0.005015596747398376
-0.005010099150240421
-0.0050046113319695
-0.004999133758246899
-0.004993665963411331
-0.004988207947462797
-0.004982758313417435
-0.004977318923920393
-0.00497188838198781
-0.004966466687619686
-0.004961054772138596
-0.004955651238560677
-0.004950257018208504
-0.004944872111082077
-0.004939497914165258
-0.004934133496135473
-0.004928778856992722
-0.004923433996737003
-0.004918098915368319
-0.004912773612886667
-0.004907458554953337
-0.004902152810245752
-0.004896856378763914
-0.004891569260507822
-0.004886291921138763
-0.004881024360656738
-0.004875766113400459
-0.004870517179369926
-0.004865277092903852
-0.004860046785324812
-0.00485482532531023
-0.00484961224719882
-0.004844407550990582
-0.004839211236685514
-0.004834023769944906
-0.004828844219446182
-0.004823673982173204
-0.004818513058125973
-0.0048133609816432
-0.004808218218386173
-0.004803085699677467
-0.004797962959855795
-0.004792849998921156
-0.004787746351212263
-0.004782652948051691
-0.004777568858116865
-0.004772494081407785
-0.004767428617924452
-0.004762372467666864
-0.004757325164973736
-0.004752285778522491
-0.004747255239635706
-0.004742232616990805
-0.004737217910587788
-0.004732211586087942
-0.004727213643491268
-0.004722224548459053
-0.004717244766652584
-0.004712273366749287
-0.004707310814410448
-0.004702356643974781
-0.004697410855442286
-0.004692473914474249
-0.004687544889748096
-0.004682624246925116
-0.004677711520344019
-0.004672806710004807
-0.004667909815907478
-0.004663021303713322
-0.004658140707761049
-0.004653268959373236
-0.004648406524211168
-0.00464355293661356
-0.004638708662241697
-0.004633873235434294
-0.004629047121852636
-0.00462422939017415
-0.004619420040398836
-0.004614618606865406
-0.004609825555235147
-0.00460504088550806
-0.00460026366636157
-0.00459549343213439
-0.004590731114149094
-0.004585976712405682
-0.004581229295581579
-0.004576489329338074
-0.004571757279336452
-0.004567033611238003
-0.004562318325042725
-0.004557611420750618
-0.00455291336402297
-0.004548224154859781
-0.004543543793261051
-0.004538871813565493
-0.004534207750111818
-0.004529550671577454
-0.004524900577962399
-0.004520258400589228
-0.004515623208135366
-0.004510995466262102
-0.004506375174969435
-0.004501762799918652
-0.004497157409787178
-0.004492560401558876
-0.004487971775233746
-0.004483390599489212
-0.004478817339986563
-0.00447425153106451
-0.004469693172723055
-0.004465143196284771
-0.004460600204765797
-0.004456064663827419
-0.004451537039130926
-0.004447016399353743
-0.004442503675818443
-0.004437998868525028
-0.004433501046150923
-0.004429010208696127
-0.004424527753144503
-0.004420052282512188
-0.004415584728121758
-0.004411124624311924
-0.004406671039760113
-0.004402224440127611
-0.004397785756736994
-0.004393353592604399
-0.004388928413391113
-0.004384511150419712
-0.004380101338028908
-0.0043756989762187
-0.00437130406498909
-0.004366916604340076
-0.00436253659427166
-0.004358164966106415
-0.004353800788521767
-0.004349444061517715
-0.004345094785094261
-0.004340752027928829
-0.004336416255682707
-0.004332087002694607
-0.004327764734625816
-0.004323449917137623
-0.004319141618907452
-0.004314839839935303
-0.004310545511543751
-0.004306258168071508
-0.004301977343857288
-0.004297703504562378
-0.004293437115848064
-0.004289177246391773
-0.004284924827516079
-0.004280679859220982
-0.004276442341506481
-0.00427221180871129
-0.004267988726496696
-0.004263772629201412
-0.004259563982486725
-0.004255362786352634
-0.004251168109476566
-0.004246980883181095
-0.004242800176143646
-0.004238626919686794
-0.00423445925116539
-0.004230298101902008
-0.004226142074912786
-0.004221991635859013
-0.004217846319079399
-0.004213707055896521
-0.00420957338064909
-0.004205445758998394
-0.004201324190944433
-0.004197209142148495
-0.004193100146949291
-0.004188998136669397
-0.004184904042631388
-0.004180817864835262
-0.004176739603281021
-0.00417266832664609
-0.004168604966253042
-0.004164549522101879
-0.004160501062870026
-0.00415645819157362
-0.004152421839535236
-0.004148391541093588
-0.004144366830587387
-0.004140348173677921
-0.004136335104703903
-0.004132327623665333
-0.004128327127546072
-0.004124331753700972
-0.004120342899113894
-0.004116360563784838
-0.004112384747713804
-0.00410841591656208
-0.004104453139007092
-0.0041004978120327
-0.004096548072993755
-0.004092604387551546
-0.004088666755706072
-0.004084736108779907
-0.004080811515450478
-0.00407689344137907
-0.004072980955243111
-0.004069074988365173
-0.004065175075083971
-0.004061281215399504
-0.004057392943650484
-0.004053510725498199
-0.00404963456094265
-0.004045764449983835
-0.004041900858283043
-0.004038042854517698
-0.004034191370010376
-0.004030346404761076
-0.004026506561785936
-0.004022671841084957
-0.004018842708319426
-0.004015018232166767
-0.004011199809610844
-0.004007386974990368
-0.00400357972830534
-0.003999777603894472
-0.003995981533080339
-0.003992191050201654
-0.003988407552242279
-0.003984630573540926
-0.003980859648436308
-0.003977095242589712
-0.003973337356001139
-0.003969586454331875
-0.003965842071920633
-0.003962103743106127
-0.003958371002227068
-0.003954643849283457
-0.003950921818614006
-0.003947204444557428
-0.003943492658436298
-0.003939785994589329
-0.003936085384339094
-0.003932390362024307
-0.003928700927644968
-0.003925018012523651
-0.003921340685337782
-0.003917669411748648
-0.003914003726094961
-0.003910343162715435
-0.003906687721610069
-0.003903038101270795
-0.003899393836036325
-0.003895754925906658
-0.00389212230220437
-0.003888495266437531
-0.003884874051436782
-0.003881258424371481
-0.003877648152410984
-0.003874043701216578
-0.003870444372296333
-0.003866850631311536
-0.003863262245431542
-0.003859678981825709
-0.00385610107332468
-0.003852528287097812
-0.00384896039031446
-0.003845398081466556
-0.003841840894892812
-0.003838288830593228
-0.003834742121398449
-0.003831200767308474
-0.003827664768323302
-0.003824134124442935
-0.003820609068498015
-0.0038170893676579
-0.003813575254753232
-0.003810066729784012
-0.003806563327088952
-0.003803065745159984
-0.003799573983997107
-0.003796087810769677
-0.003792606992647052
-0.003789131063967943
-0.003785659791901708
-0.003782193409278989
-0.00377873214893043
-0.003775275545194745
-0.00377182406373322
-0.003768377238884568
-0.00376493576914072
-0.003761499421671033
-0.003758068196475506
-0.003754642559215426
-0.003751222277060151
-0.003747806884348392
-0.003744397312402725
-0.003740993095561862
-0.003737594233825803
-0.00373420026153326
-0.003730811644345522
-0.0037274279166013
-0.003724048845469952
-0.003720674430951476
-0.003717305138707161
-0.003713940270245075
-0.003710580291226506
-0.00370722496882081
-0.0037038738373667
-0.003700526896864176
-0.003697185311466455
-0.003693848848342896
-0.003690517507493496
-0.003687191288918257
-0.003683870192617178
-0.003680553985759616
-0.003677242668345571
-0.003673936706036329
-0.003670635400339961
-0.003667338751256466
-0.003664046293124557
-0.003660758724436164
-0.003657475346699357
-0.003654196625575423
-0.003650922561064363
-0.003647653153166175
-0.00364438840188086
-0.003641128307208419
-0.003637872636318207
-0.003634621389210224
-0.003631375497207046
-0.00362813426181674
-0.003624898148700595
-0.00362166715785861
-0.003618441522121429
-0.003615221008658409
-0.003612005384638906
-0.003608794650062919
-0.003605588339269161
-0.003602386685088277
-0.003599189920350909
-0.003595997812226415
-0.003592810360714793
-0.003589627565816045
-0.003586449194699526
-0.003583275247365236
-0.003580105258151889
-0.003576939459890127
-0.003573777852579951
-0.003570620669052005
-0.003567467443645
-0.003564318409189582
-0.003561174031347036
-0.003558034310117364
-0.003554899478331208
-0.003551769535988569
-0.003548644715920091
-0.003545525018125772
-0.003542410209774971
-0.003539300756528974
-0.003536195727065206
-0.003533095819875598
-0.00353000033646822
-0.003526909044012427
-0.003523821476846933
-0.003520738100633025
-0.003517658449709415
-0.003514582756906748
-0.003511510789394379
-0.003508442780002952
-0.00350537896156311
-0.003502319799736142
-0.003499265294522047
-0.003496215678751469
-0.003493170719593763
-0.003490130882710218
-0.003487095702439547
-0.003484065178781748
-0.003481038846075535
-0.003478016471490264
-0.003474998287856579
-0.003471983829513192
-0.00346897286362946
-0.003465965623036027
-0.003462962107732892
-0.003459962550550699
-0.003456967184320092
-0.003453976009041071
-0.003450988559052348
-0.003448005300015211
-0.003445025999099016
-0.003442051354795694
-0.003439081367105246
-0.00343611603602767
-0.003433154663071036
-0.003430197713896632
-0.003427244955673814
-0.003424296388402581
-0.003421351779252291
-0.003418411128222942
-0.003415474202483892
-0.003412541234865785
-0.003409612225368619
-0.003406686941161752
-0.003403765615075827
-0.003400848712772131
-0.003397936001420021
-0.003395027713850141
-0.003392123384401202
-0.003389223478734493
-0.003386328229680657
-0.003383437171578407
-0.003380551002919674
-0.003377668792381883
-0.003374791005626321
-0.003371917176991701
-0.003369047539308667
-0.003366181394085288
-0.003363319206982851
-0.003360460745170712
-0.003357605542987585
-0.003354753833264112
-0.003351905616000295
-0.003349060658365488
-0.003346218960359693
-0.003343380987644196
-0.003340546740218997
-0.003337716450914741
-0.003334889886900783
-0.00333206751383841
-0.003329248866066337
-0.003326434409245849
-0.003323624143376946
-0.003320818301290274
-0.003318016650155187
-0.003315219189971685
-0.003312425687909126
-0.003309636376798153
-0.003306851023808122
-0.003304069396108389
-0.003301291726529598
-0.003298517782241106
-0.003295747563242912
-0.003292981302365661
-0.003290218533948064
-0.003287459257990122
-0.003284703940153122
-0.003281952114775777
-0.003279203781858087
-0.003276458941400051
-0.00327371759340167
-0.003270979737862945
-0.003268245374783874
-0.003265514504164457
-0.003262787126004696
-0.003260063240304589
-0.003257343079894781
-0.003254626179113984
-0.003251912770792842
-0.003249202156439424
-0.003246494801715016
-0.003243790473788977
-0.003241088707000017
-0.003238389734178782
-0.003235692856833339
-0.003232998074963689
-0.003230304922908545
-0.003227612935006618
-0.003224922111257911
-0.003222232218831778
-0.003219543257728219
-0.003216854529455304
-0.003214166034013033
-0.003211477538570762
-0.003208788577467203
-0.00320609868504107
-0.003203407395631075
-0.003200713777914643
-0.003198017366230488
-0.00319531699642539
-0.003192611737176776
-0.003189899958670139
-0.003187179798260331
-0.003184449626132846
-0.003181707579642534
-0.003178951796144247
-0.003176179248839617
-0.003173388075083494
-0.003170575713738799
-0.003167739138007164
-0.003164875553920865
-0.003161981236189604
-0.003159053158015013
-0.003156086895614862
-0.003153078723698854
-0.003150023985654116
-0.003146917559206486
-0.003143753623589873
-0.003140526358038187
-0.003137229243293405
-0.003133854595944285
-0.003130394732579589
-0.003126841736957431
-0.003123185830190778
-0.003119417000561953
-0.003115525934845209
-0.003111500758677721
-0.003107329830527306
-0.003103000344708562
-0.003098498797044158
-0.003093811683356762
-0.003088924335315824
-0.003083820920437574
-0.003078485140576959
-0.003072900231927633
-0.003067048965021968
-0.003060913179069757
-0.003054474480450153
-0.003047714242711663
-0.003040613839402795
-0.00303315301425755
-0.003025311743840575
-0.003017070470377803
-0.003008409403264523
-0.002999308286234736
-0.002989747561514378
-0.002979707904160023
-0.002969171153381467
-0.002958119614049792
-0.002946537220850587
-0.002934408374130726
-0.002921719336882234
-0.002908458467572927
-0.002894615521654487
-0.002880183281376958
-0.00286515592597425
-0.002849530894309282
-0.002833307953551412
-0.002816490130499005
-0.002799083944410086
-0.002781099174171686
-0.002762549556791782
-0.002743452321738005
-0.002723828889429569
-0.002703704871237278
-0.002683110069483519
-0.002662078710272908
-0.00264064921066165
-0.002618864411488175
-0.002596770413219929
-0.00257441820576787
-0.00255186203867197
-0.002529160119593143
-0.00250637368299067
-0.002483566291630268
-0.002460804302245378
-0.002438155701383948
-0.002415690571069717
-0.002393478760495782
-0.002371590351685882
-0.002350095193833113
-0.002329061971977353
-0.002308557042852044
-0.002288644434884191
-0.002269384451210499
-0.002250833436846733
-0.00223304214887321
-0.002216056687757373
-0.002199915936216712
-0.002184652257710695
-0.002170290099456906
-0.002156845992431045
-0.002144327852874994
-0.002132734516635537
-0.002122055971994996
-0.00211227242834866
-0.002103355014696717
-0.002095265313982964
-0.002087956294417381
-0.002081372542306781
-0.002075450262054801
-0.002070118673145771
-0.002065300475805998
-0.002060913015156984
-0.00205686897970736
-0.002053077798336744
-0.00204944727011025
-0.002045884262770414
-0.002042296109721065
-0.002038591541349888
-0.002034683711826801
-0.002030489733442664
-0.002025933470577002
-0.002020945306867361
-0.002015464706346393
-0.002009440446272492
-0.00200283108279109
-0.001995606813579798
-0.001987749245017767
-0.001979252556338906
-0.001970122335478663
-0.001960377441719174
-0.00195004662964493
-0.00193917122669518
-0.001927802688442171
-0.00191600201651454
-0.001903838478028774
-0.001891388092190027
-0.001878732466138899
-0.00186595693230629
-0.00185314891859889
-0.001840396435000002
-0.001827785512432456
-0.001815399387851357
-0.001803316292352974
-0.001791607704944909
-0.001780337304808199
-0.001769558759406209
-0.001759315608069301
-0.001749639515765011
-0.001740550505928695
-0.001732055330649018
-0.001724148634821177
-0.001716812024824321
-0.00171001604758203
-0.001703719259239733
-0.001697870320640504
-0.001692409045062959
-0.001687267562374473
-0.001682372996583581
-0.0016776486299932
-0.001673015882261097
-0.001668396056629717
-0.001663712551817298
-0.001658892957493663
-0.001653870684094727
-0.001648586709052324
-0.001642990857362747
-0.001637043198570609
-0.001630714978091419
-0.001623989199288189
-0.001616860739886761
-0.001609336701221764
-0.001601436291821301
-0.001593189546838403
-0.001584636513143778
-0.001575827016495168
-0.001566817867569625
-0.001557671814225614
-0.001548455911688507
-0.001539239543490112
-0.00153009220957756
-0.001521081896498799
-0.001512273214757442
-0.001503725768998265
-0.001495492644608021
-0.001487619243562222
-0.001480142120271921
-0.001473088399507105
-0.001466475194320083
-0.001460309722460806
-0.001454589539207518
-0.001449303352274001
-0.001444431371055543
-0.001439947285689414
-0.001435818616300821
-0.001432009041309357
-0.001428480609320104
-0.001425194437615573
-0.001422113389708102
-0.001419203355908394
-0.001416434650309384
-0.001413784688338637
-0.001411237986758351
-0.001408788608387113
-0.001406439929269254
-0.001404205220751464
-0.001402108231559396
-0.001400182256475091
-0.001398469903506339
-0.001397022395394742
-0.001395898289047182
-0.001395161962136626
-0.001394881866872311
-0.001395129365846515
-0.001395976520143449
-0.001397493993863463
-0.001399749889969826
-0.001402807771228254
-0.001406724564731121
-0.001411550096236169
-0.001417325343936682
-0.001424081507138908
-0.001431839889846742
-0.001440611085854471
-0.001450395560823381
-0.001461183186620474
-0.001472953823395073
-0.001485678134486079
-0.001499318634159863
-0.001513830153271556
-0.001529161119833589
-0.001545254257507622
-0.001562048331834376
-0.001579478499479592
-0.001597477472387254
-0.00161597621627152
-0.00163490476552397
-0.001654192921705544
-0.00167377048637718
-0.001693567028269172
-0.00171351246535778
-0.001733536249957979
-0.001753567834384739
-0.001773536088876426
-0.00179336906876415
-0.00181299343239516
-0.001832334324717522
-0.001851315144449472
-0.001869857893325388
-0.001887883176095784
-0.001905310433357954
-0.00192205875646323
-0.00193804781883955
-0.001953198341652751
-0.001967434538528323
-0.00198068399913609
-0.001992880832403898
-0.002003965899348259
-0.002013889374211431
-0.002022612141445279
-0.002030107192695141
-0.002036361256614327
-0.002041376428678632
-0.002045169705525041
-0.002047775080427527
-0.002049242379143834
-0.002049638889729977
-0.002049047499895096
-0.00204756623134017
-0.002045306609943509
-0.002042393200099468
-0.002038959646597505
-0.00203514751046896
-0.002031103475019336
-0.002026976551860571
-0.002022915054112673
-0.002019064035266638
-0.00201556202955544
-0.002012538025155663
-0.00201010936871171
-0.002008379437029362
-0.002007435541599989
-0.002007346600294113
-0.002008162206038833
-0.002009912393987179
-0.00201260601170361
-0.002016232581809163
-0.002020760206505656
-0.002026139060035348
-0.002032301155850291
-0.002039162907749414
-0.002046625828370452
-0.002054580952972174
-0.00206290977075696
-0.002071487484499812
-0.002080185106024146
-0.002088873879984021
-0.002097426215186715
-0.002105719642713666
-0.00211363984271884
-0.002121082507073879
-0.002127954736351967
-0.002134178066626191
-0.002139690099284053
-0.002144444501027465
-0.002148413332179189
-0.002151587046682835
-0.002153974259272218
-0.002155601978302002
-0.002156513277441263
-0.002156768226996064
-0.002156440168619156
-0.002155616413801908
-0.002154393587261438
-0.002152875531464815
-0.002151172608137131
-0.002149395877495408
-0.00214765639975667
-0.002146061509847641
-0.00214471179060638
-0.002143698744475842
-0.002143102465197444
-0.002142989309504628
-0.002143410034477711
-0.002144398633390665
-0.002145971171557903
-0.002148125087842345
-0.002150841755792499
-0.002154083922505379
-0.00215779896825552
-0.002161920303478837
-0.002166368765756488
-0.002171055879443884
-0.002175887580960989
-0.002180765615776181
-0.002185591729357839
-0.002190270461142063
-0.002194711938500404
-0.002198835834860802
-0.002202573465183377
-0.002205869182944298
-0.002208683406934142
-0.002210992621257901
-0.002212791470810771
-0.00221409066580236
-0.002214918378740549
-0.002215316984802485
-0.002215343061834574
-0.002215064130723476
-0.002214556559920311
-0.002213902771472931
-0.002213187282904983
-0.002212494378909469
-0.002211904153227806
-0.002211491344496608
-0.002211320213973522
-0.002211444079875946
-0.002211903920397162
-0.002212724648416042
-0.002213917672634125
-0.002215477870777249
-0.00221738638356328
-0.002219610614702106
-0.0022221056278795
-0.002224817639216781
-0.002227684482932091
-0.002230639802291989
-0.002233614912256598
-0.002236542291939259
-0.002239357214421034
-0.002242002170532942
-0.002244427334517241
-0.002246594056487083
-0.002248473931103945
-0.002250051824375987
-0.002251325640827417
-0.002252305159345269
-0.00225301249884069
-0.002253479324281216
-0.002253747545182705
-0.002253864426165819
-0.002253882586956024
-0.002253856509923935
-0.002253840677440166
-0.002253887243568897
-0.002254042774438858
-0.002254348015412688
-0.002254834864288568
-0.002255527069792151
-0.002256437437608838
-0.002257568528875709
-0.002258914057165384
-0.002260457258671522
-0.002262174151837826
-0.00226403446868062
-0.002266001887619495
-0.002268038690090179
-0.002270104829221964
-0.002272162120789289
-0.002274174941703677
-0.002276112325489521
-0.002277950290590525
-0.002279671607539058
-0.002281267428770661
-0.00228273612447083
-0.002284085843712091
-0.002285332186147571
-0.002286497736349702
-0.002287611598148942
-0.002288707299157977
-0.002289821626618505
-0.002290993230417371
-0.002292260294780135
-0.002293659374117851
-0.002295224228873849
-0.002296985359862447
-0.002298967679962516
-0.002301190281286836
-0.002303666668012738
-0.00230640429072082
-0.002309405943378806
-0.002312669064849615
-0.002316187135875225
-0.002319951541721821
-0.002323951805010438
-0.002328177215531468
-0.002332618460059166
-0.00233726785518229
-0.00234212027862668
-0.002347175730392337
-0.002352437935769558
-0.002357915509492159
-0.002363622188568115
-0.002369575900956988
-0.002375798299908638
-0.002382315462455153
-0.00238915509544313
-0.00239634676836431
-0.002403920516371727
-0.002411904744803905
-0.002420326927676797
-0.002429211279377341
-0.002438577357679605
-0.002448440995067358
-0.002458813134580851
-0.002469698432832956
-0.002481096889823675
-0.002493002917617559
-0.002505405573174357
-0.002518290188163519
-0.002531637670472264
-0.002545425668358803
-0.002559629501774907
-0.002574222162365913
-0.002589175710454583
-0.002604461275041103
-0.002620049519464374
-0.00263591087423265
-0.002652015769854188
-0.002668334869667888
-0.002684838371351361
-0.002701496239751577
-0.002718277275562286
-0.002735149348154664
-0.002752078464254737
-0.00276902923360467
-0.002785963006317616
-0.002802839735522866
-0.002819616114720702
-0.002836246276274323
-0.002852682257071137
-0.002868873998522758
-0.002884770277887583
-0.002900319173932076
-0.002915468532592058
-0.002930168062448502
-0.002944368403404951
-0.002958023454993963
-0.002971091074869037
-0.002983534010127187
-0.002995319431647658
-0.003006421262398362
-0.003016820177435875
-0.003026503371074796
-0.003035465953871608
-0.00304370978847146
-0.0030512441881001
-0.003058085450902581
-0.00306425616145134
-0.003069785889238119
-0.003074709558859468
-0.003079067915678024
-0.003082905663177371
-0.003086272394284606
-0.003089220961555839
-0.003091806545853615
-0.003094088053330779
-0.00309612532146275
-0.00309797958470881
-0.003099713707342744
-0.003101389156654477
-0.003103068796917796
-0.003104813164100051
-0.003106682561337948
-0.003108733799308538
-0.00311102089472115
-0.003113594138994813
-0.00311649963259697
-0.00311977812089026
-0.0031234638299793
-0.003127585398033261
-0.003132164245471358
-0.003137213876470923
-0.003142740111798048
-0.003148740157485008
-0.00315520353615284
-0.003162110922858119
-0.003169435542076826
-0.003177142469212413
-0.003185190027579665
-0.003193530486896634
-0.003202110296115279
-0.003210871480405331
-0.003219752805307508
-0.003228690940886736
-0.003237621625885367
-0.00324648036621511
-0.003255204763263464
-0.003263734979555011
-0.003272015368565917
-0.003279994707554579
-0.003287628060206771
-0.003294877475127578
-0.003301711985841393
-0.00330810877494514
-0.003314052941277623
-0.003319538431242108
-0.003324567107483745
-0.003329149214550853
-0.003333302913233638
-0.003337053814902902
-0.003340433584526181
-0.003343480173498392
-0.00334623665548861
-0.003348750062286854
-0.00335106928832829
-0.003353246254846454
-0.00335533288307488
-0.003357380861416459
-0.003359439317137003
-0.003361555282026529
-0.003363771829754114
-0.003366125747561455
-0.003368648933246732
-0.003371365834027529
-0.003374292748048902
-0.003377438290044665
-0.003380802692845464
-0.003384377574548125
-0.003388145472854376
-0.003392080776393414
-0.003396149491891265
-0.00340031017549336
-0.003404514864087105
-0.003408710239455104
-0.003412838326767087
-0.003416838124394417
-0.003420645836740732
-0.003424197435379028
-0.003427429823204875
-0.003430280834436417
-0.003432691795751452
-0.003434608224779367
-0.003435980994254351
-0.003436766099184752
-0.00343692721799016
-0.003436432918533683
-0.003435260849073529
-0.003433394944295287
-0.003430826589465141
-0.003427553456276655
-0.003423579735681415
-0.003418914042413235
-0.003413571277633309
-0.003407568903639913
-0.003400928108021617
-0.0033936717081815
-0.003385822987183928
-0.003377405693754554
-0.003368442645296454
-0.00335895549505949
-0.003348963567987084
-0.003338483162224293
-0.003327528713271022
-0.00331611093133688
-0.00330423703417182
-0.003291912144050002
-0.003279139054939151
-0.00326591869816184
-0.003252251073718071
-0.003238135715946555
-0.003223573323339224
-0.003208566457033157
-0.00319312047213316
-0.003177244681864977
-0.003160954220220447
-0.003144268877804279
-0.003127216827124357
-0.003109831595793366
-0.003092155558988452
-0.003074239008128643
-0.003056140150874853
-0.00303792511112988
-0.003019667696207762
-0.003001447301357985
-0.002983349841088057
-0.002965465420857072
-0.002947887871414423
-0.00293071148917079
-0.002914032200351357
-0.002897943137213588
-0.002882535103708506
-0.002867893083021045
-0.002854096237570047
-0.002841215580701828
-0.002829312114045024
-0.002818435430526733
-0.002808623947203159
-0.002799902344122529
-0.002792282728478312
-0.002785762771964073
-0.002780326642096043
-0.002775944536551833
-0.002772573381662369
-0.002770157530903816
-0.002768629929050803
-0.002767913043498993
-0.002767920028418303
-0.002768556354567409
-0.002769721439108253
-0.002771309809759259
-0.002773213898763061
-0.002775324508547783
-0.002777532674372196
-0.002779732691124082
-0.0027818214148283
-0.002783701522275805
-0.002785281743854284
-0.002786478493362665
-0.002787217497825623
-0.00278743333183229
-0.002787071513012052
-0.002786088269203901
-0.00278445053845644
-0.002782136900350451
-0.002779137575998902
-0.002775454195216298
-0.002771100029349327
-0.002766098128631711
-0.002760482719168067
-0.002754297340288758
-0.002747595543041825
-0.002740437863394618
-0.002732892753556371
-0.002725034486502409
-0.002716942224651575
-0.002708698157221079
-0.002700387733057141
-0.002692096866667271
-0.002683910774067044
-0.00267591280862689
-0.002668182598426938
-0.002660794416442513
-0.002653816714882851
-0.002647309796884656
-0.002641324419528246
-0.00263590132817626
-0.002631070790812373
-0.002626850735396147
-0.002623246982693672
-0.00262025254778564
-0.002617848105728626
-0.002616001991555095
-0.002614671131595969
-0.002613800810649991
-0.002613327000290155
-0.002613177988678217
-0.002613274846225977
-0.002613534219563007
-0.0026138701941818
-0.002614195691421628
-0.002614425728097558
-0.002614478813484311
-0.002614279044792056
-0.00261375866830349
-0.002612859476357698
-0.002611533971503377
-0.002609747461974621
-0.002607479225844145
-0.002604721812531352
-0.002601481042802334
-0.002597777172923088
-0.002593643730506301
-0.002589125419035554
-0.002584278583526611
-0.002579167485237122
-0.002573864534497261
-0.002568446099758148
-0.002562990644946694
-0.002557577565312386
-0.00255228322930634
-0.002547179814428091
-0.002542332746088505
-0.002537798369303346
-0.002533623948693275
-0.002529843943193555
-0.002526481170207262
-0.002523544942960143
-0.002521031768992543
-0.002518925117328763
-0.002517196582630277
-0.002515806816518307
-0.002514706924557686
-0.002513840794563293
-0.002513145795091987
-0.002512556267902255
-0.002512005623430014
-0.002511427039280534
-0.002510758582502604
-0.002509942511096597
-0.00250892760232091
-0.002507671946659684
-0.002506143180653453
-0.002504319651052356
-0.002502190880477428
-0.002499756868928671
-0.002497029257938266
-0.002494029933586717
-0.002490789629518986
-0.002487347228452563
-0.002483747666701674
-0.00248004007153213
-0.002476276597008109
-0.002472510561347008
-0.002468793420121074
-0.002465173834934831
-0.002461695577949286
-0.002458396600559354
-0.002455306705087423
-0.002452447544783354
-0.002449832623824477
-0.002447465900331736
-0.002445342019200325
-0.002443447941914201
-0.002441761549562216
-0.002440255135297775
-0.002438894938677549
-0.002437643706798553
-0.002436460927128792
-0.00243530492298305
-0.002434135647490621
-0.002432914450764656
-0.002431607339531183
-0.002430184511467814
-0.002428621519356966
-0.002426901599392295
-0.002425015205517411
-0.002422959310933948
-0.002420737873762846
-0.002418362768366933
-0.002415850525721908
-0.002413224428892136
-0.002410511253401637
-0.002407740335911512
-0.002404943108558655
-0.002402151469141245
-0.002399396151304245
-0.002396705327555537
-0.002394103677943349
-0.002391611924394965
-0.00238924496807158
-0.002387013053521514
-0.002384919673204422
-0.002382963430136442
-0.002381136873736978
-0.002379427896812558
-0.002377819502726197
-0.002376291668042541
-0.002374821808189154
-0.002373386174440384
-0.002371960319578648
-0.002370520727708936
-0.002369045512750745
-0.002367515815421939
-0.002365916036069393
-0.002364234765991569
-0.002362465020269156
-0.002360603539273143
-0.002358652418479323
-0.002356617478653789
-0.002354508964344859
-0.002352340146899223
-0.002350127091631293
-0.002347886795178056
-0.002345637651160359
-0.002343398286029696
-0.002341185929253697
-0.002339016180485487
-0.002336902543902397
-0.002334855264052749
-0.002332881558686495
-0.002330985385924578
-0.002329166512936354
-0.002327420981600881
-0.00232574250549078
-0.002324121538549662
-0.002322545973584056
-0.002321003004908562
-0.002319478429853916
-0.002317958511412144
-0.002316429279744625
-0.002314878860488534
-0.002313296543434262
-0.002311674412339926
-0.002310007344931364
-0.002308292081579566
-0.002306528855115175
-0.002304720692336559
-0.002302872715517879
-0.00230099237523973
-0.002299088286235929
-0.002297170460224152
-0.00229524914175272
-0.002293334808200598
-0.002291436772793531
-0.002289564115926623
-0.002287724521011114
-0.00228592217899859
-0.002284161048009992
-0.002282442292198539
-0.002280765678733587
-0.002279127482324839
-0.002277523744851351
-0.002275948412716389
-0.002274394733831286
-0.002272855024784803
-0.002271321602165699
-0.00226978724822402
-0.002268244512379169
-0.0022666878066957
-0.002265112474560738
-0.002263515023514628
-0.00226189405657351
-0.002260249806568027
-0.002258583903312683
-0.002256898675113916
-0.002255198778584599
-0.002253489335998893
-0.002251775469630957
-0.002250062767416239
-0.002248357050120831
-0.002246662974357605
-0.002244984963908792
-0.002243326511234045
-0.002241690177470446
-0.002240076661109924
-0.002238485962152481
-0.002236917149275541
-0.002235367894172668
-0.002233835170045495
-0.002232315484434366
-0.002230805112048984
-0.002229299629107118
-0.002227795077487826
-0.002226287964731455
-0.002224775031208992
-0.002223254414275289
-0.002221724251285195
-0.002220184076577425
-0.002218633890151978
-0.002217074623331428
-0.002215507673099637
-0.002213935134932399
-0.002212359569966793
-0.002210783772170544
-0.002209210535511374
-0.002207642886787653
-0.002206082921475172
-0.002204532735049725
-0.002202993957325816
-0.002201467519626021
-0.002199953887611628
-0.002198452595621347
-0.00219696294516325
-0.002195483539253473
-0.002194012282416224
-0.002192547777667642
-0.002191087929531932
-0.002189630409702659
-0.002188173588365316
-0.0021867158357054
-0.002185255754739046
-0.002183792414143682
-0.002182325115427375
-0.002180854557082057
-0.002179380273446441
-0.002177903428673744
-0.002176424954086542
-0.002174946013838053
-0.002173468237742782
-0.002171993022784591
-0.002170521533116698
-0.002169054700061679
-0.002167593920603395
-0.002166139893233776
-0.00216469238512218
-0.002163251861929893
-0.002161818090826273
-0.002160390838980675
-0.002158968942239881
-0.002157551702111959
-0.002156138187274337
-0.002154727466404438
-0.002153318608179688
-0.00215191044844687
-0.002150502754375339
-0.002149095060303807
-0.002147686667740345
-0.002146277809515595
-0.002144868252798915
-0.002143458696082234
-0.002142049837857485
-0.002140641678124666
-0.002139235381036997
-0.002137830946594477
-0.002136429538950324
-0.002135031158104539
-0.002133636502549052
-0.00213224533945322
-0.002130857901647687
-0.002129473956301808
-0.002128093037754297
-0.002126714447513223
-0.002125337952747941
-0.002123963553458452
-0.002122590551152825
-0.002121218480169773
-0.002119846874848008
-0.002118475502356887
-0.002117103897035122
-0.00211573182605207
-0.002114358823746443
-0.002112985588610172
-0.002111611887812614
-0.002110237954184413
-0.002108863554894924
-0.002107489155605435
-0.002106114756315947
-0.002104740822687745
-0.002103366889059544
-0.002101992955431342
-0.002100619021803141
-0.002099245088174939
-0.002097870921716094
-0.002096496289595962
-0.002095120726153255
-0.002093743998557329
-0.002092365641146898
-0.002090985188260674
-0.00208960217423737
-0.002088216366246343
-0.002086827298626304
-0.002085434971377254
-0.002084039384499192
-0.002082640305161476
-0.002081237966194749
-0.002079831901937723
-0.00207842281088233
-0.002077010460197926
-0.002075594617053866
-0.002074175979942083
-0.002072754316031933
-0.002071329858154058
-0.002069902839139104
-0.002068473258987069
-0.002067041117697954
-0.002065606648102403
-0.002064169617369771
-0.002062730025500059
-0.002061288105323911
-0.002059844555333257
-0.002058399375528097
-0.002056953031569719
-0.002055505523458123
-0.002054057316854596
-0.002052609110251069
-0.002051161834970117
-0.002049715723842382
-0.002048271708190441
-0.00204683025367558
-0.002045393222942948
-0.002043960615992546
-0.002042533829808235
-0.002041114028543234
-0.002039701910689473
-0.002038298873230815
-0.002036906313151121
-0.002035525161772966
-0.002034156816080213
-0.002032802207395434
-0.002031462732702494
-0.002030139556154609
-0.002028833841904998
-0.002027546986937523
-0.002026279922574759
-0.002025033347308636
-0.002023809123784304
-0.00202260771766305
-0.002021430525928736
-0.002020278014242649
-0.002019151113927364
-0.002018050756305456
-0.002016978105530143
-0.002015933394432068
-0.002014916855841875
-0.002013929653912783
-0.002012971555814147
-0.002012042328715324
-0.002011142205446959
-0.002010271418839693
-0.00200942880474031
-0.002008613897487521
-0.002007825765758753
-0.002007063012570143
-0.00200632493942976
-0.002005609683692455
-0.002004915848374367
-0.002004241803660989
-0.002003585686907172
-0.002002944936975837
-0.002002317691221833
-0.002001700922846794
-0.00200109276920557
-0.00200048997066915
-0.001999889267608523
-0.001999288098886609
-0.001998683204874396
-0.001998071558773518
-0.001997448969632387
-0.001996812876313925
-0.001996160019189119
-0.00199548713862896
-0.001994791673496366
-0.001994070131331682
-0.001993320416659117
-0.001992539735510945
-0.001991725526750088
-0.001990875694900751
-0.001989988144487143
-0.001989061012864113
-0.0019880929030478
-0.001987082418054342
-0.001986028160899878
-0.001984929200261831
-0.001983785070478916
-0.001982595538720489
-0.001981360372155905
-0.001980080269277096
-0.001978755695745349
-0.001977388048544526
-0.001975977560505271
-0.001974526327103376
-0.001973035279661417
-0.001971507212147117
-0.001969943754374981
-0.001968347234651446
-0.00196672067977488
-0.001965066650882363
-0.001963387476280332
-0.001961686415597796
-0.001959966728463769
-0.001958231907337904
-0.001956484513357282
-0.001954728271812201
-0.001952966209501028
-0.001951201818883419
-0.001949438010342419
-0.001947677694261074
-0.00194592319894582
-0.001944177318364382
-0.00194244273006916
-0.001940721413120627
-0.001939015812240541
-0.001937327673658729
-0.001935658860020339
-0.001934011233970523
-0.001932386425323784
-0.001930786529555917
-0.00192921282723546
-0.001927666715346277
-0.001926149590872228
-0.001924662617966533
-0.001923207077197731
-0.00192178413271904
-0.001920394599437714
-0.001919039525091648
-0.001917719491757452
-0.001916434965096414
-0.001915186643600464
-0.001913974643684924
-0.001912799314595759
-0.001911660772748291
