0
0
0
0
0
0
0
0
0
0
0
0
0
0
0
0
0
0
0
0
0
0
0
0
0
0
0
0
0
0
0
0
0
0
0
0
0
0
0
0
0
0
0
0
0
0
0
0
0
0
0
0
0
0
0
0
0
0
0
0
0
0
0
0
0
0
0
0
0
0
0
0
0
0
0
0
0
0
0
0
0
0
0
0
0
0
0
0
0
0
0
0
0
0
0
0
0
0
0
0
0
0
0
0
0
0
0
0
0
0
0
0
0
0
0
0
0
0
0
0
0
0
0
0
0
0
0
0
0
0
0
0
0
0
0
0
0
0
0
0
0
0
0
0
0
0
0
0
0
0
0
0
0
0
0
0
0
0
0
0
0
0
0
0
0
0
0
0
0
0
0
0
0
0
0
0
0
0
0
0
0
0
0
0
0
0
0
0
0
0
0
0
0
0
0
0
0
0
0
0
0
0
0
0
0
0
0
0
0
0
0
0
0
0
0
0
0
0
0
0
0
0
0
0
0
0
0
0
0
0
0
0
0
0
0
0
0
0
0
0
0
0
0
0
0
0
0
0
0
0
0
0
0
0
0
0
0
0
0
0
0
0
0
0
0
0
0
0
0
0
0
0
0
0
0
0
0
0
0
0
0
0
0
0
0
0
0
0
0
0
0
0
0
0
0
0
0
0
0
0
0
0
0
0
0
0
0
0
0
0
0
0
0
0
0
0
0
0
0
0
0
0
0
0
0
0
0
0
0
0
0
0
0
0
0
0
0
0
0
0
0
0
0
0
0
0
0
0
0
0
0
0
0
0
0
0
0
0
0
0
0
0
0
0
0
0
0
0
0
0
0
0
0
0
0
0
0
0
0
0
0
0
0
0
0
0
0
0
0
0
0
0
0
0
0
0
0
0
0
0
0
0
0
0
0
0
0
0
0
0
0
0
0
0
0
0
0
0
0
0
0
0
0
0
0
0
0
0
0
0
0
0
0
0
0
0
0
0
0
0
0
0
0
0
0
0
0
0
0
0
0
0
0
0
0
0
0
0
0
0
0
0
0
0
0
0
0
0
0
0
0
0
0
0
0
0
0
0
0
0
0
0
0
0
0
0
0
0
0
0
0
0
0
0
0
0
0
0
0
0
0
0
0
0
0
0
0
0
0
0
0
0
0
0
0
0
0
0
0
0
0
0
0
0
0
0
0
0
0
0
0
0
0
0
0
0
0
0
0
0
0
0
0
0
0
0
0
0
0
0
0
0
0
0
0
0
0
0
0
0
0
0
0
0
0
0
0
0
0
0
0
0
0
0
0
0
0
0
0
0
0
0
0
0
0
0
0
0
0
0
0
0
0
0
0
0
0
0
0
0
0
0
0
0
0
0
0
0
0
0
0
0
0
0
0
0
0
0
0
0
0
0
0
0
0
0
0
0
0
0
0
0
0
0
0
0
0
0
0
0
0
0
0
0
0
0
0
0
0
0
0
0
0
0
0
0
0
0
0
0
0
0
0
0
0
0
0
0
0
0
0
0
0
0
0
0
0
0
0
0
0
0
0
0
0
0
0
0
0
0
0
0
0
0
0
0
0
0
0
0
0
0
0
0
0
0
0
0
0
0
0
0
0
0
0
0
0
0
0
0
0
0
0
0
0
0
0
0
0
0
0
0
0
0
0
0
0
0
0
0
0
0
0
0
0
0
0
0
0
0
0
0
0
0
0
0
0
0
0
0
0
0
0
0
0
0
0
0
0
0
0
0
0
0
0
0
0
0
0
0
0
0
0
0
0
0
0
0
0
0
0
0
0
0
0
0
0
0
0
0
0
0
0
0
0
0
0
0
0
0
0
0
0
0
0
0
0
0
0
0
0
0
0
0
0
0
0
0
0
0
0
0
0
0
0
0
0
0
0
0
0
0
0
0
0
0
0
0
0
0
0
0
0
0
0
0
0
0
0
0
0
0
0
0
0
0
0
0
0
0
0
0
0
0
0
0
0
0
0
0
0
0
0
0
0
0
0
0
0
0
0
0
0
0
0
0
0
0
0
0
0
0
0
0
0
0
0
0
0
0
0
0
0
0
0
0
0
0
0
0
0
0
0
0
0
0
0
0
0
0
0
0
0
0
0
0
0
0
0
0
0
0
0
0
0
0
0
0
0
0
0
0
0
0
0
0
0
0
0
0
0
0
0
0
0
0
0
0
0
0
0
0
0
0
0
0
0
0
0
0
0
0
0
0
0
0
0
0
0
0
0
0
0
0
0
0
0
0
0
0
0
0
0
0
0
0
0
0
0
0
0
0
0
0
0
0
0
0
0
0
0
0
0
0
0
0
0
0
0
0
0
0
0
0
0
0
0
0
0
0
0
0
0
0
0
0
0
0
0
0
0
0
0
0
0
0
0
0
0
0
0
0
0
0
0
0
0
0
0
0
0
0
0
0
0
0
0
0
0
0
0
0
0
0
0
0
0
0
0
0
0
0
0
0
0
0
0
0
0
0
0
0
0
0
0
0
0
0
0
0
0
0
0
0
0
0
0
0
0
0
0
0
0
0
0
0
0
0
0
0
0
0
0
0
0
0
0
0
0
0
0
0
0
0
0
0
0
0
0
0
0
0
0
0
0
0
0
0
0
0
0
0
0
0
0
0
0
0
0
0
0
0
0
0
0
0
0
0
0
0
0
0
0
0
0
0
0
0
0
0
0
0
0
0
0
0
0
0
0
0
0
0
0
0
0
0
0
0
0
0
0
0
0
0
0
0
0
0
0
0
0
0
0
0
0
0
0
0
0
0
0
0
0
0
0
0
0
0
0
0
0
0
0
0
0
0
0
0
0
0
0
0
0
0
0
0
0
0
0
0
0
0
0
0
0
0
0
0
0
0
0
0
0
0
0
0
0
0
0
0
0
0
0
0
0
0
0
0
0
0
0
0
0
0
0
0
0
0
0
0
0
0
0
0
0
0
0
0
0
0
0
0
0
0
0
0
0
0
0
0
0
0
0
0
0
0
0
0
0
0
0
0
0
0
0
0
0
0
0
0
0
0
0
0
0
0
0
0
0
0
0
0
0
0
0
0
0
0
0
0
0
0
0
0
0
0
0
0
0
0
0
0
0
0
0
0
0
0
0
0
0
0
0
0
0
0
0
0
0
0
0
0
0
0
0
0
0
0
0
0
0
0
0
0
0
0
0
0
0
0
0
0
0
0
0
0
0
0
0
0
0
0
0
0
0
0
0
0
0
0
0
0
0
0
0
0
0
0
0
0
0
0
0
0
0
0
0
0
0
0
0
0
0
0
0
0
0
0
0
0
0
0
0
0
0
0
0
0
0
0
0
0
0
0
0
0
0
0
0
0
0
0
0
0
0
0
0
0
0
0
0
0
0
0
0
0
0
0
0
0
0
0
0
0
0
0
0
0
0
0
0
0
0
0
0
0
0
0
0
0
0
0
0
0
0
0
0
0
0
0
0
0
0
0
0
0
0
0
0
0
0
0
0
0
0
0
0
0
0
0
0
0
0
0
0
0
0
0
0
0
0
0
0
0
0
0
0
0
0
0
0
0
0
0
0
0
0
0
0
0
0
0
0
0
0
0
0
0
0
0
0
0
0
0
0
0
0
0
0
0
0
0
0
0
0
0
0
0
0
0
0
0
0
0
0
0
0
0
0
0
0
0
0
0
0
0
0
0
0
0
0
0
0
0
0
0
0
0
0
0
0
0
0
0
0
0
0
0
0
0
0
0
0
0
0
0
0
0
0
0
0
0
0
0
0
0
0
0
0
0
0
0
0
0
0
0
0
0
0
0
0
0
0
0
0
0
0
0
0
0
0
0
0
0
0
0
0
0
0
0
0
0
0
0
0
0
0
0
0
0
0
0
0
0
0
0
0
0
0
0
0
0
0
0
0
0
0
0
0
0
0
0
0
0
0
0
0
0
0
0
0
0
0
0
0
0
0
0
0
0
0
0
0
0
0
0
0
0
0
0
0
0
0
0
0
0
0
0
0
0
0
0
0
0
0
0
0
0
0
0
0
0
0
0
0
0
0
0
0
0
0
0
0
0
0
0
0
0
0
0
0
0
0
0
0
0
0
0
0
0
0
0
0
0
0
0
0
0
0
0
0
0
0
0
0
0
0
0
0
0
0
0
0
0
0
0
0
0
0
0
0
0
0
0
0
0
0
0
0
0
0
0
0
0
0
0
0
0
0
0
0
0
0
0
0
0
0
0
0
0
0
0
0
0
0
0
0
0
0
0
0
0
0
0
0
0
0
0
0
0
0
0
0
0
0
0
0
0
0
0
0
0
0
0
0
0
0
0
0
0
0
0
0
0
0
0
0
0
0
0
0
0
0
0
0
0
0
0
0
0
0
0
0
0
0
0
0
0
0
0
0
0
0
0
0
0
0
0
0
0
0
0
0
0
0
0
0
0
0
0
0
0
0
0
0
0
0
0
0
0
0
0
0
0
0
0
0
0
0
0
0
0
0
0
0
0
0
0
0
0
0
0
0
0
0
0
0
0
0
0
0
0
0
0
0
0
0
0
0
0
0
0
0
0
0
0
0
0
0
0
0
0
0
0
0
0
0
0
0
0
0
0
0
0
0
0
0
0
0
0
0
0
0
0
0
0
0
0
0
0
0
0
0
0
0
0
0
0
0
0
0
0
0
0
0
0
0
0
0
0
0
0
0
0
0
0
0
0
0
0
0
0
0
0
0
0
0
0
0
0
0
0
0
0
0
0
0
0
0
0
0
0
0
0
0
0
0
0
0
0
0
0
0
0
0
0
0
0
0
0
0
0
0
0
0
0
0
0
0
0
0
0
0
0
0
0
0
0
0
0
0
0
0
0
0
0
0
0
0
0
0
0
0
0
0
0
0
0
0
0
0
0
0
0
0
0
0
0
0
0
0
0
0
0
0
0
0
0
0
0
0
0
0
0
0
0
0
0
0
0
0
0
0
0
0
0
0
0
0
0
0
0
0
0
0
0
0
0
0
0
0
0
0
0
0
0
0
0
0
0
0
0
0
0
0
0
0
0
0
0
0
0
0
0
0
0
0
0
0
0
0
0
0
0
0
0
0
7.006492321624085e-45
2.522337235784671e-44
4.624284932271896e-44
7.42688186092153e-44
1.233142648605839e-43
1.961817850054744e-43
3.152921544730838e-43
5.184804318001823e-43
8.940284202392333e-43
1.538625713828649e-42
2.666670977610127e-42
4.642501812308119e-42
8.068676557582297e-42
1.401718853864115e-41
2.432373874375017e-41
4.21622681946051e-41
7.295159805274998e-41
1.260159682998021e-40
2.172965502659207e-40
3.740289809037229e-40
6.426999354687201e-40
1.102472968106014e-39
1.887868527495395e-39
3.22719877113084e-39
5.507216469972141e-39
9.381869782261155e-39
1.595507361222369e-38
2.708706007904171e-38
4.590705617171281e-38
7.766987648081492e-38
1.311845063452301e-37
2.211923169421717e-37
3.723197779304289e-37
6.256358196011896e-37
1.049512193051833e-36
1.757578576458626e-36
2.938355082605829e-36
4.904073609486643e-36
8.170972152625924e-36
1.359112681220942e-35
2.25685186535005e-35
3.741255283500451e-35
6.191548003028066e-35
1.022938716931445e-34
1.68721068937549e-34
2.77817276187175e-34
4.566885551730822e-34
7.494676474354431e-34
1.22788677688691e-33
2.008340547245525e-33
3.279371364720971e-33
5.345877943839074e-33
8.700084952353238e-33
1.41352887119113e-32
2.29278527435796e-32
3.712790090864564e-32
6.002283981040222e-32
9.687517545585634e-32
1.560950585850989e-31
2.511002870150259e-31
4.032620827275558e-31
6.465623769777004e-31
1.034944629034581e-30
1.653895913245365e-30
2.638665271211708e-30
4.202872282043006e-30
6.683355322165125e-30
1.061035958069162e-29
1.681719620026504e-29
2.661127219120328e-29
4.204040554156536e-29
6.630680686796304e-29
1.04409477110093e-28
1.641394498850924e-28
2.576189856712962e-28
4.03678262646843e-28
6.315184472956508e-28
9.863487469098928e-28
1.538046112843691e-27
2.394436092297747e-27
3.721626965191051e-27
5.775088909007699e-27
8.947080119973921e-27
1.383889441565488e-26
2.137073496050297e-26
3.294853523615275e-26
5.071680745047171e-26
7.794123853584854e-26
1.195867279774938e-25
1.831890082394872e-25
2.801671305847665e-25
4.277959655463141e-25
6.521666931338623e-25
9.926206202035914e-25
1.508382218772068e-24
2.288459848066736e-24
3.466406673265381e-24
5.242283637781228e-24
7.915289905746503e-24
1.193215385791379e-23
1.795878769425998e-23
2.698620266013439e-23
4.048681867918472e-23
6.064471707437293e-23
9.069433484218829e-23
1.354177688781859e-22
2.018737591840579e-22
3.004644717806509e-22
4.464943131002319e-22
6.624431305036348e-22
9.812767270224491e-22
1.451259102207485e-21
2.142936786769887e-21
3.159257416261993e-21
4.650207455381385e-21
6.833945693269338e-21
1.002727564023673e-20
1.468949660154575e-20
2.148541702823822e-20
3.137572319126354e-20
4.574642244602678e-20
6.659386188654928e-20
9.678881060278751e-20
1.404527735449694e-19
2.034931773799159e-19
2.943635430116292e-19
4.251411338983867e-19
6.13051934597817e-19
8.826260120245743e-19
1.26873696476177e-18
1.820883642556096e-18
2.609206618653833e-18
3.732937891456868e-18
5.332234530365881e-18
7.604732110801175e-18
1.082866772104599e-17
1.539510340339395e-17
2.185278498594846e-17
3.097045938843056e-17
4.382332078645506e-17
6.191271522669551e-17
8.733157178631112e-17
1.2299279706624e-16
1.729438387432634e-16
2.42799347352485e-16
3.403352971079361e-16
4.763032492626829e-16
6.655445974811602e-16
9.285125404615989e-16
1.293347842052392e-15
1.798704956680608e-15
2.497591206185421e-15
3.462578361784329e-15
4.792858428523785e-15
6.62378494203442e-15
9.139752316252286e-15
1.259154286642038e-14
1.73196773898621e-14
2.378574564415072e-14
3.261442426349091e-14
4.46496884061974e-14
6.10299096957985e-14
8.328799076199461e-14
1.134846882265561e-13
1.543857001875398e-13
2.096966941452297e-13
2.843743849342134e-13
3.850379758953137e-13
5.205116936427001e-13
7.025398058441157e-13
9.467266380569495e-13
1.273770477115688e-12
1.711079953940764e-12
2.294888020934471e-12
3.073013631754717e-12
4.108457931500942e-12
5.484084106971432e-12
7.308694448260322e-12
9.724910113306784e-12
1.29193582915077e-11
1.713583788753859e-11
2.269228902007647e-11
3.000262885355376e-11
3.960479513787085e-11
5.219670529132969e-11
6.868228208389837e-11
9.023023300747113e-11
1.183489833911366e-10
1.549820272117586e-10
2.026291634482646e-10
2.644999774759071e-10
3.447082341789809e-10
4.485174176505069e-10
5.826500948380442e-10
7.556773540251527e-10
9.785079413404674e-10
1.265000659778082e-09
1.632731505551988e-09
2.103950569321e-09
2.706774582250659e-09
3.476671395219455e-09
4.458299063259119e-09
5.707786687736416e-09
7.295555271014109e-09
9.309792048384224e-09
1.186073284031863e-08
1.508592362142736e-08
1.915667446894531e-08
2.4285943922564e-08
3.073798282571261e-08
3.884007071519591e-08
4.899680305925358e-08
6.170740363131699e-08
7.758671216606672e-08
9.73905116552487e-08
1.220460745798846e-07
1.526889121805652e-07
1.907068423179226e-07
2.377927756924691e-07
2.960078688829526e-07
3.678565576592518e-07
4.563760569453734e-07
5.652423737956269e-07
6.988958034526149e-07
8.626890917184937e-07
1.063062200046261e-06
1.307747538703552e-06
1.606009391252883e-06
1.968925971596036e-06
2.409716671536444e-06
2.944122797998716e-06
3.590850155887892e-06
4.372079274617136e-06
5.314057034411235e-06
6.447771738748997e-06
7.809732778696343e-06
9.442862392461393e-06
1.139750747825019e-05
1.37325905598118e-05
1.651692218729295e-05
1.983067159017082e-05
2.376703014306258e-05
2.843407310137991e-05
3.395685052964836e-05
4.047968468512408e-05
4.816878572455607e-05
5.721506022382528e-05
6.783725984860212e-05
8.02854192443192e-05
9.484458132646978e-05
0.0001118388827308081
0.0001316359412157908
0.0001546515995869413
0.0001813549315556884
0.000212273676879704
0.0002479997929185629
0.0002891954500228167
0.0003365991869941354
0.0003910322266165167
0.0004534049949143082
0.0005247234948910773
0.0006060959422029555
0.0006987389060668647
0.0008039836538955569
0.0009232814190909266
0.001058208756148815
0.00121047196444124
0.001381910406053066
0.001574498717673123
0.001790347974747419
0.002031705109402537
0.002300950000062585
0.002600590931251645
0.002933258656412363
0.003301694756373763
0.003708742558956146
0.004157327581197023
0.004650443326681852
0.005191124975681305
0.005782425403594971
0.00642738351598382
0.007128994446247816
0.007890170440077782
0.008713697083294392
0.009602195583283901
0.01055806782096624
0.01158345211297274
0.01268017012625933
0.01384966354817152
0.01509295124560595
0.01641056500375271
0.01780250109732151
0.01926816254854202
0.02080631069839001
0.02241502515971661
0.02409166283905506
0.02583281509578228
0.02763430029153824
0.02949113957583904
0.03139755874872208
0.0333469919860363
0.03533211350440979
0.03734488412737846
0.03937657549977303
0.04141786694526672
0.04345892369747162
0.04548949003219604
0.04749902337789536
0.04947680234909058
0.05141209065914154
0.05329427123069763
0.0551130436360836
0.05685856565833092
0.05852162092924118
0.06009381264448166
0.06156770884990692
0.06293703615665436
0.06419678777456284
0.06534338742494583
0.0663747638463974
0.06729049235582352
0.06809177249670029
0.0687815323472023
0.06936439126729965
0.06984661519527435
0.07023602724075317
0.07054191827774048
0.07077488303184509
0.07094665616750717
0.07106982916593552
0.07115771621465683
0.07122398167848587
0.07128241658210754
0.07134661823511124
0.07142969965934753
0.07154401391744614
0.07170083373785019
0.07191008329391479
0.07218016684055328
0.07251768559217453
0.0729273334145546
0.0734117329120636
0.07397142797708511
0.07460480928421021
0.07530826330184937
0.07607617229223251
0.07690113037824631
0.07777414470911026
0.07868494093418121
0.07962219417095184
0.08057389408349991
0.08152773976325989
0.08247145265340805
0.08339317888021469
0.08428183197975159
0.08512743562459946
0.08592143654823303
0.08665695041418076
0.0873289555311203
0.08793444186449051
0.08847247064113617
0.0889442190527916
0.08935290575027466
0.08970357477664948
0.09000298380851746
0.09025934338569641
0.0904819518327713
0.09068091213703156
0.09086669981479645
0.09104983508586884
0.09124046564102173
0.09144801646471024
0.0916808694601059
0.09194605797529221
0.09224902838468552
0.0925934910774231
0.09298130869865417
0.09341243654489517
0.09388504922389984
0.09439557790756226
0.09493893384933472
0.09550876170396805
0.09609772264957428
0.09669780731201172
0.09730072319507599
0.09789822995662689
0.09848248213529587
0.09904639422893524
0.09958384931087494
0.100090004503727
0.1005614399909973
0.1009962633252144
0.1013941615819931
0.1017563492059708
0.1020854860544205
0.1023854985833168
0.1026613786816597
0.1029189005494118
0.1031643375754356
0.1034041568636894
0.1036446988582611
0.1038918793201447
0.1041509434580803
0.104426234960556
0.1047210022807121
0.1050373092293739
0.1053759455680847
0.1057364419102669
0.1061171740293503
0.10651545971632
0.1069277673959732
0.1073498651385307
0.1077771484851837
0.1082048192620277
0.1086282134056091
0.1090429723262787
0.109445296227932
0.1098321378231049
0.1102012917399406
0.1105514913797379
0.1108824759721756
0.1111948862671852
0.1114903017878532
0.1117710173130035
0.1120399087667465
0.112300269305706
0.112555630505085
0.112809494137764
0.1130651831626892
0.1133256182074547
0.1135932132601738
0.113869771361351
0.1141563802957535
0.1144533827900887
0.1147604063153267
0.1150764301419258
0.1153998523950577
0.1157286241650581
0.1160604059696198
0.116392694413662
0.1167230159044266
0.1170490607619286
0.1173687875270844
0.1176805943250656
0.1179833337664604
0.1182764023542404
0.1185597330331802
0.1188337653875351
0.1190993934869766
0.1193578988313675
0.1196108385920525
0.11985994130373
0.120106965303421
0.120353601872921
0.1206013560295105
0.1208514645695686
0.1211048290133476
0.1213619485497475
0.1216229349374771
0.1218875199556351
0.1221550479531288
0.1224245727062225
0.1226949244737625
0.1229647547006607
0.1232326626777649
0.1234972551465034
0.1237572133541107
0.1240113824605942
0.1242587938904762
0.1244986802339554
0.1247305348515511
0.1249540150165558
0.125168964266777
0.1253753900527954
0.1255733519792557
0.1257628500461578
0.1259438991546631
0.1261163502931595
0.1262798309326172
0.1264337152242661
0.1265771239995956
0.1267088055610657
0.1268271952867508
0.1269304156303406
0.1270163059234619
0.1270824074745178
0.1271260529756546
0.1271443963050842
0.1271344274282455
0.1270930767059326
0.1270171999931335
0.1269037127494812
0.1267495453357697
0.1265516430139542
0.1263070851564407
0.1260129809379578
0.125666618347168
0.1252654045820236
0.1248068287968636
0.1242885440587997
0.1237083971500397
0.123064398765564
0.1223548129200935
0.1215781942009926
0.1207333952188492
0.1198196858167648
0.1188368201255798
0.1177850365638733
0.1166652366518974
0.1154789924621582
0.1142286062240601
0.1129171997308731
0.1115487515926361
0.1101280599832535
0.1086608394980431
0.1071536689996719
0.105613961815834
0.1040499061346054
0.1024703830480576
0.100884921848774
0.09930350631475449
0.09773643314838409
0.09619426727294922
0.09468753635883331
0.09322667121887207
0.09182177484035492
0.09048242121934891
0.08921749144792557
0.08803499490022659
0.08694186061620712
0.08594384044408798
0.08504530787467957
0.08424914628267288
0.0835566371679306
0.08296741545200348
0.08247937262058258
0.08208872377872467
0.08178997784852982
0.08157604187726974
0.08143828809261322
0.08136675506830215
0.08135032653808594
0.08137694001197815
0.08143386989831924
0.08150800317525864
0.08158613741397858
0.0816553458571434
0.08170325309038162
0.08171839267015457
0.08169050514698029
0.08161082863807678
0.08147230744361877
0.08126982301473618
0.08100034296512604
0.08066298812627792
0.0802590474486351
0.07979192584753036
0.07926705479621887
0.07869170606136322
0.07807469367980957
0.07742615789175034
0.07675713300704956
0.07607923448085785
0.07540419697761536
0.07474352419376373
0.0741080567240715
0.07350762188434601
0.07295066118240356
0.07244396954774857
0.07199244946241379
0.07159895449876785
0.07126426696777344
0.0709870308637619
0.07076387852430344
0.0705895721912384
0.07045727968215942
0.07035886496305466
0.07028520107269287
0.07022662460803986
0.07017330080270767
0.07011561095714569
0.0700446292757988
0.06995239108800888
0.06983227282762527
0.06967920064926147
0.06948987394571304
0.06926279515028
0.06899835169315338
0.0686986967921257
0.0683676078915596
0.06801027804613113
0.0676330029964447
0.06724284589290619
0.0668472945690155
0.06645386666059494
0.06606972962617874
0.06570136547088623
0.06535427272319794
0.0650327280163765
0.06473959237337112
0.06447621434926987
0.06424239277839661
0.06403643637895584
0.06385531276464462
0.06369483470916748
0.06354990601539612
0.06341481953859329
0.06328357756137848
0.06315018981695175
0.06300898641347885
0.06285489350557327
0.06268365681171417
0.06249204277992249
0.0622779056429863
0.06204023957252502
0.06177916377782822
0.06149579584598541
0.0611921139061451
0.06087074056267738
0.06053470447659492
0.06018717959523201
0.05983123183250427
0.0594695508480072
0.05910425260663033
0.05873666331171989
0.05836721509695053
0.05799537152051926
0.05761959031224251
0.05723737180233002
0.05684536695480347
0.05643948912620544
0.05601512268185616
0.05556729435920715
0.05509090051054955
0.05458088964223862
0.05403246358036995
0.05344123393297195
0.05280334502458572
0.0521155409514904
0.05137524753808975
0.05058052018284798
0.04973002150654793
0.04882295057177544
0.04785891622304916
0.04683783277869225
0.04575980827212334
0.04462501406669617
0.04343360662460327
0.04218563064932823
0.04088099300861359
0.03951944410800934
0.03810062631964684
0.03662410750985146
0.03508949279785156
0.03349652141332626
0.03184521198272705
0.0301359910517931
0.02836981229484081
0.02654828503727913
0.02467377297580242
0.02274946868419647
0.02077944204211235
0.01876863464713097
0.01672283932566643
0.01464865263551474
0.01255338173359632
0.01044493913650513
0.008331714197993279
0.006222439464181662
0.004126047249883413
0.002051534131169319
7.825205102562904e-06
-0.001996347215026617
-0.003952553495764732
-0.005852764006704092
-0.007689431309700012
-0.009455564431846142
-0.01114478800445795
-0.01275140326470137
-0.01427042856812477
-0.01569765992462635
-0.01702971197664738
-0.01826407015323639
-0.01939914561808109
-0.02043432742357254
-0.02137002721428871
-0.02220772951841354
-0.02295002341270447
-0.0236006323248148
-0.02416441589593887
-0.02464734949171543
-0.02505648694932461
-0.02539989724755287
-0.02568655461072922
-0.02592622488737106
-0.02612931840121746
-0.02630669623613358
-0.02646948769688606
-0.0266288761049509
-0.02679587714374065
-0.02698111906647682
-0.02719462662935257
-0.02744560874998569
-0.02774226665496826
-0.02809162810444832
-0.02849939651787281
-0.02896983548998833
-0.02950569987297058
-0.03010817058384418
-0.0307768564671278
-0.03150980919599533
-0.0323035903275013
-0.03315335139632225
-0.03405294567346573
-0.03499510139226913
-0.03597158938646317
-0.03697340190410614
-0.0379909910261631
-0.03901448100805283
-0.04003390669822693
-0.04103945195674896
-0.04202168807387352
-0.04297180473804474
-0.04388183727860451
-0.04474484920501709
-0.04555510729551315
-0.04630823060870171
-0.04700130596756935
-0.04763295128941536
-0.04820334911346436
-0.04871424287557602
-0.04916885122656822
-0.04957179352641106
-0.0499289333820343
-0.05024720728397369
-0.05053439736366272
-0.0507989190518856
-0.05104954540729523
-0.05129512771964073
-0.05154435709118843
-0.05180547013878822
-0.05208603292703629
-0.05239266902208328
-0.05273092165589333
-0.05310506001114845
-0.05351797491312027
-0.05397112667560577
-0.05446450412273407
-0.05499668046832085
-0.05556486919522285
-0.05616505816578865
-0.05679216235876083
-0.05744023993611336
-0.05810268595814705
-0.0587724931538105
-0.05944252014160156
-0.06010571867227554
-0.06075538694858551
-0.06138541176915169
-0.06199045106768608
-0.06256613880395889
-0.06310919672250748
-0.06361755728721619
-0.06409035623073578
-0.06452800333499908
-0.06493209302425385
-0.06530530750751495
-0.06565135717391968
-0.06597470492124557
-0.06628049910068512
-0.06657422333955765
-0.06686161458492279
-0.06714831292629242
-0.0674397274851799
-0.06774075329303741
-0.0680556520819664
-0.06838785856962204
-0.06873989850282669
-0.06911329925060272
-0.06950854510068893
-0.06992508471012115
-0.0703614205121994
-0.07081515341997147
-0.07128315418958664
-0.07176169008016586
-0.07224664837121964
-0.07273367792367935
-0.07321838289499283
-0.0736965537071228
-0.07416431605815887
-0.07461830973625183
-0.07505577802658081
-0.07547470182180405
-0.07587385922670364
-0.07625281810760498
-0.07661198079586029
-0.0769524872303009
-0.07727611809968948
-0.07758519798517227
-0.07788246870040894
-0.07817091047763824
-0.07845363020896912
-0.07873363792896271
-0.07901369035243988
-0.07929622381925583
-0.07958316802978516
-0.07987584918737411
-0.08017495274543762
-0.08048044890165329
-0.0807916447520256
-0.08110716938972473
-0.08142505586147308
-0.0817427933216095
-0.08205743879079819
-0.0823657289147377
-0.08266422152519226
-0.08294937759637833
-0.08321775496006012
-0.08346603810787201
-0.08369113504886627
-0.08389029651880264
-0.08406112343072891
-0.08420158922672272
-0.08431004732847214
-0.08438519388437271
-0.08442602306604385
-0.08443176746368408
-0.08440181612968445
-0.08433561027050018
-0.08423257619142532
-0.08409202843904495
-0.08391313254833221
-0.08369480818510056
-0.08343570679426193
-0.08313417434692383
-0.08278825879096985
-0.08239573985338211
-0.0819542184472084
-0.08146113157272339
-0.08091387152671814
-0.08030987530946732
-0.07964672893285751
-0.0789223238825798
-0.0781349241733551
-0.07728332281112671
-0.07636692374944687
-0.07538583129644394
-0.07434089481830597
-0.07323381304740906
-0.07206712663173676
-0.07084423303604126
-0.06956934183835983
-0.06824750453233719
-0.06688452512025833
-0.06548690050840378
-0.0640617311000824
-0.06261662393808365
-0.06115960702300072
-0.05969904735684395
-0.05824348703026772
-0.05680160596966743
-0.05538206547498703
-0.05399342998862267
-0.05264406278729439
-0.05134202912449837
-0.05009499192237854
-0.04891014099121094
-0.04779407382011414
-0.04675272479653358
-0.04579127207398415
-0.04491405561566353
-0.04412450268864632
-0.04342501983046532
-0.04281695932149887
-0.04230054095387459
-0.04187479615211487
-0.04153754934668541
-0.04128537699580193
-0.04111364856362343
-0.04101653024554253
-0.0409870482981205
-0.04101718217134476
-0.04109795764088631
-0.04121961444616318
-0.04137175530195236
-0.04154354706406593
-0.04172392934560776
-0.04190186038613319
-0.042066540569067
-0.04220765084028244
-0.04231560230255127
-0.04238177463412285
-0.04239872097969055
-0.04236035421490669
-0.04226208478212357
-0.04210096970200539
-0.04187576845288277
-0.0415869802236557
-0.04123681411147118
-0.04082914441823959
-0.04036938771605492
-0.03986434638500214
-0.03932201862335205
-0.03875134885311127
-0.0381619893014431
-0.0375639945268631
-0.03696753829717636
-0.03638263046741486
-0.03581880405545235
-0.03528482839465141
-0.03478848934173584
-0.03433634340763092
-0.03393354266881943
-0.03358368948101997
-0.03328874707221985
-0.03304901719093323
-0.03286313638091087
-0.0327281728386879
-0.03263970464468002
-0.03259203210473061
-0.03257834166288376
-0.03259099647402763
-0.03262176737189293
-0.03266214951872826
-0.03270363807678223
-0.03273802250623703
-0.03275765851140022
-0.03275573626160622
-0.03272650390863419
-0.0326654464006424
-0.03256940096616745
-0.03243668004870415
-0.03226707503199577
-0.03206182271242142
-0.03182355314493179
-0.031556136906147
-0.03126450628042221
-0.03095445036888123
-0.03063235059380531
-0.0303049311041832
-0.02997896261513233
-0.02966100722551346
-0.02935715019702911
-0.02907274663448334
-0.0288122296333313
-0.02857896126806736
-0.02837509289383888
-0.02820153348147869
-0.02805791795253754
-0.02794267795979977
-0.02785314060747623
-0.02778567187488079
-0.02773587219417095
-0.02769877389073372
-0.02766911685466766
-0.02764156088232994
-0.02761094085872173
-0.0275725070387125
-0.0275221224874258
-0.02745642699301243
-0.02737298235297203
-0.02727034129202366
-0.02714809402823448
-0.02700683102011681
-0.02684810012578964
-0.02667428366839886
-0.02648844942450523
-0.02629418112337589
-0.02609537728130817
-0.02589604444801807
-0.02570008859038353
-0.02551113069057465
-0.02533232420682907
-0.02516621164977551
-0.02501462213695049
-0.0248786024749279
-0.02475839853286743
-0.0246534701436758
-0.02456254698336124
-0.02448374032974243
-0.02441465854644775
-0.02435254864394665
-0.02429447695612907
-0.02423748373985291
-0.02417874708771706
-0.02411572821438313
-0.02404630370438099
-0.02396885864436626
-0.02388235367834568
-0.02378635667264462
-0.0236810389906168
-0.02356712892651558
-0.02344585582613945
-0.02331885322928429
-0.02318804152309895
-0.02305550500750542
-0.02292335592210293
-0.02279362268745899
-0.02266812510788441
-0.0225483812391758
-0.02243552915751934
-0.0223302785307169
-0.02223289012908936
-0.02214318513870239
-0.02206057123839855
-0.02198410406708717
-0.02191256359219551
-0.021844532340765
-0.02177851088345051
-0.02171299047768116
-0.02164656668901443
-0.02157800830900669
-0.02150633372366428
-0.0214308500289917
-0.02135118842124939
-0.02126729860901833
-0.0211794488132
-0.02108818665146828
-0.02099427208304405
-0.02089864201843739
-0.02080231718719006
-0.02070635370910168
-0.02061174623668194
-0.02051938138902187
-0.02042997814714909
-0.02034405432641506
-0.02026190236210823
-0.02018357999622822
-0.02010892517864704
-0.0200375709682703
-0.01996899023652077
-0.01990253105759621
-0.01983747817575932
-0.0197730977088213
-0.01970869302749634
-0.01964365132153034
-0.01957746781408787
-0.01950979232788086
-0.01944043301045895
-0.01936936564743519
-0.01929671503603458
-0.01922274380922318
-0.01914782635867596
-0.01907241158187389
-0.01899698749184608
-0.01892204210162163
-0.01884803175926208
-0.0187753401696682
-0.01870426908135414
-0.01863501220941544
-0.0185676459223032
-0.01850213669240475
-0.01843834854662418
-0.01837605983018875
-0.01831498183310032
-0.01825478859245777
-0.01819513738155365
-0.01813570410013199
-0.01807619817554951
-0.01801638677716255
-0.01795610040426254
-0.01789525337517262
-0.01783383637666702
-0.01777191087603569
-0.01770960539579391
-0.01764709129929543
-0.01758457720279694
-0.01752228103578091
-0.01746042259037495
-0.01739919371902943
-0.01733875647187233
-0.01727922074496746
-0.01722065359354019
-0.01716305874288082
-0.01710640080273151
-0.01705058850347996
-0.01699550449848175
-0.0169410090893507
-0.01688694767653942
-0.01683317124843597
-0.01677954941987991
-0.01672597043216228
-0.01667235419154167
-0.01661865599453449
-0.016564866527915
-0.01651101373136044
-0.01645714975893497
-0.01640334911644459
-0.01634970121085644
-0.01629630289971828
-0.01624324358999729
-0.01619060710072517
-0.0161384604871273
-0.01608684286475182
-0.0160357765853405
-0.01598525606095791
-0.01593525521457195
-0.0158857312053442
-0.01583662442862988
-0.0157878715544939
-0.01573940925300121
-0.01569117046892643
-0.01564310863614082
-0.01559517718851566
-0.01554735284298658
-0.01549962442368269
-0.0154519947245717
-0.01540448609739542
-0.01535712741315365
-0.01530995219945908
-0.01526300050318241
-0.01521631050854921
-0.01516991574317217
-0.01512384414672852
-0.01507811155170202
-0.01503272727131844
-0.01498768944293261
-0.01494298968464136
-0.01489860471338034
-0.01485451217740774
-0.01481068413704634
-0.01476709078997374
-0.01472370699048042
-0.01468051038682461
-0.01463748421519995
-0.0145946191623807
-0.01455191150307655
-0.01450936123728752
-0.01446697954088449
-0.01442477479577065
-0.01438276562839746
-0.014340965077281
-0.01429938618093729
-0.01425804290920496
-0.01421694364398718
-0.01417609304189682
-0.01413549203425646
-0.01409513689577579
-0.01405502017587423
-0.01401513256132603
-0.01397546287626028
-0.01393599808216095
-0.01389672420918941
-0.01385763194411993
-0.01381871476769447
-0.01377996522933245
-0.01374138332903385
-0.01370296720415354
-0.01366471964865923
-0.01362664438784122
-0.0135887460783124
-0.01355103217065334
-0.01351350732147694
-0.01347617339342833
-0.01343903411179781
-0.01340209040790796
-0.01336533855646849
-0.01332877855747938
-0.01329240575432777
-0.01325621735304594
-0.01322020776569843
-0.01318437233567238
-0.01314870454370975
-0.01311320159584284
-0.01307786256074905
-0.01304268185049295
-0.01300765946507454
-0.01297279261052608
-0.01293808408081532
-0.01290353201329708
-0.01286913827061653
-0.01283490564674139
-0.01280083414167166
-0.01276692468672991
-0.01273317821323872
-0.01269959472119808
-0.01266617327928543
-0.01263291295617819
-0.01259981095790863
-0.01256686355918646
-0.01253407076001167
-0.01250142976641655
-0.01246893685311079
-0.0124365882948041
-0.01240438409149647
-0.01237232144922018
-0.01234040036797523
-0.01230861898511648
-0.01227697730064392
-0.01224547531455755
-0.01221411488950253
-0.01218289416283369
-0.01215181592851877
-0.01212087739259005
-0.01209008041769266
-0.01205942220985889
-0.01202890276908875
-0.01199852116405964
-0.01196827460080385
-0.01193816214799881
-0.01190818380564451
-0.01187833584845066
-0.01184861734509468
-0.01181902829557657
-0.01178956869989634
-0.01176023483276367
-0.01173102762550116
-0.01170194521546364
-0.01167299132794142
-0.01164416316896677
-0.0116154607385397
-0.01158688403666019
-0.01155842933803797
-0.01153009757399559
-0.01150188967585564
-0.01147380284965038
-0.01144583616405725
-0.01141798961907625
-0.01139025948941708
-0.0113626467064023
-0.01133514940738678
-0.01130776945501566
-0.01128050219267607
-0.01125334855169058
-0.01122630853205919
-0.01119938120245934
-0.01117256470024586
-0.01114585995674133
-0.01111926790326834
-0.01109278667718172
-0.01106641720980406
-0.0110401576384902
-0.01101400796324015
-0.01098796352744102
-0.01096202619373798
-0.01093619503080845
-0.01091047003865242
-0.01088485214859247
-0.01085933763533831
-0.01083393022418022
-0.01080862712115049
-0.01078342832624912
-0.01075833290815353
-0.01073333900421858
-0.01070844661444426
-0.01068365387618542
-0.01065896172076464
-0.01063437014818192
-0.01060987636446953
-0.01058548036962748
-0.01056118216365576
-0.01053697988390923
-0.01051287353038788
-0.01048886124044657
-0.01046494580805302
-0.0104411244392395
-0.01041739899665117
-0.01039376761764288
-0.01037022937089205
-0.0103467833250761
-0.01032342948019505
-0.0103001669049263
-0.01027699746191502
-0.0102539174258709
-0.01023092679679394
-0.01020802650600672
-0.01018521282821894
-0.01016248948872089
-0.01013985183089972
-0.01011730171740055
-0.01009483821690083
-0.01007246039807796
-0.01005016826093197
-0.01002796180546284
-0.01000584103167057
-0.009983805008232594
-0.009961854666471481
-0.009939988143742085
-0.009918206371366978
-0.009896509349346161
-0.00987489428371191
-0.009853360243141651
-0.009831907227635384
-0.009810535237193108
-0.009789242409169674
-0.009768029674887657
-0.009746897034347057
-0.0097258435562253
-0.009704869240522385
-0.009683971293270588
-0.009663153439760208
-0.009642412886023521
-0.009621748700737953
-0.009601161815226078
-0.009580650366842747
-0.009560215286910534
-0.00953985657542944
-0.009519572369754314
-0.009499364532530308
-0.009479230269789696
-0.009459169581532478
-0.009439184330403805
-0.009419274516403675
-0.009399437345564365
-0.00937967374920845
-0.009359981864690781
-0.009340361692011356
-0.009320811368525028
-0.009301332756876945
-0.009281923994421959
-0.009262584149837494
-0.009243314154446125
-0.009224113076925278
-0.009204980917274952
-0.009185917675495148
-0.009166921488940716
-0.009147991426289082
-0.00912912841886282
-0.009110331535339355
-0.009091601707041264
-0.009072938002645969
-0.009054342284798622
-0.009035810828208923
-0.009017346426844597
-0.008998948149383068
-0.008980615064501762
-0.008962348103523254
-0.008944146335124969
-0.008926008827984333
-0.008907935582101345
-0.008889925666153431
-0.008871978148818016
-0.008854092098772526
-0.008836268447339535
-0.008818507194519043
-0.008800804615020752
-0.008783163502812386
-0.008765583857893944
-0.008748065680265427
-0.00873060617595911
-0.008713208138942719
-0.008695870637893677
-0.00867859274148941
-0.008661373518407345
-0.008644213899970055
-0.008627112954854965
-0.008610070683062077
-0.008593087084591389
-0.008576162159442902
-0.008559294044971466
-0.008542482741177082
-0.008525729179382324
-0.008509033359587193
-0.008492391556501389
-0.008475806564092636
-0.008459278382360935
-0.008442804217338562
-0.008426385931670666
-0.008410022594034672
-0.008393715135753155
-0.008377463556826115
-0.008361265994608402
-0.008345121517777443
-0.008329031988978386
-0.008312996476888657
-0.008297012187540531
-0.008281080052256584
-0.00826520100235939
-0.0082493731752038
-0.008233597502112389
-0.008217873051762581
-0.008202200755476952
-0.008186579681932926
-0.008171007968485355
-0.008155487477779388
-0.008140017278492451
-0.008124597370624542
-0.008109229616820812
-0.008093912154436111
-0.008078644052147865
-0.008063425309956074
-0.008048257790505886
-0.008033139631152153
-0.008018071763217449
-0.008003052324056625
-0.007988081313669682
-0.007973159663379192
-0.007958286441862583
-0.007943459786474705
-0.007928680628538132
-0.007913948036730289
-0.007899264805018902
-0.00788462720811367
-0.007870037108659744
-0.007855494506657124
-0.007840998470783234
-0.0078265480697155
-0.007812143303453922
-0.007797783706337214
-0.007783468812704086
-0.007769199088215828
-0.007754973135888577
-0.007740792818367481
-0.00772665673866868
-0.007712563499808311
-0.007698512636125088
-0.007684506475925446
-0.007670543622225523
-0.007656624540686607
-0.007642749231308699
-0.007628917694091797
-0.007615129929035902
-0.007601386401802301
-0.00758768618106842
-0.007574029266834259
-0.007560413796454668
-0.007546840235590935
-0.007533309049904346
-0.007519818376749754
-0.007506368216127157
-0.007492959033697844
-0.007479591760784388
-0.007466265931725502
-0.007452979683876038
-0.007439734414219856
-0.007426530588418245
-0.007413366809487343
-0.007400243543088436
-0.007387159857898951
-0.007374115753918886
-0.00736111169680953
-0.007348146755248308
-0.007335219997912645
-0.007322331890463829
-0.007309482432901859
-0.007296671625226736
-0.00728389760479331
-0.007271161768585443
-0.007258464582264423
-0.007245805580168962
-0.007233184762299061
-0.007220602128654718
-0.007208056747913361
-0.007195548620074987
-0.007183078210800886
-0.007170644123107195
-0.007158246356993914
-0.00714588537812233
-0.007133561186492443
-0.007121273782104254
-0.007109023164957762
-0.007096809335052967
-0.007084633223712444
-0.007072493899613619
-0.007060392294079065
-0.007048327010124922
-0.007036297582089901
-0.00702430447563529
-0.007012346293777227
-0.007000423036515713
-0.006988535169512033
-0.00697668083012104
-0.006964860018342733
-0.006953072734177113
-0.006941319443285465
-0.006929599214345217
-0.006917912513017654
-0.006906258407980204
-0.006894636899232864
-0.006883048452436924
-0.00687149353325367
-0.00685997074469924
-0.006848480086773634
-0.006837021559476852
-0.006825595628470182
-0.006814203690737486
-0.006802844814956188
-0.006791519001126289
-0.006780225783586502
-0.006768966093659401
-0.006757739000022411
-0.006746544037014246
-0.006735381670296192
-0.006724249571561813
-0.006713149137794971
-0.006702078972011805
-0.006691040005534887
-0.006680031772702932
-0.006669053807854652
-0.006658106576651335
-0.006647190079092979
-0.006636304315179586
-0.006625449284911156
-0.006614624988287687
-0.006603830959647894
-0.006593067664653063
-0.006582334637641907
-0.006571631878614426
-0.00656095938757062
-0.006550316233187914
-0.006539702881127596
-0.006529118865728378
-0.006518563721328974
-0.006508038379251957
-0.006497543305158615
-0.006487076170742512
-0.006476638838648796
-0.006466229911893606
-0.006455848924815655
-0.006445496808737516
-0.006435174029320478
-0.006424878723919392
-0.006414611358195543
-0.006404372397810221
-0.006394161377102137
-0.006383978761732578
-0.006373825017362833
-0.006363698281347752
-0.006353598088026047
-0.006343525368720293
-0.006333479192107916
-0.006323459558188915
-0.006313466466963291
-0.006303498987108469
-0.006293558049947023
-0.006283643189817667
-0.006273754872381687
-0.006263893563300371
-0.006254059262573719
-0.006244251970201731
-0.006234471686184406
-0.006224717479199171
-0.006214989814907312
-0.006205290090292692
-0.006195616442710161
-0.006185968872159719
-0.006176347378641367
-0.006166751496493816
-0.00615718076005578
-0.006147635169327259
-0.006138114724308252
-0.00612861942499876
-0.006119149271398783
-0.006109703332185745
-0.006100281607359648
-0.006090885028243065
-0.006081512663513422
-0.006072164513170719
-0.006062840577214956
-0.006053540855646133
-0.006044264417141676
-0.006035012658685446
-0.006025784183293581
-0.006016580387949944
-0.006007401272654533
-0.005998245906084776
-0.005989115219563246
-0.00598000967875123
-0.005970929283648729
-0.005961873102933168
-0.005952842067927122
-0.005943833850324154
-0.005934848915785551
-0.005925887264311314
-0.005916947964578867
-0.005908030550926924
-0.005899135023355484
-0.005890261847525835
-0.005881411023437977
-0.005872581619769335
-0.005863773636519909
-0.005854988005012274
-0.005846224725246429
-0.005837483797222376
-0.005828764755278826
-0.005820068530738354
-0.005811394657939672
-0.005802743136882782
-0.005794113501906395
-0.005785506684333086
-0.005776922218501568
-0.005768359638750553
-0.005759818945080042
-0.005751300137490034
-0.005742802750319242
-0.00573432631790638
-0.005725871305912733
-0.005717437714338303
-0.005709024611860514
-0.005700631532818079
-0.005692258011549711
-0.005683905445039272
-0.005675573367625475
-0.005667262710630894
-0.005658973008394241
-0.005650705192238092
-0.005642457865178585
-0.005634231958538294
-0.005626027472317219
-0.005617843475192785
-0.005609680898487568
-0.005601539276540279
-0.005593417678028345
-0.00558531703427434
-0.005577235948294401
-0.005569173023104668
-0.005561129655689001
-0.005553105380386114
-0.005545100197196007
-0.005537115037441254
-0.005529150366783142
-0.005521205719560385
-0.005513280630111694
-0.005505375098437071
-0.005497490055859089
-0.005489624571055174
-0.005481777712702751
-0.005473950412124395
-0.005466141272336245
-0.005458350758999586
-0.005450578406453133
-0.005442823749035597
-0.005435087252408266
-0.00542736891657114
-0.005419668275862932
-0.005411986727267504
-0.005404323805123568
-0.005396679509431124
-0.005389053374528885
-0.005381444934755564
-0.005373855587095022
-0.005366284865885973
-0.005358731839805841
-0.005351196974515915
-0.005343680270016193
-0.00533618126064539
-0.005328700412064791
-0.005321236792951822
-0.005313790868967772
-0.005306362640112638
-0.005298951640725136
-0.005291558336466551
-0.005284182727336884
-0.005276824347674847
-0.005269482731819153
-0.005262157879769802
-0.005254849791526794
-0.005247558932751417
-0.005240283906459808
-0.00523302610963583
-0.00522578414529562
-0.005218558013439178
-0.005211347248405218
-0.005204151850193739
-0.005196971353143454
-0.005189806222915649
-0.005182655993849039
-0.005175521597266197
-0.005168400704860687
-0.005161295179277658
-0.005154204554855824
-0.005147126503288746
-0.005140062421560287
-0.005133012775331736
-0.005125977098941803
-0.005118954926729202
-0.005111945793032646
-0.005104949697852135
-0.005097966175526381
-0.005090995226055384
-0.005084036849439144
-0.005077090114355087
-0.0050701554864645
-0.005063232034444809
-0.005056319292634726
-0.005049416329711676
-0.005042523611336946
-0.005035641603171825
-0.005028769839555025
-0.005021908320486546
-0.005015057511627674
-0.005008217878639698
-0.005001389421522617
-0.004994572605937719
-0.004987766500562429
-0.004980972036719322
-0.004974189680069685
-0.00496741896495223
-0.004960660822689533
-0.004953914787620306
-0.004947182256728411
-0.00494046276435256
-0.004933756776154041
-0.004927066154778004
-0.004920389968901873
-0.004913730546832085
-0.004907088819891214
-0.004900466650724411
-0.004893864970654249
-0.004887285642325878
-0.004880731459707022
-0.004874203819781542
-0.004867704585194588
-0.004861236084252596
-0.004854800645262003
-0.004848400130867958
-0.004842036869376898
-0.004835712723433971
-0.00482943095266819
-0.00482319388538599
-0.004817003384232521
-0.004810863174498081
-0.00480477511882782
-0.004798742476850748
-0.004792767111212015
-0.004786851350218058
-0.004780997522175312
-0.004775207489728928
-0.004769484046846628
-0.004763829056173563
-0.004758243449032307
-0.004752728156745434
-0.004747285041958094
-0.004741913639008999
-0.004736614879220724
-0.004731388762593269
-0.004726234823465347
-0.004721151199191809
-0.004716136027127504
-0.004711186978965998
-0.004706301260739565
-0.004701475612819195
-0.004696705844253302
-0.00469198590144515
-0.004687311593443155
-0.004682677797973156
-0.00467807799577713
-0.00467350659891963
-0.004668955691158772
-0.004664418287575245
-0.004659886937588453
-0.004655352793633938
-0.004650808870792389
-0.004646244924515486
-0.004641653038561344
-0.004637024365365505
-0.004632350523024797
-0.004627623129636049
-0.004622834734618664
-0.004617977887392044
-0.00461304560303688
-0.004608031362295151
-0.004602929577231407
-0.004597735591232777
-0.004592445213347673
-0.004587056115269661
-0.00458156643435359
-0.004575976170599461
-0.004570284392684698
-0.004564492497593164
-0.004558603744953871
-0.004552621394395828
-0.004546551965177059
-0.004540399648249149
-0.004534173291176558
-0.004527880344539881
-0.004521530121564865
-0.004515133332461119
-0.004508701153099537
-0.004502245225012302
-0.004495776724070311
-0.004489308223128319
-0.004482852295041084
-0.00447642058134079
-0.004470025189220905
-0.004463677760213614
-0.004457389004528522
-0.004451169166713953
-0.004445028025656939
-0.004438972566276789
-0.0044330102391541
-0.004427146166563034
-0.004421384539455175
-0.004415727686136961
-0.004410175140947104
-0.004404726438224316
-0.004399379249662161
-0.004394128452986479
-0.004388968460261822
-0.004383891355246305
-0.004378889221698046
-0.004373950883746147
-0.004369067028164864
-0.00436422461643815
-0.004359411541372538
-0.004354615230113268
-0.004349821712821722
-0.00434501888230443
-0.004340193700045347
-0.004335334990173578
-0.00433043111115694
-0.004325471818447113
-0.004320449195802212
-0.004315357189625502
-0.004310188814997673
-0.004304941743612289
-0.00429961271584034
-0.004294202197343111
-0.004288711119443178
-0.004283144138753414
-0.004277504980564117
-0.004271801561117172
-0.004266041330993176
-0.004260233603417873
-0.004254389088600874
-0.004248518031090498
-0.004242632538080215
-0.004236744251102209
-0.004230864346027374
-0.004225003998726606
-0.004219173453748226
-0.004213382489979267
-0.004207640420645475
-0.004201954230666161
-0.004196329042315483
-0.004190769046545029
-0.004185276571661234
-0.004179851152002811
-0.004174490459263325
-0.004169191233813763
-0.004163947887718678
-0.00415875343605876
-0.004153598565608263
-0.004148473031818867
-0.004143363796174526
-0.004138258751481771
-0.004133145324885845
-0.004128008615225554
-0.004122836049646139
-0.004117613192647696
-0.004112327471375465
-0.004106965847313404
-0.004101516678929329
-0.004095970652997494
-0.004090319387614727
-0.004084555897861719
-0.004078674130141735
-0.004072671756148338
-0.004066545516252518
-0.004060296807438135
-0.004053926561027765
-0.004047437570989132
-0.004040834493935108
-0.004034122452139854
-0.00402730843052268
-0.004020398948341608
-0.004013401456177235
-0.004006324801594019
-0.003999175969511271
-0.003991963341832161
-0.003984693437814713
-0.003977374173700809
-0.003970011603087187
-0.003962610848248005
-0.003955177962779999
-0.00394771620631218
-0.003940229769796133
-0.003932720515877008
-0.003925191704183817
-0.003917644266039133
-0.003910081926733255
-0.003902505850419402
-0.003894918132573366
-0.003887321799993515
-0.003879719879478216
-0.003872116329148412
-0.003864516271278262
-0.003856925526633859
-0.003849352244287729
-0.003841805038973689
-0.003834293689578772
-0.003826829371973872
-0.003819424426183105
-0.003812092123553157
-0.003804847132414579
-0.003797704353928566
-0.003790678223595023
-0.003783784341067076
-0.003777036909013987
-0.003770449897274375
-0.003764036344364285
-0.003757807891815901
-0.003751774318516254
-0.003745943075045943
-0.003740319050848484
-0.003734904807060957
-0.003729699878022075
-0.003724701004102826
-0.003719902131706476
-0.003715294180437922
-0.003710865508764982
-0.003706601448357105
-0.003702485468238592
-0.003698497777804732
-0.003694618120789528
-0.003690823912620544
-0.003687091637402773
-0.003683398012071848
-0.00367971952073276
-0.003676032414659858
-0.003672313876450062
-0.003668542020022869
-0.003664697520434856
-0.003660762216895819
-0.003656720276921988
-0.003652558894827962
-0.003648266894742846
-0.003643837291747332
-0.003639265196397901
-0.003634549444541335
-0.003629691898822784
-0.003624696517363191
-0.003619570517912507
-0.003614323679357767
-0.003608968108892441
-0.003603517776355147
-0.003597988281399012
-0.003592396853491664
-0.003586761653423309
-0.00358110130764544
-0.00357543514110148
-0.003569782013073564
-0.003564160317182541
-0.003558587981387973
-0.003553081303834915
-0.00354765634983778
-0.003542326157912612
-0.003537103300914168
-0.003531997790560126
-0.003527017077431083
-0.003522167215123773
-0.003517451230436563
-0.003512869821861386
-0.003508421592414379
-0.003504101652652025
-0.003499903716146946
-0.003495819633826613
-0.003491838928312063
-0.003487949259579182
-0.003484137356281281
-0.003480388084426522
-0.003476686077192426
-0.003473015269264579
-0.003469360060989857
-0.00346570392139256
-0.003462030785158277
-0.0034583262167871
-0.003454576246440411
-0.003450768766924739
-0.003446893533691764
-0.00344294193200767
-0.003438907908275723
-0.003434787970036268
-0.003430580487474799
-0.003426286624744534
-0.00342191057279706
-0.003417458618059754
-0.003412939142435789
-0.003408362623304129
-0.003403741400688887
-0.003399089677259326
-0.003394421888515353
-0.003389753401279449
-0.003385100280866027
-0.003380477195605636
-0.003375898813828826
-0.00337137863971293
-0.003366928547620773
-0.003362558549270034
-0.003358276793733239
-0.00335408840328455
-0.00334999687038362
-0.003346002660691738
-0.003342103445902467
-0.003338294103741646
-0.003334567649289966
-0.003330915002152324
-0.003327324986457825
-0.003323784563690424
-0.003320279996842146
-0.003316797316074371
-0.003313321387395263
-0.003309838706627488
-0.003306335769593716
-0.003302800701931119
-0.003299223724752665
-0.003295596223324537
-0.003291913075372577
-0.003288170322775841
-0.003284367034211755
-0.003280505305156112
-0.00327658886089921
-0.003272623522207141
-0.003268617438152432
-0.003264579921960831
-0.003260520985350013
-0.003256452735513449
-0.003252386813983321
-0.003248334862291813
-0.003244308056309819
-0.003240316640585661
-0.003236370161175728
-0.00323247560299933
-0.003228639252483845
-0.003224864834919572
-0.003221154445782304
-0.003217507619410753
-0.003213922493159771
-0.003210395341739058
-0.003206919878721237
-0.003203488886356354
-0.003200094448402524
-0.003196727484464645
-0.003193378448486328
-0.003190037794411182
-0.003186696441844106
-0.003183345543220639
-0.003179977647960186
-0.003176586702466011
-0.003173168515786529
-0.003169719595462084
-0.003166239010170102
-0.003162727225571871
-0.003159185871481895
-0.003155619138851762
-0.003152031218633056
-0.003148428164422512
-0.003144816728308797
-0.00314120389521122
-0.00313759665004909
-0.003134002676233649
-0.003130428493022919
-0.003126880619674921
-0.003123364178463817
-0.003119883593171835
-0.003116441890597343
-0.003113040933385491
-0.003109680954366922
-0.003106361022219062
-0.003103079507127404
-0.003099833149462938
-0.003096618223935366
-0.003093429608270526
-0.003090262180194259
-0.003087110118940473
-0.003083968535065651
-0.003080832306295633
-0.003077696310356259
-0.003074557520449162
-0.003071411978453398
-0.003068257588893175
-0.003065093187615275
-0.003061918774619699
-0.003058735514059663
-0.00305554480291903
-0.003052349202334881
-0.003049151971936226
-0.003045957069844007
-0.003042768454179168
-0.003039590548723936
-0.003036427311599255
-0.003033282235264778
-0.003030158579349518
-0.003027059603482485
-0.003023987170308828
-0.003020941978320479
-0.003017924958840013
-0.003014935180544853
-0.003011971712112427
-0.003009031759575009
-0.003006112528964877
-0.003003210993483663
-0.003000323195010424
-0.002997444476932287
-0.002994570415467024
-0.002991697285324335
-0.002988820662721992
-0.002985937055200338
-0.002983043668791652
-0.002980137476697564
-0.002977216383442283
-0.002974278992041945
-0.002971323439851403
-0.002968349494040012
-0.002965356688946486
-0.00296234549023211
-0.00295931613072753
-0.002956268843263388
-0.002953204093500972
-0.002950122114270926
-0.00294702360406518
-0.002943907398730516
-0.002940773498266935
-0.002937620272859931
-0.002934447024017572
-0.002931251656264067
-0.002928032306954265
-0.00292478664778173
-0.002921512117609382
-0.002918207086622715
-0.002914868528023362
-0.002911494579166174
-0.002908083610236645
-0.002904634224250913
-0.00290114595554769
-0.002897617872804403
-0.002894049976021051
-0.002890442963689566
-0.002886798698455095
-0.002883119275793433
-0.00287940725684166
-0.002875667298212647
-0.002871902892366052
-0.002868118928745389
-0.00286432052962482
-0.002860513282939792
-0.002856703009456396
-0.002852895064279437
-0.002849096199497581
-0.002845312701538205
-0.002841550158336759
-0.002837814390659332
-0.002834111219272017
-0.002830446232110262
-0.00282682478427887
-0.002823252230882645
-0.002819733694195747
-0.00281627313233912
-0.002812874969094992
-0.002809543628245592
-0.002806282369419932
-0.002803094685077667
-0.002799983369186521
-0.00279695144854486
-0.002794000087305903
-0.002791131613776088
-0.002788347192108631
-0.002785646822303534
-0.002783030737191439
-0.002780498471111059
-0.002778048627078533
-0.002775679109618068
-0.002773386891931295
-0.002771168015897274
-0.002769018290564418
-0.002766932360827923
-0.002764903707429767
-0.002762925578281283
-0.002760989824309945
-0.002759088296443224
-0.002757212612777948
-0.002755352994427085
-0.002753501059487462
-0.00275164726190269
-0.002749782986938953
-0.002747899619862437
-0.002745989011600614
-0.002744043944403529
-0.002742057899013162
-0.002740024356171489
-0.002737938659265637
-0.002735796384513378
-0.002733594039455056
-0.002731329994276166
-0.002729003317654133
-0.002726613078266382
-0.002724160673096776
-0.002721648197621107
-0.002719078212976456
-0.002716455375775695
-0.002713784109801054
-0.002711070468649268
-0.002708321670070291
-0.002705544466152787
-0.002702746773138642
-0.002699937205761671
-0.002697124611586332
-0.002694317605346441
-0.002691525034606457
-0.002688755746930838
-0.002686018124222755
-0.002683320315554738
-0.002680669305846095
-0.002678072545677423
-0.002675535855814815
-0.002673063892871141
-0.002670661080628633
-0.002668330445885658
-0.002666073851287365
-0.002663892228156328
-0.002661784878000617
-0.002659750869497657
-0.002657786943018436
-0.002655889838933945
-0.002654055366292596
-0.002652277238667011
-0.0026505496352911
-0.002648865338414907
-0.002647217363119125
-0.002645598258823156
-0.002644001040607691
-0.002642418490722775
-0.002640844089910388
-0.00263927155174315
-0.002637695521116257
-0.002636111574247479
-0.002634515985846519
-0.002632906660437584
-0.002631282433867455
-0.002629643771797419
-0.002627991838380694
-0.002626329427585006
-0.002624660497531295
-0.00262299133464694
-0.002621327294036746
-0.00261967652477324
-0.002618047408759594
-0.002616448560729623
-0.002614889992401004
-0.002613381948322058
-0.002611933974549174
-0.002610556315630674
-0.002609258517622948
-0.002608049195259809
-0.002606936963275075
-0.002605929039418697
-0.002605031244456768
-0.002604248700663447
-0.00260358490049839
-0.002603041473776102
-0.002602618187665939
-0.002602313878014684
-0.002602124819532037
-0.002602046588435769
-0.002602072898298502
-0.00260219513438642
-0.002602404216304421
-0.002602689201012254
-0.002603039145469666
-0.002603440545499325
-0.002603880362585187
-0.00260434509254992
-0.002604820067062974
-0.00260529201477766
