0
0
0
0
0
0
0
0
0
0
0
0
0
0
0
0
0
0
0
0
0
0
0
0
0
0
0
0
0
0
0
0
0
0
0
0
0
0
0
0
0
0
0
0
0
0
0
0
0
0
0
0
0
0
0
0
0
0
0
0
0
0
0
0
0
0
0
0
0
0
0
0
0
0
0
0
0
0
0
0
0
0
0
0
0
0
0
0
0
0
0
0
0
0
0
0
0
0
0
0
0
0
0
0
0
0
0
0
0
0
0
0
0
0
0
0
0
0
0
0
0
0
0
0
0
0
0
0
0
0
0
0
0
0
0
0
0
0
0
0
0
0
0
0
0
0
0
0
0
0
0
0
0
0
0
0
0
0
0
0
0
0
0
0
0
0
0
0
0
0
0
0
0
0
0
0
0
0
0
0
0
0
0
0
0
0
0
0
0
0
0
0
0
0
0
0
0
0
0
0
0
0
0
0
0
0
0
0
0
0
0
0
0
0
0
0
0
0
0
0
0
0
0
0
0
0
0
0
0
0
0
0
0
0
0
0
0
0
0
0
0
0
0
0
0
0
0
0
0
0
0
0
0
0
0
0
0
0
0
0
0
0
0
0
0
0
0
0
0
0
0
0
0
0
0
0
0
0
0
0
0
0
0
0
0
0
0
0
0
0
0
0
0
0
0
0
0
0
0
0
0
0
0
0
0
0
0
0
0
0
0
0
0
0
0
0
0
0
0
0
0
0
0
0
0
0
0
0
0
0
0
0
0
0
0
0
0
0
0
0
0
0
0
0
0
0
0
0
0
0
0
0
0
0
0
0
0
0
0
0
0
0
0
0
0
0
0
0
0
0
0
0
0
0
0
0
0
0
0
0
0
0
0
0
0
0
0
0
0
0
0
0
0
0
0
0
0
0
0
0
0
0
0
0
0
0
0
0
0
0
0
0
0
0
0
0
0
0
0
0
0
0
0
0
0
0
0
0
0
0
0
0
0
0
0
0
0
0
0
0
0
0
0
0
0
0
0
0
0
0
0
0
0
0
0
0
0
0
0
0
0
0
0
0
0
0
0
0
0
0
0
0
0
0
0
0
0
0
0
0
0
0
0
0
0
0
0
0
0
0
0
0
0
0
0
0
0
0
0
0
0
0
0
0
0
0
0
0
0
0
0
0
0
0
0
0
0
0
0
0
0
0
0
0
0
0
0
0
0
0
0
0
0
0
0
0
0
0
0
0
0
0
0
0
0
0
0
0
0
0
0
0
0
0
0
0
0
0
0
0
0
0
0
0
0
0
0
0
0
0
0
0
0
0
0
0
0
0
0
0
0
0
0
0
0
0
0
0
0
0
0
0
0
0
0
0
0
0
0
0
0
0
0
0
0
0
0
0
0
0
0
0
0
0
0
0
0
0
0
0
0
0
0
0
0
0
0
0
0
0
0
0
0
0
0
0
0
0
0
0
0
0
0
0
0
0
0
0
0
0
0
0
0
0
0
0
0
0
0
0
0
0
0
0
0
0
0
0
0
0
0
0
0
0
0
0
0
0
0
0
0
0
0
0
0
0
0
0
0
0
0
0
0
0
0
0
0
0
0
0
0
0
0
0
0
0
0
0
0
0
0
0
0
0
0
0
0
0
0
0
0
0
0
0
0
0
0
0
0
0
0
0
0
0
0
0
0
0
0
0
0
0
0
0
0
0
0
0
0
0
0
0
0
0
0
0
0
0
0
0
0
0
0
0
0
0
0
0
0
0
0
0
0
0
0
0
0
0
0
0
0
0
0
0
0
0
0
0
0
0
0
0
0
0
0
0
0
0
0
0
0
0
0
0
0
0
0
0
0
0
0
0
0
0
0
0
0
0
0
0
0
0
0
0
0
0
0
0
0
0
0
0
0
0
0
0
0
0
0
0
0
0
0
0
0
0
0
0
0
0
0
0
0
0
0
0
0
0
0
0
0
0
0
0
0
0
0
0
0
0
0
0
0
0
0
0
0
0
0
0
0
0
0
0
0
0
0
0
0
0
0
0
0
0
0
0
0
0
0
0
0
0
0
0
0
0
0
0
0
0
0
0
0
0
0
0
0
0
0
0
0
0
0
0
0
0
0
0
0
0
0
0
0
0
0
0
0
0
0
0
0
0
0
0
0
0
0
0
0
0
0
0
0
0
0
0
0
0
0
0
0
0
0
0
0
0
0
0
0
0
0
0
0
0
0
0
0
0
0
0
0
0
0
0
0
0
0
0
0
0
0
0
0
0
0
0
0
0
0
0
0
0
0
0
0
0
0
0
0
0
0
0
0
0
0
0
0
0
0
0
0
0
0
0
0
0
0
0
0
0
0
0
0
0
0
0
0
0
7.006492321624085e-45
3.503246160812043e-44
8.688050478813866e-44
2.059908742557481e-43
4.722375824774634e-43
1.008934894313868e-42
2.090737308772627e-42
4.283769405440966e-42
8.711872552707388e-42
1.76171242934916e-41
3.544444335663192e-41
7.10164048735174e-41
1.417539513526342e-40
2.819720795883683e-40
5.590157924777063e-40
1.104537080743965e-39
2.175173949038983e-39
4.269467753314067e-39
8.352655296571578e-39
1.628751345600471e-38
3.165710915555038e-38
6.133103346206199e-38
1.184372417372864e-37
2.279823815185778e-37
4.374469961946731e-37
8.36694192677894e-37
1.59525897826697e-36
3.031968277206051e-36
5.744510098632975e-36
1.084980568344158e-35
2.042853922343444e-35
3.834463720326004e-35
7.175127403838638e-35
1.338498223905395e-34
2.489285382430077e-34
4.615361377555298e-34
8.531321065115605e-34
1.572214327004201e-33
2.88866698087939e-33
5.291497003776143e-33
9.664072604632071e-33
1.759736202079279e-32
3.194816439761591e-32
5.783090724936741e-32
1.043746589674217e-31
1.87826059217608e-31
3.370135485940264e-31
6.029404398955218e-31
1.075577613121037e-30
1.913172915454824e-30
3.393253839298337e-30
6.001129245919635e-30
1.058299557683724e-29
1.861006093645558e-29
3.263285767193457e-29
5.706041118642884e-29
9.949279462919115e-29
1.729934915072374e-28
2.999532369648609e-28
5.186414265920649e-28
8.942832288888581e-28
1.537734401082192e-27
2.636878316673034e-27
4.509262208595455e-27
7.690091897262459e-27
1.307893170406341e-26
2.218358216762336e-26
3.752439687259709e-26
6.33027041702599e-26
1.065028289149178e-25
1.787039642147564e-25
2.990509075858504e-25
4.991116537838487e-25
8.307983286643712e-25
1.379248055170104e-24
2.283714258076152e-24
3.771353872383499e-24
6.211727820412266e-24
1.020447432255468e-23
1.671996526186633e-23
2.732436524209729e-23
4.453875223175451e-23
7.241067213905295e-23
1.174213398969724e-22
1.899217339199416e-22
3.063998107444359e-22
4.930509904602035e-22
7.913849571951314e-22
1.267008154858154e-21
2.023344160873835e-21
3.223011513791272e-21
5.121045687850601e-21
8.116392297804774e-21
1.28315132364324e-20
2.023513353236432e-20
3.183101503264009e-20
4.994750475612169e-20
7.818057492984021e-20
1.220697959549264e-19
1.90127386247131e-19
2.954002071143113e-19
4.578351632662096e-19
7.07851744181281e-19
1.091723725795449e-18
1.679666437802854e-18
2.577956148701886e-18
3.947050284293769e-18
6.028604387259467e-18
9.185657068305386e-18
1.396224625707857e-17
2.117162491256819e-17
3.202648117180761e-17
4.833063456170141e-17
7.276058015539763e-17
1.092778910472046e-16
1.637317863416115e-16
2.447373852055825e-16
3.649524303655306e-16
5.429286374322197e-16
8.057896954426268e-16
1.193095034118623e-15
1.762400171649223e-15
2.597239550232206e-15
3.818557086878631e-15
5.6010320452569e-15
8.196342266193497e-15
1.196621825201106e-14
1.742931055829112e-14
2.532745402837079e-14
3.671914253775346e-14
5.311101900070878e-14
7.664243453211692e-14
1.103438155192378e-13
1.584973742963652e-13
2.271396097467196e-13
3.247594250813113e-13
4.632654936748137e-13
6.593237782993866e-13
9.362013117866774e-13
1.326302999718476e-12
1.874650391517352e-12
2.643643767438753e-12
3.719561551124295e-12
5.221407941430334e-12
7.31293411243561e-12
1.021891252173113e-11
1.42471373240638e-11
1.981806732609392e-11
2.750467041623406e-11
3.808587126230556e-11
5.261799329581152e-11
7.253009998153814e-11
9.975082565505389e-11
1.368767044152008e-10
1.873949606601144e-10
2.559777112498551e-10
3.488691835418223e-10
4.743945791751969e-10
6.436264299303218e-10
8.712551236023103e-10
1.176723274376457e-09
1.585700459827422e-09
2.131993692700007e-09
2.860017556116645e-09
3.827979710990803e-09
5.111974843430289e-09
6.81123424328689e-09
9.054843985722982e-09
1.201030297437455e-08
1.589441822602566e-08
2.098711604503478e-08
2.764891071649345e-08
3.634294287735429e-08
4.766268091316306e-08
6.236670913040143e-08
8.142215790485352e-08
1.060589056578465e-07
1.378370200200152e-07
1.787302750244635e-07
2.312294213879795e-07
2.984695299801388e-07
3.843863396468805e-07
4.93907919008052e-07
6.331886766020034e-07
8.098944022094656e-07
1.033547619044839e-06
1.315946519753197e-06
1.671669451752678e-06
2.118681322826887e-06
2.67906034423504e-06
3.379866939212661e-06
4.254174200468697e-06
5.342295480659232e-06
6.693229806842282e-06
8.366369002033025e-06
1.043349675455829e-05
1.298112510994542e-05
1.61132229550276e-05
1.995436468860134e-05
2.465338911861181e-05
3.038759314222261e-05
3.736753933480941e-05
4.584254565997981e-05
5.610691732726991e-05
6.850699719507247e-05
8.344904927071184e-05
0.000101408179034479
0.0001229381741723046
0.0001486824039602652
0.0001793858828023076
0.0002159084106096998
0.0002592387900222093
0.0003105102805420756
0.0003710171149577945
0.0004422319179866463
0.0005258240853436291
0.0006236790213733912
0.000737917551305145
0.000870916061103344
0.001025326317176223
0.001204094849526882
0.001410481403581798
0.001648076111450791
0.001920814160257578
0.00223298859782517
0.002589258132502437
0.00299465237185359
0.003454570891335607
0.003974775318056345
0.004561376292258501
0.005220809951424599
0.005959807429462671
0.00678535271435976
0.007704630959779024
0.00872496422380209
0.009853735566139221
0.01109829731285572
0.01246587187051773
0.01396343670785427
0.01559759676456451
0.01737444661557674
0.01929941773414612
0.02137712948024273
0.02361121028661728
0.02600414305925369
0.02855709381401539
0.03126973658800125
0.03414011001586914
0.03716445714235306
0.04033709317445755
0.0436503067612648
0.04709426313638687
0.05065697431564331
0.05432426184415817
0.058079794049263
0.06190516799688339
0.06578001379966736
0.06968219578266144
0.07358802109956741
0.07747252285480499
0.08130981773138046
0.08507344871759415
0.08873686194419861
0.09227383881807327
0.09565899521112442
0.09886831790208817
0.1018796637654305
0.1046732813119888
0.1072323098778725
0.1095432415604591
0.1115963533520699
0.1133859977126122
0.1149109378457069
0.1161745116114616
0.1171846613287926
0.1179539486765862
0.1184993609786034
0.1188420504331589
0.1190069243311882
0.1190221309661865
0.1189185082912445
0.1187287718057632
0.1184867918491364
0.1182266920804977
0.1179820224642754
0.1177848428487778
0.1176648810505867
0.1176486760377884
0.1177588477730751
0.1180134639143944
0.1184255331754684
0.1190026104450226
0.119746632874012
0.1206538751721382
0.1217151135206223
0.1229159832000732
0.1242374777793884
0.1256566494703293
0.1271474361419678
0.1286816447973251
0.1302298307418823
0.1317625045776367
0.1332511454820633
0.134669229388237
0.1359932422637939
0.1372034400701523
0.1382845789194107
0.1392264366149902
0.1400241553783417
0.1406782865524292
0.1411947160959244
0.1415842920541763
0.1418622881174088
0.1420476734638214
0.1421622931957245
0.1422298401594162
0.1422748118638992
0.1423214226961136
0.142392635345459
0.1425090879201889
0.1426882892847061
0.1429439634084702
0.1432854235172272
0.1437174528837204
0.1442400813102722
0.1448488235473633
0.1455349922180176
0.1462862491607666
0.1470873653888702
0.1479210555553436
0.1487689167261124
0.1496123373508453
0.1504334807395935
0.1512162089347839
0.1519467383623123
0.1526143997907639
0.1532119810581207
0.1537359356880188
0.1541866362094879
0.1545680016279221
0.1548872590065002
0.1551543325185776
0.1553813070058823
0.1555815935134888
0.1557691544294357
0.1559577137231827
0.1561600118875504
0.156387060880661
0.156647726893425
0.1569481790065765
0.1572917550802231
0.1576788574457169
0.1581071019172668
0.1585715413093567
0.1590651571750641
0.1595793217420578
0.1601044237613678
0.1606305241584778
0.1611479520797729
0.1616479456424713
0.162123054265976
0.1625676900148392
0.1629782319068909
0.1633532494306564
0.1636934280395508
0.16400146484375
0.1642818003892899
0.1645401269197464
0.1647831052541733
0.1650177538394928
0.1652510315179825
0.1654893755912781
0.1657382696866989
0.166001945734024
0.1662831902503967
0.1665832698345184
0.1669018119573593
0.1672370284795761
0.1675859242677689
0.1679444909095764
0.1683081686496735
0.1686720699071884
0.1690313816070557
0.169381782412529
0.1697195172309875
0.1700418144464493
0.1703468710184097
0.1706339418888092
0.1709033101797104
0.1711561679840088
0.1713944226503372
0.1716204136610031
0.171836718916893
0.1720458418130875
0.172249898314476
0.17245052754879
0.172648549079895
0.1728438884019852
0.1730354875326157
0.1732212603092194
0.1733981668949127
0.1735623776912689
0.1737091690301895
0.1738333255052567
0.1739291846752167
0.1739908158779144
0.174012154340744
0.1739871203899384
0.1739097535610199
0.1737741529941559
0.1735746115446091
0.1733056157827377
0.1729617714881897
0.1725376844406128
0.1720280647277832
0.1714276075363159
0.1707309633493423
0.1699328571557999
0.1690280735492706
0.1680115610361099
0.1668787151575089
0.1656254231929779
0.1642483323812485
0.1627451628446579
0.1611149311065674
0.1593581438064575
0.1574772000312805
0.1554764658212662
0.1533626019954681
0.1511445790529251
0.1488337218761444
0.146443784236908
0.1439907401800156
0.1414926648139954
0.1389695256948471
0.136442705988884
0.1339347213506699
0.1314686834812164
0.1290678530931473
0.126755028963089
0.1245519742369652
0.1224788650870323
0.120553731918335
0.118791863322258
0.1172053888440132
0.1158027797937393
0.1145885735750198
0.1135630831122398
0.1127222627401352
0.1120577529072762
0.1115569770336151
0.1112034246325493
0.11097701638937
0.1108547300100327
0.1108112260699272
0.1108196303248405
0.1108523681759834
0.1108821704983711
0.1108828783035278
0.1108305007219315
0.1107039824128151
0.1104860231280327
0.1101636961102486
0.1097289398312569
0.1091788411140442
0.1085156425833702
0.1077466607093811
0.1068838611245155
0.1059432774782181
0.1049442440271378
0.103908471763134
0.1028589308261871
0.1018188446760178
0.1008104979991913
0.0998542308807373
0.09896743297576904
0.09816374629735947
0.09745250642299652
0.09683830291032791
0.09632091969251633
0.0958954319357872
0.09555265307426453
0.09527968615293503
0.095060795545578
0.09487833082675934
0.09471379220485687
0.09454891830682755
0.09436668455600739
0.09415223449468613
0.09389370679855347
0.09358276426792145
0.09321501851081848
0.09279001504182816
0.09231118112802505
0.09178538620471954
0.0912223681807518
0.09063399583101273
0.09003335982561111
0.08943388611078262
0.08884842693805695
0.08828844875097275
0.08776330947875977
0.08727975189685822
0.08684153109788895
0.08644935488700867
0.08610094338655472
0.08579140901565552
0.08551370352506638
0.08525921404361725
0.08501847088336945
0.08478192239999771
0.08454056829214096
0.0842866450548172
0.08401408791542053
0.08371889591217041
0.08339928835630417
0.08305572718381882
0.08269068598747253
0.08230838924646378
0.08191434293985367
0.08151481300592422
0.08111625164747238
0.08072483539581299
0.08034592866897583
0.07998370379209518
0.07964091002941132
0.07931870967149734
0.07901672273874283
0.07873310148715973
0.07846485823392868
0.07820813357830048
0.07795863598585129
0.07771196961402893
0.07746408134698868
0.07721155136823654
0.07695182412862778
0.07668343186378479
0.07640593498945236
0.07611995935440063
0.07582705467939377
0.07552943378686905
0.07522977888584137
0.07493088394403458
0.07463547587394714
0.0743459090590477
0.0740639790892601
0.07379081100225449
0.07352679967880249
0.07327163964509964
0.07302441447973251
0.0727836936712265
0.07254774868488312
0.07231471687555313
0.07208283245563507
0.07185053080320358
0.07161658257246017
0.07138025015592575
0.07114122807979584
0.07089968770742416
0.07065620273351669
0.07041167467832565
0.07016716152429581
0.06992380321025848
0.06968268007040024
0.0694446861743927
0.06921049207448959
0.06898045539855957
0.06875459849834442
0.06853272020816803
0.0683143138885498
0.06809873878955841
0.06788522750139236
0.06767303496599197
0.06746144592761993
0.06724990904331207
0.06703799217939377
0.06682547926902771
0.06661231815814972
0.06639865040779114
0.06618469953536987
0.0659707710146904
0.06575716286897659
0.06554413586854935
0.06533186137676239
0.0651203989982605
0.06490962207317352
0.06469927728176117
0.0644889622926712
0.06427813321352005
0.06406614184379578
0.06385226547718048
0.06363572180271149
0.06341569125652313
0.06319134682416916
0.06296184659004211
0.06272633373737335
0.06248391419649124
0.06223364174365997
0.06197449192404747
0.0617053359746933
0.0614248588681221
0.06113160774111748
0.06082389503717422
0.06049982085824013
0.06015725061297417
0.05979379639029503
0.0594068244099617
0.05899346992373466
0.058550626039505
0.0580749586224556
0.05756289511919022
0.05701063200831413
0.0564141683280468
0.05576927587389946
0.05507151782512665
0.05431625619530678
0.05349864438176155
0.05261365324258804
0.0516560785472393
0.05062056705355644
0.04950163513422012
0.04829373955726624
0.04699127748608589
0.04558869078755379
0.04408049955964088
0.04246138408780098
0.04072626680135727
0.03887039795517921
0.03688943386077881
0.03477953001856804
0.03253745660185814
0.03016065992414951
0.02764737792313099
0.02499674633145332
0.02220886573195457
0.01928490959107876
0.01622720807790756
0.01303932163864374
0.009726114571094513
0.006293818820267916
0.002750070998445153
-0.0008960481500253081
-0.0046340087428689
-0.008451833389699459
-0.01233613304793835
-0.01627216301858425
-0.02024389803409576
-0.02423414960503578
-0.02822468988597393
-0.03219642862677574
-0.03612959384918213
-0.04000395536422729
-0.04379905387759209
-0.04749447479844093
-0.05107011646032333
-0.05450649559497833
-0.05778504908084869
-0.06088842824101448
-0.06380081176757812
-0.0665082186460495
-0.0689987912774086
-0.07126304507255554
-0.07329411804676056
-0.07508798688650131
-0.07664363831281662
-0.07796318084001541
-0.07905188947916031
-0.07991825044155121
-0.08057389408349991
-0.08103348314762115
-0.08131454139947891
-0.08143719285726547
-0.08142384141683578
-0.08129885047674179
-0.08108807355165482
-0.08081838488578796
-0.08051719516515732
-0.08021190762519836
-0.07992933690547943
-0.07969518005847931
-0.07953343540430069
-0.07946589589118958
-0.07951167970895767
-0.0796867311000824
-0.08000354468822479
-0.08047078549861908
-0.08109311759471893
-0.08187112212181091
-0.08280127495527267
-0.08387603610754013
-0.08508404344320297
-0.08641045540571213
-0.0878373458981514
-0.08934420347213745
-0.09090849757194519
-0.0925062820315361
-0.09411293268203735
-0.09570376574993134
-0.09725482761859894
-0.09874351322650909
-0.1001492813229561
-0.1014541685581207
-0.1026433706283569
-0.1037056148052216
-0.1046334952116013
-0.1054236441850662
-0.106076791882515
-0.1065977066755295
-0.1069949641823769
-0.1072806566953659
-0.1074699312448502
-0.1075804457068443
-0.1076317876577377
-0.1076446995139122
-0.1076404228806496
-0.1076399683952332
-0.1076633557677269
-0.1077289655804634
-0.107852891087532
-0.1080484688282013
-0.1083258092403412
-0.1086914837360382
-0.1091484129428864
-0.1096958145499229
-0.1103293150663376
-0.1110412180423737
-0.111820861697197
-0.1126551255583763
-0.1135289296507835
-0.1144259497523308
-0.1153292655944824
-0.1162220314145088
-0.117088183760643
-0.1179129853844643
-0.1186836734414101
-0.1193898543715477
-0.1200238913297653
-0.1205810680985451
-0.1210597157478333
-0.1214611828327179
-0.1217896193265915
-0.1220517158508301
-0.122256264090538
-0.1224136501550674
-0.1225353181362152
-0.122633159160614
-0.122718907892704
-0.1228035390377045
-0.122896708548069
-0.1230062991380692
-0.123137965798378
-0.123294897377491
-0.12347761541605
-0.12368393689394
-0.1239090263843536
-0.124145582318306
-0.1243841797113419
-0.1246135383844376
-0.1248210743069649
-0.1249933242797852
-0.1251164972782135
-0.1251769661903381
-0.1251617670059204
-0.1250589936971664
-0.1248582229018211
-0.1245507299900055
-0.1241297274827957
-0.1235904470086098
-0.122930146753788
-0.1221480146050453
-0.1212450191378593
-0.120223693549633
-0.1190878450870514
-0.1178422346711159
-0.1164923310279846
-0.115044005215168
-0.1135032922029495
-0.1118761599063873
-0.1101684272289276
-0.1083856374025345
-0.106533095240593
-0.1046159192919731
-0.1026391983032227
-0.1006081327795982
-0.09852829575538635
-0.09640587121248245
-0.09424784034490585
-0.09206224232912064
-0.08985834568738937
-0.08764674514532089
-0.08543941378593445
-0.08324966579675674
-0.08109202235937119
-0.07898204028606415
-0.07693593204021454
-0.07497026026248932
-0.07310145348310471
-0.07134533673524857
-0.06971665471792221
-0.06822849810123444
-0.0668918713927269
-0.06571523100137711
-0.06470409035682678
-0.06386075913906097
-0.06318409740924835
-0.06266944855451584
-0.06230870634317398
-0.06209041550755501
-0.06200006604194641
-0.0620204322040081
-0.06213207170367241
-0.06231382489204407
-0.06254343688488007
-0.06279818713665009
-0.06305550038814545
-0.06329360604286194
-0.06349218636751175
-0.06363285332918167
-0.06369972974061966
-0.0636797696352005
-0.06356313824653625
-0.06334338337182999
-0.0630175843834877
-0.06258630007505417
-0.06205350160598755
-0.06142632663249969
-0.06071479246020317
-0.05993141606450081
-0.0590907484292984
-0.058208879083395
-0.05730285495519638
-0.05639013275504112
-0.05548800900578499
-0.05461303144693375
-0.05378048121929169
-0.05300388112664223
-0.05229457840323448
-0.05166140198707581
-0.05111039057374001
-0.0506446473300457
-0.05026429519057274
-0.04996649175882339
-0.04974561929702759
-0.04959353804588318
-0.04949992522597313
-0.04945271462202072
-0.04943860322237015
-0.0494435727596283
-0.04945347458124161
-0.04945459589362144
-0.04943421110510826
-0.04938108846545219
-0.04928591474890709
-0.04914166405797005
-0.04894383996725082
-0.04869062453508377
-0.04838286712765694
-0.0480240024626255
-0.04761983454227448
-0.04717817902565002
-0.04670848324894905
-0.0462213046848774
-0.04572780057787895
-0.04523913934826851
-0.04476599767804146
-0.04431800544261932
-0.04390333592891693
-0.04352829232811928
-0.04319709539413452
-0.04291169717907906
-0.04267175123095512
-0.04247472435235977
-0.04231609031558037
-0.04218963161110878
-0.04208784177899361
-0.0420023612678051
-0.04192446917295456
-0.04184556379914284
-0.04175764322280884
-0.04165370017290115
-0.04152809455990791
-0.04137679934501648
-0.04119756817817688
-0.04098999127745628
-0.04075540974736214
-0.04049680009484291
-0.04021850228309631
-0.03992590680718422
-0.03962508961558342
-0.03932241350412369
-0.03902412950992584
-0.0387360118329525
-0.03846301883459091
-0.03820903971791267
-0.03797668218612671
-0.0377671979367733
-0.0375804603099823
-0.0374150387942791
-0.03726836293935776
-0.03713692352175713
-0.03701655939221382
-0.03690275549888611
-0.03679094836115837
-0.03667682036757469
-0.03655656799674034
-0.03642711788415909
-0.03628628700971603
-0.03613289073109627
-0.03596674278378487
-0.03578862547874451
-0.03560016304254532
-0.03540368750691414
-0.0352020263671875
-0.03499826788902283
-0.03479554131627083
-0.03459681570529938
-0.03440466895699501
-0.03422115370631218
-0.034047681838274
-0.03388495743274689
-0.03373296931385994
-0.03359103202819824
-0.03345788642764091
-0.03333181887865067
-0.03321079164743423
-0.03309264406561852
-0.03297524154186249
-0.03285661712288857
-0.03273512050509453
-0.03260950744152069
-0.03247901797294617
-0.03234337270259857
-0.03220279887318611
-0.03205794468522072
-0.03190981596708298
-0.03175969049334526
-0.03160897269845009
-0.03145909309387207
-0.03131139650940895
-0.03116704151034355
-0.03102692402899265
-0.03089161217212677
-0.0307613480836153
-0.03063602931797504
-0.03051525168120861
-0.03039835765957832
-0.03028450533747673
-0.03017274104058743
-0.03006209805607796
-0.0299516599625349
-0.02984063699841499
-0.02972841635346413
-0.02961460500955582
-0.02949903160333633
-0.0293817576020956
-0.02926304563879967
-0.029143325984478
-0.02902314811944962
-0.02890312299132347
-0.02878386899828911
-0.02866595610976219
-0.02854986488819122
-0.02843595668673515
-0.0283244401216507
-0.02821536734700203
-0.02810864523053169
-0.02800405211746693
-0.02790126577019691
-0.02779989689588547
-0.02769952826201916
-0.0275997519493103
-0.0275002047419548
-0.02740059234201908
-0.02730071544647217
-0.02720046788454056
-0.0270998552441597
-0.02699896693229675
-0.0268979649990797
-0.02679708227515221
-0.02669656276702881
-0.0265966635197401
-0.02649762108922005
-0.02639963291585445
-0.02630284056067467
-0.02620732225477695
-0.02611309103667736
-0.02602009475231171
-0.02592823095619678
-0.02583735622465611
-0.02574730478227139
-0.0256578978151083
-0.02556896954774857
-0.02548038028180599
-0.02539202012121677
-0.02530382201075554
-0.02521576732397079
-0.02512786723673344
-0.02504017576575279
-0.02495277673006058
-0.02486576326191425
-0.02477923594415188
-0.02469329349696636
-0.02460801787674427
-0.02452346868813038
-0.02443968690931797
-0.02435667626559734
-0.02427441813051701
-0.02419286966323853
-0.02411197125911713
-0.02403165586292744
-0.02395185455679893
-0.02387249283492565
-0.02379351854324341
-0.02371488884091377
-0.02363657392561436
-0.02355856448411942
-0.0234808661043644
-0.02340350300073624
-0.02332650311291218
-0.02324990183115005
-0.02317374013364315
-0.023098049685359
-0.02302285842597485
-0.02294818684458733
-0.02287404239177704
-0.02280042506754398
-0.02272731624543667
-0.0226546972990036
-0.02258254215121269
-0.02251081541180611
-0.02243949472904205
-0.02236855775117874
-0.02229797467589378
-0.02222773432731628
-0.02215782925486565
-0.02208825759589672
-0.0220190268009901
-0.02195014245808125
-0.02188161946833134
-0.02181347087025642
-0.0217457041144371
-0.02167833410203457
-0.02161136455833912
-0.0215448010712862
-0.02147863619029522
-0.02141286619007587
-0.02134747989475727
-0.02128246612846851
-0.02121781185269356
-0.02115350775420666
-0.02108953893184662
-0.02102589979767799
-0.02096258290112019
-0.02089958265423775
-0.02083689346909523
-0.02077451907098293
-0.02071245945990086
-0.02065072022378445
-0.02058930322527885
-0.02052821591496468
-0.02046745643019676
-0.02040702477097511
-0.02034692093729973
-0.02028714492917061
-0.02022769115865231
-0.02016855590045452
-0.02010972984135151
-0.02005121298134327
-0.01999299600720406
-0.01993507519364357
-0.01987744495272636
-0.01982009783387184
-0.01976303383708
-0.01970625482499599
-0.01964975520968437
-0.01959353685379028
-0.01953760161995888
-0.0194819513708353
-0.01942658424377441
-0.01937149651348591
-0.01931668817996979
-0.01926215551793575
-0.0192078985273838
-0.01915391534566879
-0.01910019852221012
-0.01904674619436264
-0.0189935564994812
-0.0189406294375658
-0.01888796128332615
-0.01883554831147194
-0.01878338865935802
-0.01873148232698441
-0.01867982745170593
-0.01862842030823231
-0.01857726089656353
-0.01852634735405445
-0.01847567968070507
-0.01842525787651539
-0.01837508007884026
-0.01832514256238937
-0.01827544160187244
-0.01822597905993462
-0.01817675307393074
-0.01812775991857052
-0.01807899586856365
-0.01803046278655529
-0.01798215322196484
-0.01793407090008259
-0.01788621209561825
-0.01783857680857182
-0.01779116690158844
-0.01774397492408752
-0.01769700273871422
-0.01765025034546852
-0.01760371401906013
-0.01755739375948906
-0.01751128770411015
-0.01746539212763309
-0.01741971075534821
-0.01737423799932003
-0.01732897572219372
-0.01728391833603382
-0.01723906770348549
-0.01719442196190357
-0.01714997738599777
-0.01710573025047779
-0.01706168241798878
-0.01701783388853073
-0.01697418093681335
-0.01693072356283665
-0.01688745990395546
-0.01684438809752464
-0.0168015081435442
-0.01675881817936897
-0.01671631634235382
-0.01667400076985359
-0.01663187332451344
-0.0165899321436882
-0.01654817536473274
-0.01650659926235676
-0.0164652056992054
-0.01642399467527866
-0.01638296060264111
-0.01634210348129272
-0.01630142331123352
-0.01626092195510864
-0.01622059382498264
-0.01618044078350067
-0.01614046096801758
-0.01610065437853336
-0.01606101915240288
-0.01602155715227127
-0.01598226092755795
-0.01594313234090805
-0.01590417511761189
-0.01586538180708885
-0.01582675613462925
-0.01578829251229763
-0.01574999280273914
-0.01571185328066349
-0.01567387208342552
-0.01563605107367039
-0.01559838838875294
-0.01556088216602802
-0.01552353240549564
-0.01548633724451065
-0.01544929761439562
-0.01541241072118282
-0.01537567749619484
-0.01533909514546394
-0.01530266646295786
-0.01526638865470886
-0.01523026172071695
-0.01519428379833698
-0.01515845395624638
-0.01512277219444513
-0.01508723571896553
-0.01505184359848499
-0.01501659490168095
-0.01498148776590824
-0.01494652312248945
-0.01491169817745686
-0.01487701386213303
-0.01484246645122766
-0.01480805594474077
-0.01477378234267235
-0.01473964564502239
-0.01470564492046833
-0.01467178296297789
-0.01463805604726076
-0.01460446324199438
-0.01457100454717875
-0.01453767903149128
-0.01450448669493198
-0.01447142660617828
-0.0144384978339076
-0.01440569758415222
-0.01437302678823471
-0.0143404845148325
-0.01430806890130043
-0.01427577808499336
-0.01424361299723387
-0.01421157363802195
-0.01417966093868017
-0.01414787024259567
-0.01411620154976845
-0.01408465672284365
-0.01405323389917612
-0.01402193401008844
-0.01399075426161289
-0.01395969465374947
-0.01392875425517559
-0.01389793399721384
-0.01386723108589649
-0.01383664458990097
-0.01380617450922728
-0.01377581991255283
-0.01374558079987764
-0.01371545530855656
-0.01368544343858957
-0.01365554518997669
-0.01362575963139534
-0.01359608676284552
-0.01356652472168207
-0.01353707350790501
-0.01350773125886917
-0.01347849797457457
-0.01344937272369862
-0.01342035457491875
-0.01339144352823496
-0.01336263865232468
-0.01333394087851048
-0.01330534834414721
-0.01327686291188002
-0.01324848365038633
-0.01322021055966616
-0.01319204084575176
-0.01316397357732058
-0.0131360087543726
-0.01310814637690783
-0.01308038458228111
-0.01305272337049246
-0.01302516181021929
-0.0129976999014616
-0.01297033857554197
-0.01294307690113783
-0.01291591394692659
-0.01288885064423084
-0.012861886061728
-0.01283501926809549
-0.01280825026333332
-0.01278157904744148
-0.01275500282645226
-0.01272852253168821
-0.01270213723182678
-0.01267584506422281
-0.0126496460288763
-0.01262353826314211
-0.01259752456098795
-0.0125716021284461
-0.01254577189683914
-0.01252003014087677
-0.01249437872320414
-0.01246881857514381
-0.01244334690272808
-0.01241796463727951
-0.01239267084747553
-0.01236746553331614
-0.01234234962612391
-0.01231732033193111
-0.01229238044470549
-0.01226752530783415
-0.01224275678396225
-0.01221807301044464
-0.01219347398728132
-0.01216895971447229
-0.01214452832937241
-0.01212018076330423
-0.01209591701626778
-0.01207173429429531
-0.01204763725399971
-0.01202362217009068
-0.01199969090521336
-0.0119758415967226
-0.01195207424461842
-0.01192838884890079
-0.01190478540956974
-0.01188126299530268
-0.01185781881213188
-0.01183445379137993
-0.01181116607040167
-0.01178795471787453
-0.0117648197337985
-0.01174176204949617
-0.01171877980232239
-0.01169587485492229
-0.01167304813861847
-0.01165029592812061
-0.01162762101739645
-0.01160502340644598
-0.01158250123262405
-0.01156005542725325
-0.01153768412768841
-0.01151538733392954
-0.01149316597729921
-0.01147101633250713
-0.0114489383995533
-0.01142693404108286
-0.01140500046312809
-0.01138313952833414
-0.01136134844273329
-0.01133962813764811
-0.01131797861307859
-0.01129639986902475
-0.01127489190548658
-0.01125345472246408
-0.01123208645731211
-0.01121078711003065
-0.01118955668061972
-0.01116839610040188
-0.01114730443805456
-0.01112628076225519
-0.01110532507300377
-0.01108443550765514
-0.01106361579149961
-0.01104286219924688
-0.0110221765935421
-0.01100155804306269
-0.0109810046851635
-0.01096051838248968
-0.01094009820371866
-0.01091974228620529
-0.01089945156127214
-0.01087922416627407
-0.01085906010121107
-0.01083895843476057
-0.01081891823559999
-0.01079893857240677
-0.01077902130782604
-0.01075916457921267
-0.01073937024921179
-0.01071963831782341
-0.01069996785372496
-0.010680359788239
-0.0106608122587204
-0.01064132805913687
-0.01062190625816584
-0.01060254499316216
-0.0105832451954484
-0.01056400593370199
-0.01054482534527779
-0.01052570249885321
-0.0105066392570734
-0.01048763375729322
-0.01046868693083525
-0.0104497978463769
-0.0104309655725956
-0.01041219010949135
-0.0103934733197093
-0.01037481334060431
-0.01035621203482151
-0.01033766847103834
-0.01031918171793222
-0.01030075270682573
-0.01028238236904144
-0.01026406604796648
-0.01024580653756857
-0.01022760197520256
-0.01020945142954588
-0.01019135396927595
-0.01017331145703793
-0.01015532296150923
-0.01013738662004471
-0.01011950243264437
-0.01010167226195335
-0.01008389517664909
-0.01006617024540901
-0.01004849933087826
-0.01003088150173426
-0.01001331675797701
-0.009995804168283939
-0.009978344663977623
-0.00996093824505806
-0.0099435830488801
-0.009926280006766319
-0.009909027256071568
-0.009891824796795845
-0.009874672628939152
-0.009857571683824062
-0.009840521030128002
-0.009823519736528397
-0.00980656873434782
-0.009789668954908848
-0.00977281853556633
-0.009756018407642841
-0.009739267639815807
-0.009722566232085228
-0.009705913253128529
-0.00968930684030056
-0.009672748856246471
-0.009656239300966263
-0.00963977538049221
-0.009623358026146889
-0.009606988169252872
-0.009590664878487587
-0.009574388153851032
-0.009558157995343208
-0.00954197533428669
-0.009525837376713753
-0.009509744122624397
-0.009493698365986347
-0.009477698244154453
-0.009461742825806141
-0.009445834904909134
-0.009429972618818283
-0.009414156898856163
-0.009398385882377625
-0.009382660500705242
-0.009366979822516441
-0.009351341985166073
-0.009335749782621861
-0.009320201352238655
-0.009304697625339031
-0.00928923673927784
-0.009273819625377655
-0.009258446283638477
-0.009243115782737732
-0.009227827191352844
-0.009212580509483814
-0.009197377599775791
-0.009182218462228775
-0.009167100302875042
-0.009152024984359741
-0.009136992506682873
-0.009122001938521862
-0.009107053279876709
-0.009092146530747414
-0.009077280759811401
-0.009062455967068672
-0.009047672152519226
-0.009032928384840488
-0.009018224664032459
-0.009003560990095139
-0.008988936431705952
-0.008974351920187473
-0.008959807455539703
-0.008945303037762642
-0.00893083680421114
-0.008916412480175495
-0.008902027271687984
-0.008887682110071182
-0.008873376995325089
-0.008859110996127129
-0.008844885043799877
-0.00883069634437561
-0.008816545829176903
-0.008802434429526329
-0.008788361214101315
-0.008774325251579285
-0.008760325610637665
-0.008746362291276455
-0.00873243622481823
-0.008718547411262989
-0.008704693987965584
-0.008690879680216312
-0.0086771035566926
-0.008663365617394447
-0.008649664930999279
-0.00863600242882967
-0.008622377179563046
-0.008608789183199406
-0.008595236577093601
-0.008581719361245632
-0.008568235673010349
-0.008554788306355476
-0.008541375398635864
-0.008527996018528938
-0.008514652028679848
-0.008501343429088593
-0.008488071151077747
-0.008474833332002163
-0.008461630903184414
-0.0084484638646245
-0.008435331284999847
-0.00842223409563303
-0.008409172296524048
-0.008396145887672901
-0.008383153006434441
-0.008370192721486092
-0.00835726410150528
-0.008344369009137154
-0.008331506513059139
-0.008318676613271236
-0.008305881172418594
-0.008293119259178638
-0.008280389942228794
-0.008267693221569061
-0.008255031891167164
-0.008242403157055378
-0.008229807950556278
-0.008217246271669865
-0.008204717189073563
-0.008192219771444798
-0.008179753087460995
-0.008167318068444729
-0.008154912851750851
-0.008142539300024509
-0.00813019648194313
-0.008117884397506714
-0.00810560304671526
-0.008093354292213917
-0.008081135340034962
-0.008068948984146118
-0.008056794293224812
-0.008044670335948467
-0.00803257804363966
-0.008020516484975815
-0.008008486591279507
-0.007996487431228161
-0.007984518073499203
-0.007972580380737782
-0.007960670627653599
-0.007948789745569229
-0.007936939597129822
-0.007925117388367653
-0.007913324981927872
-0.007901562377810478
-0.007889829576015472
-0.007878124713897705
-0.007866449654102325
-0.007854803465306759
-0.007843188010156155
-0.007831603288650513
-0.007820046506822109
-0.007808519061654806
-0.007797021884471178
-0.007785553578287363
-0.007774114143103361
-0.00776270218193531
-0.007751318160444498
-0.00773996114730835
-0.007728631142526865
-0.007717328146100044
-0.007706052158027887
-0.007694801781326532
-0.007683578412979841
-0.007672382052987814
-0.007661212235689163
-0.007650069426745176
-0.007638953626155853
-0.007627865299582481
-0.007616804447025061
-0.007605772465467453
-0.007594768889248371
-0.007583792321383953
-0.007572843693196774
-0.007561922073364258
-0.007551027461886406
-0.007540159858763218
-0.007529318332672119
-0.00751850288361311
-0.007507712114602327
-0.007496946956962347
-0.007486207410693169
-0.007475493941456079
-0.007464806083589792
-0.007454142440110445
-0.007443503942340612
-0.007432890590280294
-0.007422301452606916
-0.007411737460643053
-0.007401198614388704
-0.00739068491384387
-0.007380196359008551
-0.007369733415544033
-0.007359296083450317
-0.007348884828388691
-0.007338499184697866
-0.007328137755393982
-0.007317801471799612
-0.007307489402592182
-0.007297202479094267
-0.007286938838660717
-0.007276698481291533
-0.007266481872648001
-0.007256289012730122
-0.007246119901537895
-0.007235975004732609
-0.007225854322314262
-0.007215758319944143
-0.007205685134977102
-0.007195635698735714
-0.007185609079897404
-0.007175605278462172
-0.007165624760091305
-0.007155667059123516
-0.007145732175558805
-0.007135820109397173
-0.007125930860638618
-0.007116065360605717
-0.00710622314363718
-0.007096403278410435
-0.007086606230586767
-0.007076832465827465
-0.007067081984132528
-0.007057354785501957
-0.007047650404274464
-0.007037968374788761
-0.007028307765722275
-0.007018669042736292
-0.007009051740169525
-0.006999455392360687
-0.006989880930632353
-0.006980327423661947
-0.006970795337110758
-0.006961284670978785
-0.006951796356588602
-0.006942329462617636
-0.00693288492038846
-0.006923462729901075
-0.006914061494171619
-0.006904682144522667
-0.006895324680954218
-0.006885988637804985
-0.006876674480736256
-0.006867381744086742
-0.006858110893517733
-0.006848861929029226
-0.006839634384959936
-0.006830427795648575
-0.006821241695433855
-0.006812076084315777
-0.006802931893616915
-0.00679380726069212
-0.006784702651202679
-0.006775618065148592
-0.006766553036868572
-0.006757508032023907
-0.006748483050614595
-0.006739477161318064
-0.006730489898473024
-0.006721522659063339
-0.006712575908750296
-0.006703648716211319
-0.006694741081446409
-0.006685853935778141
-0.006676987279206514
-0.00666813924908638
-0.0066593112424016
-0.006650502327829599
-0.006641712971031666
-0.006632942240685225
-0.006624190602451563
-0.006615458521991968
-0.006606745067983866
-0.006598050240427256
-0.006589375436306
-0.006580720189958811
-0.006572084501385689
-0.006563469301909208
-0.006554875522851944
-0.006546300835907459
-0.006537745241075754
-0.006529208738356829
-0.006520691327750683
-0.006512192077934742
-0.006503711454570293
-0.006495247595012188
-0.006486801430583
-0.006478372029960155
-0.006469959858804941
-0.006461563985794783
-0.006453186273574829
-0.006444825790822506
-0.006436483468860388
-0.006428159307688475
-0.006419853772968054
-0.006411566399037838
-0.006403297651559114
-0.006395046599209309
-0.006386814173310995
-0.006378598976880312
-0.006370401475578547
-0.006362221203744411
-0.006354058161377907
-0.006345913745462894
-0.006337785627692938
-0.006329675670713186
-0.006321583408862352
-0.006313508842140436
-0.00630545150488615
-0.006297411397099495
-0.006289388053119183
-0.006281381472945213
-0.006273392122238874
-0.006265418604016304
-0.006257462315261364
-0.006249522790312767
-0.006241599563509226
-0.006233693100512028
-0.006225804332643747
-0.006217931862920523
-0.006210076622664928
-0.006202238611876965
-0.006194418296217918
-0.006186614744365215
-0.006178827490657568
-0.006171055603772402
-0.006163300015032291
-0.006155560258775949
-0.006147835403680801
-0.006140125915408134
-0.006132431328296661
-0.006124751642346382
-0.006117087323218584
-0.006109438370913267
-0.006101805251091719
-0.006094187498092651
-0.00608658604323864
-0.006079001352190971
-0.006071433424949646
-0.006063881795853376
-0.00605634693056345
-0.006048828363418579
-0.006041325628757477
-0.006033839657902718
-0.006026368588209152
-0.006018913350999355
-0.006011472549289465
-0.006004046648740768
-0.005996635649353266
-0.005989238619804382
-0.00598185695707798
-0.005974489264190197
-0.005967136938124895
-0.005959799978882074
-0.005952477920800447
-0.005945171229541302
-0.005937880370765924
-0.005930604413151741
-0.005923344288021326
-0.005916099529713392
-0.00590887013822794
-0.005901655647903681
-0.005894455593079329
-0.00588727043941617
-0.005880099255591631
-0.005872941575944424
-0.005865798331797123
-0.005858669057488441
-0.005851552821695805
-0.005844450555741787
-0.005837362259626389
-0.005830287002027035
-0.0058232257142663
-0.005816178862005472
-0.005809145979583263
-0.005802127532660961
-0.005795123986899853
-0.005788133945316076
-0.005781159736216068
-0.005774199496954679
-0.005767253693193197
-0.005760321859270334
-0.005753403063863516
-0.005746497772634029
-0.005739605519920588
-0.005732727237045765
-0.005725862458348274
-0.005719011183828115
-0.005712173879146576
-0.005705351009964943
-0.005698541179299355
-0.005691745784133673
-0.005684963893145323
-0.005678195506334305
-0.005671441089361906
-0.005664700642228127
-0.005657973699271679
-0.005651259794831276
-0.005644559860229492
-0.005637872964143753
-0.005631199106574059
-0.005624537821859121
-0.005617889575660229
-0.005611254833638668
-0.005604633130133152
-0.005598023999482393
-0.005591427907347679
-0.005584844388067722
-0.00557827390730381
-0.005571715533733368
-0.005565169733017683
-0.005558636039495468
-0.005552114453166723
-0.005545605439692736
-0.005539108999073505
-0.005532624665647745
-0.005526152439415455
-0.005519692786037922
-0.005513245705515146
-0.005506811197847128
-0.00550038879737258
-0.005493979901075363
-0.005487583577632904
-0.00548120029270649
-0.005474829114973545
-0.005468470975756645
-0.005462125409394503
-0.00545579195022583
-0.005449470598250628
-0.00544316042214632
-0.005436861421912909
-0.005430574063211679
-0.005424298346042633
-0.005418033804744482
-0.005411780439317226
-0.005405539181083441
-0.005399310030043125
-0.005393093917518854
-0.00538689037784934
-0.005380698479712009
-0.005374519154429436
-0.005368352402001619
-0.005362197756767273
-0.005356055684387684
-0.00534992478787899
-0.005343805998563766
-0.005337697453796864
-0.005331600084900856
-0.005325513891875744
-0.005319439340382814
-0.005313376430422068
-0.005307324230670929
-0.005301283206790686
-0.0052952547557652
-0.005289237946271896
-0.005283232312649488
-0.005277238786220551
-0.005271257366985083
-0.005265287589281797
-0.005259328987449408
-0.005253381561487913
-0.005247445311397314
-0.005241519305855036
-0.005235603544861078
-0.005229698494076729
-0.0052238036878407
-0.005217918660491705
-0.005212044809013605
-0.005206181667745113
-0.00520032923668623
-0.005194487515836954
-0.005188656970858574
-0.005182837601751089
-0.0051770294085145
-0.005171232391148806
-0.00516544608399272
-0.005159670952707529
-0.005153906065970659
-0.005148151889443398
-0.005142407957464457
-0.005136673804372549
-0.005130949430167675
-0.005125234834849834
-0.005119530484080315
-0.00511383730918169
-0.005108155310153961
-0.005102484486997128
-0.005096824839711189
-0.005091176833957434
-0.005085539072751999
-0.005079912953078747
-0.005074297077953815
-0.005068691447377205
-0.005063095595687628
-0.005057509522885084
-0.005051933228969574
-0.005046366713941097
-0.005040809046477079
-0.005035261623561382
-0.005029723048210144
-0.005024194717407227
-0.005018676165491343
-0.005013167858123779
-0.005007669795304537
-0.005002181977033615
-0.004996704868972301
-0.004991238005459309
-0.004985780920833349
-0.004980334080755711
-0.004974897485226393
-0.004969470202922821
-0.004964052699506283
-0.004958644043654203
-0.004953245166689157
-0.004947856068611145
-0.004942476283758879
-0.004937106743454933
-0.004931746982038021
-0.004926396999508142
-0.004921056795865297
-0.004915725905448198
-0.004910404793918133
-0.004905093461275101
-0.004899792373180389
-0.004894501529633999
-0.004889219999313354
-0.004883947316557169
-0.004878683481365442
-0.004873428493738174
-0.004868181888014078
-0.004862943198531866
-0.004857712425291538
-0.004852490499615669
-0.004847276955842972
-0.004842071793973446
-0.004836875479668379
-0.004831688012927771
-0.004826509859412909
-0.00482134148478508
-0.004816183354705572
-0.004811035934835672
-0.004805898293852806
-0.004800771828740835
-0.004795655608177185
-0.004790549166500568
-0.004785452503710985
-0.004780364222824574
-0.004775285720825195
-0.004770215600728989
-0.004765154328197241
-0.004760100971907377
-0.00475505692884326
-0.004750020336359739
-0.004744991660118103
-0.004739970900118351
-0.004734958056360483
-0.004729953594505787
-0.004724957514554262
-0.004719969350844622
-0.004714989103376865
-0.004710017237812281
-0.004705053754150867
-0.004700098652392626
-0.00469515286386013
-0.004690215457230806
-0.004685287363827229
-0.004680367652326822
-0.004675458651036024
-0.004670558497309685
-0.004665667656809092
-0.004660786129534245
-0.004655913449823856
-0.004651049617677927
-0.004646194167435169
-0.004641347099095583
-0.004636507946997881
-0.004631676245480776
-0.004626852460205555
-0.004622036591172218
-0.004617228172719479
-0.00461242813616991
-0.004607636015862226
-0.004602852277457714
-0.004598076920956373
-0.004593309946358204
-0.004588551819324493
-0.004583802539855242
-0.004579061642289162
-0.00457432959228754
-0.004569605458527803
-0.004564888309687376
-0.004560178611427546
-0.004555476363748312
-0.004550781566649675
-0.004546094220131636
-0.004541413392871618
-0.004536740016192198
-0.004532074090093374
-0.004527415614575148
-0.004522765055298805
-0.00451812194660306
-0.004513487219810486
-0.004508860874921083
-0.004504243843257427
-0.004499636124819517
-0.004495036322623491
-0.00449044443666935
-0.00448586093261838
-0.004481284879148006
-0.004476715810596943
-0.004472154658287764
-0.004467600025236607
-0.004463052377104759
-0.004458511713892221
-0.004453978035598993
-0.004449451342225075
-0.004444932099431753
-0.004440420772880316
-0.00443591782823205
-0.004431422334164381
-0.004426934290677309
-0.004422454629093409
-0.004417982883751392
-0.004413518588989973
-0.004409062676131725
-0.004404613748192787
-0.004400172736495733
-0.004395739175379276
-0.004391312133520842
-0.004386892076581717
-0.004382478538900614
-0.004378072917461395
-0.004373673349618912
-0.004369281232357025
-0.004364896565675735
-0.004360519349575043
-0.00435614911839366
-0.004351785872131586
-0.004347430542111397
-0.004343083128333092
-0.004338742699474096
-0.00433440925553441
-0.004330082330852747
-0.004325761925429106
-0.004321448970586061
-0.00431714253500104
-0.004312842153012753
-0.004308549221605062
-0.004304264206439257
-0.004299986641854048
-0.004295716527849436
-0.004291453864425421
-0.004287198185920715
-0.004282949957996607
-0.004278709180653095
-0.004274475853890181
-0.004270249046385288
-0.004266028758138418
-0.00426181498914957
-0.00425760680809617
-0.004253405146300793
-0.004249208606779575
-0.004245019052177668
-0.00424083648249507
-0.004236660897731781
-0.004232492297887802
-0.00422833114862442
-0.004224176984280348
-0.004220029804855585
-0.004215890076011419
-0.00421175779774785
-0.004207632038742304
-0.004203513264656067
-0.004199400544166565
-0.004195293877273798
-0.004191193263977766
-0.004187098704278469
-0.004183010198175907
-0.004178928676992655
-0.00417485274374485
-0.004170783795416355
-0.00416672183200717
-0.004162666387856007
-0.004158616997301579
-0.004154574126005173
-0.004150538239628077
-0.004146507941186428
-0.004142483230680227
-0.004138464573770761
-0.004134451504796743
-0.00413044448941946
-0.004126443527638912
-0.004122448153793812
-0.004118459299206734
-0.004114476963877678
-0.004110501147806644
-0.004106532316654921
-0.004102570004761219
-0.004098614677786827
-0.004094666801393032
-0.004090725444257259
-0.004086790606379509
-0.004082862753421068
-0.004078940954059362
-0.004075025208294392
-0.00407111644744873
-0.004067213740199804
-0.004063317086547613
-0.004059426486492157
-0.004055541474372149
-0.004051662981510162
-0.004047790076583624
-0.004043922759592533
-0.00404006103053689
-0.004036205355077982
-0.004032354801893234
-0.004028510302305222
-0.004024671390652657
-0.004020838066935539
-0.004017010796815157
-0.004013190511614084
-0.004009375814348459
-0.004005566705018282
-0.004001764580607414
-0.003997968975454569
-0.003994179889559746
-0.003990396857261658
-0.003986619412899017
-0.003982847556471825
-0.00397908128798008
-0.003975320607423782
-0.003971565514802933
-0.003967815078794956
-0.00396406976506114
-0.003960329107940197
-0.003956594038754702
-0.003952864091843367
-0.003949139732867479
-0.003945420496165752
-0.003941707778722048
-0.003938001114875078
-0.003934300970286131
-0.003930606413632631
-0.003926918376237154
-0.003923236858099699
-0.003919561859220266
-0.003915892913937569
-0.003912230487912893
-0.003908574115484953
-0.003904924727976322
-0.003901280928403139
-0.003897643415257335
-0.003894011257216334
-0.003890384919941425
-0.00388676393777132
-0.003883148310706019
-0.003879538038745522
-0.003875932656228542
-0.003872332395985723
-0.003868737025186419
-0.00386514631099999
-0.003861559554934502
-0.003857977688312531
-0.003854400245472789
-0.003850827226415277
-0.003847259562462568
-0.00384369702078402
-0.003840139834210277
-0.00383658823557198
-0.003833042457699776
-0.003829502500593662
-0.003825967898592353
-0.003822439117357135
-0.003818915924057364
-0.003815398318693042
-0.003811886301264167
-0.003808379638940096
-0.003804878564551473
-0.003801383078098297
-0.003797893179580569
-0.003794408403337002
-0.003790929447859526
-0.00378745561465621
-0.003783986903727055
-0.00378052331507206
-0.003777064615860581
-0.003773610107600689
-0.003770160488784313
-0.003766715060919523
-0.003763274056836963
-0.003759837476536632
-0.003756405552849174
-0.003752979217097163
-0.003749558003619313
-0.003746142378076911
-0.003742732340469956
-0.003739328123629093
-0.003735929727554321
-0.003732537152245641
-0.003729150397703052
-0.00372576923109591
-0.003722393419593573
-0.003719022497534752
-0.003715656232088804
-0.00371229462325573
-0.003708937205374241
-0.003705584444105625
-0.003702236106619239
-0.003698892658576369
-0.003695553867146373
-0.003692219732329249
-0.003688890254124999
-0.003685565432533622
-0.003682245267555118
-0.003678930224850774
-0.00367562030442059
-0.003672315739095211
-0.003669016296043992
-0.003665721509605646
-0.003662431379780173
-0.00365914567373693
-0.00365586462430656
-0.003652588231489062
-0.003649316262453794
-0.003646048717200756
-0.003642785362899303
-0.003639527130872011
-0.003636273788288236
-0.003633025335147977
-0.003629782237112522
-0.003626544261351228
-0.003623311407864094
-0.003620083443820477
-0.003616860369220376
-0.003613642184063792
-0.003610428655520082
-0.003607220249250531
-0.00360401626676321
-0.003600817173719406
-0.003597622737288475
-0.003594432957470417
-0.003591248067095876
-0.003588068066164851
-0.003584892954677343
-0.003581722732633352
-0.003578556934371591
-0.003575395559892058
-0.00357223954051733
-0.003569087479263544
-0.003565939608961344
-0.003562795696780086
-0.003559655277058482
-0.003556518815457821
-0.003553385846316814
-0.003550256602466106
-0.003547131316736341
-0.003544009756296873
-0.003540892619639635
-0.00353778013959527
-0.003534672548994422
-0.00353156984783709
-0.003528472036123276
-0.003525379579514265
-0.003522292478010058
-0.003519210265949368
-0.003516132710501552
-0.003513059578835964
-0.003509990405291319
-0.003506925189867616
-0.003503864165395498
-0.003500806633383036
-0.003497753059491515
-0.003494702978059649
-0.003491656854748726
-0.003488614922389388
-0.00348557741381228
-0.003482544329017401
-0.003479516133666039
-0.003476493526250124
-0.00347347604110837
-0.003470463678240776
-0.00346745690330863
-0.003464454784989357
-0.003461457556113601
-0.003458464751020074
-0.003455475904047489
-0.003452491015195847
-0.003449509618803859
-0.003446531249210238
-0.003443555673584342
-0.003440583124756813
-0.003437613137066364
-0.00343464664183557
-0.003431684104725718
-0.003428725292906165
-0.003425770439207554
-0.003422820242121816
-0.003419875167310238
-0.003416934981942177
-0.003413999453186989
-0.003411068813875318
-0.003408143296837807
-0.003405222902074456
-0.003402306698262691
-0.003399394918233156
-0.003396487794816494
-0.003393584629520774
-0.00339068565517664
-0.003387790638953447
-0.003384899813681841
-0.003382012713700533
-0.00337912910617888
-0.003376248991116881
-0.003373372601345181
-0.003370499704033136
-0.003367630066350102
-0.003364763921126723
-0.003361901268362999
-0.003359042340889573
-0.003356186905875802
-0.003353334963321686
-0.003350486513227224
-0.003347642021253705
-0.003344801021739841
-0.003341964446008205
-0.003339132061228156
-0.003336303867399693
-0.003333480097353458
-0.003330661216750741
-0.003327846992760897
-0.003325037192553282
-0.003322231117635965
-0.003319428768008947
-0.003316629910841584
-0.003313834313303232
-0.003311041975393891
-0.003308253129944205
-0.00330546754412353
-0.003302685217931867
-0.003299906384199858
-0.003297131275758147
-0.003294360358268023
-0.00329159339889884
-0.003288830630481243
-0.003286072518676519
-0.003283318364992738
-0.003280569100752473
-0.003277823561802506
-0.003275081980973482
-0.003272344125434756
-0.003269609762355685
-0.003266878658905625
-0.003264150582253933
-0.003261425532400608
-0.003258703742176294
-0.003255985211580992
-0.003253270406275988
-0.003250558860599995
-0.003247850574553013
-0.003245146246626973
-0.003242445876821876
-0.003239749232307076
-0.003237056313082576
-0.003234367584809661
-0.003231683047488332
-0.003229002235457301
-0.003226325381547213
-0.003223652020096779
-0.003220982151106
-0.003218316007405519
-0.003215652890503407
-0.003212992800399661
-0.00321033620275557
-0.003207682864740491
-0.003205033019185066
-0.003202386666089296
-0.003199743805453181
-0.003197104670107365
-0.003194469260051847
-0.00319183780811727
-0.00318921054713428
-0.003186587244272232
-0.003183968365192413
-0.003181353211402893
-0.003178741782903671
-0.003176134079694748
-0.003173529403284192
-0.003170927288010716
-0.003168328432366252
-0.003165732370689511
-0.003163139335811138
-0.003160549327731133
-0.003157962579280138
-0.003155378857627511
-0.00315279932692647
-0.003150223288685083
-0.00314765190705657
-0.003145084716379642
-0.003142521716654301
-0.003139962675049901
-0.003137407824397087
-0.003134856000542641
-0.003132307669147849
-0.003129762131720781
-0.003127219388261437
-0.003124679205939174
-0.00312214158475399
-0.003119606291875243
-0.003117073327302933
-0.003114542691037059
-0.003112015081569552
-0.003109490498900414
-0.003106968943029642
-0.003104450879618526
-0.003101936308667064
-0.003099425230175257
-0.003096917876973748
-0.003094414481893182
-0.003091915044933558
-0.003089418867602944
-0.003086926648393273
-0.003084437688812613
-0.003081952221691608
-0.003079470945522189
-0.003076992696151137
-0.003074518172070384
-0.003072046674787998
-0.003069578669965267
-0.00306711345911026
-0.003064651973545551
-0.00306219351477921
-0.003059737849980593
-0.003057285211980343
-0.003054835367947817
-0.003052388317883015
-0.003049943828955293
-0.003047502133995295
-0.003045063698664308
-0.003042627591639757
-0.003040194511413574
-0.003037764225155115
-0.00303533673286438
-0.003032912500202656
-0.003030491061508656
-0.003028072882443666
-0.003025657963007689
-0.003023246536031365
-0.003020838834345341
-0.003018434625118971
-0.003016033908352256
-0.003013636684045196
-0.003011243185028434
-0.003008853644132614
-0.003006467595696449
-0.003004085039719939
-0.003001705976203084
-0.00299933017231524
-0.00299695716239512
-0.002994587412104011
-0.002992219990119338
-0.002989854896441102
-0.002987492829561234
-0.002985133323818445
-0.002982776146382093
-0.002980420831590891
-0.002978068310767412
-0.00297571811825037
-0.002973370254039764
-0.002971025416627526
-0.002968683838844299
-0.00296634528785944
-0.002964009763672948
-0.002961677499115467
-0.002959348494186997
-0.002957022748887539
-0.002954700263217092
-0.002952381037175655
-0.00295006507076323
-0.00294775259681046
-0.002945443149656057
-0.002943136962130666
-0.002940834034234285
-0.002938534133136272
-0.00293623679317534
-0.002933942247182131
-0.002931650495156646
-0.002929361071437597
-0.002927073976024985
-0.002924789674580097
-0.002922508167102933
-0.002920229453593493
-0.002917953534051776
-0.002915680874139071
-0.002913411241024733
-0.002911144634708762
-0.002908881288021803
-0.002906621200963855
-0.002904364373534918
-0.002902110107243061
-0.002899858634918928
-0.002897610189393163
-0.002895364072173834
-0.002893120516091585
-0.002890879288315773
-0.002888640156015754
-0.002886403352022171
-0.002884168643504381
-0.002881936030462384
-0.002879705978557467
-0.002877478487789631
-0.002875253790989518
-0.00287303258664906
-0.002870814874768257
-0.002868600888177752
-0.002866390394046903
-0.002864183625206351
-0.002861980115994811
-0.002859779866412282
-0.002857582876458764
-0.00285538868047297
-0.002853197045624256
-0.002851007739081979
-0.002848820760846138
-0.00284663587808609
-0.002844452857971191
-0.002842271700501442
-0.002840092405676842
-0.002837914973497391
-0.002835740335285664
-0.002833568025380373
-0.002831398509442806
-0.002829231787472963
-0.002827068325132132
-0.002824908122420311
-0.002822750713676214
-0.002820595866069198
-0.002818443579599261
-0.002816293854266405
-0.002814146690070629
-0.002812002319842577
-0.002809860510751605
-0.002807721961289644
-0.00280558574013412
-0.002803452080115676
-0.002801321214064956
-0.002799192909151316
-0.002797067631036043
-0.002794945146888494
-0.00279282545670867
-0.002790708793327212
-0.002788594923913479
-0.002786483848467469
-0.002784375101327896
-0.002782268915325403
-0.002780165290459991
-0.002778063993901014
-0.002775965025648475
-0.002773868152871728
-0.002771773608401418
-0.0027696811594069
-0.002767590805888176
-0.002765502780675888
-0.002763416850939393
-0.002761333016678691
-0.002759251510724425
-0.002757172798737884
-0.002755096415057778
-0.002753022825345397
-0.002750952262431383
-0.002748884493485093
-0.002746819751337171
-0.002744757803156972
-0.002742698881775141
-0.002740642987191677
-0.002738589886575937
-0.002736539347097278
-0.002734491834416986
-0.002732447115704417
-0.002730405190959573
-0.002728366060182452
-0.002726329490542412
-0.002724295714870095
-0.002722264034673572
-0.002720234682783484
-0.002718207659199834
-0.002716182498261333
-0.002714159432798624
-0.002712138229981065
-0.002710118889808655
-0.00270810117945075
-0.002706085331737995
-0.002704071346670389
-0.002702059457078576
-0.002700049662962556
-0.002698041731491685
-0.002696036361157894
-0.00269403331913054
-0.002692032838240266
-0.002690035151317716
-0.002688040258362889
-0.00268604839220643
-0.002684059320017695
-0.002682072808966041
-0.002680088859051466
-0.002678107470273972
-0.002676128642633557
-0.002674151910468936
-0.002672177273780107
-0.002670205198228359
-0.00266823498532176
-0.002666267100721598
-0.002664301544427872
-0.002662338083609939
-0.002660376951098442
-0.002658417914062738
-0.002656461205333471
-0.002654507057741284
-0.002652555238455534
-0.00265060574747622
-0.00264865905046463
-0.00264671491459012
-0.002644773339852691
-0.002642834326252341
-0.002640897640958428
-0.002638963516801596
-0.0026370317209512
-0.00263510225340724
-0.002633175579831004
-0.002631250768899918
-0.002629328053444624
-0.00262740789912641
-0.002625489607453346
-0.002623573411256075
-0.00262165954336524
-0.002619748003780842
-0.002617839025333524
-0.002615931909531355
-0.002614027122035623
-0.002612124430015683
-0.002610223600640893
-0.002608325565233827
-0.00260642939247191
-0.002604535315185785
-0.002602643333375454
-0.002600753447040915
-0.002598865423351526
-0.00259697949513793
-0.002595095196738839
-0.002593212993815541
-0.00259133311919868
-0.002589455340057611
-0.00258757988922298
-0.002585706766694784
-0.002583835972473025
-0.002581967040896416
-0.002580100204795599
-0.002578235697001219
-0.002576373517513275
-0.002574513200670481
-0.002572654979303479
-0.002570798853412271
-0.002568944357335567
-0.002567092189565301
-0.00256524165160954
-0.002563393209129572
-0.002561546862125397
-0.002559702610597014
-0.002557860687375069
-0.002556020859628916
-0.002554183127358556
-0.002552347490563989
-0.002550513949245214
-0.002548682736232877
-0.002546853618696332
-0.00254502659663558
-0.002543201902881265
-0.002541379537433386
-0.002539559500291944
-0.002537741791456938
-0.002535926178097725
-0.002534113358706236
-0.00253230263479054
-0.00253049423918128
-0.002528688404709101
-0.002526885131374002
-0.002525084186345339
-0.002523285569623113
-0.002521489048376679
-0.002519694389775395
-0.002517901360988617
-0.002516110427677631
-0.002514320891350508
-0.002512533217668533
-0.002510747173801064
-0.002508962759748101
-0.002507179975509644
-0.002505398821085691
-0.002503619762137532
-0.002501842798665166
-0.002500067930668592
-0.002498295390978456
-0.002496524946764112
-0.002494756365194917
-0.002492989879101515
-0.002491225488483906
-0.002489462960511446
-0.002487702528014779
-0.002485943958163261
-0.002484187018126249
-0.002482431940734386
-0.002480678958818316
-0.002478928072378039
-0.002477179048582911
-0.002475432585924864
-0.002473688451573253
-0.002471946645528078
-0.002470207400619984
-0.002468470251187682
-0.002466735197231174
-0.00246500177308917
-0.00246327044442296
-0.002461541211232543
-0.002459814073517919
-0.0024580885656178
-0.002456364687532187
-0.002454642439261079
-0.002452921820804477
-0.002451202366501093
-0.002449484542012215
-0.002447769045829773
-0.00244605541229248
-0.002444343874230981
-0.002442634664475918
-0.002440927783027291
-0.002439223462715745
-0.002437521470710635
-0.002435821341350675
-0.002434123307466507
-0.002432427601888776
-0.00243073352612555
-0.002429041313007474
-0.002427350962534547
-0.002425662241876125
-0.002423974685370922
-0.002422288991510868
-0.002420604461804032
-0.002418921329081059
-0.002417239593341947
-0.002415559254586697
-0.002413880545645952
-0.002412203000858426
-0.002410527551546693
-0.002408853964880109
-0.00240718200802803
-0.002405511913821101
-0.002403844147920609
-0.002402178477495909
-0.002400514902547002
-0.002398853423073888
-0.002397194039076567
-0.002395536750555038
-0.002393881557509303
-0.002392228692770004
-0.002390578156337142
-0.002388929482549429
-0.002387282904237509
-0.002385638188570738
-0.002383995335549116
-0.002382354112342
-0.002380714751780033
-0.002379076788201928
-0.002377440221607685
-0.00237580481916666
-0.002374170580878854
-0.002372538205236197
-0.002370907459408045
-0.002369278110563755
-0.002367650624364614
-0.002366025000810623
-0.002364401472732425
-0.002362780272960663
-0.002361160470172763
-0.002359542762860656
-0.002357926685363054
-0.002356312470510602
-0.002354700118303299
-0.002353089395910501
-0.002351480536162853
-0.002349873539060354
-0.002348268404603004
-0.00234666489996016
-0.002345063956454396
-0.002343465574085712
-0.002341869985684752
-0.002340276958420873
-0.002338686026632786
-0.002337097423151135
-0.002335510682314634
-0.002333925571292639
-0.002332341857254505
-0.002330759540200233
-0.00232917838729918
-0.002327598631381989
-0.002326019341126084
-0.002324441447854042
-0.002322864485904574
-0.002321288455277681
-0.002319713588804007
-0.002318140119314194
-0.002316568279638886
-0.002314997836947441
-0.002313429489731789
-0.002311863005161285
-0.002310298616066575
-0.002308736089617014
-0.002307175192981958
-0.002305616158992052
-0.002304058987647295
-0.002302503446117043
-0.002300949301570654
-0.00229939678683877
-0.002297846134752035
-0.002296297112479806
-0.002294749487191439
-0.002293203724548221
-0.002291659591719508
-0.002290117321535945
-0.002288576681166887
-0.002287037670612335
-0.002285500522702932
-0.002283965237438679
-0.002282431349158287
-0.002280898857861757
-0.00227936846204102
-0.002277839463204145
-0.002276311861351132
-0.002274786122143269
-0.00227326201274991
-0.002271739766001701
-0.002270219614729285
-0.002268701093271375
-0.002267184900119901
-0.002265670569613576
-0.0022641581017524
-0.002262647496536374
-0.00226113828830421
-0.002259630709886551
-0.002258124761283398
-0.002256619744002819
-0.002255115658044815
-0.002253612736240029
-0.002252110512927175
-0.002250609453767538
-0.002249109791591763
-0.002247611526399851
-0.0022461146581918
-0.002244619885459542
-0.002243126975372434
-0.002241636393591762
-0.002240148140117526
-0.002238662447780371
-0.002237179316580296
-0.002235698513686657
-0.002234220271930099
-0.002232743892818689
-0.002231269376352429
-0.002229795791208744
-0.002228323370218277
-0.002226851880550385
-0.002225381322205067
-0.002223911229521036
-0.002222441835328937
-0.002220973139628768
-0.00221950514242053
-0.002218038309365511
-0.00221657264046371
-0.002215108368545771
-0.002213645726442337
-0.002212184714153409
-0.002210725797340274
-0.002209269441664219
-0.002207815647125244
-0.002206363948062062
-0.002204914344474673
-0.002203466603532434
-0.002202020492404699
-0.002200576011091471
-0.00219913269393146
-0.002197690773755312
-0.002196249552071095
-0.002194809028878808
-0.002193368738517165
-0.002191929146647453
-0.002190490486100316
-0.002189053222537041
-0.002187617123126984
-0.002186182653531432
-0.002184750512242317
-0.002183320233598351
-0.002181892283260822
-0.002180466894060373
-0.002179043600335717
-0.002177622634917498
-0.002176203532144427
-0.00217478652484715
-0.002173371147364378
-0.002171957166865468
-0.002170544350519776
-0.002169132698327303
-0.002167722210288048
-0.002166312420740724
-0.00216490332968533
-0.002163495169952512
-0.002162087941542268
-0.002160681877285242
-0.002159277210012078
-0.002157873706892133
-0.002156471600756049
-0.002155071357265115
-0.002153672743588686
-0.002152275526896119
-0.002150880405679345
-0.00214948714710772
-0.002148095518350601
-0.002146705752238631
-0.002145317615941167
-0.002143931109458208
-0.002142545767128468
-0.002141161588951945
-0.002139778807759285
-0.002138397423550487
-0.00213701743632555
-0.002135638846084476
-0.002134261652827263
-0.002132886089384556
-0.002131512621417642
-0.002130140783265233
-0.002128770342096686
-0.002127401763573289
-0.002126034582033753
-0.00212466879747808
-0.002123304409906268
-0.002121941186487675
-0.002120578661561012
-0.002119217300787568
-0.002117856638506055
-0.002116496674716473
-0.002115137176588178
-0.002113778609782457
-0.002112420974299312
-0.002111064270138741
-0.002109708730131388
-0.002108355052769184
-0.002107002539560199
-0.00210565235465765
-0.002104303799569607
-0.002102957107126713
-0.002101612277328968
-0.00210026977583766
-0.002098928904160857
-0.002097589895129204
-0.002096252515912056
-0.002094916766509414
-0.002093582646921277
-0.002092249691486359
-0.002090918365865946
-0.002089588204398751
-0.002088259439915419
-0.002086932072415948
-0.002085605869069695
-0.002084280597046018
-0.002082956256344914
-0.002081633312627673
-0.002080311765894294
-0.002078991150483489
-0.002077671699225903
-0.002076353644952178
-0.002075036754831672
-0.002073721028864384
-0.002072406699880958
-0.00207109353505075
-0.002069781767204404
-0.002068470930680633
-0.00206716125831008
-0.002065852750092745
-0.002064545638859272
-0.002063239458948374
-0.002061934908851981
-0.00206063175573945
-0.002059329999610782
-0.002058029873296618
-0.002056730911135674
-0.002055433345958591
-0.002054136944934726
-0.002052841708064079
-0.002051548101007938
-0.002050256123766303
-0.002048965776339173
-0.002047676593065262
-0.002046389039605856
-0.002045102650299668
-0.002043817657977343
-0.002042534062638879
-0.00204125139862299
-0.002039969665929675
-0.002038689330220222
-0.002037410391494632
-0.002036132616922259
-0.002034855540841818
-0.002033579396083951
-0.002032304415479302
-0.002031030599027872
-0.002029758179560304
-0.002028486924245954
-0.002027217298746109
-0.00202594930306077
-0.002024682704359293
-0.002023417735472322
-0.002022154163569212
-0.002020891755819321
-0.002019630977883935
-0.002018371596932411
-0.002017113612964749
-0.002015857025980949
-0.002014601603150368
-0.002013347111642361
-0.002012094017118216
-0.002010841621086001
-0.002009590156376362
-0.002008340088650584
-0.002007091417908669
-0.002005843445658684
-0.002004596637561917
-0.002003351226449013
-0.00200210721231997
-0.002000864595174789
-0.001999623375013471
-0.001998383551836014
-0.001997144892811775
-0.001995907165110111
-0.001994670601561666
-0.001993435202166438
-0.001992200734093785
-0.001990967430174351
-0.001989734824746847
-0.001988503383472562
-0.001987272873520851
-0.001986043294891715
-0.001984815113246441
-0.001983587862923741
-0.001982361543923616
-0.001981136156246066
-0.001979911932721734
-0.001978689106181264
-0.001977467676624656
-0.001976247178390622
-0.001975027844309807
-0.001973810140043497
-0.001972593832761049
-0.001971379155293107
-0.00197016610763967
-0.001968954689800739
-0.001967744901776314
-0.001966536976397038
-0.00196533091366291
-0.001964126247912645
-0.001962922746315598
-0.00196172040887177
-0.001960519002750516
-0.001959318295121193
-0.001958118285983801
-0.001956919208168983
-0.001955721061676741
-0.001954523613676429
-0.001953326864168048
-0.001952130696736276
-0.001950935693457723
-0.001949741970747709
-0.001948549645021558
-0.001947358949109912
-0.001946169883012772
-0.001944982330314815
-0.00194379617460072
-0.001942611648701131
-0.001941428403370082
-0.001940246438607574
-0.001939065754413605
-0.001937886117957532
-0.001936707412824035
-0.001935529639013112
-0.001934352680109441
-0.001933176536113024
-0.001932001323439181
-0.001930826692841947
-0.001929652877151966
-0.001928479643538594
-0.001927307224832475
-0.001926135621033609
-0.001924965181387961
-0.001923795673064888
-0.001922627445310354
-0.001921460381709039
-0.001920294598676264
-0.001919130096212029
-0.001917966990731657
-0.001916805515065789
-0.001915645319968462
-0.00191448675468564
-0.001913329935632646
-0.001912174862809479
-0.00191102153621614
-0.00190987007226795
-0.001908720238134265
-0.001907571800984442
-0.001906424527987838
-0.00190527830272913
-0.001904132892377675
-0.001902988064102829
-0.00190184370148927
-0.001900699571706355
-0.001899555791169405
-0.001898412243463099
-0.001897269045002759
-0.001896126195788383
-0.001894983928650618
-0.001893842243589461
-0.001892701606266201
-0.001891562133096159
-0.0018904241733253
-0.001889287843368948
-0.001888153026811779
-0.001887019840069115
-0.001885888166725636
-0.001884758123196661
-0.001883629243820906
-0.001882501295767725
-0.001881374279037118
-0.001880248193629086
-0.001879122690297663
-0.001877997885458171
-0.001876873895525932
-0.001875750836916268
-0.001874628709629178
-0.001873507746495306
-0.001872388063929975
-0.001871269661933184
-0.001870152889750898
-0.001869037630967796
-0.001867923769168556
-0.001866811420768499
-0.001865700352936983
-0.001864590565674007
-0.001863481826148927
-0.001862374017946422
-0.001861267373897135
-0.001860161544755101
-0.001859056646935642
-0.001857952796854079
-0.001856849761679769
-0.001855747541412711
-0.00185464636888355
-0.001853546360507607
-0.001852447399869561
-0.001851349486969411
-0.001850252505391836
-0.001849156687967479
-0.001848062034696341
-0.001846968429163098
-0.001845875987783074
-0.001844784594140947
-0.001843694015406072
-0.001842604484409094
-0.001841516001150012
-0.001840428449213505
-0.001839341945014894
-0.001838256372138858
-0.001837171847000718
-0.001836088253185153
-0.001835005474276841
-0.001833923626691103
-0.001832842594012618
-0.001831762143410742
-0.001830682391300797
-0.001829603221267462
-0.001828524516895413
-0.001827446278184652
-0.001826368505135179
-0.001825291546992958
-0.001824215287342668
-0.00182313984259963
-0.001822065329179168
-0.001820991863496602
-0.001819919678382576
-0.001818849006667733
-0.001817780081182718
-0.001816712785512209
-0.001815647236071527
-0.001814583316445351
-0.00181352102663368
-0.001812460250221193
-0.00181140098720789
-0.001810342888347805
-0.001809286186471581
-0.001808230532333255
-0.001807175809517503
-0.001806122018024325
-0.001805069041438401
-0.001804016763344407
-0.001802965183742344
-0.001801914302632213
-0.001800863887183368
-0.001799813937395811
-0.001798764336854219
-0.001797714969143271
-0.001796665950678289
-0.001795617514289916
-0.001794569543562829
-0.001793522387742996
-0.001792476046830416
-0.001791430753655732
-0.00179038685746491
-0.001789344591088593
-0.001788303954526782
-0.001787265064194798
-0.001786228152923286
-0.001785193220712245
-0.001784160151146352
-0.001783128594979644
-0.001782098202966154
-0.00178106885869056
-0.001780040096491575
-0.001779011567123234
-0.001777983154170215
-0.001776954857632518
-0.001775926328264177
-0.00177489803172648
-0.001773869851604104
-0.001772842137143016
-0.001771814888343215
-0.001770788454450667
-0.001769763184711337
-0.001768739079125226
-0.001767716254107654
-0.001766694942489266
-0.001765675260685384
-0.001764657092280686
-0.001763640437275171
-0.001762624946422875
-0.001761610619723797
-0.001760597340762615
-0.00175958510953933
-0.001758573693223298
-0.001757562742568552
-0.001756552490405738
-0.001755542936734855
-0.001754533848725259
-0.001753525575622916
-0.001752517651766539
-0.001751510426402092
-0.001750503666698933
-0.001749497721903026
-0.001748492359183729
-0.001747487694956362
-0.001746483612805605
-0.001745480461977422
-0.001744478126056492
-0.001743476488627493
-0.001742475898936391
-0.001741476589813828
-0.001740478677675128
-0.001739482046104968
-0.001738486927933991
-0.00173749343957752
-0.001736501581035554
-0.001735511003062129
-0.001734521822072566
-0.001733533921651542
-0.001732546952553093
-0.001731560798361897
-0.001730575459077954
-0.00172959070187062
-0.001728606293909252
-0.00172762235160917
-0.001726638758555055
-0.001725655514746904
-0.001724673085846007
-0.001723691239021719
-0.001722709974274039
-0.001721729524433613
-0.001720749889500439
-0.001719771418720484
-0.001718793762847781
-0.001717817038297653
-0.0017168412450701
-0.001715866266749799
-0.001714892103336751
-0.001713918638415635
-0.001712945871986449
-0.00171197357121855
-0.001711001619696617
-0.001710030133835971
-0.001709058997221291
-0.001708088326267898
-0.001707118237391114
-0.001706148614175618
-0.001705179689452052
-0.001704211463220417
-0.001703243819065392
-0.001702276640571654
-0.001701309811323881
-0.00170034309849143
-0.001699376734904945
-0.001698410022072494
-0.001697443192824721
-0.001696476014330983
-0.00169550848659128
-0.001694540260359645
-0.001693571452051401
-0.001692601945251226
-0.001691631507128477
-0.001690660486929119
-0.001689688535407186
-0.001688715885393322
-0.00168774276971817
-0.001686768839135766
-0.001685794210061431
-0.001684818882495165
-0.001683842507191002
-0.001682865200564265
-0.001681886380538344
-0.001680905930697918
-0.001679923618212342
-0.001678939210250974
-0.001677952357567847
-0.001676963060162961
-0.001675970852375031
-0.001674975850619376
-0.00167397758923471
-0.001672976301051676
-0.001671971869654953
-0.001670964062213898
-0.001669952878728509
-0.001668937969952822
-0.001667919452302158
-0.00166689686011523
-0.001665870193392038
-0.001664838870055974
-0.001663803122937679
-0.001662762952037156
-0.001661718357354403
-0.001660668989643455
-0.001659614848904312
-0.001658556051552296
-0.00165749283041805
-0.001656425418332219
-0.001655354048125446
-0.00165427871979773
-0.00165319989901036
-0.001652117818593979
-0.00165103271137923
-0.001649944693781435
-0.001648854115046561
-0.001647761324420571
-0.001646666438318789
-0.001645570038817823
-0.001644472242332995
-0.001643373514525592
-0.001642274553887546
-0.001641175826080143
-0.001640078029595315
-0.001638981979340315
-0.00163788883946836
-0.001636799424886703
-0.00163571466691792
-0.001634635729715228
-0.00163356342818588
-0.001632499042898417
-0.00163144338876009
-0.001630397629924119
-0.001629362464882433
-0.001628339057788253
-0.001627328456379473
-0.001626331475563347
-0.001625349163077772
-0.001624382683075964
-0.001623432734049857
-0.001622500480152667
-0.001621586503461003
-0.001620691968128085
-0.001619817572645843
-0.00161896413192153
-0.00161813257727772
-0.001617323490791023
-0.001616537221707404
-0.001615774352103472
-0.001615035114809871
-0.001614319509826601
-0.001613627769984305
-0.00161295966245234
-0.001612314837984741
-0.001611692714504898
-0.001611092826351523
-0.001610514125786722
-0.001609955681487918
-0.001609416212886572
-0.001608894439414144
-0.001608388614840806
-0.001607897458598018
-0.001607418991625309
-0.001606951234862208
-0.001606491976417601
-0.001606039120815694
-0.001605590339750051
-0.001605143304914236
-0.00160469557158649
-0.001604244695045054
-0.001603787997737527
-0.001603323151357472
-0.001602847594767809
-0.001602358650416136
-0.001601853989996016
-0.001601331168785691
-0.001600787858478725
-0.001600221730768681
-0.001599630690179765
-0.001599012757651508
-0.001598366070538759
-0.001597688649781048
-0.001596979098394513
-0.001596236135810614
-0.001595458365045488
-0.001594645087607205
-0.001593795605003834
-0.001592909451574087
-0.001591986743733287
-0.001591027481481433
-0.001590032130479813
-0.001589001389220357
-0.001587936421856284
-0.001586838043294847
-0.001585707883350551
-0.001584547571837902
-0.001583358622156084
-0.00158214324619621
-0.00158090319018811
-0.00157964089885354
-0.001578358700498939
-0.001577058923430741
-0.001575744012370706
-0.001574416644871235
-0.001573079265654087
-0.001571734552271664
-0.001570385415107012
-0.001569034182466567
-0.001567683415487409
-0.001566335675306618
-0.001564992940984666
-0.001563657657243311
-0.001562331803143024
-0.001561017241328955
-0.001559715950861573
-0.00155842921230942
-0.001557158539071679
-0.001555904862470925
-0.001554669695906341
-0.001553453854285181
-0.001552258152514696
-0.001551083289086819
-0.001549929962493479
-0.001548798638395965
-0.001547689898870885
-0.001546604093164206
-0.001545541686937213
-0.001544502796605229
-0.001543488004244864
-0.00154249754268676
-0.001541531411930919
-0.001540589961223304
-0.001539673423394561
-0.001538781682029366
-0.001537914737127721
