0
0
0
0
0
0
0
0
0
0
0
0
0
0
0
0
0
0
0
0
0
0
0
0
0
0
0
0
0
0
0
0
0
0
0
0
0
0
0
0
0
0
0
0
0
0
0
0
0
0
0
0
0
0
0
0
0
0
0
0
0
0
0
0
0
0
0
0
0
0
0
0
0
0
0
0
0
0
0
0
0
0
0
0
0
0
0
0
0
0
0
0
0
0
0
0
0
0
0
0
0
0
0
0
0
0
0
0
0
0
0
0
0
0
0
0
0
0
0
0
0
0
0
0
0
0
0
0
0
0
0
0
0
0
0
0
0
0
0
0
0
0
0
0
0
0
0
0
0
0
0
0
0
0
0
0
0
0
0
0
0
0
0
0
0
0
0
0
0
0
0
0
0
0
0
0
0
0
0
0
0
0
0
0
0
0
0
0
0
0
0
0
0
0
0
0
0
0
0
0
0
0
0
0
0
0
0
0
0
0
0
0
0
0
0
0
0
0
0
0
0
0
0
0
0
0
0
0
0
0
0
0
0
0
0
0
0
0
0
0
0
0
0
0
0
0
0
0
0
0
0
0
0
0
0
0
0
0
0
0
0
0
0
0
0
0
0
0
0
0
0
0
0
0
0
0
0
0
0
0
0
0
0
0
0
0
0
0
0
0
0
0
0
0
0
0
0
0
0
0
0
0
0
0
0
0
0
0
0
0
0
0
0
0
0
0
0
0
0
0
0
0
0
0
0
0
0
0
0
0
0
0
0
0
0
0
0
0
0
0
0
0
0
0
0
0
0
0
0
0
0
0
0
0
0
0
0
0
0
0
0
0
0
0
0
0
0
0
0
0
0
0
0
0
0
0
0
0
0
0
0
0
0
0
0
0
0
0
0
0
0
0
0
0
0
0
0
0
0
0
0
0
0
0
0
0
0
0
0
0
0
0
0
0
0
0
0
0
0
0
0
0
0
0
0
0
0
0
0
0
0
0
0
0
0
0
0
0
0
0
0
0
0
0
0
0
0
0
0
0
0
0
0
0
0
0
0
0
0
0
0
0
0
0
0
0
0
0
0
0
0
0
0
0
0
0
0
0
0
0
0
0
0
0
0
0
0
0
0
0
0
0
0
0
0
0
0
0
0
0
0
0
0
0
0
0
0
0
0
0
0
0
0
0
0
0
0
0
0
0
0
0
0
0
0
0
0
0
0
0
0
0
0
0
0
0
0
0
0
0
0
0
0
0
0
0
0
0
0
0
0
0
0
0
0
0
0
0
0
0
0
0
0
0
0
0
0
0
0
0
0
0
0
0
0
0
0
0
0
0
0
0
0
0
0
0
0
0
0
0
0
0
0
0
0
0
0
0
0
0
0
0
0
0
0
0
0
0
0
0
0
0
0
0
0
0
0
0
0
0
0
0
0
0
0
0
0
0
0
0
0
0
0
0
0
0
0
0
0
0
0
0
0
0
0
0
0
0
0
0
0
0
0
0
0
0
0
0
0
0
0
0
0
0
0
0
0
0
0
0
0
0
0
0
0
0
0
0
0
0
0
0
0
0
0
0
0
0
0
0
0
0
0
0
0
0
0
0
0
0
0
0
0
0
0
0
0
0
0
0
0
0
0
0
0
0
0
0
0
0
0
0
0
0
0
0
0
0
0
0
0
0
0
0
0
0
0
0
0
0
0
0
0
0
0
0
0
0
0
0
0
0
0
0
0
0
0
0
0
0
0
0
0
0
0
0
0
0
0
0
0
0
0
0
0
0
0
0
0
0
0
0
0
0
0
0
0
0
0
0
0
0
0
0
0
0
0
0
0
0
0
0
0
0
0
0
0
0
0
0
0
0
0
0
0
0
0
0
0
0
0
0
0
0
0
0
0
0
0
0
0
0
0
0
0
0
0
0
0
0
0
0
0
0
0
0
0
0
0
0
0
0
0
0
0
0
0
0
0
0
0
0
0
0
0
0
0
0
0
0
0
0
0
0
0
0
0
0
0
0
0
0
0
0
0
0
0
0
0
0
0
0
0
0
0
0
0
0
0
0
0
0
0
0
0
0
0
0
0
0
0
0
0
0
0
0
0
0
0
0
0
0
0
0
0
0
0
0
0
0
0
0
0
0
0
0
0
0
0
0
0
0
0
0
0
0
0
0
0
0
0
0
0
0
0
0
0
0
0
0
0
0
0
0
0
0
0
0
0
0
0
0
0
0
0
0
0
0
0
0
0
0
0
0
0
0
0
0
0
0
0
0
0
0
0
0
0
0
0
0
0
0
0
0
0
0
0
0
0
0
0
0
0
0
0
0
0
0
0
0
0
0
0
0
0
0
0
0
0
0
0
0
0
0
0
0
0
0
0
0
0
0
0
0
0
0
0
0
0
0
0
0
0
0
0
0
0
0
0
0
0
0
0
0
0
0
0
0
0
0
0
0
0
0
0
0
0
0
0
0
0
0
0
0
0
0
0
0
0
0
0
0
0
0
0
0
0
0
0
0
0
0
0
0
0
0
0
0
0
0
0
0
0
0
0
0
0
0
0
0
0
0
0
0
0
0
0
0
0
0
0
0
0
0
0
0
0
0
0
0
0
0
0
0
0
0
0
0
0
0
0
0
0
0
0
0
0
0
0
0
0
0
0
0
0
0
0
0
0
0
0
0
0
0
0
0
0
0
0
0
0
0
0
0
0
0
0
0
0
0
0
0
0
0
0
0
0
0
0
0
0
0
0
0
0
0
0
0
0
0
0
0
0
0
0
0
0
0
0
0
0
0
0
0
0
0
0
0
0
0
0
0
0
0
0
0
0
0
0
0
0
0
0
0
0
0
0
0
0
0
0
0
0
0
0
0
0
0
0
0
0
0
0
0
0
0
0
0
0
0
0
0
0
0
0
0
0
0
0
0
0
0
0
0
0
0
0
0
0
0
0
0
0
0
0
0
0
0
0
0
0
0
0
0
0
0
0
0
0
0
0
0
0
0
0
0
0
0
0
0
0
0
0
0
0
0
0
0
0
0
0
0
0
0
0
0
0
0
0
0
0
0
0
0
0
0
0
0
0
0
0
0
0
0
0
0
0
0
0
0
0
0
0
0
0
0
0
0
0
0
0
0
0
0
0
0
0
0
0
0
0
0
0
0
0
0
0
0
0
0
0
0
0
0
0
0
0
0
0
0
0
0
0
0
0
0
0
0
0
0
0
0
0
0
0
0
0
0
0
0
0
0
0
0
0
0
0
0
0
0
0
0
0
0
0
0
0
0
0
0
0
0
0
0
0
0
0
0
0
0
2.802596928649634e-45
1.401298464324817e-44
4.484155085839415e-44
1.008934894313868e-43
1.98984381934124e-43
3.811531822963502e-43
7.104583214126823e-43
1.294799781036131e-42
2.345773629279744e-42
4.206697989903101e-42
7.502551977995071e-42
1.332915099265766e-41
2.362589210851642e-41
4.178672020616605e-41
7.3715305715807e-41
1.297630403934067e-40
2.27949221191718e-40
3.996433155331162e-40
6.993292090090146e-40
1.221427793444084e-39
2.129336074972454e-39
3.705198492893607e-39
6.435309054580647e-39
1.115627657439863e-38
1.930470102758566e-38
3.334282076138842e-38
5.748284927646561e-38
9.891727744350654e-38
1.699046586232308e-37
2.912989652214863e-37
4.985105161747016e-37
8.515547723154675e-37
1.451961076266343e-36
2.471170156395988e-36
4.198138455309047e-36
7.118991521882438e-36
1.20500525703377e-35
2.035960233427159e-35
3.433686440444393e-35
5.780483138675281e-35
9.713613768129729e-35
1.629340551471532e-34
2.728087978154586e-34
4.559543762990471e-34
7.606799349968684e-34
1.266780027864781e-33
2.105814926538609e-33
3.494297649799364e-33
5.787904594708549e-33
9.569861140517481e-33
1.579478698421291e-32
2.602236219327041e-32
4.279622870785878e-32
7.025725786594945e-32
1.151342761439728e-31
1.883418778936923e-31
3.075522277189154e-31
5.013275578855831e-31
8.157478464480479e-31
1.325021464026545e-30
2.1484410568058e-30
3.477430143404789e-30
5.618608713992564e-30
9.062234649133242e-30
1.459079711042909e-29
2.345097011110796e-29
3.762543382970745e-29
6.026178221795545e-29
9.634806399362276e-29
1.537749254816888e-28
2.450024111986099e-28
3.89671238976682e-28
6.186860723726959e-28
9.805892534112027e-28
1.551491703860939e-27
2.450519364871298e-27
3.863793721081873e-27
6.081597192983028e-27
9.555866575394727e-27
1.498897503752538e-26
2.347058870482002e-26
3.668824437240566e-26
5.725079749848553e-26
8.918431218716381e-26
1.386910902092001e-25
2.153090823692744e-25
3.336802989513391e-25
5.162427051130479e-25
7.973208467838282e-25
1.2293306607668e-24
1.89217557232896e-24
2.907447840387907e-24
4.459855104381389e-24
6.829494656052155e-24
1.044037292106926e-23
1.593322323703674e-23
2.427459900579846e-23
3.69200124952205e-23
5.605748459962551e-23
8.497042953366428e-23
1.285775370363528e-22
1.942343292037017e-22
2.929213206960552e-22
4.41002074151466e-22
6.628196127929298e-22
9.94525046391348e-22
1.489711893529656e-21
2.22769351703977e-21
3.325643100110543e-21
4.95636606401544e-21
7.374269924470493e-21
1.095325506058227e-20
1.624187227323769e-20
2.404353123369528e-20
3.553285183779376e-20
5.242421275707616e-20
7.721544256309835e-20
1.135395475867616e-19
1.666714779813623e-19
2.442569223098647e-19
3.573586457833414e-19
5.219559296046358e-19
7.610897604894416e-19
1.107925609055949e-18
1.610120504019422e-18
2.336035391237024e-18
3.383560788952233e-18
4.892629807414881e-18
7.062928809578942e-18
1.017891652270497e-17
1.464511363124315e-17
2.103578034929106e-17
3.016472922352226e-17
4.318323850229418e-17
6.171720281711248e-17
8.805875618897384e-17
1.254337474968799e-16
1.783741404983311e-16
2.532357991142829e-16
3.589170559185477e-16
5.078542206962808e-16
7.173976251714635e-16
1.011711928189179e-15
1.424393156355052e-15
2.002068673470419e-15
2.809338929565287e-15
3.935550124586342e-15
5.504055666642228e-15
7.684864809125776e-15
1.071187934767416e-14
1.490633991566535e-14
2.070867484655139e-14
2.872164718515854e-14
3.976875591533459e-14
5.497309896250295e-14
7.586367244041131e-14
1.045183904702096e-13
1.437562091935463e-13
1.973946857749057e-13
2.705945005825744e-13
3.703197958785515e-13
5.059517258279578e-13
6.901050369177708e-13
9.397123921020545e-13
1.277462402353435e-12
1.733701723849457e-12
2.348947642297206e-12
3.177201340562319e-12
4.290305090359769e-12
5.783666080783068e-12
7.783760615220903e-12
1.045794961046509e-11
1.402729755267673e-11
1.878327528237467e-11
2.510950128375988e-11
3.35099482884349e-11
4.464551298100083e-11
5.938129848948037e-11
7.88476575697139e-11
1.045188380288664e-10
1.383140824096074e-10
1.827273748977731e-10
2.409936694647286e-10
3.173011298152062e-10
4.170623291166464e-10
5.472590713928582e-10
7.168805549184754e-10
9.374794274208398e-10
1.223874668276892e-09
1.595039988977476e-09
2.075223104469615e-09
2.695353495951736e-09
3.494808886728151e-09
4.523627694652532e-09
5.845278483462835e-09
7.540105428915922e-09
9.709625103937469e-09
1.248185999003226e-08
1.601794608063756e-08
2.052031078392247e-08
2.624275730056524e-08
3.350288579895278e-08
4.269735143225262e-08
5.432059069221395e-08
6.898768134533384e-08
8.746227564415676e-08
1.106906353243176e-07
1.398428963739207e-07
1.76363187165407e-07
2.220301951183501e-07
2.790302460198291e-07
3.500450986848591e-07
4.383577447697462e-07
5.479787432705052e-07
6.837973955953203e-07
8.517617970937863e-07
1.059093051480886e-06
1.314539190389041e-06
1.628675818210468e-06
2.014259962379583e-06
2.48664764512796e-06
3.064283191633876e-06
3.769271415876574e-06
4.628046553989407e-06
5.672150564350886e-06
6.939133527339436e-06
8.473602974845562e-06
1.032842283166246e-05
1.25661035781377e-05
1.526038795418572e-05
1.849807085818611e-05
2.238106389995664e-05
2.702874189708382e-05
3.258060678490438e-05
3.919927621609531e-05
4.707384141511284e-05
5.642366159008816e-05
6.750251486664638e-05
8.060329855652526e-05
9.606314415577799e-05
0.0001142690889537334
0.0001356643188046291
0.0001607548765605316
0.0001901170471683145
0.0002244051720481366
0.0002643602201715112
0.0003108187229372561
0.0003647224802989513
0.0004271283687558025
0.000499218818731606
0.0005823126994073391
0.0006778760580345988
0.0007875334704294801
0.0009130786056630313
0.001056485460139811
0.001219917903654277
0.001405739807523787
0.001616522902622819
0.001855054637417197
0.002124343067407608
0.002427619881927967
0.002768341917544603
0.003150189062580466
0.003577058669179678
0.004053056240081787
0.00458248145878315
0.005169811192899942
0.005819675046950579
0.006536825094372034
0.007326104212552309
0.008192400448024273
0.009140602312982082
0.01017554197460413
0.01130193751305342
0.01252431701868773
0.01384695433080196
0.01527378428727388
0.01680831238627434
0.01845354214310646
0.02021185867488384
0.02208494767546654
0.02407369762659073
0.02617811225354671
0.02839720249176025
0.03072891011834145
0.03317002952098846
0.03571614995598793
0.0383615717291832
0.04109928011894226
0.04392093420028687
0.04681683704257011
0.04977597668766975
0.05278606340289116
0.05583358928561211
0.05890393629670143
0.06198149546980858
0.06504983454942703
0.06809185445308685
0.07109003514051437
0.07402662187814713
0.07688393443822861
0.07964460551738739
0.08229189366102219
0.08480994403362274
0.08718416094779968
0.08940143138170242
0.09145046770572662
0.0933220386505127
0.09500926733016968
0.09650780260562897
0.09781598299741745
0.09893498569726944
0.09986889362335205
0.1006247103214264
0.1012122929096222
0.1016442626714706
0.1019357889890671
0.1021043732762337
0.1021695211529732
0.1021523773670197
0.1020752936601639
0.1019613742828369
0.1018339693546295
0.101716160774231
0.101630225777626
0.1015971302986145
0.1016359701752663
0.1017635464668274
0.1019939258694649
0.102338083088398
0.102803610265255
0.1033945381641388
0.1041111797094345
0.1049501821398735
0.1059045866131783
0.1069640666246414
0.1081152185797691
0.1093419790267944
0.1106260642409325
0.1119476035237312
0.1132857128977776
0.1146191582083702
0.1159270033240318
0.1171892955899239
0.1183877065777779
0.1195060834288597
0.1205309852957726
0.1214521378278732
0.1222626864910126
0.1229594647884369
0.1235430017113686
0.1240174993872643
0.1243906542658806
0.1246732622385025
0.124878890812397
0.125023290514946
0.1251237988471985
0.1251986771821976
0.125266432762146
0.1253450363874435
0.1254513561725616
0.1256004422903061
0.1258050352334976
0.1260751038789749
0.1264174580574036
0.1268356442451477
0.1273297071456909
0.1278964430093765
0.1285295635461807
0.1292199492454529
0.1299562007188797
0.1307251900434494
0.1315125375986099
0.1323034167289734
0.133083164691925
0.1338379085063934
0.1345552206039429
0.1352245509624481
0.1358377635478973
0.1363893747329712
0.1368766874074936
0.1372999548912048
0.1376622170209885
0.1379690617322922
0.1382283270359039
0.1384496539831161
0.1386439651250839
0.1388228535652161
0.1389980763196945
0.1391808390617371
0.1393814384937286
0.13960862159729
0.1398693174123764
0.1401682645082474
0.1405079364776611
0.1408884525299072
0.141307607293129
0.1417611241340637
0.142242968082428
0.142745703458786
0.1432610154151917
0.1437800675630569
0.1442940831184387
0.1447948515415192
0.1452750712633133
0.1457287818193436
0.1461515426635742
0.1465408205986023
0.1468958556652069
0.1472177505493164
0.1475092768669128
0.14777472615242
0.1480194926261902
0.1482498496770859
0.1484724581241608
0.1486940383911133
0.1489209532737732
0.1491588801145554
0.1494124829769135
0.1496851891279221
0.1499791741371155
0.150295227766037
0.1506327390670776
0.150989904999733
0.1513639837503433
0.1517513990402222
0.1521481722593307
0.1525502353906631
0.1529536694288254
0.1533550769090652
0.1537517756223679
0.1541420966386795
0.1545255035161972
0.1549026519060135
0.1552754789590836
0.1556470096111298
0.156021311879158
0.1564033478498459
0.1567987948656082
0.1572137624025345
0.1576545089483261
0.1581273376941681
0.1586383134126663
0.1591931581497192
0.1597971022129059
0.1604548096656799
0.1611703485250473
0.1619472503662109
0.1627885699272156
0.1636969447135925
0.164674773812294
0.1657242625951767
0.1668475866317749
0.1680469661951065
0.1693247705698013
0.1706834435462952
0.1721255630254745
0.1736537218093872
0.1752704679965973
0.1769780814647675
0.1787784397602081
0.1806727200746536
0.1826612204313278
0.1847431510686874
0.1869163364171982
0.1891771554946899
0.1915203034877777
0.1939386874437332
0.1964234411716461
0.1989638954401016
0.2015476822853088
0.2041608989238739
0.2067881673574448
0.209413081407547
0.2120183706283569
0.2145863324403763
0.2170990854501724
0.2195390313863754
0.2218891531229019
0.2241334915161133
0.2262574136257172
0.2282480299472809
0.2300945222377777
0.2317883670330048
0.2333236783742905
0.2346972823143005
0.235909029841423
0.2369616031646729
0.2378608882427216
0.2386156618595123
0.2392375767230988
0.2397409677505493
0.2401426285505295
0.2404613792896271
0.2407177090644836
0.2409333288669586
0.2411305159330368
0.2413317263126373
0.2415588051080704
0.2418324202299118
0.2421715259552002
0.2425926327705383
0.2431092709302902
0.2437316477298737
0.2444661557674408
0.2453151345252991
0.2462767213582993
0.2473449259996414
0.2485098093748093
0.2497577518224716
0.2510719299316406
0.2524329423904419
0.253819465637207
0.2552092373371124
0.2565798461437225
0.2579094469547272
0.259177953004837
0.2603676617145538
0.2614640593528748
0.262456476688385
0.2633384168148041
0.2641080021858215
0.2647679150104523
0.2653252482414246
0.2657912373542786
0.2661807835102081
0.2665115892887115
0.2668034434318542
0.26707723736763
0.2673539817333221
0.2676538228988647
0.2679950594902039
0.2683932781219482
0.2688606381416321
0.2694053053855896
0.2700311243534088
0.2707374393939972
0.2715191841125488
0.2723673582077026
0.2732694149017334
0.2742099761962891
0.2751719057559967
0.2761370241641998
0.2770872712135315
0.2780056893825531
0.2788771688938141
0.279689610004425
0.280434250831604
0.2811060845851898
0.2817043960094452
0.2822323441505432
0.2826968431472778
0.283108115196228
0.2834789752960205
0.28382408618927
0.2841587662696838
0.2844983339309692
0.2848571240901947
0.2852475643157959
0.2856793105602264
0.2861590683460236
0.2866899371147156
0.2872713506221771
0.2878994345664978
0.2885671555995941
0.2892649173736572
0.2899812757968903
0.2907038033008575
0.2914198338985443
0.2921174466609955
0.2927862107753754
0.2934178411960602
0.2940065860748291
0.2945497930049896
0.2950477004051208
0.295503705739975
0.2959236204624176
0.2963154911994934
0.2966886460781097
0.297053337097168
0.2974196970462799
0.2977972030639648
0.2981937527656555
0.2986153960227966
0.2990657985210419
0.2995461523532867
0.300055205821991
0.300589382648468
0.301143079996109
0.3017093539237976
0.3022803962230682
0.3028481900691986
0.3034050762653351
0.3039444983005524
0.3044613301753998
0.3049522638320923
0.3054160177707672
0.3058532774448395
0.3062666654586792
0.3066604137420654
0.3070398569107056
0.3074110448360443
0.3077802062034607
0.3081531524658203
0.3085348904132843
0.3089292645454407
0.3093385994434357
0.3097636699676514
0.3102035522460938
0.310655951499939
0.3111173212528229
0.3115833401679993
0.3120492100715637
0.3125100135803223
0.3129613697528839
0.3133995234966278
0.3138217031955719
0.3142263889312744
0.3146131038665771
0.3149826526641846
0.3153368830680847
0.3156782388687134
0.3160096704959869
0.3163341283798218
0.3166543543338776
0.3169726431369781
0.3172902762889862
0.3176077008247375
0.3179243206977844
0.3182384967803955
0.3185476362705231
0.3188484907150269
0.3191371560096741
0.31940957903862
0.3196615278720856
0.3198890089988708
0.3200884163379669
0.3202566206455231
0.3203910291194916
0.3204896450042725
0.3205509185791016
0.3205735683441162
0.3205564916133881
0.3204985857009888
0.3203985095024109
0.3202545344829559
0.3200643956661224
0.3198252618312836
0.3195337057113647
0.3191856443881989
0.3187765181064606
0.3183014690876007
0.3177553415298462
0.3171330988407135
0.3164296746253967
0.3156405091285706
0.3147614896297455
0.3137891292572021
0.3127205669879913
0.3115536272525787
0.3102869093418121
0.3089196979999542
0.3074519634246826
0.3058843016624451
0.3042179048061371
0.3024546205997467
0.3005968630313873
0.2986477017402649
0.2966109216213226
0.2944911122322083
0.2922937870025635
0.2900254726409912
0.2876938283443451
0.285307765007019
0.2828775644302368
0.2804148197174072
0.2779327630996704
0.2754458785057068
0.2729699909687042
0.2705223560333252
0.2681213021278381
0.2657862305641174
0.2635373175144196
0.2613954544067383
0.2593819797039032
0.257518470287323
0.2558265328407288
0.254327654838562
0.2530429065227509
0.251992791891098
0.2511968910694122
0.2506736814975739
0.2504402995109558
0.2505122721195221
0.2509031593799591
0.2516242861747742
0.2526845037937164
0.2540897130966187
0.2558427155017853
0.2579427361488342
0.2603854835033417
0.2631626129150391
0.2662616074085236
0.2696658074855804
0.2733541429042816
0.2773013114929199
0.2814777493476868
0.2858499586582184
0.2903805673122406
0.2950289249420166
0.2997514307498932
0.3045021295547485
0.3092332780361176
0.3138961493968964
0.3184419274330139
0.3228222727775574
0.3269906044006348
0.3309028446674347
0.3345184624195099
0.3378015160560608
0.3407215774059296
0.343254566192627
0.3453836739063263
0.3471000194549561
0.3484033346176147
0.3493020236492157
0.3498136699199677
0.349964827299118
0.3497906029224396
0.3493340611457825
0.3486456274986267
0.3477816581726074
0.346803218126297
0.3457745015621185
0.3447608649730682
0.3438271880149841
0.3430357873439789
0.3424442410469055
0.3421036303043365
0.3420566916465759
0.342336118221283
0.3429633975028992
0.3439475297927856
0.3452848196029663
0.346958339214325
0.3489385843276978
0.3511843085289001
0.3536437451839447
0.356256514787674
0.3589558005332947
0.3616710305213928
0.3643307387828827
0.3668653964996338
0.3692104518413544
0.3713091909885406
0.3731153607368469
0.3745954036712646
0.3757299482822418
0.3765150904655457
0.3769625127315521
0.3770992159843445
0.3769662082195282
0.3766168355941772
0.3761140406131744
0.375527411699295
0.3749296069145203
0.3743925392627716
0.3739839494228363
0.3737635910511017
0.3737800121307373
0.3740681409835815
0.3746472001075745
0.3755197525024414
0.3766714334487915
0.3780720233917236
0.3796770870685577
0.3814306855201721
0.3832685947418213
0.3851222991943359
0.38692307472229
0.3886061310768127
0.3901145756244659
0.3914028704166412
0.3924395442008972
0.393208920955658
0.3937119543552399
0.3939657807350159
0.3940023481845856
0.3938658833503723
0.3936095535755157
0.3932914733886719
0.3929703235626221
0.392701268196106
0.3925316035747528
0.3924973905086517
0.3926208019256592
0.3929084241390228
0.3933508694171906
0.3939233720302582
0.3945879936218262
0.3952963352203369
0.3959935009479523
0.3966220915317535
0.3971269130706787
0.3974589109420776
0.3975791335105896
0.3974616229534149
0.3970950543880463
0.3964835703372955
0.3956458568572998
0.3946133255958557
0.3934271335601807
0.392134428024292
0.3907841444015503
0.3894226253032684
0.3880895972251892
0.3868147730827332
0.3856153190135956
0.3844948709011078
0.3834433555603027
0.3824384808540344
0.3814484179019928
0.3804351985454559
0.3793589472770691
0.3781824111938477
0.3768751919269562
0.3754173219203949
0.3738020360469818
0.3720375597476959
0.3701468408107758
0.3681666254997253
0.3661448061466217
0.3641367852687836
0.3622010052204132
0.3603942692279816
0.358767181634903
0.3573601245880127
0.3561999797821045
0.3552984893321991
0.3546516299247742
0.3542405962944031
0.3540341854095459
0.3539921343326569
0.3540694117546082
0.3542205095291138
0.3544039726257324
0.3545860350131989
0.3547434210777283
0.354864776134491
0.354950875043869
0.3550134897232056
0.3550726175308228
0.3551532626152039
0.3552815318107605
0.3554803729057312
0.3557658493518829
0.3561444580554962
0.3566111028194427
0.3571487665176392
0.3577292561531067
0.3583157360553741
0.3588658273220062
0.3593357801437378
0.3596848249435425
0.3598791360855103
0.3598954677581787
0.3597234189510345
0.3593667149543762
0.3588428199291229
0.3581814467906952
0.3574216663837433
0.356608122587204
0.3557868897914886
0.3550015985965729
0.3542894721031189
0.3536785840988159
0.353186160326004
0.3528181314468384
0.3525698184967041
0.3524278998374939
0.3523730635643005
0.35238316655159
0.3524364829063416
0.3525143265724182
0.3526034653186798
0.35269695520401
0.3527944386005402
0.3529011607170105
0.3530262112617493
0.3531801700592041
0.3533724546432495
0.3536089956760406
0.3538901805877686
0.3542097806930542
0.354554682970047
0.3549058437347412
0.3552400469779968
0.355532169342041
0.3557581305503845
0.3558977544307709
0.355937272310257
0.3558711409568787
0.355702817440033
0.355444997549057
0.3551181852817535
0.3547487854957581
0.3543663620948792
0.3540008068084717
0.3536791503429413
0.3534233570098877
0.3532481789588928
0.3531604409217834
0.3531587421894073
0.3532347083091736
0.3533743917942047
0.3535604178905487
0.3537743985652924
0.3539990484714508
0.354220062494278
0.354427307844162
0.3546153008937836
0.3547827005386353
0.3549318313598633
0.3550670444965363
0.3551933467388153
0.3553149104118347
0.355433851480484
0.355549693107605
0.3556591868400574
0.3557568788528442
0.3558359146118164
0.3558895587921143
0.3559124171733856
0.3559018075466156
0.355858713388443
0.3557881414890289
0.3556989431381226
0.3556032478809357
0.3555150628089905
0.3554488718509674
0.3554179072380066
0.3554327189922333
0.3554998934268951
0.3556213974952698
0.3557944893836975
0.3560121953487396
0.3562644124031067
0.3565390706062317
0.3568239808082581
0.3571082055568695
0.3573834896087646
0.357645183801651
0.3578926622867584
0.3581292927265167
0.3583619892597198
0.3586003482341766
0.3588557839393616
0.3591402769088745
0.3594656586647034
0.3598428666591644
0.3602817952632904
0.3607911467552185
0.3613788187503815
0.3620526194572449
0.3628207445144653
0.3636923730373383
0.3646782040596008
0.3657906055450439
0.3670436441898346
0.3684527277946472
0.3700340986251831
0.3718042075634003
0.3737790882587433
0.3759739696979523
0.3784028291702271
0.3810781836509705
0.384011298418045
0.3872122764587402
0.3906906247138977
0.3944554030895233
0.3985154926776886
0.4028797447681427
0.4075566530227661
0.4125539064407349
0.417877584695816
0.4235312640666962
0.4295148253440857
0.4358234703540802
0.4424466490745544
0.4493673741817474
0.4565616250038147
0.4639982581138611
0.471639096736908
0.4794392585754395
0.4873478710651398
0.4953089356422424
0.5032621026039124
0.5111436247825623
0.5188875198364258
0.5264264941215515
0.5336925983428955
0.5406187176704407
0.5471395254135132
0.553192675113678
0.5587201118469238
0.5636695623397827
0.5679960250854492
0.5716630220413208
0.5746445059776306
0.5769256949424744
0.5785043835639954
0.5793914198875427
0.5796108841896057
0.5792003273963928
0.5782097578048706
0.5767008066177368
0.5747453570365906
0.5724234580993652
0.5698214769363403
0.5670296549797058
0.564139723777771
0.5612422823905945
0.558424174785614
0.5557660460472107
0.553339958190918
0.5512070059776306
0.5494155287742615
0.5479991436004639
0.5469756126403809
0.5463467836380005
0.5460975766181946
0.5461974143981934
0.5466009974479675
0.5472505688667297
0.5480783581733704
0.5490098595619202
0.5499675273895264
0.5508747696876526
0.5516595840454102
0.5522590279579163
0.5526221990585327
0.5527136921882629
0.5525157451629639
0.552029550075531
0.5512760877609253
0.5502952337265015
0.5491445660591125
0.5478963851928711
0.5466346144676208
0.5454503893852234
0.5444372892379761
0.5436861515045166
0.5432798266410828
0.5432881712913513
0.5437635183334351
0.5447368025779724
0.546214759349823
0.5481782555580139
0.5505819320678711
0.553355872631073
0.5564079284667969
0.5596280097961426
0.5628930926322937
0.5660740733146667
0.5690421462059021
0.5716762542724609
0.5738701820373535
0.5755387544631958
0.576623260974884
0.5770953893661499
0.5769597291946411
0.5762540102005005
0.5750477313995361
0.5734384655952454
0.5715464353561401
0.5695083141326904
0.5674688220024109
0.5655724406242371
0.5639550089836121
0.5627352595329285
0.5620074868202209
0.5618364810943604
0.5622528195381165
0.5632513761520386
0.5647917985916138
0.5668013691902161
0.5691795945167542
0.571804940700531
0.5745432376861572
0.5772563219070435
0.5798116326332092
0.582090437412262
0.5839961171150208
0.5854600071907043
0.5864456295967102
0.5869506001472473
0.5870057344436646
0.5866720676422119
0.586035430431366
0.5851996541023254
0.5842781662940979
0.5833852291107178
0.5826272368431091
0.5820947885513306
0.5818566083908081
0.5819543600082397
0.5824012160301208
0.5831813216209412
0.5842525959014893
0.5855512022972107
0.5869980454444885
0.5885060429573059
0.5899880528450012
0.5913646221160889
0.5925706028938293
0.5935605764389038
0.5943122506141663
0.5948271155357361
0.595129668712616
0.5952638387680054
0.5952882766723633
0.5952697396278381
0.5952757000923157
0.5953680872917175
0.5955966114997864
0.5959941148757935
0.5965732336044312
0.5973258018493652
0.5982236862182617
0.599222719669342
0.6002671718597412
0.6012961268424988
0.6022505164146423
0.6030792593955994
0.6037450432777405
0.6042290329933167
0.6045323610305786
0.6046767830848694
0.6047022342681885
0.6046626567840576
0.6046206951141357
0.6046402454376221
0.6047801971435547
0.6050872206687927
0.6055911183357239
0.6063006520271301
0.6072025895118713
0.608262836933136
0.6094292402267456
0.610637366771698
0.6118170619010925
0.6128997802734375
0.6138261556625366
0.6145522594451904
0.6150545477867126
0.6153326630592346
0.6154096722602844
0.6153297424316406
0.6151537895202637
0.6149528026580811
0.6148005723953247
0.6147655844688416
0.6149037480354309
0.615252673625946
0.6158273816108704
0.6166186332702637
0.6175943613052368
0.6187028288841248
0.6198787689208984
0.6210501790046692
0.6221463680267334
0.6231057643890381
0.6238822340965271
0.624450147151947
0.6248065829277039
0.6249719262123108
0.6249867081642151
0.6249068379402161
0.6247971653938293
0.6247239112854004
0.6247475743293762
0.6249158978462219
0.6252589225769043
0.6257861852645874
0.6264858245849609
0.6273267865180969
0.628262996673584
0.629239022731781
0.6301966309547424
0.6310819387435913
0.6318513154983521
0.6324763894081116
0.632946789264679
0.6332705020904541
0.6334723830223083
0.6335906982421875
0.6336717009544373
0.63376384973526
0.6339117288589478
0.6341509222984314
0.6345037817955017
0.6349775195121765
0.635563850402832
0.6362407207489014
0.6369755268096924
0.6377302408218384
0.6384662389755249
0.6391491293907166
0.6397530436515808
0.6402638554573059
0.6406800150871277
0.6410125494003296
0.6412826776504517
0.6415185928344727
0.6417511105537415
0.6420097351074219
0.6423184275627136
0.6426926851272583
0.6431377530097961
0.6436483860015869
0.644210159778595
0.6448017358779907
0.6453984975814819
0.6459757089614868
0.6465122103691101
0.6469933986663818
0.6474126577377319
0.647771954536438
0.6480810642242432
0.6483559012413025
0.6486154794692993
0.6488788723945618
0.6491625905036926
0.6494771838188171
0.6498264670372009
0.6502062678337097
0.6506054401397705
0.6510071158409119
0.6513910293579102
0.6517363786697388
0.6520243287086487
0.6522400975227356
0.6523746252059937
0.6524251103401184
0.6523939371109009
0.6522878408432007
0.652115523815155
0.6518851518630981
0.6516020894050598
0.6512665152549744
0.6508726477622986
0.6504079103469849
0.6498535871505737
0.6491861343383789
0.6483790874481201
0.6474051475524902
0.6462385058403015
0.6448568105697632
0.6432421803474426
0.6413818001747131
0.6392671465873718
0.6368934512138367
0.6342576146125793
0.6313568353652954
0.6281864643096924
0.6247390508651733
0.6210031509399414
0.6169637441635132
0.6126027703285217
0.6079007387161255
0.6028380990028381
0.5973973274230957
0.5915651917457581
0.5853339433670044
0.5787023305892944
0.571675717830658
0.5642658472061157
0.5564895272254944
0.5483675003051758
0.5399225354194641
0.53117835521698
0.5221580266952515
0.512883186340332
0.503373920917511
0.4936487376689911
0.4837251007556915
0.4736203551292419
0.4633521139621735
0.4529391825199127
0.4424014091491699
0.4317596256732941
0.4210346937179565
0.4102467596530914
0.3994134664535522
0.3885486721992493
0.3776607513427734
0.3667519092559814
0.3558172285556793
0.3448445498943329
0.3338151574134827
0.3227046132087708
0.3114842772483826
0.3001228868961334
0.2885883748531342
0.276849776506424
0.2648788094520569
0.2526513338088989
0.2401485443115234
0.2273580580949783
0.2142747193574905
0.2009014338254929
0.1872498244047165
0.1733410805463791
0.1592066437005997
0.1448888033628464
0.1304413229227066
0.1159295812249184
0.1014305055141449
0.08703190833330154
0.07283119857311249
0.0589335598051548
0.04544931277632713
0.03249087557196617
0.02016912400722504
0.008589574135839939
-0.002151647815480828
-0.01197167206555605
-0.02080450765788555
-0.02860422991216183
-0.03534756228327751
-0.04103578999638557
-0.04569590836763382
-0.04938099905848503
-0.05216977745294571
-0.0541652999818325
-0.05549288168549538
-0.05629719793796539
-0.05673862621188164
-0.05698886513710022
-0.05722591653466225
-0.05762854591012001
-0.05837040767073631
-0.05961393192410469
-0.06150437518954277
-0.06416416168212891
-0.06768784672021866
-0.07213802635669708
-0.07754236459732056
-0.08389204740524292
-0.09114163368940353
-0.09921058267354965
-0.10798629373312
-0.1173285394906998
-0.1270752102136612
-0.1370489895343781
-0.1470647156238556
-0.1569370925426483
-0.1664884239435196
-0.1755558699369431
-0.1839981526136398
-0.1917012333869934
-0.1985827088356018
-0.2045948505401611
-0.2097261697053909
-0.2140011787414551
-0.2174787521362305
-0.2202488332986832
-0.22242771089077
-0.2241521775722504
-0.2255727499723434
-0.2268463671207428
-0.2281288355588913
-0.2295674085617065
-0.2312940359115601
-0.2334194034337997
-0.2360284030437469
-0.2391768544912338
-0.2428900748491287
-0.2471630126237869
-0.2519619762897491
-0.2572279572486877
-0.2628811895847321
-0.268826425075531
-0.274958997964859
-0.2811710834503174
-0.2873574495315552
-0.2934210300445557
-0.2992773354053497
-0.3048581779003143
-0.3101137280464172
-0.3150137662887573
-0.3195473849773407
-0.3237215876579285
-0.3275592029094696
-0.331095963716507
-0.3343769311904907
-0.3374529182910919
-0.3403770923614502
-0.343201756477356
-0.3459758162498474
-0.348742663860321
-0.3515388965606689
-0.3543939590454102
-0.3573299944400787
-0.3603626489639282
-0.3635020554065704
-0.3667540550231934
-0.3701212704181671
-0.3736041784286499
-0.3772018551826477
-0.3809118866920471
-0.3847305774688721
-0.3886521458625793
-0.3926679193973541
-0.3967653214931488
-0.4009268879890442
-0.4051296412944794
-0.409344881772995
-0.4135385751724243
-0.4176724553108215
-0.4217056334018707
-0.4255973696708679
-0.4293096363544464
-0.4328103959560394
-0.4360769689083099
-0.4390985667705536
-0.4418786466121674
-0.4444360733032227
-0.4468051791191101
-0.4490347504615784
-0.4511851072311401
-0.4533247947692871
-0.4555256366729736
-0.4578575491905212
-0.4603828191757202
-0.4631509780883789
-0.4661940634250641
-0.4695232510566711
-0.4731270670890808
-0.4769713282585144
-0.4810009002685547
-0.4851434826850891
-0.48931485414505
-0.4934254586696625
-0.4973876178264618
-0.5011227130889893
-0.5045680999755859
-0.507682740688324
-0.5104508996009827
-0.5128841400146484
-0.5150208473205566
-0.5169233679771423
-0.5186725258827209
-0.5203615427017212
-0.5220877528190613
-0.5239443182945251
-0.526012122631073
-0.5283523201942444
-0.5310012102127075
-0.5339668393135071
-0.5372285842895508
-0.5407386422157288
-0.5444265604019165
-0.5482058525085449
-0.5519819259643555
-0.5556606650352478
-0.5591570734977722
-0.5624029040336609
-0.5653528571128845
-0.5679885149002075
-0.570319652557373
-0.5723828673362732
-0.5742378234863281
-0.5759612321853638
-0.5776389241218567
-0.5793578624725342
-0.5811977982521057
-0.5832236409187317
-0.585479736328125
-0.5879856944084167
-0.5907356739044189
-0.5936993956565857
-0.5968257188796997
-0.6000484824180603
-0.6032934784889221
-0.6064860224723816
-0.6095587015151978
-0.6124576926231384
-0.6151477694511414
-0.6176150441169739
-0.619867742061615
-0.6219345927238464
-0.6238605976104736
-0.6257023215293884
-0.6275210380554199
-0.6293763518333435
-0.6313201189041138
-0.6333911418914795
-0.6356120109558105
-0.6379871368408203
-0.6405034065246582
-0.6431325078010559
-0.6458348631858826
-0.648564338684082
-0.6512739062309265
-0.6539207100868225
-0.6564702391624451
-0.6589000821113586
-0.6612014770507812
-0.6633794903755188
-0.6654512286186218
-0.6674434542655945
-0.6693885922431946
-0.6713207960128784
-0.673271656036377
-0.6752667427062988
-0.6773228645324707
-0.679446816444397
-0.6816353797912598
-0.6838758587837219
-0.6861490607261658
-0.6884312629699707
-0.6906977295875549
-0.6929256916046143
-0.6950966715812683
-0.6971979141235352
-0.6992238163948059
-0.7011752128601074
-0.703058123588562
-0.7048823833465576
-0.706659197807312
-0.7083985209465027
-0.7101075649261475
-0.7117888927459717
-0.7134395837783813
-0.7150512933731079
-0.7166105508804321
-0.7181000709533691
-0.7195003032684326
-0.7207909822463989
-0.721952497959137
-0.7229670882225037
-0.7238196134567261
-0.7244971394538879
-0.724988579750061
-0.7252838015556335
-0.7253720760345459
-0.7252408266067505
-0.7248743176460266
-0.7242531776428223
-0.7233535647392273
-0.7221477627754211
-0.7206048965454102
-0.7186921834945679
-0.7163764834403992
-0.7136258482933044
-0.710411012172699
-0.7067064642906189
-0.7024914622306824
-0.6977500319480896
-0.6924708485603333
-0.6866466403007507
-0.6802732348442078
-0.6733492612838745
-0.6658753156661987
-0.6578536629676819
-0.6492887139320374
-0.6401879191398621
-0.6305626630783081
-0.6204301714897156
-0.6098152995109558
-0.5987520813941956
-0.5872849822044373
-0.5754700899124146
-0.5633751153945923
-0.5510791540145874
-0.5386712551116943
-0.526248574256897
-0.5139138698577881
-0.5017731785774231
-0.4899328052997589
-0.4784969687461853
-0.4675653874874115
-0.457231342792511
-0.4475801289081573
-0.4386879503726959
-0.4306209087371826
-0.4234340786933899
-0.4171709418296814
-0.4118621349334717
-0.4075244963169098
-0.4041597545146942
-0.401753157377243
-0.4002721607685089
-0.3996653258800507
-0.399861752986908
-0.4007712602615356
-0.4022851586341858
-0.4042782187461853
-0.406611442565918
-0.4091355204582214
-0.4116955697536469
-0.414135754108429
-0.4163046479225159
-0.4180601537227631
-0.4192743897438049
-0.4198378920555115
-0.4196632504463196
-0.4186878502368927
-0.4168756008148193
-0.4142180383205414
-0.4107343256473541
-0.4064707159996033
-0.4014989733695984
-0.3959145843982697
-0.3898338973522186
-0.3833909928798676
-0.3767336905002594
-0.3700191378593445
-0.3634087741374969
-0.3570628464221954
-0.3511345982551575
-0.3457642197608948
-0.3410731554031372
-0.3371584117412567
-0.3340879380702972
-0.3318968117237091
-0.3305846750736237
-0.3301151692867279
-0.3304164707660675
-0.3313839733600616
-0.3328845202922821
-0.3347621262073517
-0.3368449807167053
-0.3389532864093781
-0.3409077227115631
-0.3425376415252686
-0.3436892926692963
-0.3442330062389374
-0.3440693914890289
-0.3431340754032135
-0.3414008319377899
-0.3388828039169312
-0.3356322348117828
-0.3317377865314484
-0.3273206949234009
-0.3225286900997162
-0.3175290524959564
-0.3125001490116119
-0.3076225221157074
-0.3030693829059601
-0.2989976108074188
-0.2955389320850372
-0.2927927076816559
-0.2908200919628143
-0.2896401584148407
-0.2892285585403442
-0.2895183265209198
-0.2904034852981567
-0.2917448282241821
-0.2933778762817383
-0.2951226830482483
-0.2967941462993622
-0.2982132732868195
-0.2992181181907654
-0.299673467874527
-0.2994794249534607
-0.2985774576663971
-0.2969540357589722
-0.2946415841579437
-0.2917162775993347
-0.2882933616638184
-0.2845196723937988
-0.2805642783641815
-0.2766074240207672
-0.272828996181488
-0.2693964838981628
-0.2664541304111481
-0.264113187789917
-0.2624446451663971
-0.2614743411540985
-0.2611811459064484
-0.2614985406398773
-0.2623191475868225
-0.2635021507740021
-0.2648830711841583
-0.2662855386734009
-0.2675334811210632
-0.2684637606143951
-0.2689379155635834
-0.2688521146774292
-0.2681445479393005
-0.2668000161647797
-0.2648508846759796
-0.2623746693134308
-0.259488046169281
-0.2563380897045135
-0.2530909478664398
-0.2499192506074905
-0.2469887435436249
-0.2444455325603485
-0.2424048781394958
-0.2409423440694809
-0.2400879561901093
-0.2398241758346558
-0.2400875687599182
-0.2407740950584412
-0.2417476773262024
-0.2428514063358307
-0.2439204156398773
-0.2447951883077621
-0.2453346699476242
-0.2454276531934738
-0.2450017035007477
-0.2440288513898849
-0.2425276339054108
-0.2405611425638199
-0.2382313013076782
-0.2356700897216797
-0.2330279052257538
-0.2304606735706329
-0.2281162291765213
-0.2261216938495636
-0.2245725691318512
-0.2235244959592819
-0.2229889184236526
-0.2229322791099548
-0.2232794612646103
-0.2239208966493607
-0.224722608923912
-0.2255386114120483
-0.2262242138385773
-0.226649209856987
-0.2267095595598221
-0.2263367176055908
-0.2255035638809204
-0.2242265045642853
-0.2225634604692459
-0.2206080108880997
-0.218480184674263
-0.2163148373365402
-0.2142487466335297
-0.2124074846506119
-0.2108936011791229
-0.2097769677639008
-0.2090885043144226
-0.208817645907402
-0.2089138329029083
-0.2092920392751694
-0.2098415046930313
-0.2104369550943375
-0.2109512239694595
-0.2112678438425064
-0.2112924754619598
-0.2109620869159698
-0.2102507799863815
-0.2091718465089798
-0.2077759355306625
-0.2061453014612198
-0.204384982585907
-0.2026117146015167
-0.2009417563676834
-0.1994788497686386
-0.1983037739992142
-0.1974661201238632
-0.1969797760248184
-0.1968219578266144
-0.1969361752271652
-0.1972387582063675
-0.1976282000541687
-0.1979962289333344
-0.1982394605875015
-0.19827039539814
-0.1980265974998474
-0.1974769234657288
-0.1966243982315063
-0.1955052763223648
-0.1941844671964645
-0.1927479356527328
-0.1912928074598312
-0.1899165660142899
-0.1887060701847076
-0.187728226184845
-0.1870228797197342
-0.1865988224744797
-0.1864334344863892
-0.1864758431911469
-0.1866531819105148
-0.1868793070316315
-0.1870649009943008
-0.1871276944875717
-0.1870017498731613
-0.1866447478532791
-0.1860422790050507
-0.1852091252803802
-0.1841867119073868
-0.1830378621816635
-0.1818389594554901
-0.1806707382202148
-0.1796086579561234
-0.1787141114473343
-0.1780275106430054
-0.1775638610124588
-0.1773116290569305
-0.1772346198558807
-0.1772769093513489
-0.1773699671030045
-0.1774412393569946
-0.1774230003356934
-0.1772604137659073
-0.1769179254770279
-0.1763831675052643
-0.1756678968667984
-0.1748059988021851
-0.1738487929105759
-0.1728582829236984
-0.1718991845846176
-0.1710308790206909
-0.1703001409769058
-0.1697356104850769
-0.169344574213028
-0.1691126823425293
-0.1690062582492828
-0.1689770519733429
-0.168968677520752
-0.1689239740371704
-0.1687923967838287
-0.1685362309217453
-0.1681350767612457
-0.1675880253314972
-0.1669132858514786
-0.1661452651023865
-0.1653297245502472
-0.1645175665616989
-0.1637579649686813
-0.1630921363830566
-0.1625480204820633
-0.1621370911598206
-0.1618532240390778
-0.1616740971803665
-0.161564514040947
-0.161481499671936
-0.1613801717758179
-0.1612198799848557
-0.1609694212675095
-0.1606110483407974
-0.1601423621177673
-0.1595762819051743
-0.1589388102293015
-0.1582651436328888
-0.157594621181488
-0.1569652706384659
-0.1564086228609085
-0.1559456586837769
-0.1555842161178589
-0.1553183495998383
-0.1551295816898346
-0.1549897789955139
-0.1548654586076736
-0.1547225117683411
-0.1545310467481613
-0.1542693674564362
-0.1539268344640732
-0.153504878282547
-0.153016522526741
-0.1524840891361237
-0.1519358158111572
-0.1514016389846802
-0.1509088724851608
-0.1504783928394318
-0.150121882557869
-0.1498404443264008
-0.1496247947216034
-0.1494568735361099
-0.1493127942085266
-0.1491663604974747
-0.1489929705858231
-0.1487730890512466
-0.1484948247671127
-0.1481554210186005
-0.1477612853050232
-0.1473267078399658
-0.1468715220689774
-0.1464178413152695
-0.1459867805242538
-0.1455953568220139
-0.14525406062603
-0.1449655145406723
-0.1447243392467499
-0.1445182859897614
-0.1443302035331726
-0.1441408097743988
-0.1439316272735596
-0.1436877101659775
-0.1433998346328735
-0.1430655717849731
-0.1426895260810852
-0.1422823518514633
-0.141858845949173
-0.1414357572793961
-0.1410290598869324
-0.1406516134738922
-0.1403113752603531
-0.1400104314088821
-0.139744907617569
-0.1395058482885361
-0.1392808705568314
-0.1390561461448669
-0.1388188004493713
-0.1385587304830551
-0.1382702589035034
-0.1379527151584625
-0.1376104205846786
-0.1372518390417099
-0.1368881165981293
-0.1365311294794083
-0.1361916810274124
-0.1358777284622192
-0.1355932950973511
-0.1353379637002945
-0.1351069957017899
-0.1348923295736313
-0.1346838921308517
-0.1344712376594543
-0.1342452466487885
-0.1339994221925735
-0.1337307393550873
-0.1334400326013565
-0.1331316083669662
-0.1328124105930328
-0.1324906945228577
-0.1321746855974197
-0.1318712830543518
-0.1315848827362061
-0.1313169002532959
-0.1310655921697617
-0.1308265775442123
-0.1305936872959137
-0.1303600668907166
-0.1301193833351135
-0.1298669129610062
-0.1296002268791199
-0.1293196231126785
-0.1290278881788254
-0.1287298202514648
-0.1284313797950745
-0.1281386315822601
-0.1278567612171173
-0.1275892108678818
-0.1273372024297714
-0.1270996481180191
-0.1268733739852905
-0.1266537308692932
-0.126435399055481
-0.1262132674455643
-0.1259832084178925
-0.1257427483797073
-0.1254913061857224
-0.1252302080392838
-0.124962292611599
-0.1246913075447083
-0.1244212239980698
-0.1241555213928223
-0.1238966286182404
-0.1236454993486404
-0.1234015822410583
-0.1231629624962807
-0.1229268088936806
-0.1226898729801178
-0.1224491596221924
-0.1222024112939835
-0.1219485104084015
-0.1216876283288002
-0.1214211732149124
-0.1211514547467232
-0.1208812817931175
-0.1206134110689163
-0.1203500926494598
-0.1200926303863525
-0.1198412328958511
-0.1195949614048004
-0.1193519458174706
-0.1191097125411034
-0.1188656166195869
-0.1186172738671303
-0.1183629482984543
-0.1181017979979515
-0.1178339421749115
-0.1175603866577148
-0.1172828078269958
-0.1170032024383545
-0.116723544895649
-0.1164454519748688
-0.1161699518561363
-0.1158973649144173
-0.1156273633241653
-0.1153590604662895
-0.1150913462042809
-0.1148230880498886
-0.1145533844828606
-0.1142818257212639
-0.1140085607767105
-0.113734282553196
-0.1134601309895515
-0.1131874844431877
-0.1129177287220955
-0.1126520335674286
-0.1123911440372467
-0.1121353209018707
-0.1118843108415604
-0.1116374582052231
-0.1113938316702843
-0.1111524626612663
-0.1109125167131424
-0.1106734722852707
-0.1104352250695229
-0.1101980730891228
-0.1099626794457436
-0.1097299382090569
-0.1095008179545403
-0.1092761754989624
-0.1090566068887711
-0.1088423281908035
-0.1086332052946091
-0.1084286943078041
-0.1082280054688454
-0.1080301851034164
-0.1078342795372009
-0.1076394394040108
-0.1074450090527534
-0.1072505861520767
-0.1070559993386269
-0.1068612262606621
-0.1066663488745689
-0.1064714640378952
-0.1062765493988991
-0.1060814708471298
-0.1058859378099442
-0.1056894958019257
-0.1054916754364967
-0.1052919998764992
-0.1050900965929031
-0.1048857569694519
-0.1046789810061455
-0.1044699773192406
-0.1042591705918312
-0.1040471419692039
-0.103834480047226
-0.1036218255758286
-0.1034096926450729
-0.1031984612345695
-0.1029883697628975
-0.1027795150876045
-0.1025718972086906
-0.1023654490709305
-0.1021601408720016
-0.1019559875130653
-0.1017530933022499
-0.1015516519546509
-0.1013519316911697
-0.1011542528867722
-0.1009589433670044
-0.1007662639021873
-0.1005763784050941
-0.1003893315792084
-0.1002050191164017
-0.1000232249498367
-0.09984362125396729
-0.09966582804918289
-0.09948942065238953
-0.09931400418281555
-0.09913920611143112
-0.09896473586559296
-0.09879033267498016
-0.09861578792333603
-0.09844093024730682
-0.09826561808586121
-0.09808970242738724
-0.09791301190853119
-0.09773543477058411
-0.09755683690309525
-0.09737714380025864
-0.09719633311033249
-0.09701447188854218
-0.09683171659708023
-0.09664829075336456
-0.09646451473236084
-0.09628073871135712
-0.09609733521938324
-0.09591467678546906
-0.09573308378458023
-0.09555284678936005
-0.09537415206432343
-0.09519714117050171
-0.09502188116312027
-0.09484836459159851
-0.09467655420303345
-0.09450638294219971
-0.09433777630329132
-0.09417063742876053
-0.09400486201047897
-0.0938403382897377
-0.09367695450782776
-0.09351455420255661
-0.09335298091173172
-0.09319203346967697
-0.09303151071071625
-0.09287120401859283
-0.09271088987588882
-0.09255038201808929
-0.09238953143358231
-0.09222822636365891
-0.09206640720367432
-0.09190407395362854
-0.09174127131700516
-0.09157808870077133
-0.09141463786363602
-0.09125105291604996
-0.09108749777078629
-0.09092413634061813
-0.09076113253831863
-0.09059864282608032
-0.09043681621551514
-0.09027578681707382
-0.09011570364236832
-0.08995667099952698
-0.08979877084493637
-0.08964207768440247
-0.08948662132024765
-0.08933239430189133
-0.08917935937643051
-0.08902742713689804
-0.08887648582458496
-0.08872638642787933
-0.08857695758342743
-0.08842802792787552
-0.08827942609786987
-0.08813100308179855
-0.08798263221979141
-0.08783421665430069
-0.08768569678068161
-0.08753703534603119
-0.08738823980093002
-0.0872393399477005
-0.0870903879404068
-0.08694145828485489
-0.08679264783859253
-0.08664406090974808
-0.08649581670761108
-0.08634801954030991
-0.08620080351829529
-0.08605427294969559
-0.08590853214263916
-0.08576367795467377
-0.08561977744102478
-0.08547689020633698
-0.08533503860235214
-0.08519425243139267
-0.08505453169345856
-0.08491585403680801
-0.08477816730737686
-0.08464143425226212
-0.0845055878162384
-0.08437059819698334
-0.08423640578985214
-0.08410300314426422
-0.08397038280963898
-0.08383855223655701
-0.0837075263261795
-0.08357734233140945
-0.08344808220863342
-0.08331982791423798
-0.08319268375635147
-0.08306676149368286
-0.08294220268726349
-0.08281915634870529
-0.08269777148962021
-0.08257819712162018
-0.08246059715747833
-0.08234511315822601
-0.08223188668489456
-0.08212102204561234
-0.08201263844966888
-0.08190682530403137
-0.08180363476276398
-0.08170314133167267
-0.08160534501075745
-0.0815102681517601
-0.08141790330410004
-0.08132823556661606
-0.08124122768640518
-0.08115686476230621
-0.08107512444257736
-0.08099593967199326
-0.08091927319765091
-0.08084504306316376
-0.08077317476272583
-0.08070358633995056
-0.080636166036129
-0.08057080954313278
-0.08050738275051117
-0.08044573664665222
-0.08038569241762161
-0.08032704889774323
-0.08026959002017975
-0.08021309226751328
-0.08015726506710052
-0.08010184019804001
-0.08004650473594666
-0.0799909234046936
-0.0799347460269928
-0.07987764477729797
-0.07981926947832108
-0.07975927740335464
-0.07969733327627182
-0.07963312417268753
-0.07956636697053909
-0.07949679344892502
-0.07942419499158859
-0.0793483704328537
-0.0792691707611084
-0.07918650656938553
-0.0791003480553627
-0.07901070266962051
-0.07891763001680374
-0.07882125675678253
-0.07872174680233002
-0.07861932367086411
-0.07851426303386688
-0.07840687036514282
-0.07829749584197998
-0.0781865119934082
-0.07807432860136032
-0.07796137779951096
-0.07784808427095413
-0.07773489505052567
-0.07762223482131958
-0.0775105282664299
-0.07740020006895065
-0.07729160785675049
-0.07718510180711746
-0.07708097994327545
-0.07697949558496475
-0.07688086479902267
-0.07678522914648056
-0.07669267803430557
-0.07660321891307831
-0.07651679217815399
-0.07643327116966248
-0.07635246217250824
-0.07627411186695099
-0.07619792222976685
-0.07612352818250656
-0.0760505199432373
-0.07597847282886505
-0.07590693235397339
-0.07583542913198471
-0.07576350122690201
-0.07569070905447006
-0.07561664283275604
-0.0755409300327301
-0.07546325773000717
-0.07538337260484695
-0.07530108839273453
-0.07521631568670273
-0.07512901723384857
-0.07503924518823624
-0.07494712620973587
-0.07485288381576538
-0.07475680112838745
-0.07465921342372894
-0.07456051558256149
-0.07446112483739853
-0.07436148822307587
-0.07426205277442932
-0.07416327297687531
-0.07406554371118546
-0.07396924495697021
-0.07387471944093704
-0.07378222793340683
-0.07369197160005569
-0.07360406965017319
-0.07351855933666229
-0.07343538850545883
-0.07335445284843445
-0.07327555119991302
-0.07319843024015427
-0.0731227695941925
-0.07304819673299789
-0.07297433167695999
-0.07290075719356537
-0.0728270560503006
-0.07275284826755524
-0.07267776131629944
-0.07260147482156754
-0.07252373546361923
-0.07244432717561722
-0.07236313074827194
-0.07228008657693863
-0.07219521701335907
-0.07210864126682281
-0.07202050089836121
-0.07193103432655334
-0.07184051722288132
-0.071749247610569
-0.07165754586458206
-0.07156575471162796
-0.07147418707609177
-0.07138314098119736
-0.07129286974668503
-0.07120358198881149
-0.07111538946628571
-0.07102838158607483
-0.07094253599643707
-0.07085777074098587
-0.07077394425868988
-0.0706908255815506
-0.07060811668634415
-0.07052551209926605
-0.07044263929128647
-0.07035911828279495
-0.07027455419301987
-0.07018856704235077
-0.0701008141040802
-0.07001099735498428
-0.06991882622241974
-0.06982410699129105
-0.06972669810056686
-0.06962651759386063
-0.06952352821826935
-0.06941775977611542
-0.06930931657552719
-0.06919829547405243
-0.06908484548330307
-0.06896911561489105
-0.0688512846827507
-0.06873150169849396
-0.06860988587141037
-0.0684865340590477
-0.06836149096488953
-0.06823476403951645
-0.06810631603002548
-0.06797607243061066
-0.06784389168024063
-0.06770962476730347
-0.06757308542728424
-0.06743407994508743
-0.06729240715503693
-0.06714789569377899
-0.06700040400028229
-0.06684981286525726
-0.06669607013463974
-0.06653916835784912
-0.06637917459011078
-0.06621622294187546
-0.06605052202939987
-0.0658823549747467
-0.06571204215288162
-0.06554000079631805
-0.06536666303873062
-0.06519249081611633
-0.06501799076795578
-0.06484363973140717
-0.06466995179653168
-0.06449739634990692
-0.06432643532752991
-0.06415749341249466
-0.06399098038673401
-0.06382722407579422
-0.06366652995347977
-0.06350916624069214
-0.06335536390542984
-0.0632052943110466
-0.06305912137031555
-0.06291697174310684
-0.06277897208929062
-0.06264521181583405
-0.06251576542854309
-0.06239070370793343
-0.06227007135748863
-0.06215390563011169
-0.06204221397638321
-0.06193497776985168
-0.06183215230703354
-0.06173365190625191
-0.06163935363292694
-0.06154908612370491
-0.06146261841058731
-0.06137966737151146
-0.0612998865544796
-0.06122288480401039
-0.06114820763468742
-0.061075359582901
-0.06100380420684814
-0.06093297898769379
-0.06086231395602226
-0.06079122796654701
-0.06071915477514267
-0.06064555048942566
-0.06056991964578629
-0.06049181148409843
-0.06041084229946136
-0.0603267177939415
-0.06023919954895973
-0.06014816090464592
-0.06005355343222618
-0.05995539948344231
-0.05985381454229355
-0.05974899232387543
-0.05964118614792824
-0.05953072011470795
-0.05941795185208321
-0.05930330976843834
-0.05918722227215767
-0.0590701624751091
-0.05895259231328964
-0.0588349811732769
-0.05871780216693878
-0.0586015060544014
-0.05848651006817818
-0.05837321653962135
-0.05826199054718018
-0.05815314128994942
-0.05804694816470146
-0.05794362723827362
-0.05784334614872932
-0.05774622038006783
-0.05765229463577271
-0.05756155773997307
-0.05747393518686295
-0.0573892779648304
-0.05730738863348961
-0.05722801014780998
-0.05715082958340645
-0.05707548931241035
-0.05700159072875977
-0.05692869797348976
-0.05685636401176453
-0.05678414180874825
-0.0567115843296051
-0.05663826316595078
-0.05656378716230392
-0.0564877986907959
-0.05641001090407372
-0.05633017793297768
-0.05624813586473465
-0.05616380646824837
-0.05607717484235764
-0.05598830804228783
-0.05589734762907028
-0.05580450221896172
-0.05571004003286362
-0.05561428144574165
-0.05551759526133537
-0.05542036890983582
-0.05532301217317581
-0.05522593110799789
-0.0551295094192028
-0.05503411963582039
-0.05494008958339691
-0.05484770238399506
-0.05475718155503273
-0.05466869845986366
-0.05458235740661621
-0.05449819564819336
-0.05441618710756302
-0.05433624610304832
-0.05425823852419853
-0.05418196320533752
-0.0541071891784668
-0.05403364077210426
-0.05396103113889694
-0.05388904735445976
-0.05381738021969795
-0.05374572426080704
-0.05367378517985344
-0.05360129475593567
-0.05352802202105522
-0.05345378443598747
-0.05337842553853989
-0.0533018670976162
-0.05322406440973282
-0.05314504355192184
-0.05306487902998924
-0.05298370495438576
-0.05290168523788452
-0.05281902477145195
-0.05273597687482834
-0.05265280976891518
-0.05256981030106544
-0.05248726531863213
-0.0524054542183876
-0.05232463777065277
-0.05224505439400673
-0.05216692015528679
-0.05209040269255638
-0.05201563239097595
-0.05194269493222237
-0.05187162756919861
-0.05180242657661438
-0.0517350472509861
-0.0516694113612175
-0.05160541459918022
-0.05154292285442352
-0.05148180574178696
-0.05142191797494888
-0.05136312544345856
-0.05130531638860703
-0.05124841257929802
-0.05119235441088676
-0.05113712698221207
-0.05108275264501572
-0.05102930590510368
-0.05097690969705582
-0.05092572793364525
-0.0508759543299675
-0.05082781612873077
-0.05078157410025597
-0.05073750391602516
-0.05069589614868164
-0.05065705254673958
-0.05062125250697136
-0.05058877915143967
-0.0505598857998848
-0.05053479224443436
-0.05051369220018387
-0.05049672350287437
-0.05048400163650513
-0.0504755936563015
-0.05047152191400528
-0.05047174915671349
-0.05047621205449104
-0.05048480629920959
-0.0504973903298378
-0.05051379650831223
-0.05053383111953735
-0.05055728554725647
-0.05058392137289047
-0.05061350017786026
-0.05064577236771584
-0.05068046972155571
-0.05071733891963959
-0.05075611919164658
-0.05079653486609459
-0.05083831027150154
-0.05088116973638535
-0.05092482641339302
-0.05096898227930069
-0.05101332813501358
-0.05105754360556602
-0.05110130086541176
-0.05114423856139183
-0.05118599161505699
-0.0512261651456356
-0.05126436054706573
-0.05130016058683395
-0.05133315175771713
-0.05136291682720184
-0.05138904228806496
-0.05141113325953484
-0.05142883211374283
-0.05144180357456207
-0.05144975706934929
-0.05145246535539627
-0.05144974961876869
-0.0514414981007576
-0.05142765864729881
-0.05140828341245651
-0.05138348042964935
-0.05135343223810196
-0.05131841450929642
-0.05127877742052078
-0.05123492702841759
-0.05118735507130623
-0.05113658681511879
-0.05108320340514183
-0.0510278195142746
-0.05097107589244843
-0.05091361701488495
-0.0508560948073864
-0.05079915374517441
-0.05074340850114822
-0.0506894439458847
-0.05063780024647713
-0.0505889505147934
-0.05054332315921783
-0.0505012646317482
-0.05046305805444717
-0.05042889341711998
-0.05039888992905617
-0.05037307739257812
-0.05035139620304108
-0.05033371597528458
-0.05031982064247131
-0.0503094270825386
-0.0503021702170372
-0.05029764026403427
-0.05029536783695221
-0.05029482766985893
-0.05029547959566116
-0.05029674619436264
-0.0502980463206768
-0.05029879882931709
-0.05029843375086784
-0.05029640719294548
-0.05029221251606941
-0.05028539896011353
-0.05027557536959648
-0.05026241764426231
-0.05024568736553192
-0.05022522807121277
-0.05020096898078918
-0.05017294734716415
-0.05014127865433693
-0.05010618269443512
-0.0500679612159729
-0.05002699047327042
-0.04998371377587318
-0.04993864148855209
-0.04989231377840042
-0.04984530806541443
-0.04979820922017097
-0.04975159466266632
-0.04970601573586464
-0.04966198652982712
-0.04961997643113136
-0.04958037286996841
-0.04954348877072334
-0.04950954392552376
-0.04947865754365921
-0.04945085942745209
-0.04942608997225761
-0.04940417036414146
-0.04938484728336334
-0.04936777800321579
-0.04935255646705627
-0.04933871701359749
-0.04932576417922974
-0.04931317642331123
-0.0493004284799099
-0.04928702116012573
-0.04927247390151024
-0.04925636947154999
-0.04923834279179573
-0.04921811446547508
-0.04919549822807312
-0.04917038232088089
-0.04914275929331779
-0.0491127111017704
-0.04908040165901184
-0.04904608801007271
-0.04901009798049927
-0.04897280782461166
-0.04893464222550392
-0.04889605566859245
-0.04885752126574516
-0.04881949350237846
-0.04878240078687668
-0.04874663427472115
-0.04871254041790962
-0.0486803837120533
-0.04865036904811859
-0.04862261191010475
-0.04859714582562447
-0.04857393354177475
-0.04855285212397575
-0.04853370040655136
-0.04851623252034187
-0.04850015044212341
-0.04848511889576912
-0.04847079142928123
-0.04845681041479111
-0.04844284802675247
-0.04842859134078026
-0.04841378703713417
-0.0483982264995575
-0.04838177561759949
-0.04836436361074448
-0.04834598675370216
-0.04832673445343971
-0.04830676317214966
-0.04828630015254021
-0.04826562106609344
-0.04824506863951683
-0.04822500795125961
-0.04820584878325462
-0.0481879860162735
-0.04817182198166847
-0.04815772920846939
-0.04814606159925461
-0.0481371246278286
-0.04813116788864136
-0.0481283888220787
-0.04812892526388168
-0.04813285544514656
-0.04814020171761513
-0.04815094172954559
-0.04816499724984169
-0.04818227514624596
-0.04820264130830765
-0.04822596162557602
-0.04825210571289062
-0.04828096181154251
-0.04831243678927422
-0.04834647104144096
-0.04838304594159126
-0.0484221950173378
-0.04846397414803505
-0.04850850999355316
-0.04855595901608467
-0.0486065112054348
-0.04866038635373116
-0.04871782287955284
-0.04877905175089836
-0.04884430393576622
-0.04891377314925194
-0.04898763820528984
-0.04906601831316948
-0.04914898425340652
-0.04923653975129128
-0.04932863265275955
-0.04942513257265091
-0.04952584207057953
-0.04963050782680511
-0.049738809466362
-0.04985037446022034
-0.0499647930264473
-0.05008160695433617
-0.05020034685730934
-0.05032051727175713
-0.05044163390994072
-0.05056320503354073
-0.05068475753068924
-0.05080582946538925
-0.05092598125338554
-0.05104481428861618
-0.05116193369030952
-0.05127700045704842
-0.0513896681368351
-0.0514996312558651
-0.05160658806562424
-0.05171026661992073
-0.05181039497256279
-0.05190671607851982
-0.05199897289276123
-0.05208691582083702
-0.05217030271887779
-0.05224889516830444
-0.05232246965169907
-0.05239082127809525
-0.05245376750826836
-0.05251114815473557
-0.05256284028291702
-0.05260876938700676
-0.05264890938997269
-0.05268329381942749
-0.05271201580762863
-0.05273523926734924
-0.05275319889187813
-0.05276618525385857
-0.05277456715703011
-0.05277877300977707
-0.05277927964925766
-0.05277661979198456
-0.05277136713266373
-0.05276411771774292
-0.05275548622012138
-0.05274609476327896
-0.05273656919598579
-0.05272750556468964
-0.05271948501467705
-0.0527130514383316
-0.0527087077498436
-0.05270690470933914
-0.05270804837346077
-0.05271247774362564
-0.05272048339247704
-0.05273228138685226
-0.05274803191423416
-0.05276783555746078
-0.05279172956943512
-0.05281969532370567
-0.05285165086388588
-0.05288747325539589
-0.05292696505784988
-0.05296989157795906
-0.05301596969366074
-0.05306486040353775
-0.05311618372797966
-0.05316952615976334
-0.05322444811463356
-0.05328046903014183
-0.05333709344267845
-0.05339379608631134
-0.05345004424452782
-0.0535053126513958
-0.0535590797662735
-0.05361084267497063
-0.05366012454032898
-0.05370648577809334
-0.05374954268336296
-0.05378896370530128
-0.05382448434829712
-0.05385591462254524
-0.05388312786817551
-0.05390608310699463
-0.05392483249306679
-0.05393950268626213
-0.05395029485225677
-0.053957499563694
-0.05396146327257156
-0.05396259948611259
-0.0539613701403141
-0.05395827442407608
-0.05395383387804031
-0.05394859611988068
-0.05394310876727104
-0.05393790081143379
-0.05393347889184952
-0.05393031612038612
-0.05392885208129883
-0.05392944812774658
-0.05393242463469505
-0.05393803492188454
-0.05394645035266876
-0.05395777150988579
-0.0539720244705677
-0.05398916453123093
-0.0540090799331665
-0.05403158813714981
-0.05405645444989204
-0.05408338084816933
-0.0541120283305645
-0.05414201691746712
-0.05417295172810555
-0.05420440435409546
-0.05423594638705254
-0.05426715314388275
-0.05429760739207268
-0.05432691797614098
-0.0543547235429287
-0.05438069626688957
-0.05440456420183182
-0.05442610755562782
-0.05444516614079475
-0.05446162819862366
-0.05447545275092125
-0.05448666587471962
-0.05449535697698593
-0.05450165271759033
-0.05450574681162834
-0.05450786650180817
-0.054508276283741
-0.05450726300477982
-0.0545051284134388
-0.05450217798352242
-0.05449870601296425
-0.05449498817324638
-0.05449127033352852
-0.05448775365948677
-0.05448460951447487
-0.05448193475604057
-0.05447977781295776
-0.05447812378406525
-0.05447689816355705
-0.05447596311569214
-0.05447511002421379
-0.05447408556938171
-0.05447257310152054
-0.0544702373445034
-0.05446668714284897
-0.0544615164399147
-0.05445429310202599
-0.05444458499550819
-0.05443196371197701
-0.05441600456833839
-0.05439631268382072
-0.05437251925468445
-0.05434428527951241
-0.05431130155920982
-0.05427330732345581
-0.05423008650541306
-0.05418146401643753
-0.05412730202078819
-0.05406750366091728
-0.05400200933218002
-0.05393078550696373
-0.0538538321852684
-0.05377116426825523
-0.05368281528353691
-0.05358882620930672
-0.05348925665020943
-0.05338415503501892
-0.05327357724308968
-0.05315756797790527
-0.0530361719429493
-0.05290942266583443
-0.05277736857533455
-0.05264003947377205
-0.05249748751521111
-0.0523497648537159
-0.05219694972038269
-0.05203913897275925
-0.05187646299600601
-0.05170909687876701
-0.05153726041316986
-0.05136122554540634
-0.05118132755160332
-0.05099795758724213
-0.05081158503890038
-0.05062274634838104
-0.05043204501271248
-0.05024014413356781
-0.05004777014255524
-0.04985572770237923
-0.04966485127806664
-0.0494760274887085
-0.04929016157984734
-0.04910818487405777
-0.04893102124333382
-0.0487595871090889
-0.04859477654099464
-0.04843742027878761
-0.04828831553459167
-0.04814817011356354
-0.04801762104034424
-0.04789719358086586
-0.04778730496764183
-0.04768826439976692
-0.04760025441646576
-0.04752333089709282
-0.04745740815997124
-0.04740229249000549
-0.04735764116048813
-0.04732297733426094
-0.04729773104190826
-0.04728119075298309
-0.04727256298065186
-0.04727093875408173
-0.04727534577250481
-0.04728473722934723
-0.04729801788926125
-0.04731403663754463
-0.04733163118362427
-0.04734962433576584
-0.04736685752868652
-0.0473821796476841
-0.04739449545741081
-0.0474027618765831
-0.04740599170327187
-0.04740330576896667
-0.04739392548799515
-0.04737716540694237
-0.04735246673226357
-0.04731942340731621
-0.04727775603532791
-0.04722733423113823
-0.04716816917061806
-0.04710044711828232
-0.04702448472380638
-0.04694076254963875
-0.04684989899396896
-0.04675263911485672
-0.04664985463023186
-0.04654253274202347
-0.04643173515796661
-0.04631860554218292
-0.0462043359875679
-0.04609014466404915
-0.04597724974155426
-0.04586684703826904
-0.04576009511947632
-0.04565805941820145
-0.04556171596050262
-0.0454719178378582
-0.04538938403129578
-0.04531466588377953
-0.04524813964962959
-0.04519000649452209
-0.04514027759432793
-0.04509877040982246
-0.04506510868668556
-0.04503873735666275
-0.04501894488930702
-0.04500486329197884
-0.0449955016374588
-0.04498975723981857
-0.04498646780848503
-0.04498441144824028
-0.04498236626386642
-0.04497912153601646
-0.04497352242469788
-0.0449645034968853
-0.04495109990239143
-0.04493248462677002
-0.04490799084305763
-0.04487713426351547
-0.04483959451317787
-0.04479526728391647
-0.04474423825740814
-0.04468677565455437
-0.04462332278490067
-0.04455451294779778
-0.04448110610246658
-0.04440398886799812
-0.04432413727045059
-0.04424259439110756
-0.04416042938828468
-0.04407872259616852
-0.04399850964546204
-0.04392076283693314
-0.04384636878967285
-0.04377609118819237
-0.04371055960655212
-0.04365023970603943
-0.04359543696045876
-0.04354628548026085
-0.04350274428725243
-0.04346459358930588
-0.04343146085739136
-0.04340283572673798
-0.0433780699968338
-0.04335641860961914
-0.04333706572651863
-0.04331914708018303
-0.0433017797768116
-0.04328408464789391
-0.04326523467898369
-0.04324446618556976
-0.04322110116481781
-0.04319458082318306
-0.04316446185112
-0.04313045740127563
-0.04309241473674774
-0.04305034130811691
-0.04300436750054359
-0.04295476526021957
-0.04290193691849709
-0.04284639284014702
-0.04278871417045593
-0.04272954910993576
-0.04266958683729172
-0.04260952025651932
-0.04255003109574318
-0.04249175637960434
-0.04243526980280876
-0.04238107055425644
-0.04232954978942871
-0.04228099435567856
-0.04223557189106941
-0.04219332337379456
