0
0
0
0
0
0
0
0
0
0
0
0
0
0
0
0
0
0
0
0
0
0
0
0
0
0
0
0
0
0
0
0
0
0
0
0
0
0
0
0
0
0
0
0
0
0
0
0
0
0
0
0
0
0
0
0
0
0
0
0
0
0
0
0
0
0
0
0
0
0
0
0
0
0
0
0
0
0
0
0
0
0
0
0
0
0
0
0
0
0
0
0
0
0
0
0
0
0
0
0
0
0
0
0
0
0
0
0
0
0
0
0
0
0
0
0
0
0
0
0
0
0
0
0
0
0
0
0
0
0
0
0
0
0
0
0
0
0
0
0
0
0
0
0
0
0
0
0
0
0
0
0
0
0
0
0
0
0
0
0
0
0
0
0
0
0
0
0
0
0
0
0
0
0
0
0
0
0
0
0
0
0
0
0
0
0
0
0
0
0
0
0
0
0
0
0
0
0
0
0
0
0
0
0
0
0
0
0
0
0
0
0
0
0
0
0
0
0
0
0
0
0
0
0
0
0
0
0
0
0
0
0
0
0
0
0
0
0
0
0
0
0
0
0
0
0
0
0
0
0
0
0
0
0
0
0
0
0
0
0
0
0
0
0
0
0
0
0
0
0
0
0
0
0
0
0
0
0
0
0
0
0
0
0
0
0
0
0
0
0
0
0
0
0
0
0
0
0
0
0
0
0
0
0
0
0
0
0
0
0
0
0
0
0
0
0
0
0
0
0
0
0
0
0
0
0
0
0
0
0
0
0
0
0
0
0
0
0
0
0
0
0
0
0
0
0
0
0
0
0
0
0
0
0
0
0
0
0
0
0
0
0
0
0
0
0
0
0
0
0
0
0
0
0
0
0
0
0
0
0
0
0
0
0
0
0
0
0
0
0
0
0
0
0
0
0
0
0
0
0
0
0
0
0
0
0
0
0
0
0
0
0
0
0
0
0
0
0
0
0
0
0
0
0
0
0
0
0
0
0
0
0
0
0
0
0
0
0
0
0
0
0
0
0
0
0
0
0
0
0
0
0
0
0
0
0
0
0
0
0
0
0
0
0
0
0
0
0
0
0
0
0
0
0
0
0
0
0
0
0
0
0
0
0
0
0
0
0
0
0
0
0
0
0
0
0
0
0
0
0
0
0
0
0
0
0
0
0
0
0
0
0
0
0
0
0
0
0
0
0
0
0
0
0
0
0
0
0
0
0
0
0
0
0
0
0
0
0
0
0
0
0
0
0
0
0
0
0
0
0
0
0
0
0
0
0
0
0
0
0
0
0
0
0
0
0
0
0
0
0
0
0
0
0
0
0
0
0
0
0
0
0
0
0
0
0
0
0
0
0
0
0
0
0
0
0
0
0
0
0
0
0
0
0
0
0
0
0
0
0
0
0
0
0
0
0
0
0
0
0
0
0
0
0
0
0
0
0
0
0
0
0
0
0
0
0
0
0
0
0
0
0
0
0
0
0
0
0
0
0
0
0
0
0
0
0
0
0
0
0
0
0
0
0
0
0
0
0
0
0
0
0
0
0
0
0
0
0
0
0
0
0
0
0
0
0
0
0
0
0
0
0
0
0
0
0
0
0
0
0
0
0
0
0
0
0
0
0
0
0
0
0
0
0
0
0
0
0
0
0
0
0
0
0
0
0
0
0
0
0
0
0
0
0
0
0
0
0
0
0
0
0
0
0
0
0
0
0
0
0
0
0
0
0
0
0
0
0
0
0
0
0
0
0
0
0
0
0
0
0
0
0
0
0
0
0
0
0
0
0
0
0
0
0
0
0
0
0
0
0
0
0
0
0
0
0
0
0
0
0
0
0
0
0
0
0
0
0
0
0
0
0
0
0
0
0
0
0
0
0
0
0
0
0
0
0
0
0
0
0
0
0
0
0
0
0
0
0
0
0
0
0
0
0
0
0
0
0
0
0
0
0
0
0
0
0
0
0
0
0
0
0
0
0
0
0
0
0
0
0
0
0
0
0
0
0
0
0
0
0
0
0
0
0
0
0
0
0
0
0
0
0
0
0
0
0
0
0
0
0
0
0
0
0
0
0
0
0
0
0
0
0
0
0
0
0
0
0
0
0
0
0
0
0
0
0
0
0
0
0
0
0
0
0
0
0
0
0
0
0
0
0
0
0
0
0
0
0
0
0
0
0
0
0
0
0
0
0
0
0
0
0
0
0
0
0
0
0
0
0
0
0
0
0
0
0
0
0
0
0
0
0
0
0
0
0
0
0
0
0
0
0
0
0
0
0
0
0
0
0
0
0
0
0
0
0
0
0
0
0
0
0
0
0
0
0
0
0
0
0
0
0
0
0
0
0
0
0
0
0
0
0
0
0
0
0
0
0
0
0
0
0
0
0
0
0
0
0
0
0
0
0
0
0
0
0
0
0
0
0
0
0
0
0
0
0
0
0
0
0
0
0
0
0
0
0
0
0
0
0
0
0
0
0
0
0
0
0
0
0
0
0
0
0
0
0
0
0
0
0
0
0
0
0
0
0
0
0
0
0
0
0
0
0
0
0
0
0
0
0
0
0
0
0
0
0
0
0
0
0
0
0
0
0
0
0
0
0
0
0
0
0
0
0
0
0
0
0
0
0
0
0
0
0
0
0
0
0
0
0
0
0
0
0
0
0
0
0
0
0
0
0
0
0
0
0
0
0
0
0
0
0
0
0
0
0
0
0
0
0
0
0
0
0
0
0
0
0
0
0
0
0
0
0
0
0
0
0
0
0
0
0
0
0
0
0
0
0
0
0
0
0
0
0
0
0
0
0
0
0
0
0
0
0
0
0
0
0
0
0
0
0
0
0
0
0
0
0
0
0
0
0
0
0
0
0
0
0
0
0
0
0
0
0
0
0
0
0
0
0
0
0
0
0
0
0
0
0
0
0
0
0
0
0
0
0
0
0
0
0
0
0
0
0
0
0
0
0
0
0
0
0
0
0
0
0
0
0
0
0
0
0
0
0
0
0
0
0
0
0
0
0
0
0
0
0
0
0
0
0
0
0
0
0
0
0
0
0
0
0
0
0
0
0
0
0
0
0
0
0
0
0
0
0
0
0
0
0
0
0
0
0
0
0
0
0
0
0
0
0
0
0
0
0
0
0
0
0
0
0
0
0
0
0
0
0
0
0
0
0
0
0
0
0
0
0
0
0
0
0
0
0
0
0
0
0
0
0
0
0
0
0
0
0
0
0
0
0
0
0
0
0
0
0
0
0
0
0
0
0
0
0
0
0
0
0
0
0
0
0
0
0
0
0
0
0
0
0
0
0
0
0
0
0
0
0
0
0
0
0
0
0
0
0
0
0
0
0
0
0
0
0
0
0
0
0
0
0
0
0
0
0
0
0
0
0
0
0
0
0
0
0
0
0
0
0
0
0
0
0
0
0
0
0
0
0
0
0
0
0
0
0
0
0
0
0
0
0
0
0
0
0
0
0
0
0
0
0
0
0
0
0
0
0
0
0
0
0
0
0
0
0
0
0
0
0
0
0
0
0
0
0
0
0
0
0
0
0
0
0
0
0
0
0
0
0
0
0
0
0
0
0
0
0
0
0
0
0
0
0
0
0
0
0
0
0
0
0
0
0
0
0
0
0
0
0
0
0
0
0
0
0
0
0
0
0
0
0
0
0
0
0
0
0
0
0
0
0
0
0
0
0
0
0
0
0
0
0
0
0
0
0
0
0
0
0
0
0
0
0
0
0
0
0
0
0
0
0
0
0
0
0
0
0
0
0
0
0
0
0
0
0
0
0
0
0
0
0
0
0
0
0
0
0
0
0
0
2.802596928649634e-45
1.401298464324817e-44
3.503246160812043e-44
6.305843089461677e-44
1.093012802173357e-43
1.821688003622262e-43
3.054830652228101e-43
4.946583579066604e-43
7.987401246651457e-43
1.291997184107481e-42
2.087934711843977e-42
3.365918911308211e-42
5.404808176900819e-42
8.655820614134395e-42
1.384482882752919e-41
2.211248976704561e-41
3.52734849439843e-41
5.620888400099706e-41
8.94687030517466e-41
1.42227590233576e-40
2.258332605105875e-40
3.581690848844946e-40
5.673997611897617e-40
8.978091234959816e-40
1.418991258735382e-39
2.240117126368117e-39
3.532306288365211e-39
5.563477202016318e-39
8.752538234142094e-39
1.375377525591429e-38
2.158790948303023e-38
3.384546091534788e-38
5.300193959786957e-38
8.290583379795846e-38
1.295331377621557e-37
2.021527289723502e-37
3.151241556027929e-37
4.906678634542211e-37
7.631286689523417e-37
1.185530158953701e-36
1.839638973261895e-36
2.851399423378452e-36
4.414580370457158e-36
6.826957513959281e-36
1.054561136439044e-35
1.627134576758039e-35
2.507741562092948e-35
3.860557915601521e-35
5.936435308391527e-35
9.118221287663432e-35
1.398954908558643e-34
2.143911596422805e-34
3.281859234229639e-34
5.018146353574478e-34
7.664386634544476e-34
1.169290679385823e-33
1.78188229524358e-33
2.712360093329324e-33
4.124086748009651e-33
6.263552588063448e-33
9.502251113561998e-33
1.439943698622045e-32
2.179606327272089e-32
3.295524567279589e-32
4.977201185371751e-32
7.508624743384495e-32
1.13148936715095e-31
1.703161657314599e-31
2.560806214805898e-31
3.846036959958238e-31
5.769874524401011e-31
8.646408882784098e-31
1.294261315933324e-30
1.935197541849119e-30
2.890320368050435e-30
4.31205558277111e-30
6.425999924080843e-30
9.565671231963297e-30
1.422357192291582e-29
2.112616954280874e-29
3.134382072309404e-29
4.645179923669848e-29
6.876585829508096e-29
1.016864649470347e-28
1.502012661733811e-28
2.216177216656114e-28
3.26630038922422e-28
4.808711477842118e-28
7.071678681014634e-28
1.038813967489918e-27
1.524315099008685e-27
2.234259580310972e-27
3.271257492159829e-27
4.784297715791585e-27
6.989470939117449e-27
1.019983668941158e-26
1.486843185267816e-26
2.165012422493138e-26
3.149046760129562e-26
4.575320527167168e-26
6.640301380943998e-26
9.626715529147306e-26
1.394096315602916e-25
2.016656220799122e-25
2.914040104453806e-25
4.206143237766017e-25
6.064536334866953e-25
8.734464171757216e-25
1.256609470869343e-24
1.805884050059097e-24
2.592417815609707e-24
3.717456923186537e-24
5.324917606464035e-24
7.619138900152052e-24
1.088993291804114e-23
1.55478678402799e-23
2.217394603445086e-23
3.15894332340397e-23
4.495390448262336e-23
6.39028009653571e-23
9.074012032912731e-23
1.287081345369339e-22
1.82364282364856e-22
2.581076141494291e-22
3.649130445855633e-22
5.153538174339058e-22
7.270247115680548e-22
1.02452023906759e-21
1.442180613231163e-21
2.027900520488196e-21
2.848403709468453e-21
3.99654251659556e-21
5.601383572667105e-21
7.842135072716563e-21
1.096734540377051e-20
1.532134465167548e-20
2.138062843114681e-20
2.980384415169124e-20
4.15004138889126e-20
5.772459871420843e-20
8.020432399723947e-20
1.113173914946233e-19
1.543322309134527e-19
2.137364909472839e-19
2.95684834793212e-19
4.086089470795371e-19
5.640466531828786e-19
7.77768875264596e-19
1.071308287892181e-18
1.474031405473703e-18
2.025943370769217e-18
2.781481043288414e-18
3.814636039016893e-18
5.225866961807381e-18
7.151411492523127e-18
9.775819002498694e-18
1.334881159635108e-17
1.820790626096215e-17
2.48087744619108e-17
3.376590634238616e-17
4.590702845414554e-17
6.234586008265278e-17
8.457919778121238e-17
1.146164485461729e-16
1.551521234444237e-16
2.09795251193203e-16
2.833744754572322e-16
3.823426255775923e-16
5.153135104671574e-16
6.937724469044425e-16
9.330161087630316e-16
1.253394250842472e-15
1.681947711769589e-15
2.254567924497505e-15
3.01883982357443e-15
4.037779378023411e-15
5.394742676667272e-15
7.199862213857437e-15
9.59848841982627e-15
1.278222607647332e-14
1.700336648823714e-14
2.2593728035941e-14
2.998922521446103e-14
3.976186106714394e-14
5.266135292593399e-14
6.966922562945052e-14
9.206897126200903e-14
1.215370848666603e-13
1.6026074781475e-13
2.110902056449981e-13
2.777354355613243e-13
3.650199446088992e-13
4.79207548208932e-13
6.284229863914859e-13
8.231928593643856e-13
1.077139462693499e-12
1.407870673340861e-12
1.838119283517625e-12
2.397201144185845e-12
3.122875655986457e-12
4.063722015140714e-12
5.282165330133815e-12
6.858329876235914e-12
8.894933400949157e-12
1.152350610766906e-11
1.491227107075499e-11
1.927612063024053e-11
2.488924864818554e-11
3.210110302576119e-11
4.135648073999576e-11
5.32208929704403e-11
6.841247707223275e-11
8.784208083145728e-11
1.126635798542885e-10
1.443369729292598e-10
1.847074160288287e-10
2.36103914197372e-10
3.014627714126306e-10
3.844813911690892e-10
4.898098038275123e-10
6.232892535429357e-10
7.922483225009103e-10
1.005870053916169e-09
1.275647587561934e-09
1.615947597954914e-09
2.044706404191743e-09
2.584289227058889e-09
3.262550452021173e-09
4.114135254695839e-09
5.182084983346158e-09
6.519801587501206e-09
8.19346279712363e-09
1.028497376154291e-08
1.289557616246384e-08
1.615025979617712e-08
2.020313338846336e-08
2.524396691683251e-08
3.150616123548389e-08
3.927639014023043e-08
4.890632609999557e-08
6.08268280188895e-08
7.556506176342737e-08
9.376525866855445e-08
1.162136129551072e-07
1.438683767673865e-07
1.778959983766981e-07
2.197144510773796e-07
2.710452235987759e-07
3.339755210163275e-07
4.110326585760049e-07
5.052727942711499e-07
6.203866291798477e-07
7.608252303725749e-07
9.319494438386755e-07
1.140207132266369e-06
1.393343154632021e-06
1.700647658253729e-06
2.073248879241874e-06
2.524458295738441e-06
3.070178763664444e-06
3.729379841388436e-06
4.524659743765369e-06
5.482901997311274e-06
6.636041689489502e-06
8.021960638870951e-06
9.685535587777849e-06
1.167984646599507e-05
1.406759110977873e-05
1.692272053332999e-05
2.033232885878533e-05
2.439885065541603e-05
2.924256477854215e-05
3.500451202853583e-05
4.184982390142977e-05
4.997156065655872e-05
5.959508416708559e-05
7.098306377884001e-05
8.444118429906666e-05
0.0001003246434265748
0.0001190455295727588
0.0001410812110407278
0.0001669837802182883
0.0001973907637875527
0.0002330370771232992
0.0002747687103692442
0.0003235577896703035
0.0003805196320172399
0.0004469315754249692
0.0005242542247287929
0.0006141549674794078
0.0007185339345596731
0.0008395526674576104
0.0009796658996492624
0.00114165642298758
0.001328673330135643
0.001544273807667196
0.001792468712665141
0.002077772049233317
0.002405254635959864
0.002780602080747485
0.003210176713764668
0.003701084991917014
0.004261246882379055
0.00489947572350502
0.00562555156648159
0.006450310349464417
0.007385732140392065
0.008445031009614468
0.009642750956118107
0.01099486276507378
0.01251886412501335
0.01423387601971626
0.01616075076162815
0.01832216791808605
0.02074272371828556
0.02344903536140919
0.02646980993449688
0.02983593754470348
0.03358055651187897
0.037739098072052
0.04234932363033295
0.04745134338736534
0.05308762192726135
0.05930294096469879
0.06614433228969574
0.07366099208593369
0.08190411329269409
0.09092678874731064
0.1007836908102036
0.1115308851003647
0.1232254281640053
0.1359250247478485
0.1496875733137131
0.1645705997943878
0.180630698800087
0.1979229152202606
0.2164999693632126
0.2364113926887512
0.2577027976512909
0.2804148495197296
0.3045821189880371
0.3302323222160339
0.3573850095272064
0.3860503435134888
0.416228175163269
0.4479066133499146
0.4810609519481659
0.5156527757644653
0.5516284108161926
0.5889184474945068
0.6274365782737732
0.667078971862793
0.7077236771583557
0.7492304444313049
0.7914406061172485
0.8341774344444275
0.8772464990615845
0.9204366207122803
0.9635210633277893
1.006259202957153
1.048398733139038
1.089677810668945
1.129827618598938
1.168575525283813
1.205649733543396
1.24078106880188
1.273707985877991
1.304180979728699
1.331965684890747
1.356848001480103
1.378637671470642
1.397172331809998
1.412321209907532
1.423988461494446
1.43211567401886
1.436684846878052
1.437718987464905
1.43528425693512
1.429489612579346
1.420486807823181
1.40846860408783
1.393667578697205
1.37635326385498
1.356829047203064
1.335427403450012
1.312506198883057
1.288443565368652
1.26363217830658
1.238473534584045
1.213371753692627
1.188727736473083
1.164932489395142
1.142360806465149
1.121365904808044
1.102272987365723
1.085373878479004
1.070922613143921
1.059129953384399
1.050160527229309
1.044128894805908
1.04109787940979
1.04107677936554
1.044021129608154
1.049832940101624
1.058362007141113
1.069409012794495
1.082728981971741
1.098035573959351
1.115007519721985
1.133293867111206
1.152522921562195
1.172308921813965
1.192261576652527
1.211994409561157
1.231133580207825
1.249326944351196
1.266252398490906
1.281625986099243
1.295208692550659
1.306812882423401
1.316306233406067
1.323615789413452
1.328729748725891
1.33169686794281
1.332626223564148
1.331682920455933
1.329084396362305
1.325093507766724
1.320012092590332
1.314171433448792
1.307923913002014
1.301632881164551
1.295661926269531
1.2903653383255
1.286078095436096
1.283105373382568
1.281715631484985
1.282131195068359
1.284523725509644
1.289007425308228
1.295637607574463
1.304407715797424
1.315249800682068
1.328037142753601
1.342587113380432
1.358666777610779
1.375999808311462
1.394274115562439
1.413151741027832
1.432278752326965
1.451295256614685
1.469846487045288
1.487593531608582
1.504222512245178
1.519454836845398
1.533053755760193
1.544832110404968
1.554656386375427
1.562450289726257
1.568195343017578
1.571930766105652
1.573750376701355
1.573797821998596
1.572261452674866
1.569365739822388
1.565364003181458
1.56052827835083
1.555140614509583
1.549483418464661
1.543829321861267
1.538433790206909
1.533526539802551
1.529305219650269
1.525930523872375
1.523522973060608
1.522159814834595
1.521875619888306
1.522663712501526
1.524478197097778
1.527238726615906
1.530835390090942
1.535135388374329
1.539989113807678
1.54523754119873
1.550719857215881
1.556279540061951
1.561770558357239
1.567063450813293
1.572048544883728
1.576640486717224
1.580779433250427
1.584432482719421
1.587592005729675
1.590274930000305
1.592519164085388
1.594380378723145
1.595927476882935
1.597237944602966
1.598392844200134
1.599471807479858
1.600548982620239
1.601688623428345
1.602942824363708
1.604348182678223
1.605924725532532
1.607676386833191
1.609590530395508
1.611640334129333
1.613787174224854
1.6159827709198
1.618173599243164
1.620304107666016
1.622320652008057
1.624174952507019
1.625827550888062
1.62725031375885
1.628428220748901
1.629361271858215
1.630063056945801
1.630561947822571
1.630898714065552
1.631124019622803
1.631296753883362
1.631479620933533
1.631735801696777
1.632125735282898
1.63270366191864
1.633514046669006
1.634589076042175
1.635946989059448
1.637590289115906
1.639505743980408
1.641665101051331
1.644025802612305
1.646533846855164
1.649125456809998
1.651731014251709
1.654278039932251
1.656695365905762
1.658916592597961
1.660882830619812
1.662546157836914
1.66387152671814
1.664838671684265
1.665441632270813
1.665690064430237
1.665607094764709
1.665228247642517
1.664598703384399
1.663770318031311
1.662798523902893
1.661738514900208
1.66064190864563
1.659553289413452
1.658507347106934
1.65752649307251
1.656619310379028
1.655779123306274
1.654983997344971
1.654197216033936
1.653368830680847
1.652436852455139
1.651330828666687
1.649973630905151
1.648285627365112
1.64618718624115
1.64360237121582
1.640461206436157
1.6367027759552
1.632276654243469
1.627144813537598
1.621281623840332
1.614674925804138
1.607324361801147
1.599241614341736
1.590448021888733
1.5809725522995
1.570850729942322
1.560121297836304
1.54882538318634
1.5370032787323
1.524694323539734
1.511934995651245
1.498758316040039
1.485194325447083
1.471269369125366
1.45700740814209
1.442431688308716
1.427565455436707
1.412433624267578
1.397064805030823
1.381492137908936
1.365755677223206
1.349903106689453
1.333990216255188
1.318081498146057
1.302249550819397
1.286575078964233
1.271145224571228
1.256051898002625
1.241389870643616
1.227254152297974
1.213737964630127
1.200929284095764
1.18890905380249
1.177748322486877
1.167505979537964
1.158226609230042
1.149939298629761
1.142656445503235
1.136372804641724
1.131065607070923
1.126695036888123
1.123204588890076
1.12052321434021
1.118566155433655
1.117236852645874
1.116430044174194
1.11603319644928
1.115929365158081
1.115999937057495
1.116127371788025
1.116196751594543
1.116098880767822
1.115732669830322
1.115006446838379
1.113839864730835
1.112166047096252
1.109931707382202
1.107099294662476
1.103646636009216
1.099568009376526
1.094873905181885
1.089590191841125
1.083757996559143
1.077432632446289
1.070681810379028
1.063584685325623
1.05622923374176
1.048710584640503
1.041128039360046
1.033582806587219
1.026174902915955
1.019001007080078
1.012150764465332
1.005704998970032
0.999732494354248
0.994288444519043
0.9894121289253235
0.9851260781288147
0.98143470287323
0.9783247113227844
0.9757648706436157
0.973707377910614
0.9720890522003174
0.970833957195282
0.9698559045791626
0.969061017036438
0.9683516025543213
0.967629611492157
0.9668001532554626
0.9657753705978394
0.9644771814346313
0.9628406167030334
0.9608158469200134
0.9583702087402344
0.9554892182350159
0.9521769285202026
0.9484556913375854
0.944364607334137
0.9399579763412476
0.9353026151657104
0.9304749369621277
0.9255576133728027
0.9206356406211853
0.9157928824424744
0.9111082553863525
0.9066527485847473
0.9024859666824341
0.8986538648605347
0.8951870203018188
0.8920994997024536
0.8893885612487793
0.8870350122451782
0.8850045204162598
0.8832494020462036
0.881710946559906
0.8803226947784424
0.8790128827095032
0.8777086734771729
0.8763390779495239
0.87483811378479
0.8731479048728943
0.8712210655212402
0.8690224289894104
0.8665302395820618
0.8637363314628601
0.8606462478637695
0.8572781085968018
0.8536608815193176
0.8498325943946838
0.8458371758460999
0.8417218327522278
0.8375340700149536
0.8333186507225037
0.8291146159172058
0.8249529600143433
0.8208544254302979
0.8168283700942993
0.8128713369369507
0.8089672923088074
0.8050875067710876
0.8011921048164368
0.7972312569618225
0.7931473851203918
0.7888773083686829
0.7843546271324158
0.7795125842094421
0.7742860913276672
0.7686140537261963
0.7624412775039673
0.7557198405265808
0.7484097480773926
0.7404792308807373
0.7319047451019287
0.7226698994636536
0.7127648591995239
0.7021839618682861
0.6909248232841492
0.6789856553077698
0.6663640737533569
0.6530551314353943
0.639049768447876
0.6243337988853455
0.6088870167732239
0.5926835536956787
0.5756915807723999
0.5578746199607849
0.5391924381256104
0.5196027755737305
0.4990629255771637
0.477532297372818
0.4549740850925446
0.4313573241233826
0.4066587388515472
0.3808645009994507
0.3539712429046631
0.3259872198104858
0.2969324588775635
0.2668391764163971
0.2357511520385742
0.2037233412265778
0.170820876955986
0.1371179521083832
0.1026966720819473
0.06764580309391022
0.03205962851643562
-0.003963007591664791
-0.04031955823302269
-0.07690440118312836
-0.1136091724038124
-0.1503229737281799
-0.1869322657585144
-0.2233207672834396
-0.2593691051006317
-0.2949546277523041
-0.329951137304306
-0.3642288446426392
-0.3976544141769409
-0.4300912916660309
-0.4614004492759705
-0.4914409518241882
-0.5200716853141785
-0.5471524000167847
-0.5725458264350891
-0.5961195230484009
-0.6177482008934021
-0.6373155117034912
-0.6547167897224426
-0.6698608994483948
-0.6826724410057068
-0.6930937170982361
-0.7010864019393921
-0.7066329121589661
-0.7097375392913818
-0.7104274034500122
-0.7087529301643372
-0.7047881484031677
-0.6986302733421326
-0.6903998255729675
-0.6802399158477783
-0.668315052986145
-0.6548100709915161
-0.6399288177490234
-0.6238923072814941
-0.6069368720054626
-0.5893118381500244
-0.5712772011756897
-0.5531004667282104
-0.5350539684295654
-0.5174112915992737
-0.5004438161849976
-0.4844169318675995
-0.4695861041545868
-0.4561928808689117
-0.4444606602191925
-0.4345910251140594
-0.4267597496509552
-0.4211133420467377
-0.4177660644054413
-0.4167971909046173
-0.4182491302490234
-0.4221260249614716
-0.4283931851387024
-0.4369772374629974
-0.4477672576904297
-0.4606165885925293
-0.4753454625606537
-0.491744190454483
-0.5095773935317993
-0.5285884737968445
-0.5485048294067383
-0.569042980670929
-0.5899143815040588
-0.6108311414718628
-0.6315118074417114
-0.6516867280006409
-0.6711034774780273
-0.6895318031311035
-0.7067680358886719
-0.7226390838623047
-0.7370054721832275
-0.7497641444206238
-0.7608501315116882
-0.7702375054359436
-0.7779397964477539
-0.7840089797973633
-0.7885341644287109
-0.7916393280029297
-0.7934801578521729
-0.7942399382591248
-0.7941252589225769
-0.7933605313301086
-0.7921829223632812
-0.7908357977867126
-0.789562463760376
-0.7886002659797668
-0.788174033164978
-0.7884899973869324
-0.7897309064865112
-0.7920500636100769
-0.7955679297447205
-0.8003682494163513
-0.806496262550354
-0.813956618309021
-0.8227136135101318
-0.8326923251152039
-0.8437802791595459
-0.8558308482170105
-0.8686671853065491
-0.8820874691009521
-0.8958702087402344
-0.9097808599472046
-0.9235786199569702
-0.9370227456092834
-0.9498798251152039
-0.9619302153587341
-0.9729741811752319
-0.9828376770019531
-0.9913774132728577
-0.9984844923019409
-1.004087805747986
-1.008155584335327
-1.010696649551392
-1.011759877204895
-1.011432647705078
-1.009838461875916
-1.007132768630981
-1.003499269485474
-0.9991434812545776
-0.9942870736122131
-0.9891616106033325
-0.9840012788772583
-0.9790362119674683
-0.9744860529899597
-0.970552921295166
-0.9674163460731506
-0.9652277231216431
-0.9641064405441284
-0.9641368985176086
-0.9653661251068115
-0.9678035974502563
-0.9714215993881226
-0.9761566519737244
-0.9819128513336182
-0.9885648488998413
-0.9959632754325867
-1.003939986228943
-1.012313485145569
-1.020895719528198
-1.029498219490051
-1.037938117980957
-1.046043515205383
-1.053659081459045
-1.060651183128357
-1.066910743713379
-1.072356224060059
-1.076935529708862
-1.080626368522644
-1.083436131477356
-1.085400104522705
-1.086579442024231
-1.087057590484619
-1.086937189102173
-1.086334347724915
-1.085375070571899
-1.084189653396606
-1.082907915115356
-1.081653833389282
-1.080542087554932
-1.079673409461975
-1.079131841659546
-1.078982353210449
-1.079268455505371
-1.08001184463501
-1.081212878227234
-1.082851052284241
-1.084886312484741
-1.087262153625488
-1.089907884597778
-1.092742204666138
-1.095676064491272
-1.09861695766449
-1.10147225856781
-1.104151964187622
-1.106572270393372
-1.108657956123352
-1.110344052314758
-1.111577749252319
-1.112318396568298
-1.112538456916809
-1.112222194671631
-1.111365437507629
-1.109973669052124
-1.108060002326965
-1.105643630027771
-1.102747082710266
-1.099393963813782
-1.095607042312622
-1.091405749320984
-1.086805105209351
-1.08181357383728
-1.076432943344116
-1.07065737247467
-1.064473748207092
-1.057862043380737
-1.050795912742615
-1.043245077133179
-1.035175085067749
-1.026551008224487
-1.017338633537292
-1.007506370544434
-0.9970276951789856
-0.9858821630477905
-0.9740578532218933
-0.9615520238876343
-0.948372483253479
-0.9345380663871765
-0.9200789332389832
-0.905036449432373
-0.8894627690315247
-0.8734200000762939
-0.8569791316986084
-0.8402189612388611
-0.8232244849205017
-0.8060855269432068
-0.7888951897621155
-0.7717487215995789
-0.7547415494918823
-0.7379684448242188
-0.7215220332145691
-0.7054920792579651
-0.689964234828949
-0.6750198006629944
-0.6607347726821899
-0.6471793055534363
-0.6344171762466431
-0.6225054264068604
-0.6114938259124756
-0.6014242768287659
-0.5923306941986084
-0.5842378735542297
-0.5771609544754028
-0.5711051821708679
-0.5660648345947266
-0.5620229244232178
-0.5589503645896912
-0.5568057298660278
-0.5555350780487061
-0.5550718307495117
-0.5553373098373413
-0.556240975856781
-0.5576818585395813
-0.5595496892929077
-0.561726450920105
-0.5640884637832642
-0.5665088891983032
-0.568859875202179
-0.5710156559944153
-0.5728552341461182
-0.5742653608322144
-0.5751433372497559
-0.5753993988037109
-0.5749595165252686
-0.5737671852111816
-0.571785032749176
-0.5689959526062012
-0.5654037594795227
-0.5610331296920776
-0.5559289455413818
-0.550154983997345
-0.5437924861907959
-0.5369377136230469
-0.5296993851661682
-0.5221952199935913
-0.5145489573478699
-0.5068866014480591
-0.4993332028388977
-0.4920088052749634
-0.4850254654884338
-0.4784841239452362
-0.4724717736244202
-0.4670593738555908
-0.4622998833656311
-0.458227276802063
-0.4548557996749878
-0.4521800577640533
-0.4501756727695465
-0.4488001465797424
-0.4479947984218597
-0.4476868510246277
-0.4477918446063995
-0.4482165575027466
-0.448861837387085
-0.4496256411075592
-0.450406402349472
-0.4511058628559113
-0.4516320526599884
-0.4519020020961761
-0.4518437385559082
-0.4513986110687256
-0.4505225718021393
-0.4491873383522034
-0.4473807513713837
-0.4451069533824921
-0.4423859417438507
-0.4392524361610413
-0.4357546865940094
-0.4319523572921753
-0.427914559841156
-0.4237173497676849
-0.4194409251213074
-0.4151668548583984
-0.4109751582145691
-0.4069416522979736
-0.4031353294849396
-0.3996159434318542
-0.3964319825172424
-0.3936191201210022
-0.391199141740799
-0.389179140329361
-0.3875517845153809
-0.3862956464290619
-0.3853761553764343
-0.3847473859786987
-0.3843538165092468
-0.3841328024864197
-0.3840171694755554
-0.3839378356933594
-0.3838267624378204
-0.3836197257041931
-0.3832587599754333
-0.3826944231987
-0.3818877935409546
-0.380811870098114
-0.3794523179531097
-0.3778078854084015
-0.37589031457901
-0.3737233281135559
-0.3713414072990417
-0.3687880337238312
-0.366113543510437
-0.3633727133274078
-0.3606221377849579
-0.3579175472259521
-0.3553115427494049
-0.3528508841991425
-0.3505747318267822
-0.3485129475593567
-0.3466848731040955
-0.3450987935066223
-0.3437518775463104
-0.342630535364151
-0.3417115211486816
-0.3409630954265594
-0.3403469324111938
-0.339820384979248
-0.3393384218215942
-0.3388561308383942
-0.3383306264877319
-0.3377235233783722
-0.3370023369789124
-0.3361421525478363
-0.335126519203186
-0.3339479863643646
-0.3326081931591034
-0.3311174213886261
-0.3294937908649445
-0.3277619481086731
-0.3259517252445221
-0.324096143245697
-0.3222297728061676
-0.3203867375850677
-0.3185988962650299
-0.3168942630290985
-0.3152957260608673
-0.3138199150562286
-0.3124766051769257
-0.3112684190273285
-0.3101909756660461
-0.3092333376407623
-0.3083791732788086
-0.3076074421405792
-0.3068940341472626
-0.3062130510807037
-0.3055386245250702
-0.304845929145813
-0.3041128814220428
-0.3033211231231689
-0.3024569153785706
-0.3015115857124329
-0.3004820644855499
-0.2993705272674561
-0.2981842160224915
-0.2969347536563873
-0.2956371903419495
-0.2943090796470642
-0.2929693162441254
-0.2916368544101715
-0.29032963514328
-0.2890637814998627
-0.28785240650177
-0.2867051064968109
-0.2856276035308838
-0.28462153673172
-0.2836845517158508
-0.2828105390071869
-0.2819904088973999
-0.2812125384807587
-0.2804637551307678
-0.2797300815582275
-0.2789977490901947
-0.2782540321350098
-0.2774879038333893
-0.2766906023025513
-0.2758562564849854
-0.2749819159507751
-0.2740675210952759
-0.2731161415576935
-0.2721332013607025
-0.2711261808872223
-0.2701040506362915
-0.2690766155719757
-0.2680538296699524
-0.2670450806617737
-0.2660586833953857
-0.2651014029979706
-0.264178067445755
-0.2632913887500763
-0.2624417841434479
-0.261627584695816
-0.2608452439308167
-0.2600896060466766
-0.2593543529510498
-0.2586325407028198
-0.2579169869422913
-0.2572008073329926
-0.2564778923988342
-0.2557432651519775
-0.2549932599067688
-0.2542258501052856
-0.2534406185150146
-0.252638578414917
-0.251822292804718
-0.2509953379631042
-0.2501621246337891
-0.2493276000022888
-0.2484967708587646
-0.2476743906736374
-0.2468646168708801
-0.2460707873106003
-0.2452952116727829
-0.2445389926433563
-0.2438022047281265
-0.2430837601423264
-0.2423816472291946
-0.2416930943727493
-0.2410148084163666
-0.2403432577848434
-0.2396749258041382
-0.2390065491199493
-0.2383353412151337
-0.2376591563224792
-0.2369766086339951
-0.2362871766090393
-0.2355910837650299
-0.2348893284797668
-0.2341835349798203
-0.2334757745265961
-0.2327684164047241
-0.2320639044046402
-0.231364518404007
-0.2306723296642303
-0.2299889922142029
-0.2293156683444977
-0.2286529093980789
-0.2280007004737854
-0.227358490228653
-0.2267252951860428
-0.2260997295379639
-0.2254801094532013
-0.2248647511005402
-0.2242519706487656
-0.2236402183771133
-0.2230282425880432
-0.2224151492118835
-0.2218003869056702
-0.2211838364601135
-0.2205657511949539
-0.2199467569589615
-0.2193276882171631
-0.2187096327543259
-0.2180937230587006
-0.2174810320138931
-0.2168726325035095
-0.2162694036960602
-0.2156719118356705
-0.215080514550209
-0.2144952863454819
-0.2139160186052322
-0.2133422642946243
-0.2127733826637268
-0.2122086435556412
-0.2116472572088242
-0.2110883891582489
-0.2105313241481781
-0.2099754512310028
-0.2094203680753708
-0.2088657915592194
-0.2083116918802261
-0.2077581286430359
-0.2072053998708725
-0.2066539376974106
-0.2061042189598083
-0.2055567353963852
-0.2050120234489441
-0.2044705152511597
-0.2039325684309006
-0.2033984214067459
-0.202868178486824
-0.2023418098688126
-0.2018191963434219
-0.2013000994920731
-0.2007842212915421
-0.2002711445093155
-0.1997605413198471
-0.1992520540952682
-0.198745384812355
-0.198240265250206
-0.197736531496048
-0.1972340792417526
-0.1967329680919647
-0.196233257651329
-0.1957351416349411
-0.1952387988567352
-0.1947444677352905
-0.1942523866891861
-0.1937627643346786
-0.1932757347822189
-0.1927914172410965
-0.1923098862171173
-0.1918310970067978
-0.1913550198078156
-0.1908815801143646
-0.1904105842113495
-0.189941868185997
-0.1894752383232117
-0.1890105307102203
-0.1885475963354111
-0.1880863308906555
-0.1876266747713089
-0.1871685832738876
-0.1867120563983917
-0.1862571537494659
-0.1858039349317551
-0.1853525042533875
-0.1849029511213303
-0.1844553798437119
-0.184009850025177
-0.1835664063692093
-0.1831251233816147
-0.182685986161232
-0.1822489500045776
-0.1818140149116516
-0.1813810616731644
-0.1809500753879547
-0.1805209517478943
-0.1800936162471771
-0.1796679943799973
-0.1792440265417099
-0.1788216680288315
-0.1784008741378784
-0.1779816746711731
-0.1775640398263931
-0.1771480292081833
-0.176733672618866
-0.1763209849596024
-0.1759099811315536
-0.1755007058382034
-0.1750931739807129
-0.1746874004602432
-0.1742833852767944
-0.1738811135292053
-0.1734806001186371
-0.1730817705392838
-0.1726845949888229
-0.1722890436649323
-0.1718951016664505
-0.1715027391910553
-0.1711118668317795
-0.170722484588623
-0.1703345775604248
-0.1699481308460236
-0.1695631891489029
-0.1691797226667404
-0.1687977313995361
-0.1684172302484512
-0.1680382639169693
-0.1676608324050903
-0.1672849655151367
-0.1669106036424637
-0.1665377616882324
-0.1661664396524429
-0.1657966077327728
-0.1654282510280609
-0.165061354637146
-0.1646958887577057
-0.1643318384885788
-0.1639691889286041
-0.1636078804731369
-0.1632479727268219
-0.1628894060850143
-0.1625321805477142
-0.1621762961149216
-0.1618217527866364
-0.1614685654640198
-0.1611167043447495
-0.1607661992311478
-0.1604170352220535
-0.1600692123174667
-0.1597227156162262
-0.1593775600194931
-0.1590337008237839
-0.1586911827325821
-0.1583499610424042
-0.1580100506544113
-0.1576714366674423
-0.1573340892791748
-0.1569979935884476
-0.1566631495952606
-0.1563295423984528
-0.155997171998024
-0.1556660085916519
-0.1553360521793365
-0.1550073027610779
-0.1546797752380371
-0.154353454709053
-0.1540283262729645
-0.1537044197320938
-0.1533816903829575
-0.1530601531267166
-0.1527398079633713
-0.1524206399917603
-0.1521026790142059
-0.1517858654260635
-0.1514701843261719
-0.1511556506156921
-0.1508422493934631
-0.1505299657583237
-0.1502188146114349
-0.1499087810516357
-0.1495998650789261
-0.1492920517921448
-0.1489853262901306
-0.1486796885728836
-0.1483751535415649
-0.1480717062950134
-0.1477693468332291
-0.1474680453538895
-0.1471678167581558
-0.1468686610460281
-0.146570548415184
-0.1462734937667847
-0.1459774821996689
-0.1456825137138367
-0.145388588309288
-0.1450957208871841
-0.1448038965463638
-0.1445130854845047
-0.1442232877016068
-0.14393450319767
-0.1436467319726944
-0.1433599591255188
-0.1430741995573044
-0.1427894234657288
-0.1425056457519531
-0.1422228664159775
-0.141941025853157
-0.1416601687669754
-0.1413802802562714
-0.1411013305187225
-0.1408233344554901
-0.1405462920665741
-0.1402702033519745
-0.1399950683116913
-0.1397208869457245
-0.1394476294517517
-0.1391753107309341
-0.1389039009809494
-0.1386334002017975
-0.1383637934923172
-0.1380950957536697
-0.1378272920846939
-0.1375604122877121
-0.1372944116592407
-0.137029305100441
-0.1367650926113129
-0.1365017741918564
-0.1362393200397491
-0.1359777450561523
-0.1357170641422272
-0.1354572772979736
-0.1351983696222305
-0.1349403113126755
-0.1346831023693085
-0.1344267576932907
-0.1341712176799774
-0.133916512131691
-0.1336626410484314
-0.1334096044301987
-0.133157417178154
-0.132906049489975
-0.1326554715633392
-0.132405698299408
-0.1321567445993423
-0.1319085955619812
-0.1316612511873245
-0.1314147114753723
-0.1311689913272858
-0.1309240609407425
-0.1306799352169037
-0.1304365992546082
-0.1301940828561783
-0.1299523413181305
-0.1297114044427872
-0.1294711977243423
-0.1292317509651184
-0.1289930641651154
-0.128755122423172
-0.1285179406404495
-0.1282815188169479
-0.1280458569526672
-0.1278109550476074
-0.1275767832994461
-0.1273433566093445
-0.1271106451749802
-0.1268786787986755
-0.1266474574804306
-0.1264169663190842
-0.1261872053146362
-0.1259581744670868
-0.1257298737764359
-0.1255022883415222
-0.1252754330635071
-0.1250492930412292
-0.1248238682746887
-0.1245991513133049
-0.1243751347064972
-0.1241518035531044
-0.1239291578531265
-0.123707190155983
-0.1234859079122543
-0.12326530367136
-0.1230453699827194
-0.1228261142969131
-0.1226075440645218
-0.1223896443843842
-0.1221723929047585
-0.1219557896256447
-0.1217398345470428
-0.1215245351195335
-0.1213098764419556
-0.1210958510637283
-0.1208824813365936
-0.1206697672605515
-0.1204576939344406
-0.1202462762594223
-0.1200355291366577
-0.1198254302144051
-0.1196159794926643
-0.1194071471691132
-0.1191989630460739
-0.1189913898706436
-0.1187844574451447
-0.1185781434178352
-0.1183724403381348
-0.1181673482060432
-0.1179628819227219
-0.11775903403759
-0.1175557971000671
-0.1173531636595726
-0.1171511337161064
-0.1169497147202492
-0.1167488917708397
-0.116548664867878
-0.1163490191102028
-0.1161499544978142
-0.1159514710307121
-0.115753561258316
-0.1155562251806259
-0.1153594627976418
-0.1151632815599442
-0.1149676814675331
-0.1147726625204086
-0.1145782172679901
-0.1143843308091164
-0.114191010594368
-0.1139982491731644
-0.1138060539960861
-0.1136144250631332
-0.1134233325719833
-0.1132327988743782
-0.1130428314208984
-0.1128534078598022
-0.1126645281910896
-0.11247618496418
-0.1122883781790733
-0.1121011003851891
-0.1119143441319466
-0.1117281168699265
-0.1115424111485481
-0.1113572344183922
-0.1111726015806198
-0.1109884977340698
-0.1108049303293228
-0.1106218919157982
-0.1104393899440765
-0.1102574169635773
-0.1100759506225586
-0.1098949983716011
-0.1097145602107048
-0.1095346286892891
-0.109355203807354
-0.1091762706637383
-0.1089978292584419
-0.1088198721408844
-0.1086423993110657
-0.1084654182195663
-0.1082889288663864
-0.1081129163503647
-0.1079373955726624
-0.10776237398386
-0.1075878515839577
-0.1074138283729553
-0.1072402969002724
-0.1070672422647476
-0.1068946719169617
-0.1067226082086563
-0.1065510213375092
-0.1063799187541008
-0.1062093004584312
-0.1060391589999199
-0.1058694869279861
-0.10570028424263
-0.1055315583944321
-0.1053633019328117
-0.1051955074071884
-0.1050281673669815
-0.1048612743616104
-0.1046948134899139
-0.1045287847518921
-0.1043632030487061
-0.1041980683803558
-0.104033350944519
-0.1038690507411957
-0.1037051901221275
-0.1035417541861534
-0.1033787578344345
-0.1032162010669708
-0.1030540838837624
-0.1028924137353897
-0.1027311980724335
-0.102570429444313
-0.102410115301609
-0.1022502407431602
-0.1020908057689667
-0.1019318103790283
-0.1017732545733452
-0.1016151234507561
-0.101457417011261
-0.1013001203536987
-0.1011432409286499
-0.1009867638349533
-0.1008306816220284
-0.1006750166416168
-0.1005197614431381
-0.1003649085760117
-0.1002104580402374
-0.1000564023852348
-0.09990274906158447
-0.09974949806928635
-0.09959664940834045
-0.0994442030787468
-0.09929215162992477
-0.09914050251245499
-0.09898924082517624
-0.09883838891983032
-0.09868792444467545
-0.09853785485029221
-0.0983881875872612
-0.09823891520500183
-0.09809002280235291
-0.09794152528047562
-0.09779342263936996
-0.09764569997787476
-0.0974983423948288
-0.09735135734081268
-0.09720475226640701
-0.09705851227045059
-0.09691264480352402
-0.09676714986562729
-0.09662202745676041
-0.09647727012634277
-0.09633290022611618
-0.09618890285491943
-0.09604528546333313
-0.09590203315019608
-0.09575915336608887
-0.09561663866043091
-0.0954744964838028
-0.09533272683620453
-0.09519131481647491
-0.09505026042461395
-0.09490956366062164
-0.09476921707391739
-0.09462922066450119
-0.09448956698179245
-0.09435025602579117
-0.09421130269765854
-0.09407268464565277
-0.09393440932035446
-0.09379647672176361
-0.09365889430046082
-0.09352166205644608
-0.09338477253913879
-0.09324822574853897
-0.09311202168464661
-0.0929761603474617
-0.09284064918756485
-0.09270549565553665
-0.09257069230079651
-0.09243622422218323
-0.09230209141969681
-0.09216828644275665
-0.09203480929136276
-0.09190165996551514
-0.09176883101463318
-0.09163632243871689
-0.09150412678718567
-0.09137224406003952
-0.09124067425727844
-0.09110941737890244
-0.0909784659743309
-0.09084783494472504
-0.09071751683950424
-0.09058753401041031
-0.09045787900686264
-0.09032853692770004
-0.09019952267408371
-0.09007082879543304
-0.08994244784116745
-0.08981436491012573
-0.08968659490346909
-0.0895591527223587
-0.0894320085644722
-0.08930518478155136
-0.08917867392301559
-0.0890524610877037
-0.08892656117677689
-0.08880096673965454
-0.08867567777633667
-0.08855068683624268
-0.08842599391937256
-0.08830159902572632
-0.08817750215530396
-0.08805370330810547
-0.08793020993471146
-0.08780699968338013
-0.08768408000469208
-0.08756145089864731
-0.08743911236524582
-0.08731706440448761
-0.08719530701637268
-0.08707383275032043
-0.08695264160633087
-0.08683172613382339
-0.0867110937833786
-0.08659075200557709
-0.08647070825099945
-0.0863509476184845
-0.08623147010803223
-0.08611229062080383
-0.08599339425563812
-0.0858747810125351
-0.08575645089149475
-0.08563839644193649
-0.08552062511444092
-0.08540312945842743
-0.08528590947389603
-0.08516894280910492
-0.0850522592663765
-0.08493582904338837
-0.08481967449188232
-0.08470378071069717
-0.08458814769983292
-0.08447279036045074
-0.08435770124197006
-0.08424288034439087
-0.08412833511829376
-0.08401404321193695
-0.08390001207590103
-0.0837862566113472
-0.08367275446653366
-0.08355951309204102
-0.08344655483961105
-0.08333384245634079
-0.08322139084339142
-0.08310920000076294
-0.08299726992845535
-0.08288559317588806
-0.08277416974306107
-0.08266299217939377
-0.08255206048488617
-0.08244138956069946
-0.08233097195625305
-0.08222080022096634
-0.08211088180541992
-0.0820012167096138
-0.08189180493354797
-0.08178263902664185
-0.08167372643947601
-0.08156506717205048
-0.08145665377378464
-0.08134850114583969
-0.08124059438705444
-0.08113293349742889
-0.08102551102638245
-0.0809183195233345
-0.08081135898828506
-0.08070463687181473
-0.0805981308221817
-0.08049185574054718
-0.08038581162691116
-0.08028002083301544
-0.08017445355653763
-0.08006913214921951
-0.07996403425931931
-0.0798591822385788
-0.07975457608699799
-0.07965021580457687
-0.07954609394073486
-0.07944220304489136
-0.07933855056762695
-0.07923511415719986
-0.07913190871477127
-0.07902892678976059
-0.07892618328332901
-0.07882367074489594
-0.07872138172388077
-0.07861930876970291
-0.07851744443178177
-0.07841581106185913
-0.0783143937587738
-0.07821321487426758
-0.07811224460601807
-0.07801149040460587
-0.07791095972061157
-0.07781064510345459
-0.07771054655313492
-0.07761066406965256
-0.07751099765300751
-0.07741154730319977
-0.07731232792139053
-0.07721332460641861
-0.07711454480886459
-0.07701597362756729
-0.0769176185131073
-0.07681947201490402
-0.07672154158353806
-0.0766238197684288
-0.07652629166841507
-0.07642897218465805
-0.07633186131715775
-0.07623495906591415
-0.07613826543092728
-0.07604178041219711
-0.07594551146030426
-0.07584944367408752
-0.0757535845041275
-0.075657919049263
-0.07556246966123581
-0.07546722888946533
-0.07537218928337097
-0.07527734339237213
-0.07518268376588821
-0.07508823275566101
-0.07499397546052933
-0.07489991933107376
-0.07480606436729431
-0.07471241801977158
-0.07461896538734436
-0.07452572137117386
-0.07443266361951828
-0.07433980703353882
-0.07424715906381607
-0.07415470480918884
-0.07406243681907654
-0.07397036254405975
-0.07387848198413849
-0.07378678023815155
-0.07369526475667953
-0.07360393553972244
-0.07351280003786087
-0.07342185825109482
-0.07333109527826309
-0.07324051856994629
-0.0731501430273056
-0.07305995374917984
-0.072969950735569
-0.07288014143705368
-0.07279051095247269
-0.07270105183124542
-0.07261175662279129
-0.07252264767885208
-0.0724337100982666
-0.07234494388103485
-0.07225634157657623
-0.07216790318489075
-0.07207963615655899
-0.07199153304100037
-0.07190360128879547
-0.07181583344936371
-0.07172822952270508
-0.07164078205823898
-0.07155351340770721
-0.07146640121936798
-0.07137945294380188
-0.07129267603158951
-0.07120605558156967
-0.07111959904432297
-0.0710332989692688
-0.07094717025756836
-0.07086120545864105
-0.07077538967132568
-0.07068974524736404
-0.07060424238443375
-0.07051891833543777
-0.07043373584747314
-0.07034871727228165
-0.07026384025812149
-0.07017911970615387
-0.07009454816579819
-0.07001011073589325
-0.06992582976818085
-0.06984169036149979
-0.06975769251585007
-0.06967385113239288
-0.06959015876054764
-0.06950660794973373
-0.06942319124937057
-0.06933993846178055
-0.06925682723522186
-0.06917386502027512
-0.06909104436635971
-0.06900837272405624
-0.06892584264278412
-0.06884344667196274
-0.0687611848115921
-0.06867905706167221
-0.06859707087278366
-0.06851521879434586
-0.0684334859251976
-0.06835187971591949
-0.06827040761709213
-0.06818907707929611
-0.06810788065195084
-0.0680268183350563
-0.06794589757919312
-0.06786511093378067
-0.06778445839881897
-0.06770393997430801
-0.067623570561409
-0.06754333525896072
-0.06746324896812439
-0.06738331913948059
-0.06730353087186813
-0.06722389161586761
-0.06714442372322083
-0.06706511229276657
-0.06698597967624664
-0.06690702587366104
-0.06682825833559036
-0.06674966961145401
-0.06667126715183258
-0.06659306585788727
-0.06651506572961807
-0.06643728911876678
-0.066359743475914
-0.06628242880105972
-0.06620536744594574
-0.06612855941057205
-0.06605201959609985
-0.06597574800252914
-0.06589977443218231
-0.06582409143447876
-0.06574870645999908
-0.06567361950874329
-0.06559887528419495
-0.06552445143461227
-0.06545037031173706
-0.06537660956382751
-0.06530318409204483
-0.0652301013469696
-0.06515735387802124
-0.06508495658636093
-0.06501290202140808
-0.06494119763374329
-0.06486981362104416
-0.0647987499833107
-0.06472798436880112
-0.06465750932693481
-0.0645872950553894
-0.06451732665300369
-0.06444759666919708
-0.06437806785106659
-0.06430871039628983
-0.0642395094037056
-0.06417042762041092
-0.064101442694664
-0.06403252482414246
-0.06396365165710449
-0.06389480829238892
-0.06382596492767334
-0.06375710666179657
-0.06368818879127502
-0.0636192113161087
-0.06355016678571701
-0.06348100304603577
-0.06341172754764557
-0.06334231793880463
-0.06327276676893234
-0.06320308148860931
-0.06313327699899673
-0.0630633607506752
-0.06299333274364471
-0.06292322278022766
-0.06285305321216583
-0.06278283894062042
-0.06271262466907501
-0.06264244765043259
-0.06257233768701553
-0.06250232458114624
-0.06243246048688889
-0.06236278265714645
-0.06229333952069283
-0.06222416087985039
-0.06215528026223183
-0.06208674237132072
-0.06201858446002007
-0.06195083260536194
-0.06188351660966873
-0.06181665882468224
-0.06175028160214424
-0.06168439984321594
-0.06161900609731674
-0.06155410408973694
-0.06148967519402504
-0.06142570078372955
-0.06136214360594749
-0.06129897758364677
-0.06123615428805351
-0.06117361783981323
-0.06111131608486176
-0.06104917824268341
-0.06098714098334312
-0.06092514470219612
-0.06086311116814613
-0.06080096215009689
-0.06073861941695213
-0.06067601218819618
-0.06061306968331337
-0.06054971739649773
-0.06048587709665298
-0.06042148917913437
-0.0603564940392971
-0.06029083207249641
-0.06022446602582932
-0.06015735492110252
-0.06008948013186455
-0.06002082303166389
-0.05995137989521027
-0.05988115444779396
-0.05981016904115677
-0.05973844975233078
-0.05966601893305779
-0.05959293246269226
-0.05951923504471779
-0.05944499000906944
-0.0593702644109726
-0.05929512903094292
-0.05921966210007668
-0.05914394930005074
-0.05906806141138077
-0.05899208784103394
-0.0589161142706871
-0.05884021893143654
-0.05876448750495911
-0.05868899822235107
-0.05861382186412811
-0.05853904783725739
-0.05846473574638367
-0.05839095637202263
-0.05831777304410934
-0.05824523791670799
-0.05817340686917305
-0.0581023283302784
-0.05803204327821732
-0.0579625703394413
-0.05789394676685333
-0.05782619118690491
-0.05775932595133781
-0.05769336223602295
-0.05762831121683121
-0.05756418034434319
-0.05750096216797829
-0.05743864923715591
-0.05737724155187607
-0.05731671676039696
-0.05725705251097679
-0.05719822272658348
-0.05714020505547523
-0.05708296224474907
-0.057026457041502
-0.05697064474225044
-0.05691548436880112
-0.05686092004179955
-0.05680689215660095
-0.05675334110856056
-0.0567001961171627
-0.05664738267660141
-0.05659481883049011
-0.05654243007302284
-0.05649013817310333
-0.05643785372376442
-0.05638548731803894
-0.05633296072483063
-0.05628019198775291
-0.05622709169983864
-0.05617358535528183
-0.05611959844827652
-0.05606507882475853
-0.05600996315479279
-0.0559542141854763
-0.0558977946639061
-0.05584069713950157
-0.05578291416168213
-0.05572445690631866
-0.05566535517573357
-0.05560566112399101
-0.05554541200399399
-0.05548468604683876
-0.055423554033041
-0.05536210164427757
-0.05530043318867683
-0.05523865297436714
-0.05517686530947685
-0.05511519312858582
-0.05505375191569328
-0.05499265715479851
-0.05493202432990074
-0.05487195774912834
-0.05481255427002907
-0.05475390702486038
-0.05469608306884766
-0.05463914573192596
-0.05458314344286919
-0.05452809855341911
-0.05447400733828545
-0.05442086607217789
-0.05436864495277405
-0.05431729555130005
-0.05426674708724022
-0.05421692878007889
-0.054167740046978
-0.05411908030509949
-0.05407082661986351
-0.05402286350727081
-0.05397506430745125
-0.05392730608582497
-0.05387946590781212
-0.05383143201470375
-0.05378309264779091
-0.05373434722423553
-0.05368512496352196
-0.0536353588104248
-0.0535849966108799
-0.05353401973843575
-0.05348241329193115
-0.05343018844723701
-0.05337737500667572
-0.05332402884960175
-0.05327020958065987
-0.05321599915623665
-0.05316147580742836
-0.05310674756765366
-0.0530519112944603
-0.05299708619713783
-0.05294237285852432
-0.05288788676261902
-0.05283372849225998
-0.05277999490499496
-0.05272676795721054
-0.05267411842942238
-0.05262210592627525
-0.05257076397538185
-0.05252011865377426
-0.05247018113732338
-0.05242094025015831
-0.05237236618995667
-0.05232441425323486
-0.05227703228592873
-0.05223014950752258
-0.05218369141221046
-0.05213756486773491
-0.05209168046712875
-0.05204595252871513
-0.05200028419494629
-0.05195458233356476
-0.05190875753760338
-0.05186273902654648
-0.05181645974516869
-0.05176987498998642
-0.05172294750809669
-0.05167564749717712
-0.05162797495722771
-0.05157992988824844
-0.05153153464198112
-0.05148283019661903
-0.05143386125564575
-0.05138469114899635
-0.05133539065718651
-0.05128601938486099
-0.05123666673898697
-0.05118741095066071
-0.05113831907510757
-0.05108946561813354
-0.05104091390967369
-0.05099271610379219
-0.05094491690397263
-0.05089754983782768
-0.05085062980651855
-0.05080416053533554
-0.05075813829898834
-0.05071255192160606
-0.05066736787557602
-0.05062254890799522
-0.05057805404067039
-0.05053382366895676
-0.05048980191349983
-0.05044593662023544
-0.05040215700864792
-0.05035841092467308
-0.05031464248895645
-0.05027079954743385
-0.0502268522977829
-0.05018275603652
-0.05013849586248398
-0.05009406432509422
-0.05004945397377014
-0.05000466480851173
-0.04995972290635109
-0.0499146468937397
-0.04986946284770966
-0.04982421919703484
-0.04977895319461823
-0.049733716994524
-0.04968854784965515
-0.04964349418878555
-0.04959859699010849
-0.04955390095710754
-0.0495094321668148
-0.04946522787213326
-0.04942129552364349
-0.04937765374779701
-0.04933429136872292
-0.04929120466113091
-0.04924838989973068
-0.04920581728219986
-0.04916346818208694
-0.04912130907177925
-0.04907930269837379
-0.04903742671012878
-0.04899563640356064
-0.04895390197634697
-0.04891218617558479
-0.04887047410011292
-0.04882873222231865
-0.0487869419157505
-0.04874509200453758
-0.04870317876338959
-0.04866119474172592
-0.04861915856599808
-0.04857706651091576
-0.04853494465351105
-0.04849280789494514
-0.04845067486166954
-0.04840857535600662
-0.04836653545498848
-0.0483245737850666
-0.04828272387385368
-0.04824100062251091
-0.04819942638278008
-0.04815802350640297
-0.04811679944396019
-0.04807575047016144
-0.04803488403558731
-0.04799418896436691
-0.04795365780591965
-0.04791328683495522
-0.04787304252386093
-0.047832902520895
-0.04779285192489624
-0.04775286465883255
-0.04771290719509125
-0.04767296463251114
-0.04763301089406013
-0.04759303107857704
-0.04755300283432007
-0.04751291498541832
-0.0474727526307106
-0.04743251204490662
-0.04739218577742577
-0.04735177382826805
-0.04731127619743347
-0.04727069288492203
-0.04723002389073372
-0.04718927666544914
-0.0471484512090683
-0.04710755497217178
-0.0470665767788887
-0.04702551662921906
-0.04698435962200165
-0.04694309830665588
-0.04690171778202057
-0.04686019569635391
-0.04681849479675293
-0.04677659645676613
-0.04673445969820023
-0.04669205099344254
-0.04664932191371918
-0.04660623893141747
-0.04656275734305382
-0.04651883244514465
-0.04647441953420639
-0.04642947763204575
-0.04638396948575974
-0.04633785411715508
-0.04629109799861908
-0.04624367132782936
-0.04619553685188293
-0.04614667221903801
-0.0460970476269722
-0.04604664444923401
-0.04599544033408165
-0.04594343155622482
-0.04589059576392174
-0.0458369255065918
-0.0457824282348156
-0.04572710022330284
-0.04567094147205353
-0.04561395570635796
-0.04555616155266762
-0.04549757391214371
-0.04543821513652802
-0.04537810385227203
-0.04531726986169815
-0.04525575414299965
-0.04519359022378922
-0.04513084143400192
-0.04506755992770195
-0.04500380903482437
-0.04493967071175575
-0.04487522691488266
-0.04481057077646255
-0.0447457954287529
-0.04468101635575294
-0.04461634904146194
-0.04455190524458885
-0.04448780789971352
-0.04442417994141579
-0.04436114430427551
-0.04429882764816284
-0.04423734545707703
-0.04417681321501732
-0.04411734268069267
-0.04405902698636055
-0.04400196298956871
-0.04394622147083282
-0.04389186948537827
-0.0438389740884304
-0.04378757253289223
-0.04373768344521523
-0.04368931800127029
-0.04364246502518654
-0.04359710589051247
-0.0435531884431839
-0.04351065680384636
-0.04346942529082298
-0.04342940077185631
-0.04339047521352768
-0.04335252940654755
-0.04331541806459427
-0.0432790070772171
-0.04324313998222351
-0.04320765286684036
-0.04317238554358482
-0.04313717409968376
-0.04310185462236404
-0.04306627437472343
-0.0430302806198597
-0.04299372807145119
-0.04295649379491806
-0.04291846230626106
-0.04287953302264214
-0.04283962771296501
-0.04279867932200432
-0.04275666177272797
-0.04271355271339417
-0.04266937077045441
-0.04262414947152138
-0.04257793352007866
-0.04253081232309341
-0.04248287156224251
-0.04243423417210579
-0.0423850305378437
-0.04233541712164879
-0.04228553175926208
-0.04223554208874702
-0.04218561202287674
-0.04213590547442436
-0.04208657145500183
-0.04203775525093079
-0.04198959469795227
-0.04194220900535583
-0.04189569503068924
-0.04185013100504875
-0.04180556535720825
-0.04176203534007072
-0.04171953722834587
-0.0416780449450016
-0.04163751751184464
-0.0415978841483593
-0.04155905917286873
-0.04152093082666397
-0.04148336872458458
-0.04144624248147011
-0.04140941798686981
-0.04137273505330086
-0.0413360558450222
-0.0412992388010025
-0.04126215353608131
-0.04122467711567879
-0.04118670895695686
-0.04114816710352898
-0.04110899195075035
-0.04106913506984711
-0.04102858155965805
-0.04098733887076378
-0.04094543308019638
-0.04090291261672974
-0.04085984453558922
-0.04081630706787109
-0.04077241197228432
-0.04072827100753784
-0.04068399220705032
-0.04063970223069191
-0.04059552773833275
-0.04055157676339149
-0.0405079573392868
-0.04046477377414703
-0.04042209684848785
-0.04037998244166374
-0.04033849015831947
-0.04029764235019684
-0.04025744646787643
-0.04021789878606796
-0.04017898067831993
-0.04014064371585846
-0.04010284319519997
-0.04006551578640938
-0.04002859815955162
-0.03999202698469162
-0.039955735206604
-0.039919663220644
-0.03988376259803772
-0.03984799236059189
-0.03981233388185501
-0.03977678343653679
-0.03974135592579842
-0.03970607742667198
-0.03967099264264107
-0.03963615000247955
-0.0396016351878643
-0.03956752642989159
-0.03953392058610916
-0.03950091823935509
-0.03946860134601593
-0.03943706303834915
-0.03940637409687042
-0.03937659785151482
-0.03934778645634651
-0.0393199622631073
-0.03929312899708748
-0.03926726803183556
-0.03924233093857765
-0.03921825811266899
-0.03919495642185211
-0.03917231783270836
-0.03915021568536758
-0.03912850096821785
-0.03910702094435692
-0.03908560425043106
-0.03906409069895744
-0.03904230892658234
-0.03902008756995201
-0.03899727016687393
-0.03897371888160706
-0.03894929960370064
-0.03892390802502632
-0.03889744356274605
-0.03886985033750534
-0.03884107619524002
-0.0388110987842083
-0.03877991437911987
-0.03874754160642624
-0.03871401399374008
-0.03867937996983528
-0.03864371031522751
-0.03860708326101303
-0.03856958821415901
-0.03853131830692291
-0.03849236667156219
-0.03845284879207611
-0.03841285407543182
-0.03837250173091888
-0.03833188489079475
-0.03829111158847809
-0.03825028985738754
-0.03820952400565147
-0.03816889971494675
-0.03812851756811142
-0.03808848187327385
-0.0380488783121109
-0.03800979629158974
-0.03797134384512901
-0.0379336029291153
-0.03789666667580605
-0.03786062821745872
-0.0378255620598793
-0.03779155388474464
-0.03775867819786072
-0.037726990878582
-0.03769654035568237
-0.03766737505793571
-0.03763952106237411
-0.03761298954486847
-0.03758776932954788
-0.03756385296583176
-0.03754119575023651
-0.03751974552869797
-0.03749944269657135
-0.03748021274805069
-0.03746197000145912
-0.03744461759924889
-0.03742807358503342
-0.03741222992539406
-0.03739700093865395
-0.03738229721784592
-0.0373680405318737
-0.03735415264964104
-0.03734058886766434
-0.03732730820775032
-0.0373142808675766
-0.03730149194598198
-0.03728894889354706
-0.03727667778730392
-0.03726470097899437
-0.03725306689739227
-0.03724182397127151
-0.03723103925585747
-0.03722077608108521
-0.0372111015021801
-0.03720207884907722
-0.03719377890229225
-0.03718625381588936
-0.03717955201864243
-0.03717370703816414
-0.03716873750090599
-0.03716464340686798
-0.03716140985488892
-0.03715901076793671
-0.03715739399194717
-0.03715648874640465
-0.03715621307492256
-0.03715645894408226
-0.03715710341930389
-0.03715801239013672
-0.0371590256690979
-0.0371599867939949
-0.03716070204973221
-0.03716099634766579
-0.03716068342328072
-0.03715956956148148
-0.03715746849775314
-0.03715419769287109
-0.037149578332901
-0.03714345023036003
-0.03713567182421684
-0.03712610527873039
-0.03711466491222382
-0.03710126876831055
-0.03708586469292641
-0.0370684489607811
-0.03704902902245522
-0.03702765703201294
-0.03700440749526024
-0.03697941079735756
-0.03695281222462654
-0.03692479059100151
-0.03689556941390038
-0.03686537593603134
-0.0368344709277153
-0.03680312260985374
-0.03677161410450935
-0.03674023225903511
-0.0367092490196228
-0.03667893633246422
-0.03664954751729965
-0.03662131726741791
-0.03659443929791451
-0.03656908497214317
-0.03654538094997406
-0.03652341291308403
-0.03650323301553726
-0.03648484125733376
-0.03646819666028023
-0.03645320981740952
-0.03643974289298058
-0.03642762824892998
-0.0364166647195816
-0.03640661388635635
-0.03639722242951393
-0.03638822212815285
-0.03637932986021042
-0.03637026622891426
-0.03636075928807259
-0.0363505594432354
-0.03633942455053329
-0.03632715344429016
-0.03631357103586197
-0.03629854321479797
-0.03628198802471161
-0.0362638533115387
-0.03624414652585983
-0.0362229086458683
-0.03620023280382156
-0.03617625683546066
-0.03615114092826843
-0.03612508252263069
-0.03609830886125565
-0.0360710471868515
-0.03604355081915855
-0.0360160693526268
-0.03598884120583534
-0.03596209734678268
-0.03593604266643524
-0.03591085225343704
-0.03588666394352913
-0.03586358577013016
-0.0358416847884655
-0.03582098335027695
-0.03580144792795181
-0.03578301519155502
-0.03576557710766792
-0.03574899211525917
-0.03573308140039444
-0.03571764752268791
-0.03570247069001198
-0.03568732738494873
-0.03567197918891907
-0.03565621003508568
-0.03563980758190155
-0.03562258556485176
-0.03560438379645348
-0.03558507189154625
-0.03556455299258232
-0.03554278612136841
-0.03551974147558212
-0.03549546003341675
-0.03546998649835587
-0.03544341400265694
-0.03541586548089981
-0.03538747504353523
-0.03535840287804604
-0.03532881289720535
-0.03529886528849602
-0.03526870906352997
-0.03523848205804825
-0.03520829603075981
-0.03517824411392212
-0.03514838218688965
-0.03511874005198479
-0.03508929908275604
-0.03506001830101013
-0.03503082320094109
-0.03500160574913025
-0.03497223183512688
-0.03494256362318993
-0.03491243347525597
-0.03488168120384216
-0.03485014289617538
-0.03481768071651459
-0.03478414937853813
-0.03474944829940796
-0.0347134917974472
-0.03467623516917229
-0.03463765606284142
-0.03459777310490608
-0.03455664217472076
-0.03451434522867203
-0.03447099402546883
-0.0344267264008522
-0.03438169881701469
-0.03433608263731003
-0.03429005295038223
-0.03424379602074623
-0.03419747576117516
-0.03415126726031303
-0.0341053269803524
-0.03405977785587311
-0.03401473164558411
-0.03397028520703316
-0.03392651677131653
-0.0338834635913372
-0.03384115546941757
-0.03379961103200912
-0.03375882655382156
-0.03371879458427429
-0.03367950767278671
-0.03364094346761703
-0.03360310196876526
-0.03356597572565079
-0.03352956101298332
-0.03349387273192406
-0.03345894068479538
-0.03342479094862938
-0.03339146822690964
-0.03335902094841003
-0.03332750126719475
-0.03329695388674736
-0.03326742723584175
-0.03323895111680031
-0.03321154788136482
-0.03318521752953529
-0.03315996006131172
-0.03313573077321053
-0.03311247006058693
-0.03309009224176407
-0.03306848928332329
-0.03304754197597504
-0.03302710503339767
-0.03300702199339867
-0.03298712894320488
-0.03296725079417229
-0.03294721990823746
-0.03292687237262726
-0.03290605545043945
-0.03288464248180389
-0.03286251053214073
-0.03283955529332161
-0.03281571343541145
-0.03279093652963638
-0.03276519849896431
-0.03273850679397583
-0.03271088749170303
-0.0326823927462101
-0.0326530858874321
-0.0326230488717556
-0.03259237483143806
-0.03256115689873695
-0.03252951428294182
-0.03249756246805191
-0.03246540576219559
-0.0324331521987915
-0.03240091353654861
-0.03236879408359528
-0.03233689069747925
-0.0323052890598774
-0.03227407112717628
-0.03224331885576248
-0.03221308812499046
-0.0321834422647953
-0.03215442970395088
-0.03212608397006989
-0.0320984311401844
-0.03207148611545563
-0.03204525634646416
-0.03201973438262939
-0.03199490159749985
-0.03197072073817253
-0.03194715082645416
-0.03192412480711937
-0.03190158307552338
-0.03187943994998932
-0.03185759857296944
-0.03183596581220627
-0.03181443735957146
-0.03179290145635605
-0.03177124634385109
-0.03174937516450882
-0.03172719106078148
-0.0317046083509922
-0.03168155997991562
-0.03165798261761665
-0.03163383901119232
-0.03160911425948143
-0.03158381208777428
-0.03155794367194176
-0.03153155744075775
-0.03150470182299614
-0.03147744759917259
-0.03144987672567368
-0.03142207860946655
-0.03139415755867958
-0.03136621043086052
-0.03133833035826683
-0.03131061419844627
-0.03128315880894661
-0.03125603497028351
-0.03122930787503719
-0.03120302781462669
-0.03117723390460014
-0.03115195035934448
-0.03112718276679516
-0.03110292181372643
-0.03107914514839649
-0.03105581551790237
-0.03103288263082504
-0.03101029060781002
-0.03098797611892223
-0.03096586465835571
-0.03094388730823994
-0.03092197142541409
-0.03090004250407219
-0.03087803162634373
-0.03085587918758392
-0.03083353117108345
-0.03081093728542328
-0.03078806772828102
-0.03076490014791489
-0.03074141778051853
-0.03071762062609196
-0.03069352358579636
-0.03066914714872837
-0.03064452856779099
-0.03061970882117748
-0.03059474006295204
-0.03056967444717884
-0.03054457902908325
-0.03051951341331005
-0.03049454279243946
-0.03046972490847111
-0.03044511564075947
-0.03042075969278812
-0.03039669804275036
-0.03037296049296856
-0.03034956939518452
-0.03032653033733368
-0.0303038451820612
-0.03028149716556072
-0.03025946207344532
-0.03023771196603775
-0.03021620772778988
-0.03019490651786327
