0
0
0
0
0
0
0
0
0
0
0
0
0
0
0
0
0
0
0
0
0
0
0
0
0
0
0
0
0
0
0
0
0
0
0
0
0
0
0
0
0
0
0
0
0
0
0
0
0
0
0
0
0
0
0
0
0
0
0
0
0
0
0
0
0
0
0
0
0
0
0
0
0
0
0
0
0
0
0
0
0
0
0
0
0
0
0
0
0
0
0
0
0
0
0
0
0
0
0
0
0
0
0
0
0
0
0
0
0
0
0
0
0
0
0
0
0
0
0
0
0
0
0
0
0
0
0
0
0
0
0
0
0
0
0
0
0
0
0
0
0
0
0
0
0
0
0
0
0
0
0
0
0
0
0
0
0
0
0
0
0
0
0
0
0
0
0
0
0
0
0
0
0
0
0
0
0
0
0
0
0
0
0
0
0
0
0
0
0
0
0
0
0
0
0
0
0
0
0
0
0
0
0
0
0
0
0
0
0
0
0
0
0
0
0
0
0
0
0
0
0
0
0
0
0
0
0
0
0
0
0
0
0
0
0
0
0
0
0
0
0
0
0
0
0
0
0
0
0
0
0
0
0
0
0
0
0
0
0
0
0
0
0
0
0
0
0
0
0
0
0
0
0
0
0
0
0
0
0
0
0
0
0
0
0
0
0
0
0
0
0
0
0
0
0
0
0
0
0
0
0
0
0
0
0
0
0
0
0
0
0
0
0
0
0
0
0
0
0
0
0
0
0
0
0
0
0
0
0
0
0
0
0
0
0
0
0
0
0
0
0
0
0
0
0
0
0
0
0
0
0
0
0
0
0
0
0
0
0
0
0
0
0
0
0
0
0
0
0
0
0
0
0
0
0
0
0
0
0
0
0
0
0
0
0
0
0
0
0
0
0
0
0
0
0
0
0
0
0
0
0
0
0
0
0
0
0
0
0
0
0
0
0
0
0
0
0
0
0
0
0
0
0
0
0
0
0
0
0
0
0
0
0
0
0
0
0
0
0
0
0
0
0
0
0
0
0
0
0
0
0
0
0
0
0
0
0
0
0
0
0
0
0
0
0
0
0
0
0
0
0
0
0
0
0
0
0
0
0
0
0
0
0
0
0
0
0
0
0
0
0
0
0
0
0
0
0
0
0
0
0
0
0
0
0
0
0
0
0
0
0
0
0
0
0
0
0
0
0
0
0
0
0
0
0
0
0
0
0
0
0
0
0
0
0
0
0
0
0
0
0
0
0
0
0
0
0
0
0
0
0
0
0
0
0
0
0
0
0
0
0
0
0
0
0
0
0
0
0
0
0
0
0
0
0
0
0
0
0
0
0
0
0
0
0
0
0
0
0
0
0
0
0
0
0
0
0
0
0
0
0
0
0
0
0
0
0
0
0
0
0
0
0
0
0
0
0
0
0
0
0
0
0
0
0
0
0
0
0
0
0
0
0
0
0
0
0
0
0
0
0
0
0
0
0
0
0
0
0
0
0
0
0
0
0
0
0
0
0
0
0
0
0
0
0
0
0
0
0
0
0
0
0
0
0
0
0
0
0
0
0
0
0
0
0
0
0
0
0
0
0
0
0
0
0
0
0
0
0
0
0
0
0
0
0
0
0
0
0
0
0
0
0
0
0
0
0
0
0
0
0
0
0
0
0
0
0
0
0
0
0
0
0
0
0
0
0
0
0
0
0
0
0
0
0
0
0
0
0
0
0
0
0
0
0
0
0
0
0
0
0
0
0
0
0
0
0
0
0
0
0
0
0
0
0
0
0
0
0
0
0
0
0
0
0
0
0
0
0
0
0
0
0
0
0
0
0
0
0
0
0
0
0
0
0
0
0
0
0
0
0
0
0
0
0
0
0
0
0
0
0
0
0
0
0
0
0
0
0
0
0
0
0
0
0
0
0
0
0
0
0
0
0
0
0
0
0
0
0
0
0
0
0
0
0
0
0
0
0
0
0
0
0
0
0
0
0
0
0
0
0
0
0
0
0
0
0
0
0
0
0
0
0
0
0
0
0
0
0
0
0
0
0
0
0
0
0
0
0
0
0
0
0
0
0
0
0
0
0
0
0
0
0
0
0
0
0
0
0
0
0
0
0
0
0
0
0
0
0
0
0
0
0
0
0
0
0
0
0
0
0
0
0
0
0
0
0
0
0
0
0
0
0
0
0
0
0
0
0
0
0
0
0
0
0
0
0
0
0
0
0
0
0
0
0
0
0
0
0
0
0
0
0
0
0
0
0
0
0
0
0
0
0
0
0
0
0
0
0
0
0
0
0
0
0
0
0
0
0
0
0
0
0
0
0
0
0
0
0
0
0
0
0
0
0
0
0
0
0
0
0
0
0
0
0
0
0
0
0
0
0
0
0
0
0
0
0
0
0
0
0
0
0
0
0
0
0
0
0
0
0
0
0
0
0
0
0
0
0
0
0
0
0
0
0
0
0
0
0
0
0
0
0
0
0
0
0
0
0
0
0
0
0
0
0
0
0
0
0
0
0
0
0
0
0
0
0
0
0
0
0
0
0
0
0
0
0
0
0
0
0
0
0
0
0
0
0
0
0
0
0
0
0
0
0
0
0
0
0
0
0
0
0
0
0
0
0
0
0
0
0
0
0
0
0
0
0
0
0
0
0
0
0
0
0
0
0
0
0
0
0
0
0
0
0
0
0
0
0
0
0
0
0
0
0
0
0
0
0
0
0
0
0
0
0
0
0
0
0
0
0
0
0
2.802596928649634e-45
1.68155815718978e-44
5.605193857299268e-44
1.331233541108576e-43
2.802596928649634e-43
5.675258780515509e-43
1.104223189887956e-42
2.1061515918802e-42
4.002108414111678e-42
7.540387036531841e-42
1.41727326681812e-41
2.656021109281258e-41
4.96325903079207e-41
9.248009345158063e-41
1.718608488586529e-40
3.185347591195315e-40
5.8889427833404e-40
1.085995099464019e-39
1.99775274787389e-39
3.665889268372367e-39
6.710361522352179e-39
1.225307428372413e-38
2.231931861778303e-38
4.055623161685164e-38
7.351546934440657e-38
1.329375755656513e-37
2.398104167546998e-37
4.315619910600175e-37
7.747769792526233e-37
1.387624481806058e-36
2.479318404285569e-36
4.419378416399006e-36
7.85890365724405e-36
1.394241049938038e-35
2.467699276866586e-35
4.357408038831038e-35
7.676250747498756e-35
1.349143335442548e-34
2.365692712523171e-34
4.138594644186202e-34
7.223455030131189e-34
1.257875198979821e-33
2.185414261188509e-33
3.7882318489324e-33
6.551622907095804e-33
1.130508475889906e-32
1.946319628586218e-32
3.343281670144034e-32
5.729979539177888e-32
9.798447184231207e-32
1.671815689856702e-31
2.846094697069674e-31
4.834402014084424e-31
8.193538869581784e-31
1.385601364732331e-30
2.338006918192286e-30
3.936376239886729e-30
6.612921957613007e-30
1.108508250407346e-29
1.854110662591544e-29
3.094469280697855e-29
5.153390706276106e-29
8.563648701424059e-29
1.419992360968462e-28
2.34950838374107e-28
3.879129130857051e-28
6.390873519770927e-28
1.050648036626199e-27
1.723565744375664e-27
2.821462138845029e-27
4.608915601707884e-27
7.512833157040947e-27
1.222057092049726e-26
1.983646367035028e-26
3.213099800443179e-26
5.193660519558508e-26
8.377503133030511e-26
1.348495224900484e-25
2.166108014705022e-25
3.472232904088504e-25
5.554407597592208e-25
8.866837989881697e-25
1.412550902967753e-24
2.245668877123927e-24
3.562833874875977e-24
5.640994449663463e-24
8.913084566019826e-24
1.405447052744057e-23
2.211653273776887e-23
3.473261795645661e-23
5.443494286799245e-23
8.51411832097648e-23
1.32900053034857e-22
2.070312686735204e-22
3.218649933400741e-22
4.993906048606961e-22
7.732814450791996e-22
1.194997700255312e-21
1.843022018511543e-21
2.836805813331022e-21
4.357787395837169e-21
6.68099886709729e-21
1.022250318949632e-20
1.561044266017563e-20
2.379122983775667e-20
3.618793687767027e-20
5.493605654701854e-20
8.323373728139569e-20
1.25860958572713e-19
1.899476424849626e-19
2.861075825647082e-19
4.301093357537451e-19
6.453328647978521e-19
9.66374533527965e-19
1.444326419098734e-18
2.15449137386302e-18
3.20763498229869e-18
4.766363582040805e-18
7.068915115671989e-18
1.04636436700743e-17
1.545891211584629e-17
2.279512237465867e-17
3.354850342507253e-17
4.928034378403069e-17
7.225115601207317e-17
1.057273870126657e-16
1.544197708172937e-16
2.251085613232665e-16
3.275337175991674e-16
4.756591865854145e-16
6.894656549445688e-16
9.974869627521086e-16
1.440391808783673e-15
2.076030743391718e-15
2.986535469273808e-15
4.288280054811451e-15
6.145836860667287e-15
8.791486249659208e-15
1.255242688491618e-14
1.788867007811428e-14
2.544568627528034e-14
3.612740532080161e-14
5.119725647660493e-14
7.241767813670127e-14
1.022424400459916e-13
1.44081131032113e-13
2.026623768976166e-13
2.845311063582462e-13
3.987288201435374e-13
5.577214037821854e-13
7.786627787866041e-13
1.08511181810822e-12
1.509360561882667e-12
2.095585640779496e-12
2.904104691101028e-12
4.017112163745562e-12
5.546396241590257e-12
7.643698174408797e-12
1.051458659723226e-11
1.443700801267989e-11
1.978604086128044e-11
2.706684182340879e-11
3.695843284190481e-11
5.037173803068562e-11
6.852642758792271e-11
9.305230197487191e-11
1.261229870541669e-10
1.706316338223601e-10
2.304215845905233e-10
3.105884160969907e-10
4.178744017480085e-10
5.611833220342533e-10
7.522500400369836e-10
1.006510208512168e-09
1.344226840949148e-09
1.791947479290457e-09
2.384384023557118e-09
3.166833462131535e-09
4.198287495427167e-09
5.55541879165844e-09
7.337682905728116e-09
9.673827072731456e-09
1.273018135350412e-08
1.67212004242856e-08
2.19228315501141e-08
2.868941706424266e-08
3.747505417095454e-08
4.8860485435398e-08
6.358693127594961e-08
8.259846140390437e-08
1.070950688131234e-07
1.385989065738613e-07
1.790368600040892e-07
2.308429714048543e-07
2.970857053696818e-07
3.816252558408451e-07
4.893074674328091e-07
6.262030183279421e-07
7.999010449566413e-07
1.019868591356499e-06
1.297890662499412e-06
1.648606598791957e-06
2.090162070089718e-06
2.645001359269372e-06
3.340824378028628e-06
4.211745817883639e-06
5.299687472870573e-06
6.656053301412612e-06
8.343732588400599e-06
1.04395012385794e-05
1.303687895415351e-05
1.624952165002469e-05
2.021525142481551e-05
2.510081685613841e-05
3.110750185442157e-05
3.847772677545436e-05
4.750277730636299e-05
5.853185211890377e-05
7.198258390417323e-05
8.835329936118796e-05
0.0001082371309166774
0.0001323384640272707
0.0001614916982362047
0.0001966829440789297
0.000239074564888142
0.0002900334657169878
0.0003511629765853286
0.0004243389121256769
0.0005117504042573273
0.000615945493336767
0.0007398824673146009
0.0008869862067513168
0.001061211689375341
0.001267113606445491
0.001509922440163791
0.00179562799166888
0.002131070476025343
0.002524038078263402
0.002983372891321778
0.003519081976264715
0.004142457619309425
0.004866203293204308
0.005704561248421669
0.006673450116068125
0.007790601346641779
0.00907569658011198
0.01055050548166037
0.01223902311176062
0.01416759006679058
0.01636501774191856
0.01886268518865108
0.02169462852180004
0.02489759959280491
0.02851110324263573
0.03257739916443825
0.03714146092534065
0.04225087538361549
0.0479557178914547
0.05430835485458374
0.06136315688490868
0.06917617470026016
0.07780470699071884
0.08730679005384445
0.09774062782526016
0.1091638505458832
0.1216327473521233
0.1352014392614365
0.1499207615852356
0.1658373326063156
0.1829923093318939
0.2014202177524567
0.2211476117372513
0.2421917766332626
0.2645593285560608
0.2882450222969055
0.3132303059101105
0.3394820988178253
0.3669518232345581
0.3955743014812469
0.4252670407295227
0.4559297263622284
0.4874439537525177
0.5196733474731445
0.5524641871452332
0.5856459736824036
0.6190329194068909
0.6524257659912109
0.6856139302253723
0.7183781862258911
0.7504939436912537
0.7817343473434448
0.8118745088577271
0.8406956195831299
0.8679890632629395
0.893561065196991
0.917236864566803
0.9388650059700012
0.9583215117454529
0.9755133390426636
0.9903813004493713
1.002902746200562
1.013092994689941
1.021006464958191
1.026736378669739
1.03041398525238
1.032206177711487
1.032313346862793
1.030964851379395
1.028414845466614
1.02493691444397
1.020817756652832
1.016350865364075
1.011829614639282
1.007540702819824
1.003757238388062
1.000731348991394
0.9986886382102966
0.9978222846984863
0.9982880353927612
1.000200271606445
1.003629446029663
1.008600115776062
1.015090107917786
1.023032069206238
1.032315850257874
1.04279088973999
1.054272294044495
1.066546082496643
1.079375863075256
1.09251081943512
1.105693697929382
1.118669509887695
1.131193280220032
1.143038868904114
1.154005408287048
1.163925290107727
1.17266845703125
1.180147051811218
1.186317205429077
1.19118058681488
1.194783449172974
1.197214365005493
1.198599696159363
1.199098587036133
1.198896408081055
1.198196291923523
1.197211742401123
1.196158289909363
1.195244431495667
1.194664001464844
1.194588661193848
1.195160746574402
1.196490049362183
1.198648810386658
1.201669692993164
1.205546855926514
1.210235834121704
1.215657234191895
1.221701383590698
1.228233575820923
1.235100865364075
1.24213981628418
1.249184012413025
1.25607168674469
1.26265275478363
1.268795847892761
1.274393677711487
1.279366850852966
1.283667683601379
1.287280559539795
1.290221810340881
1.292537808418274
1.294301748275757
1.295609354972839
1.296572327613831
1.297313094139099
1.297957897186279
1.298630475997925
1.299445629119873
1.300503253936768
1.301885008811951
1.303649067878723
1.305829644203186
1.308435082435608
1.311448693275452
1.314830780029297
1.318521618843079
1.322445034980774
1.326513886451721
1.330634593963623
1.334712266921997
1.338656187057495
1.342384099960327
1.345826387405396
1.348928570747375
1.351654291152954
1.353984355926514
1.355917930603027
1.357469797134399
1.35866904258728
1.359555125236511
1.36017370223999
1.360573530197144
1.360800862312317
1.360896825790405
1.360892772674561
1.360807657241821
1.360645890235901
1.360396265983582
1.360031008720398
1.359506726264954
1.358766078948975
1.357739686965942
1.356349587440491
1.354511499404907
1.352139234542847
1.349147796630859
1.345456480979919
1.340992569923401
1.335693120956421
1.329507231712341
1.322397351264954
1.314339637756348
1.305324196815491
1.29535448551178
1.284446239471436
1.272626519203186
1.259931921958923
1.246407389640808
1.232104659080505
1.217081546783447
1.201400876045227
1.185129523277283
1.168338894844055
1.151103973388672
1.133504867553711
1.115626931190491
1.09756076335907
1.079402446746826
1.061254620552063
1.043225884437561
1.025429725646973
1.007984757423401
0.991011917591095
0.9746330976486206
0.9589687585830688
0.944134533405304
0.9302384853363037
0.9173774123191833
0.9056338667869568
0.8950727581977844
0.8857384324073792
0.877652645111084
0.8708121776580811
0.8651878833770752
0.8607252240180969
0.8573435544967651
0.854938805103302
0.8533850312232971
0.852537989616394
0.8522392511367798
0.8523203134536743
0.8526075482368469
0.8529278635978699
0.85311359167099
0.8530076146125793
0.8524685502052307
0.8513747453689575
0.8496283292770386
0.8471577763557434
0.8439199924468994
0.8399013876914978
0.8351175785064697
0.829612135887146
0.8234550356864929
0.8167393803596497
0.8095771670341492
0.802095353603363
0.7944306135177612
0.7867239713668823
0.7791154384613037
0.7717383503913879
0.764714777469635
0.7581506371498108
0.7521318793296814
0.7467215061187744
0.7419573068618774
0.7378510236740112
0.7343881726264954
0.7315294742584229
0.729212760925293
0.7273561954498291
0.7258627414703369
0.7246244549751282
0.7235276699066162
0.7224583625793457
0.721307635307312
0.719976544380188
0.7183806300163269
0.7164534330368042
0.7141493558883667
0.7114452123641968
0.7083408236503601
0.7048580646514893
0.70103919506073
0.6969439387321472
0.6926453709602356
0.6882259845733643
0.6837726235389709
0.6793716549873352
0.6751041412353516
0.6710416674613953
0.667242169380188
0.6637477874755859
0.6605827808380127
0.657752513885498
0.6552441716194153
0.6530285477638245
0.6510620713233948
0.6492899656295776
0.6476503610610962
0.6460778117179871
0.6445080637931824
0.642881453037262
0.6411467790603638
0.6392635703086853
0.6372048258781433
0.6349573731422424
0.6325225234031677
0.6299147009849548
0.6271604895591736
0.6242956519126892
0.6213626265525818
0.618407130241394
0.6154748201370239
0.6126083135604858
0.6098446249961853
0.6072126626968384
0.604731559753418
0.6024100780487061
0.6002467274665833
0.5982304811477661
0.5963414311408997
0.5945533514022827
0.5928356647491455
0.5911561250686646
0.5894829630851746
0.5877873301506042
0.5860450863838196
0.5842382907867432
0.5823563933372498
0.580396294593811
0.5783618688583374
0.5762637257575989
0.5741176605224609
0.5719428658485413
0.569760799407959
0.5675929188728333
0.565459132194519
0.5633763670921326
0.5613573789596558
0.5594101548194885
0.5575373768806458
0.5557366609573364
0.5540010333061218
0.5523199439048767
0.5506802797317505
0.549067497253418
0.547467052936554
0.5458653569221497
0.5442512035369873
0.542616069316864
0.5409550666809082
0.5392666459083557
0.5375526547431946
0.5358179211616516
0.5340696573257446
0.5323167443275452
0.5305684804916382
0.5288339853286743
0.5271214842796326
0.5254374742507935
0.5237863659858704
0.52217036485672
0.5205892324447632
0.5190405249595642
0.517520010471344
0.5160223245620728
0.5145412683486938
0.5130705237388611
0.5116042494773865
0.5101375579833984
0.5086668729782104
0.5071900486946106
0.5057065486907959
0.5042173266410828
0.5027244091033936
0.5012309551239014
0.4997404515743256
0.498256653547287
0.4967831373214722
0.4953228235244751
0.4938776791095734
0.4924488067626953
0.4910363256931305
0.4896391332149506
0.4882554113864899
0.4868826270103455
0.4855178594589233
0.4841578900814056
0.4827995896339417
0.4814402163028717
0.4800773859024048
0.4787092208862305
0.4773343801498413
0.4759519696235657
0.4745615422725677
0.4731626212596893
0.4717549979686737
0.4703380167484283
0.468910813331604
0.4674718677997589
0.4660191833972931
0.4645498394966125
0.463060200214386
0.4615459144115448
0.4600017666816711
0.4584219753742218
0.4568000733852386
0.4551292359828949
0.4534019827842712
0.4516105055809021
0.4497466087341309
0.4478016793727875
0.4457666873931885
0.4436319768428802
0.441387414932251
0.4390221536159515
0.4365245699882507
0.4338822662830353
0.4310819208621979
0.428109347820282
0.424949437379837
0.4215861260890961
0.4180024564266205
0.4141808450222015
0.4101030826568604
0.4057504236698151
0.4011037647724152
0.396143764257431
0.390851229429245
0.3852069675922394
0.3791921734809875
0.3727884590625763
0.365978330373764
0.3587451279163361
0.351073294878006
0.3429487347602844
0.334358811378479
0.3252928256988525
0.3157422840595245
0.3057010173797607
0.2951655089855194
0.2841353118419647
0.2726132869720459
0.2606058120727539
0.2481231391429901
0.2351794689893723
0.2217932194471359
0.2079872637987137
0.1937889009714127
0.1792300045490265
0.1643469631671906
0.1491807252168655
0.1337765902280807
0.1181840375065804
0.1024565175175667
0.08665107190608978
0.07082799822092056
0.05505039915442467
0.03938363119959831
0.02389475703239441
0.008651887997984886
-0.006276525557041168
-0.0208224430680275
-0.03491905331611633
-0.04850159212946892
-0.06150823459029198
-0.07388095557689667
-0.08556643128395081
-0.09651691466569901
-0.1066910326480865
-0.1160546541213989
-0.1245815753936768
-0.1322542428970337
-0.1390642523765564
-0.1450128555297852
-0.150111198425293
-0.1543805301189423
-0.1578522473573685
-0.1605676561594009
-0.1625777333974838
-0.1639425009489059
-0.1647303849458694
-0.1650172919034958
-0.1648855209350586
-0.1644225716590881
-0.1637197136878967
-0.162870466709137
-0.1619690209627151
-0.1611085683107376
-0.1603795289993286
-0.1598678529262543
-0.1596533209085464
-0.1598079949617386
-0.160394623875618
-0.1614654213190079
-0.1630609035491943
-0.1652089506387711
-0.1679242998361588
-0.1712080836296082
-0.1750479191541672
-0.1794181317090988
-0.1842804253101349
-0.1895847320556641
-0.1952705085277557
-0.2012681663036346
-0.2075008600950241
-0.2138863652944565
-0.2203391939401627
-0.2267727851867676
-0.2331017255783081
-0.2392439246177673
-0.2451227456331253
-0.2506690323352814
-0.2558228969573975
-0.2605352401733398
-0.2647689580917358
-0.2685000598430634
-0.2717179358005524
-0.2744257152080536
-0.2766400277614594
-0.2783903777599335
-0.2797180712223053
-0.280674934387207
-0.2813215255737305
-0.2817253768444061
-0.2819587290287018
-0.2820961475372314
-0.2822123467922211
-0.2823796272277832
-0.2826658487319946
-0.283132016658783
-0.2838304936885834
-0.2848034799098969
-0.2860816121101379
-0.2876830995082855
-0.2896133661270142
-0.2918649315834045
-0.2944177687168121
-0.2972402274608612
-0.3002902269363403
-0.303516685962677
-0.3068615198135376
-0.3102616667747498
-0.3136509954929352
-0.316962867975235
-0.3201321959495544
-0.3230973780155182
-0.3258024454116821
-0.3281985521316528
-0.3302452862262726
-0.3319116234779358
-0.3331764340400696
-0.3340287208557129
-0.3344672322273254
-0.3344996571540833
-0.334141880273819
-0.3334163129329681
-0.3323504626750946
-0.3309751152992249
-0.3293225169181824
-0.3274242579936981
-0.325309693813324
-0.3230041563510895
-0.3205274939537048
-0.3178930878639221
-0.3151068687438965
-0.3121670782566071
-0.309064120054245
-0.3057811260223389
-0.3022946119308472
-0.298575758934021
-0.2945918142795563
-0.290307879447937
-0.2856887876987457
-0.280701071023941
-0.2753151059150696
-0.2695067822933197
-0.2632595598697662
-0.2565656900405884
-0.2494276016950607
-0.2418587803840637
-0.2338842004537582
-0.2255402803421021
-0.2168746143579483
-0.2079451382160187
-0.1988189518451691
-0.1895708441734314
-0.1802814900875092
-0.1710354685783386
-0.161919116973877
-0.1530184149742126
-0.1444167494773865
-0.1361928731203079
-0.1284190118312836
-0.1211592331528664
-0.1144679561257362
-0.1083889380097389
-0.1029545068740845
-0.09818509966135025
-0.09408922493457794
-0.09066356718540192
-0.08789357542991638
-0.08575411885976791
-0.08421044796705246
-0.08321931213140488
-0.08273010700941086
-0.0826861709356308
-0.08302606642246246
-0.08368484675884247
-0.08459535241127014
-0.08568938821554184
-0.08689886331558228
-0.08815688639879227
-0.08939874917268753
-0.09056291729211807
-0.09159187972545624
-0.09243298321962357
-0.09303923696279526
-0.09337000548839569
-0.09339170157909393
-0.09307839721441269
-0.0924123227596283
-0.09138430655002594
-0.08999406546354294
-0.08825033158063889
-0.08617083728313446
-0.08378204703330994
-0.08111868798732758
-0.07822304219007492
-0.07514397799968719
-0.07193575799465179
-0.06865660101175308
-0.06536708772182465
-0.06212833896279335
-0.05900019407272339
-0.05603927001357079
-0.05329709500074387
-0.05081836134195328
-0.04863933846354485
-0.04678656533360481
-0.04527583345770836
-0.04411159455776215
-0.04328673705458641
-0.04278285428881645
-0.04257088899612427
-0.04261226207017899
-0.04286035150289536
-0.04326232895255089
-0.0437612496316433
-0.04429830983281136
-0.04481519386172295
-0.04525637626647949
-0.04557134211063385
-0.0457165502011776
-0.04565710946917534
-0.04536806419491768
-0.04483523219823837
-0.04405557736754417
-0.04303710162639618
-0.04179820790886879
-0.04036666452884674
-0.03877812996506691
-0.03707436099648476
-0.03530116751790047
-0.03350624814629555
-0.03173696622252464
-0.03003818728029728
-0.02845029160380363
-0.02700745314359665
-0.02573622204363346
-0.02465454116463661
-0.02377119101583958
-0.02308568730950356
-0.02258862182497978
-0.02226243540644646
-0.02208256535232067
-0.02201889827847481
-0.022037448361516
-0.02210217714309692
-0.02217685244977474
-0.0222268495708704
-0.02222081646323204
-0.02213209867477417
-0.02193989790976048
-0.0216300580650568
-0.02119550108909607
-0.02063628286123276
-0.01995925232768059
-0.01917740143835545
-0.01830889843404293
-0.01737589761614799
-0.01640316657721996
-0.01541666220873594
-0.01444206200540066
-0.01350340433418751
-0.01262185908854008
-0.01181470602750778
-0.01109457202255726
-0.01046896167099476
-0.009940076619386673
-0.009504949674010277
-0.009155865758657455
-0.008881018497049809
-0.008665372617542744
-0.008491675369441509
-0.008341539651155472
-0.008196563459932804
-0.008039380423724651
-0.007854589261114597
-0.007629571482539177
-0.007355069275945425
-0.007025545928627253
-0.006639318075031042
-0.006198455113917589
-0.005708444397896528
-0.005177677609026432
-0.004616796504706144
-0.004037917591631413
-0.003453818848356605
-0.00287711201235652
-0.002319477265700698
-0.001790998387150466
-0.001299601048231125
-0.0008506858721375465
-0.0004469196428544819
-8.82144522620365e-05
0.0002281170745845884
0.0005070479237474501
0.0007553985924459994
0.000981290708296001
0.001193562406115234
0.001401148736476898
0.001612505875527859
0.001835087663494051
0.002074899384751916
0.002336214063689113
0.002621382707729936
0.002930777845904231
0.003262915415689349
0.003614634275436401
0.003981444984674454
0.004357887431979179
0.004737986251711845
0.005115662701427937
0.005485194269567728
0.005841581616550684
0.006180837750434875
0.006500228773802519
0.006798365619033575
0.007075254339724779
0.007332185748964548
0.007571579422801733
0.007796743884682655
0.008011572994291782
0.008220243267714977
0.008426905609667301
0.008635376580059528
0.008848881348967552
0.009069868363440037
0.009299867786467075
0.009539458900690079
0.00978825893253088
0.0100450599566102
0.01030792947858572
0.01057443302124739
0.01084182225167751
0.01110727526247501
0.01136813964694738
0.01162207126617432
0.01186722796410322
0.01210234314203262
0.01232681423425674
0.01254067663103342
0.01274455431848764
0.01293956860899925
0.0131272105500102
0.01330917328596115
0.01348722074180841
0.01366299949586391
0.01383793354034424
0.0140130864456296
0.01418910175561905
0.014366140589118
0.01454387698322535
0.01472153048962355
0.01489794254302979
0.01507162023335695
0.01524086389690638
0.01540387235581875
0.0155588174238801
0.01570394076406956
0.01583762094378471
0.01595842838287354
0.01606511138379574
0.01615660078823566
0.01623198017477989
0.01629041321575642
0.01633106358349323
0.01635303348302841
0.01635527424514294
0.0163364764302969
0.01629502698779106
0.01622892357409
0.01613577641546726
0.01601274125277996
0.01585651561617851
0.01566337049007416
0.01542915962636471
0.01514937356114388
0.01481914147734642
0.01443331316113472
0.01398646365851164
0.01347293052822351
0.01288683898746967
0.0122221065685153
0.01147246547043324
0.01063144113868475
0.00969233550131321
0.008648217655718327
0.007491918746381998
0.006216017995029688
0.004812831059098244
0.003274427261203527
0.001592632266692817
-0.0002409236622042954
-0.002234760671854019
-0.004397485870867968
-0.006737716495990753
-0.009263984858989716
-0.01198464073240757
-0.01490775030106306
-0.0180409699678421
-0.02139144204556942
-0.024965675547719
-0.02876942418515682
-0.03280757740139961
-0.03708405420184135
-0.04160168766975403
-0.04636212065815926
-0.05136569961905479
-0.05661138147115707
-0.06209663674235344
-0.06781736016273499
-0.0737677738070488
-0.07994037866592407
-0.08632583171129227
-0.0929129421710968
-0.09968861937522888
-0.1066377982497215
-0.113743469119072
-0.1209866404533386
-0.1283464431762695
-0.1358000934123993
-0.1433230638504028
-0.1508891731500626
-0.1584706902503967
-0.1660385429859161
-0.1735625118017197
-0.1810114979743958
-0.1883537471294403
-0.195557177066803
-0.2025895714759827
-0.2094190716743469
-0.2160144448280334
-0.2223454266786575
-0.2283831238746643
-0.234100341796875
-0.2394719868898392
-0.2444754838943481
-0.2490910142660141
-0.2533019483089447
-0.2570950984954834
-0.2604610025882721
-0.2633942067623138
-0.2658935487270355
-0.2679621279239655
-0.2696075141429901
-0.2708418965339661
-0.2716818153858185
-0.2721483111381531
-0.2722666263580322
-0.2720660865306854
-0.2715796828269958
-0.2708436548709869
-0.2698973119258881
-0.2687821984291077
-0.2675417065620422
-0.2662203311920166
-0.2648631930351257
-0.2635152041912079
-0.2622202336788177
-0.261020690202713
-0.259956568479538
-0.2590647637844086
-0.2583784759044647
-0.2579264938831329
-0.2577328979969025
-0.2578163743019104
-0.2581898868083954
-0.2588603496551514
-0.2598286271095276
-0.261089414358139
-0.2626311480998993
-0.2644365429878235
-0.266482800245285
-0.26874178647995
-0.2711809277534485
-0.2737638652324677
-0.2764509916305542
-0.279200404882431
-0.2819687724113464
-0.2847122848033905
-0.2873875796794891
-0.2899525761604309
-0.2923675179481506
-0.2945957481861115
-0.2966044545173645
-0.298365443944931
-0.2998556196689606
-0.3010573983192444
-0.3019591867923737
-0.3025554120540619
-0.3028465807437897
-0.3028390407562256
-0.3025446534156799
-0.3019804358482361
-0.3011679351329803
-0.3001324534416199
-0.2989022135734558
-0.2975075244903564
-0.295979768037796
-0.2943503558635712
-0.2926498353481293
-0.2909067869186401
-0.2891471385955811
-0.2873931229114532
-0.2856626212596893
-0.2839686572551727
-0.2823188900947571
-0.2807154655456543
-0.2791548073291779
-0.2776278555393219
-0.2761202454566956
-0.2746129035949707
-0.2730825841426849
-0.2715026438236237
-0.2698440551757812
-0.2680763006210327
-0.2661685347557068
-0.2640905678272247
-0.2618139684200287
-0.2593132853507996
-0.2565669417381287
-0.2535580694675446
-0.2502753138542175
-0.2467135637998581
-0.2428741157054901
-0.238765150308609
-0.2344016283750534
-0.229805201292038
-0.22500379383564
-0.2200310677289963
-0.2149257063865662
-0.2097304612398148
-0.2044912576675415
-0.1992560476064682
-0.1940736621618271
-0.1889926195144653
-0.1840600073337555
-0.1793203353881836
-0.1748145222663879
-0.1705789417028427
-0.1666447520256042
-0.1630371809005737
-0.1597750931978226
-0.1568707972764969
-0.1543298810720444
-0.152151420712471
-0.1503282189369202
-0.148847222328186
-0.147690087556839
-0.1468338519334793
-0.146251767873764
-0.1459140330553055
-0.1457886546850204
-0.1458422690629959
-0.1460409462451935
-0.1463509351015091
-0.1467393040657043
-0.1471745520830154
-0.1476270854473114
-0.1480696350336075
-0.1484774500131607
-0.1488285213708878
-0.1491036862134933
-0.1492865830659866
-0.1493636220693588
-0.1493238657712936
-0.1491589546203613
-0.1488628834486008
-0.1484318226575851
-0.147864043712616
-0.1471597105264664
-0.1463208198547363
-0.1453511863946915
-0.1442562937736511
-0.1430433094501495
-0.1417210847139359
-0.1403001248836517
-0.1387925893068314
-0.1372122019529343
-0.1355742216110229
-0.1338953375816345
-0.1321934312582016
-0.1304873675107956
-0.1287966519594193
-0.127141147851944
-0.1255405396223068
-0.1240139007568359
-0.1225791499018669
-0.1212525591254234
-0.1200481802225113
-0.1189773827791214
-0.1180483549833298
-0.1172657832503319
-0.116630531847477
-0.1161394566297531
-0.1157854497432709
-0.1155574470758438
-0.1154407411813736
-0.1154173463582993
-0.1154665127396584
-0.1155653968453407
-0.115689754486084
-0.1158147975802422
-0.1159160509705544
-0.115970179438591
-0.1159558147192001
-0.1158543974161148
-0.1156507804989815
-0.1153338104486465
-0.1148967444896698
-0.1143374741077423
-0.1136585921049118
-0.1128672733902931
-0.1119749546051025
-0.110996849834919
-0.1099513471126556
-0.1088592186570168
-0.1077427715063095
-0.1066249832510948
-0.1055285334587097
-0.1044748947024345
-0.1034835055470467
-0.1025709882378578
-0.1017505303025246
-0.1010314449667931
-0.1004188135266304
-0.09991340339183807
-0.0995117574930191
-0.09920638054609299
-0.09898620843887329
-0.09883714467287064
-0.09874277561903
-0.098685123026371
-0.09864543378353119
-0.09860508888959885
-0.09854632616043091
-0.09845304489135742
-0.09831143915653229
-0.09811054915189743
-0.09784262627363205
-0.09750335663557053
-0.09709195047616959
-0.09661107510328293
-0.09606652706861496
-0.09546689689159393
-0.09482309967279434
-0.09414771944284439
-0.09345439076423645
-0.09275709092617035
-0.09206953644752502
-0.09140448272228241
-0.09077321738004684
-0.09018504619598389
-0.08964695781469345
-0.0891633927822113
-0.08873610943555832
-0.08836425840854645
-0.08804451674222946
-0.08777133375406265
-0.08753734827041626
-0.0873337909579277
-0.08715099841356277
-0.08697889745235443
-0.08680754899978638
-0.08662761747837067
-0.08643081039190292
-0.0862102285027504
-0.08596066385507584
-0.08567877113819122
-0.08536311239004135
-0.08501418679952621
-0.08463426679372787
-0.08422722667455673
-0.08379823714494705
-0.0833534300327301
-0.08289957791566849
-0.08244363218545914
-0.08199242502450943
-0.08155228197574615
-0.08112870901823044
-0.08072617650032043
-0.08034790307283401
-0.07999574393033981
-0.07967020571231842
-0.07937042415142059
-0.07909434288740158
-0.07883886992931366
-0.07860007137060165
-0.07837344706058502
-0.07815419137477875
-0.07793749123811722
-0.07771876454353333
-0.07749393582344055
-0.07725957781076431
-0.07701311260461807
-0.07675290107727051
-0.07647824287414551
-0.07618942111730576
-0.07588759064674377
-0.07557468861341476
-0.07525324821472168
-0.07492627948522568
-0.07459700107574463
-0.07426871359348297
-0.07394454628229141
-0.07362731546163559
-0.07331936061382294
-0.07302246242761612
-0.07273773103952408
-0.07246558368206024
-0.0722057968378067
-0.07195751368999481
-0.07171932607889175
-0.07148943096399307
-0.07126570492982864
-0.0710458904504776
-0.07082773000001907
-0.07060910016298294
-0.07038810849189758
-0.07016321271657944
-0.06993331015110016
-0.06969776749610901
-0.06945640593767166
-0.06920953094959259
-0.0689578577876091
-0.06870245933532715
-0.0684446394443512
-0.06818591803312302
-0.06792784482240677
-0.06767192482948303
-0.06741955131292343
-0.06717187911272049
-0.06692980229854584
-0.06669391691684723
-0.06646447628736496
-0.06624139100313187
-0.0660242885351181
-0.06581253558397293
-0.0656052902340889
-0.06540162116289139
-0.06520050764083862
-0.06500096619129181
-0.06480208784341812
-0.06460315734148026
-0.06440362334251404
-0.06420318782329559
-0.06400177627801895
-0.06379960477352142
-0.06359708309173584
-0.06339485198259354
-0.06319369375705719
-0.06299451738595963
-0.06279831379652023
-0.0626060739159584
-0.06241876259446144
-0.06223729997873306
-0.06206249818205833
-0.06189506873488426
-0.0617356114089489
-0.06158461421728134
-0.06144248694181442
-0.06130955740809441
-0.06118613854050636
-0.06107255816459656
-0.06096919625997543
-0.06087654083967209
-0.06079520285129547
-0.06072597950696945
-0.06066985055804253
-0.0606280118227005
-0.06060188636183739
-0.06059310957789421
-0.06060352921485901
-0.06063519045710564
-0.06069032102823257
-0.06077129766345024
-0.0608806423842907
-0.06102098524570465
-0.06119506433606148
-0.06140567734837532
-0.06165570393204689
-0.06194809079170227
-0.06228584423661232
-0.06267204135656357
-0.06310982257127762
-0.06360243260860443
-0.06415317952632904
-0.06476548314094543
-0.06544284522533417
-0.06618887931108475
-0.06700731068849564
-0.06790189445018768
-0.06887649744749069
-0.06993499398231506
-0.0710812509059906
-0.0723191499710083
-0.07365245372056961
-0.07508482038974762
-0.07661973685026169
-0.07826044410467148
-0.08000992983579636
-0.08187080919742584
-0.08384533226490021
-0.0859353318810463
-0.08814211934804916
-0.09046646952629089
-0.09290861338376999
-0.09546814113855362
-0.09814400225877762
-0.1009344458580017
-0.1038370057940483
-0.106848455965519
-0.1099648028612137
-0.1131812185049057
-0.1164920851588249
-0.1198909282684326
-0.1233704164624214
-0.1269223690032959
-0.1305377334356308
-0.1342066377401352
-0.1379183679819107
-0.1416614800691605
-0.1454236954450607
-0.1491921097040176
-0.1529531925916672
-0.1566929072141647
-0.1603967547416687
-0.1640498787164688
-0.1676372587680817
-0.1711437702178955
-0.1745543479919434
-0.177854135632515
-0.1810286194086075
-0.1840637922286987
-0.186946302652359
-0.1896636337041855
-0.1922043114900589
-0.1945579051971436
-0.196715384721756
-0.1986690759658813
-0.2004128843545914
-0.2019424140453339
-0.2032550722360611
-0.2043500691652298
-0.2052286118268967
-0.2058938890695572
-0.2063511312007904
-0.2066075056791306
-0.2066721767187119
-0.2065562307834625
-0.2062725722789764
-0.2058358043432236
-0.2052621096372604
-0.2045690417289734
-0.2037753909826279
-0.2029008716344833
-0.201965868473053
-0.200991228222847
-0.1999979466199875
-0.1990068554878235
-0.1980383098125458
-0.1971119195222855
-0.1962461322546005
-0.1954580545425415
-0.1947630792856216
-0.1941746175289154
-0.193703904747963
-0.1933597475290298
-0.1931483447551727
-0.193073183298111
-0.1931349039077759
-0.1933312863111496
-0.1936571896076202
-0.1941046416759491
-0.1946629583835602
-0.1953189074993134
-0.1960568577051163
-0.1968591064214706
-0.1977060586214066
-0.1985766738653183
-0.199448749423027
-0.2002993822097778
-0.2011053115129471
-0.2018433660268784
-0.2024908810853958
-0.2030261605978012
-0.2034288048744202
-0.2036801427602768
-0.2037635743618011
-0.2036649137735367
-0.2033725678920746
-0.2028778493404388
-0.202175036072731
-0.2012615650892258
-0.2001380026340485
-0.1988080143928528
-0.197278305888176
-0.1955583989620209
-0.1936604827642441
-0.1915991008281708
-0.1893908679485321
-0.1870540380477905
-0.184608206152916
-0.1820737719535828
-0.1794716119766235
-0.1768226772546768
-0.1741475015878677
-0.1714658290147781
-0.1687962710857391
-0.1661559641361237
-0.1635603159666061
-0.1610227525234222
-0.1585545688867569
-0.1561648398637772
-0.1538603901863098
-0.1516458094120026
-0.1495235860347748
-0.1474942266941071
-0.1455565094947815
-0.1437076777219772
-0.1419438123703003
-0.1402601003646851
-0.1386511474847794
-0.1371113508939743
-0.1356352269649506
-0.1342176795005798
-0.1328542828559875
-0.1315415650606155
-0.1302771419286728
-0.1290598213672638
-0.1278897523880005
-0.1267682909965515
-0.1256980895996094
-0.1246828883886337
-0.1237273141741753
-0.1228366643190384
-0.1220166236162186
-0.1212729662656784
-0.120611198246479
-0.1200362294912338
-0.1195520311594009
-0.1191612780094147
-0.1188651397824287
-0.1186629682779312
-0.1185521110892296
-0.1185277998447418
-0.1185831278562546
-0.1187090128660202
-0.1188943237066269
-0.1191261112689972
-0.1193897947669029
-0.1196695044636726
-0.1199484616518021
-0.1202094182372093
-0.1204351112246513
-0.1206087693572044
-0.1207146048545837
-0.1207382455468178
-0.1206672191619873
-0.1204913780093193
-0.1202031746506691
-0.1197980046272278
-0.119274340569973
-0.1186338737607002
-0.1178814917802811
-0.1170251667499542
-0.1160757914185524
-0.1150469034910202
-0.1139542385935783
-0.1128153726458549
-0.1116492003202438
-0.1104753166437149
-0.1093135327100754
-0.1081832274794579
-0.1071028038859367
-0.106089174747467
-0.1051572039723396
-0.1043193340301514
-0.1035851985216141
-0.1029613763093948
-0.1024512350559235
-0.1020548343658447
-0.1017690226435661
-0.1015875637531281
-0.101501353085041
-0.1014987975358963
-0.1015661880373955
-0.1016881987452507
-0.1018483638763428
-0.1020296588540077
-0.1022150292992592
-0.1023879423737526
-0.1025328785181046
-0.1026358231902122
-0.1026846691966057
-0.1026695296168327
-0.1025830134749413
-0.1024203598499298
-0.1021795272827148
-0.1018611639738083
-0.1014684960246086
-0.1010071337223053
-0.100484773516655
-0.09991089254617691
-0.09929636120796204
-0.09865298867225647
-0.09799317270517349
-0.09732933342456818
-0.09667359292507172
-0.09603730589151382
-0.09543075412511826
-0.09486279636621475
-0.09434065967798233
-0.09386973083019257
-0.09345346689224243
-0.09309335052967072
-0.0927889347076416
-0.09253793954849243
-0.09233642369508743
-0.09217899292707443
-0.09205906093120575
-0.09196911007165909
-0.09190106391906738
-0.0918465331196785
-0.09179716557264328
-0.09174494445323944
-0.09168241918087006
-0.09160297363996506
-0.09150100499391556
-0.09137208759784698
-0.09121305495500565
-0.09102205187082291
-0.09079855680465698
-0.09054329246282578
-0.09025817364454269
-0.08994615077972412
-0.08961102366447449
-0.08925732225179672
-0.08889008313417435
-0.08851459622383118
-0.08813624083995819
-0.08776027709245682
-0.08739165216684341
-0.08703484386205673
-0.08669369667768478
-0.08637132495641708
-0.08607004582881927
-0.08579133450984955
-0.08553577214479446
-0.08530312031507492
-0.08509232848882675
-0.08490162342786789
-0.08472861349582672
-0.08457038551568985
-0.08442368358373642
-0.08428502082824707
-0.08415079861879349
-0.08401748538017273
-0.08388173580169678
-0.08374050259590149
-0.08359114080667496
-0.08343149721622467
-0.08325996249914169
-0.08307554572820663
-0.08287783712148666
-0.0826670303940773
-0.08244389295578003
-0.08220969885587692
-0.08196617662906647
-0.08171539008617401
-0.08145969361066818
-0.08120156824588776
-0.08094354718923569
-0.08068810403347015
-0.0804375559091568
-0.08019395917654037
-0.07995902746915817
-0.07973407953977585
-0.07951999455690384
-0.07931718975305557
-0.07912563532590866
-0.07894480228424072
-0.07877379655838013
-0.07861132919788361
-0.0784558430314064
-0.07830556482076645
-0.07815860211849213
-0.07801299542188644
-0.07786688208580017
-0.07771850377321243
-0.07756632566452026
-0.07740910351276398
-0.07724589854478836
-0.07707614451646805
-0.07689965516328812
-0.07671660184860229
-0.07652751356363297
-0.07633322477340698
-0.07613483071327209
-0.07593363523483276
-0.0757310688495636
-0.0755285918712616
-0.07532766461372375
-0.07512963563203812
-0.074935682117939
-0.07474677264690399
-0.07456362992525101
-0.07438665628433228
-0.07421597838401794
-0.07405143231153488
-0.07389255613088608
-0.07373864948749542
-0.07358884066343307
-0.07344210147857666
-0.07329731434583664
-0.07315333932638168
-0.07300910353660583
-0.07286360114812851
-0.07271599769592285
-0.07256562262773514
-0.07241207361221313
-0.07225514948368073
-0.0720948725938797
-0.07193153351545334
-0.07176558673381805
-0.07159766554832458
-0.07142853736877441
-0.07125907391309738
-0.07109014689922333
-0.07092262804508209
-0.07075732201337814
-0.07059495151042938
-0.07043608278036118
-0.07028111815452576
-0.07013030350208282
-0.06998370587825775
-0.06984122097492218
-0.06970260292291641
-0.0695674866437912
-0.06943543255329132
-0.06930592656135559
-0.06917846202850342
-0.06905253976583481
-0.06892775744199753
-0.06880377978086472
-0.06868042051792145
-0.06855761259794235
-0.06843546032905579
-0.06831420212984085
-0.06819422543048859
-0.06807603687047958
-0.06796026229858398
-0.0678476095199585
-0.0677388459444046
-0.06763478368520737
-0.06753623485565186
-0.06744401156902313
-0.06735889613628387
-0.06728158891201019
-0.06721280515193939
-0.06715317815542221
-0.0671033188700676
-0.06706380844116211
-0.0670352578163147
-0.06701825559139252
-0.0670134648680687
-0.06702162325382233
-0.06704356521368027
-0.06708027422428131
-0.06713284552097321
-0.06720255315303802
-0.06729087978601456
-0.06739945709705353
-0.06753011792898178
-0.06768491119146347
-0.0678660050034523
-0.06807577610015869
-0.06831672787666321
-0.06859154254198074
-0.06890299171209335
-0.06925395876169205
-0.06964742392301559
-0.07008645683526993
-0.07057419419288635
-0.07111380994319916
-0.0717085599899292
-0.07236173003911972
-0.07307663559913635
-0.0738566517829895
-0.07470518350601196
-0.07562563568353653
-0.07662145793437958
-0.07769607752561569
-0.07885290682315826
-0.08009536564350128
-0.08142677694559097
-0.08285040408372879
-0.08436939120292664
-0.08598671853542328
-0.08770518004894257
-0.08952736854553223
-0.09145557880401611
-0.09349178522825241
-0.09563759714365005
-0.09789420664310455
-0.1002623662352562
-0.1027423292398453
-0.1053337901830673
-0.1080358922481537
-0.1108471676707268
-0.1137655079364777
-0.1167881488800049
-0.1199116334319115
-0.1231318041682243
-0.1264437735080719
-0.1298419684171677
-0.1333200484514236
-0.1368709355592728
-0.1404868513345718
-0.1441592574119568
-0.1478789299726486
-0.1516359597444534
-0.1554198116064072
-0.1592193245887756
-0.1630226969718933
-0.1668176800012589
-0.1705915331840515
-0.1743311434984207
-0.1780230402946472
-0.1816535741090775
-0.1852090060710907
-0.1886754781007767
-0.1920392960309982
-0.1952869147062302
-0.1984051913022995
-0.2013814002275467
-0.2042033523321152
-0.2068597078323364
-0.2093398571014404
-0.2116342633962631
-0.2137344181537628
-0.2156330794095993
-0.217324286699295
-0.2188035398721695
-0.2200678437948227
-0.2211158275604248
-0.221947655081749
-0.2225653380155563
-0.2229725122451782
-0.2231745421886444
-0.2231784909963608
-0.2229931056499481
-0.2226286828517914
-0.2220971286296844
-0.2214116305112839
-0.2205867618322372
-0.2196381539106369
-0.2185824662446976
-0.2174370586872101
-0.2162199169397354
-0.214949294924736
-0.2136435210704803
-0.2123207896947861
-0.2109988480806351
-0.2096947729587555
-0.2084247171878815
-0.2072036117315292
-0.2060449868440628
-0.2049607485532761
-0.2039609253406525
-0.2030534595251083
-0.2022441476583481
-0.2015364319086075
-0.2009313553571701
-0.2004275321960449
-0.2000210583209991
-0.1997055560350418
-0.1994723528623581
-0.1993104964494705
-0.1992069482803345
-0.1991467475891113
-0.1991132795810699
-0.1990885883569717
-0.199053630232811
-0.1989885866641998
-0.198873296380043
-0.1986875534057617
-0.1984115093946457
-0.1980260461568832
-0.1975131779909134
-0.1968563795089722
-0.1960410326719284
-0.1950546205043793
-0.1938870400190353
-0.1925309598445892
-0.1909818649291992
-0.1892383396625519
-0.1873021423816681
-0.1851782202720642
-0.1828747093677521
-0.1804028749465942
-0.177776962518692
-0.1750140190124512
-0.1721336245536804
-0.1691576242446899
-0.1661097407341003
-0.1630151718854904
-0.1599001884460449
-0.1567917615175247
-0.1537169963121414
-0.150702640414238
-0.1477746963500977
-0.1449579447507858
-0.142275482416153
-0.1397483199834824
-0.137395054101944
-0.1352314203977585
-0.1332702487707138
-0.1315210908651352
-0.1299901604652405
-0.1286801993846893
-0.1275905668735504
-0.126717284321785
-0.1260531395673752
-0.1255879104137421
-0.1253085881471634
-0.1251998245716095
-0.1252441108226776
-0.1254222691059113
-0.1257138848304749
-0.1260976344347
-0.1265518516302109
-0.1270548701286316
-0.1275855153799057
-0.1281233876943588
-0.1286493092775345
-0.1291456967592239
-0.1295967102050781
-0.129988506436348
-0.1303094476461411
-0.13055020570755
-0.1307037323713303
-0.130765289068222
-0.1307324320077896
-0.1306048482656479
-0.1303842067718506
-0.1300739198923111
-0.1296789944171906
-0.1292057633399963
-0.1286615282297134
-0.1280544400215149
-0.1273931264877319
-0.1266864687204361
-0.1259433776140213
-0.1251725256443024
-0.124382272362709
-0.1235803738236427
-0.1227739602327347
-0.1219694316387177
-0.1211723834276199
-0.1203876361250877
-0.1196192279458046
-0.1188705042004585
-0.1181441247463226
-0.1174421682953835
-0.1167662739753723
-0.1161176934838295
-0.1154974028468132
-0.1149061918258667
-0.1143447607755661
-0.1138137727975845
-0.1133138686418533
-0.1128457337617874
-0.1124100610613823
-0.1120075434446335
-0.1116388291120529
-0.1113044247031212
-0.1110046729445457
-0.1107396259903908
-0.1105089634656906
-0.1103118881583214
-0.1101470664143562
-0.11001256108284
-0.1099057570099831
-0.1098233535885811
-0.1097613498568535
-0.109715111553669
-0.1096794158220291
-0.1096485257148743
-0.1096163466572762
-0.1095765680074692
-0.1095228046178818
-0.1094488203525543
-0.1093487069010735
-0.1092170774936676
-0.1090492755174637
-0.1088415756821632
-0.1085912883281708
-0.1082969680428505
-0.1079584136605263
-0.1075767874717712
-0.1071546003222466
-0.1066956967115402
-0.1062051579356194
-0.105689138174057
-0.1051547303795815
-0.1046097576618195
-0.1040625050663948
-0.1035214737057686
-0.1029950827360153
-0.1024914085865021
-0.1020178943872452
-0.1015810891985893
-0.1011864095926285
-0.1008379757404327
-0.1005384400486946
-0.1002888604998589
-0.1000886932015419
-0.09993581473827362
-0.09982654452323914
-0.09975583106279373
-0.09971736371517181
-0.09970387071371078
-0.09970730543136597
-0.09971920400857925
-0.09973093867301941
-0.09973405301570892
-0.09972059726715088
-0.09968332201242447
-0.09961603581905365
-0.09951377660036087
-0.09937296807765961
-0.09919155389070511
-0.09896907955408096
-0.09870661795139313
-0.09840678423643112
-0.0980735719203949
-0.09771218150854111
-0.09732880443334579
-0.09693038463592529
-0.09652431309223175
-0.09611815214157104
-0.0957193523645401
-0.09533490985631943
-0.09497115761041641
-0.09463350474834442
-0.09432625025510788
-0.09405245631933212
-0.09381382912397385
-0.09361065924167633
-0.09344189614057541
-0.09330519288778305
-0.09319702535867691
-0.09311289340257645
-0.09304749965667725
-0.09299501776695251
-0.09294930845499039
-0.09290420264005661
-0.09285376220941544
-0.09279250353574753
-0.09271561354398727
-0.0926191583275795
-0.09250013530254364
-0.09235669672489166
-0.09218810498714447
-0.0919947549700737
-0.09177811443805695
-0.0915406122803688
-0.09128553420305252
-0.09101682156324387
-0.09073890745639801
-0.09045647829771042
-0.09017428010702133
-0.08989689499139786
-0.08962857723236084
-0.08937304466962814
-0.08913333714008331
-0.08891171962022781
-0.08870960026979446
-0.08852751553058624
-0.08836512267589569
-0.08822125196456909
-0.08809399604797363
-0.08798079937696457
-0.08787865191698074
-0.08778420090675354
-0.08769389986991882
-0.08760425448417664
-0.08751188963651657
-0.08741376549005508
-0.08730725944042206
-0.08719033002853394
-0.08706150949001312
-0.08692000806331635
-0.08676569163799286
-0.08659905940294266
-0.08642121404409409
-0.08623376488685608
-0.08603875339031219
-0.08583849668502808
-0.08563549071550369
-0.0854322761297226
-0.08523133397102356
-0.08503491431474686
-0.08484499156475067
-0.08466317504644394
-0.08449062705039978
-0.08432804048061371
-0.08417562395334244
-0.08403310179710388
-0.08389978110790253
-0.08377455174922943
-0.08365603536367416
-0.0835425928235054
-0.08343247324228287
-0.0833238810300827
-0.08321506530046463
-0.08310441672801971
-0.08299051225185394
-0.08287222683429718
-0.08274872601032257
-0.08261951804161072
-0.08248446136713028
-0.08234374225139618
-0.0821978747844696
-0.08204763382673264
-0.08189398795366287
-0.08173806220293045
-0.08158107101917267
-0.08142425119876862
-0.0812687873840332
-0.08111575990915298
-0.08096608519554138
-0.0808204784989357
-0.08067943900823593
-0.08054321259260178
-0.08041181415319443
-0.08028502017259598
-0.080162413418293
-0.08004338294267654
-0.07992719113826752
-0.07981303334236145
-0.0797000527381897
-0.07958739250898361
-0.07947428524494171
-0.07936002314090729
-0.07924402505159378
-0.07912588119506836
-0.07900532335042953
-0.07888225466012955
-0.07875674962997437
-0.07862903922796249
-0.07849949598312378
-0.07836855947971344
-0.07823675870895386
-0.07810466736555099
-0.07797285169363022
-0.0778418630361557
-0.07771217823028564
-0.07758421450853348
-0.07745829969644547
-0.07733463495969772
-0.07721328735351562
-0.07709424942731857
-0.07697737962007523
-0.07686246186494827
-0.07674919813871384
-0.07663724571466446
-0.07652623951435089
-0.07641579210758209
-0.07630554586648941
-0.07619517296552658
-0.07608440518379211
-0.0759730339050293
-0.07586093246936798
-0.07574804127216339
-0.07563440501689911
-0.0755200982093811
-0.07540527731180191
-0.07529013603925705
-0.07517491281032562
-0.07505984604358673
-0.07494519650936127
-0.07483119517564774
-0.07471808791160583
-0.0746060311794281
-0.07449513673782349
-0.07438549399375916
-0.0742771103978157
-0.07416995614767075
-0.0740639716386795
-0.07395902276039124
-0.0738549679517746
-0.07375162839889526
-0.07364881783723831
-0.07354635745286942
-0.07344408333301544
-0.07334184646606445
-0.0732395276427269
-0.07313703000545502
-0.07303430885076523
-0.07293135672807693
-0.07282820343971252
-0.07272488623857498
-0.07262148708105087
-0.07251811027526855
-0.07241487503051758
-0.0723118931055069
-0.07220928370952606
-0.07210715860128403
-0.07200562208890915
-0.0719047486782074
-0.07180459052324295
-0.07170518487691879
-0.07160653918981552
-0.07150865346193314
-0.07141150534152985
-0.07131503522396088
-0.07121920585632324
-0.07112395763397217
-0.07102922350168228
-0.07093495875597
-0.07084111124277115
-0.07074765115976334
-0.07065454870462418
-0.07056178152561188
-0.07046935707330704
-0.07037729024887085
-0.07028559595346451
-0.0701943039894104
-0.07010343670845032
-0.07001303881406784
-0.06992311030626297
-0.06983369588851929
-0.06974479556083679
-0.06965640187263489
-0.06956849992275238
-0.06948106735944748
-0.0693940594792366
-0.06930740177631378
-0.06922104954719543
-0.06913492828607559
-0.06904895603656769
-0.06896305829286575
-0.06887716799974442
-0.06879118829965591
-0.06870507448911667
-0.06861875951290131
-0.06853220611810684
-0.06844538450241089
-0.06835827231407166
-0.06827087700366974
-0.06818320602178574
-0.06809528172016144
-0.06800713390111923
-0.06791879236698151
-0.06783029437065125
-0.06774169951677322
-0.06765306740999222
-0.06756445020437241
-0.06747588515281677
-0.06738743931055069
-0.06729914993047714
-0.06721107661724091
-0.06712324917316437
-0.0670357346534729
-0.0669485479593277
-0.06686172634363174
-0.06677531450986862
-0.06668933480978012
-0.06660383194684982
-0.06651881337165833
-0.06643431633710861
-0.06635034829378128
-0.06626693904399872
-0.06618409603834152
-0.06610182672739029
-0.06602013111114502
-0.06593901664018631
-0.06585845351219177
-0.06577843427658081
-0.06569895148277283
-0.06561995297670364
-0.06554141640663147
-0.06546329706907272
-0.06538553535938263
-0.06530808657407761
-0.06523090600967407
-0.06515393406152725
-0.06507711857557297
-0.06500039994716644
-0.06492374092340469
-0.06484709680080414
-0.0647704228758812
-0.06469370424747467
-0.06461691111326218
-0.06454002112150192
-0.06446303427219391
-0.06438593566417694
-0.06430874764919281
-0.06423147022724152
-0.06415412575006485
-0.0640767514705658
-0.06399934738874435
-0.0639219656586647
-0.06384462863206863
-0.06376738846302032
-0.06369026005268097
-0.06361329555511475
-0.06353652477264404
-0.06345997750759125
-0.06338369101285934
-0.06330769509077072
-0.06323201209306717
-0.06315667182207108
-0.06308168917894363
-0.06300707906484604
-0.06293285638093948
-0.06285902857780457
-0.06278559565544128
-0.06271255761384964
-0.06263991445302963
-0.06256763637065887
-0.06249573826789856
-0.06242417544126511
-0.06235292553901672
-0.06228196620941162
-0.06221126019954681
-0.06214077398180962
-0.06207047775387764
-0.0620003417134285
-0.0619303397834301
-0.06186044216156006
-0.06179061159491539
-0.0617208257317543
-0.06165106594562531
-0.0615813210606575
-0.06151158735156059
-0.06144184991717339
-0.06137211620807648
-0.06130238622426987
-0.06123267114162445
-0.06116297468543053
-0.06109331548213959
-0.06102371588349342
-0.06095419824123383
-0.06088478490710258
-0.06081551313400269
-0.06074639409780502
-0.06067746505141258
-0.06060873717069626
-0.06054023653268814
-0.06047198176383972
-0.06040398776531219
-0.06033626943826675
-0.06026884540915489
-0.06020171940326691
-0.0601348951458931
-0.06006836518645287
-0.06000212579965591
-0.05993615463376045
-0.05987044423818588
-0.05980496853590012
-0.05973970890045166
-0.05967464298009872
-0.05960975587368011
-0.05954502150416374
-0.05948042124509811
-0.05941592529416084
-0.05935151502490044
-0.0592871718108654
-0.05922288820147514
-0.05915866047143936
-0.05909446999430656
-0.05903032049536705
-0.05896621569991112
-0.05890215188264847
-0.0588381364941597
-0.0587741881608963
-0.05871031060814857
-0.05864652246236801
-0.0585828423500061
-0.05851928144693375
-0.05845586955547333
-0.05839262157678604
-0.05832955613732338
-0.05826668813824654
-0.05820402875542641
-0.05814159289002419
-0.05807938054203987
-0.05801739916205406
-0.05795565247535706
-0.05789413303136826
-0.05783282965421677
-0.05777173489332199
-0.05771083384752274
-0.0576501190662384
-0.0575895681977272
-0.05752916634082794
-0.05746889859437943
-0.05740875005722046
-0.05734870582818985
-0.05728874728083611
-0.05722887068986893
-0.05716906115412712
-0.05710931122303009
-0.05704962089657784
-0.05698999390006065
-0.05693043023347855
-0.05687093362212181
-0.05681151524186134
-0.05675218626856804
-0.05669296160340309
-0.05663385614752769
-0.05657487362623215
-0.05651603266596794
-0.05645733699202538
-0.05639880523085594
-0.05634043365716934
-0.05628222599625587
-0.05622419714927673
-0.05616633594036102
-0.05610864609479904
-0.05605112388730049
-0.05599377304315567
-0.05593657866120338
-0.05587953329086304
-0.05582263693213463
-0.05576587840914726
-0.05570924654603004
-0.05565273389220238
-0.05559633299708366
-0.05554002895951271
-0.05548382923007011
-0.05542771890759468
-0.05537168681621552
-0.05531572923064232
-0.05525984242558479
-0.05520403757691383
-0.05514831468462944
-0.05509268864989281
-0.05503715574741364
-0.05498173087835312
-0.05492641404271126
-0.05487122014164925
-0.05481614544987679
-0.05476120114326477
-0.0547063983976841
-0.05465173721313477
-0.05459721013903618
-0.05454282835125923
-0.05448859184980392
-0.05443448945879936
-0.05438051745295525
-0.05432667955756187
-0.05427296459674835
-0.05421936884522438
-0.05416589230298996
-0.0541125200688839
-0.05405925214290619
-0.05400608479976654
-0.05395301058888435
-0.05390003323554993
-0.05384714528918266
-0.05379434674978256
-0.05374163389205933
-0.05368900671601295
-0.05363646894693375
-0.053584024310112
-0.05353166908025742
-0.05347941443324089
-0.05342726409435272
-0.05337521806359291
-0.05332327634096146
-0.05327145010232925
-0.05321973562240601
-0.05316813290119171
-0.05311664938926697
-0.05306528881192207
-0.05301404744386673
-0.05296292528510094
-0.05291192606091499
-0.0528610460460186
-0.05281028524041176
-0.05275963991880417
-0.05270910635590553
-0.05265868827700615
-0.05260837078094482
-0.05255815759301186
-0.05250804126262665
-0.0524580143392086
-0.05240808054804802
-0.0523582436144352
-0.05230849608778954
-0.05225884169340134
-0.0522092841565609
-0.05215981975197792
-0.052110455930233
-0.05206119641661644
-0.05201203748583794
-0.05196299031376839
-0.05191404744982719
-0.05186522006988525
-0.05181651189923286
-0.05176792293787003
-0.05171944946050644
-0.05167109146714211
-0.05162284523248672
-0.0515747144818306
-0.05152669548988342
-0.0514787845313549
-0.05143097415566444
-0.05138327553868294
-0.05133568122982979
-0.0512881837785244
-0.05124079063534737
-0.05119349807500839
-0.05114630237221718
-0.05109919980168343
-0.05105219408869743
-0.0510052815079689
-0.05095846578478813
-0.05091174691915512
-0.05086512118577957
-0.05081858858466148
-0.05077215284109116
-0.05072580650448799
-0.05067955330014229
-0.05063339695334435
-0.05058733001351357
-0.05054135248064995
-0.05049546808004379
-0.0504496730864048
-0.05040396749973297
-0.05035834386944771
-0.05031280219554901
-0.05026733875274658
-0.05022195726633072
-0.05017664283514023
-0.05013140290975571
-0.05008622258901596
-0.05004110932350159
-0.04999604821205139
-0.04995103925466537
-0.04990608245134354
-0.04986117407679558
-0.0498163066804409
-0.04977147653698921
-0.04972668364644051
-0.04968192055821419
-0.04963718727231026
-0.04959249123930931
-0.04954782873392105
-0.04950320720672607
-0.04945861920714378
-0.04941406846046448
-0.04936955496668816
-0.04932507127523422
-0.04928062483668327
-0.04923621937632561
-0.04919185489416122
-0.04914753139019012
-0.04910325258970261
-0.04905902221798897
-0.04901483654975891
-0.04897069931030273
-0.04892661422491074
-0.04888258874416351
-0.04883862286806107
-0.04879471659660339
-0.0487508736550808
-0.04870710149407387
-0.04866340756416321
-0.04861978814005852
-0.04857625067234039
-0.04853279516100883
-0.04848942905664444
-0.04844615235924721
-0.04840296879410744
-0.04835988953709602
-0.04831690341234207
-0.04827402532100677
-0.04823125526309013
-0.04818859323859215
-0.04814605042338371
-0.04810362681746483
-0.04806132614612579
-0.04801914095878601
-0.04797707498073578
-0.0479351282119751
-0.04789330810308456
-0.04785160720348358
-0.04781003296375275
-0.04776857793331146
-0.04772723838686943
-0.04768601804971695
-0.04764491319656372
-0.04760392382740974
-0.04756303876638412
-0.04752225056290627
-0.04748157039284706
-0.04744098708033562
-0.04740050435066223
-0.04736011847853661
-0.04731982946395874
-0.04727963730692863
-0.04723954200744629
-0.0471995435655117
-0.04715964198112488
-0.04711983725428581
-0.04708012938499451
-0.04704051464796066
-0.04700098559260368
-0.04696155712008476
-0.046922218054533
-0.04688297212123871
-0.04684381932020187
-0.0468047633767128
-0.04676580429077148
-0.04672695323824883
-0.04668820276856422
-0.04664956405758858
-0.04661103338003159
-0.04657261818647385
-0.04653432220220566
-0.04649614542722702
-0.04645808786153793
-0.0464201457798481
-0.04638232290744781
-0.04634461924433708
-0.0463070273399353
-0.04626954719424248
-0.04623217135667801
-0.046194888651371
-0.04615768790245056
-0.04612056165933609
-0.04608349874615669
-0.04604648798704147
-0.04600951820611954
-0.04597258940339088
-0.04593567550182343
-0.04589876905083656
-0.0458618625998497
-0.04582494497299194
-0.04578800871968269
-0.04575103521347046
-0.04571400955319405
-0.04567692056298256
-0.0456397570669651
-0.04560251533985138
-0.04556518793106079
-0.04552777484059334
-0.04549027234315872
-0.04545268043875694
-0.0454150028526783
-0.04537723958492279
-0.04533940553665161
-0.04530150815844536
-0.04526355862617493
-0.04522556811571121
-0.04518754780292511
-0.04514952003955841
-0.04511149972677231
-0.0450735054910183
-0.04503555223345757
-0.04499766230583191
-0.04495985805988312
-0.04492214694619179
-0.04488455876708031
-0.04484710469841957
-0.04480980336666107
-0.044772669672966
-0.04473571851849556
-0.04469895735383034
-0.04466240108013153
-0.04462605714797974
-0.04458992183208466
-0.04455398768186569
-0.04451826214790344
-0.04448273777961731
-0.0444474071264267
-0.04441225156188011
-0.04437726363539696
-0.04434243217110634
-0.04430773854255676
-0.04427315667271614
-0.04423866420984268
-0.04420424997806549
-0.04416989162564278
-0.04413556307554245
-0.04410124197602272
-0.04406692087650299
-0.04403256997466087
-0.04399818181991577
-0.04396373406052589
-0.04392922297120094
-0.04389463365077972
-0.04385995864868164
-0.04382519796490669
-0.04379034042358398
-0.04375539347529411
-0.04372037202119827
-0.04368528351187706
-0.04365013912320137
-0.0436149463057518
-0.04357973486185074
-0.04354451224207878
-0.04350929334759712
-0.04347410053014755
-0.04343895614147186
-0.04340387135744095
-0.0433688685297966
-0.04333397001028061
-0.04329918324947357
-0.04326452314853668
-0.04323000833392143
-0.04319563880562782
-0.04316142573952675
-0.04312737286090851
-0.0430934801697731
-0.04305974766612053
-0.04302616789937019
-0.04299274086952209
-0.04295944422483444
-0.04292627796530724
-0.04289322346448898
-0.04286027327179909
-0.04282740876078606
-0.0427946113049984
-0.04276186600327492
-0.04272916167974472
-0.04269647970795631
-0.0426638051867485
-0.0426311306655407
-0.04259844496846199
-0.0425657331943512
-0.04253298789262772
-0.04250022023916245
-0.04246741905808449
-0.04243458062410355
-0.04240170866250992
-0.0423688143491745
-0.04233589768409729
-0.04230296611785889
-0.04227003455162048
-0.04223710298538208
-0.04220419004559517
-0.04217130690813065
-0.04213846102356911
-0.04210565984249115
-0.04207292571663857
-0.04204025864601135
-0.042007677257061
-0.04197518900036812
-0.04194280132651329
-0.04191052168607712
-0.0418783463537693
-0.04184628278017044
-0.04181432723999023
-0.04178247600793839
-0.04175072535872459
-0.04171907156705856
-0.0416875071823597
-0.04165602847933769
-0.04162462428212166
-0.041593287140131
-0.04156200215220451
-0.04153076186776161
-0.0414995551109314
-0.04146838188171387
-0.04143721982836723
-0.04140607267618179
-0.04137492924928665
-0.04134378209710121
-0.04131262376904488
-0.04128145426511765
-0.04125027731060982
-0.04121910035610199
-0.04118792712688446
-0.04115676879882812
-0.04112562164664268
-0.04109449312090874
-0.04106339439749718
-0.0410323329269886
-0.04100131988525391
-0.04097035527229309
-0.04093944653868675
-0.04090859740972519
-0.0408778116106987
-0.04084710031747818
-0.04081646725535393
-0.04078590869903564
-0.04075542837381363
-0.04072503000497818
-0.0406947024166584
-0.04066444560885429
-0.04063425585627556
-0.0406041294336319
-0.04057406261563301
-0.0405440554022789
-0.04051408916711807
-0.04048416018486023
-0.04045427218079567
-0.0404244139790535
-0.04039458557963371
-0.04036478325724602
-0.04033500701189041
-0.040305245667696
-0.04027549549937248
-0.04024576023221016
-0.04021603241562843
-0.0401863232254982
-0.04015663638710976
-0.0401269756257534
-0.04009733721613884
-0.04006772860884666
-0.04003815352916718
-0.04000861942768097
-0.03997912630438805
-0.03994967415928841
-0.03992027416825294
-0.03989093750715256
-0.03986165672540665
-0.03983243554830551
-0.03980327770113945
-0.03977417945861816
-0.03974514454603195
-0.03971616551280022
-0.03968724608421326
-0.03965838626027107
-0.03962957113981247
-0.03960080444812775
-0.03957207873463631
-0.03954339027404785
-0.03951473534107208
-0.0394861102104187
-0.03945751488208771
-0.0394289456307888
-0.03940039500594139
-0.03937186673283577
-0.03934336081147194
-0.0393148809671402
-0.03928642719984055
-0.03925800323486328
-0.0392296090722084
-0.03920124843716621
-0.03917291387915611
-0.03914462029933929
-0.03911636397242546
-0.03908815234899521
-0.03905998542904854
-0.03903186693787575
-0.03900379687547684
-0.03897577524185181
-0.03894780203700066
-0.03891988098621368
-0.03889200463891029
-0.03886417672038078
-0.03883638978004456
-0.03880864009261131
-0.03878093883395195
-0.03875327482819557
-0.03872564435005188
-0.03869805112481117
-0.03867048770189285
-0.03864295780658722
-0.03861545398831367
-0.03858797624707222
-0.03856052458286285
-0.03853310272097588
-0.03850571066141129
-0.03847834840416908
-0.03845101967453957
-0.03842373192310333
-0.03839647769927979
-0.03836926072835922
-0.03834208846092224
-0.03831494972109795
-0.03828785195946693
-0.0382607989013195
-0.03823378682136536
-0.03820681571960449
-0.03817988187074661
-0.03815298900008202
-0.0381261371076107
-0.03809932991862297
-0.03807255998253822
-0.03804583102464676
-0.03801914304494858
-0.03799248859286308
-0.03796587511897087
-0.03793930262327194
-0.0379127636551857
-0.03788625821471214
-0.03785978630185127
-0.03783334419131279
-0.03780693933367729
-0.03778056800365448
-0.03775422647595406
-0.03772791102528572
-0.03770163282752037
-0.037675391882658
-0.03764918819069862
-0.03762302920222282
-0.03759690001606941
-0.03757081925868988
-0.03754477947950363
-0.03751878440380096
-0.03749283403158188
-0.03746692463755608
-0.03744105994701385
-0.03741524368524551
-0.03738946467638016
-0.03736372664570808
-0.03733802959322929
-0.03731237351894379
-0.03728675097227097
-0.03726116567850113
-0.03723561763763428
-0.03721010312438011
-0.03718462958931923
-0.03715918958187103
-0.03713378682732582
-0.037108413875103
-0.03708307445049286
-0.03705776855349541
-0.03703250363469124
-0.03700726851820946
-0.03698206320405006
-0.03695689886808395
-0.03693176805973053
-0.03690667450428009
-0.03688161447644234
-0.03685658797621727
-0.03683159127831459
-0.0368066243827343
-0.0367816835641861
-0.03675677254796028
-0.03673188015818596
-0.03670701384544373
-0.03668216988444328
-0.03665734827518463
-0.03663254901766777
-0.0366077683866024
-0.03658300638198853
-0.03655826300382614
-0.03653353452682495
-0.03650882467627525
-0.03648413345217705
-0.03645945712924004
-0.03643479198217392
-0.036410141736269
-0.03638550266623497
-0.03636087849736214
-0.0363362692296505
-0.03631166741251945
-0.03628708049654961
-0.03626250475645065
-0.03623794391751289
-0.03621339052915573
-0.03618884086608887
-0.0361643061041832
-0.03613977506756783
-0.03611525148153305
-0.03609073907136917
-0.03606623411178589
-0.0360417403280735
-0.03601725772023201
-0.03599278628826141
-0.03596832603216171
-0.0359438844025135
-0.03591946139931679
-0.03589506074786186
-0.03587067872285843
-0.03584632277488708
-0.03582199662923813
-0.03579769283533096
-0.03577341884374619
-0.03574917837977409
-0.03572497516870499
-0.03570081293582916
-0.03567668423056602
-0.03565260022878647
-0.03562856093049049
-0.0356045663356781
-0.03558061271905899
-0.03555671125650406
-0.03553285449743271
-0.03550905361771584
-0.03548530861735344
-0.03546161949634552
-0.03543798252940178
-0.03541440516710281
-0.03539089113473892
-0.03536742553114891
-0.03534401953220367
-0.03532066568732262
-0.03529736772179604
-0.03527412936091423
-0.0352509431540966
-0.03522781282663345
-0.03520473465323448
-0.03518171608448029
-0.03515874966979027
-0.03513583540916443
-0.03511298075318336
-0.03509018197655678
-0.03506743907928467
-0.03504474833607674
-0.03502210602164268
-0.03499952331185341
-0.03497698530554771
-0.0349545031785965
-0.03493206575512886
-0.03490966930985451
-0.03488731384277344
-0.03486499562859535
-0.03484271094202995
-0.03482046350836754
-0.03479824587702751
-0.03477605432271957
-0.03475389629602432
-0.03473176062107086
-0.03470965102314949
-0.03468757122755051
-0.03466551378369331
-0.03464348614215851
-0.03462148085236549
-0.03459950163960457
-0.03457754477858543
-0.03455560654401779
-0.03453367948532104
-0.03451177477836609
-0.03448988124728203
-0.03446800261735916
-0.03444613516330719
-0.03442428261041641
-0.03440243750810623
-0.03438059985637665
-0.03435877338051796
-0.03433695062994957
-0.03431512787938118
-0.03429330885410309
-0.0342714861035347
-0.03424966335296631
-0.03422783315181732
-0.03420599922537804
-0.03418415039777756
-0.03416229039430618
-0.03414041921496391
-0.03411852940917015
-0.03409663215279579
-0.03407472372055054
-0.03405280038714409
-0.03403086215257645
-0.03400891646742821
-0.03398695588111877
-0.03396499156951904
-0.03394302725791931
-0.03392106667160988
-0.03389910608530045
-0.03387715667486191
-0.03385521471500397
-0.03383329138159752
-0.03381138667464256
-0.03378951922059059
-0.03376767411828041
-0.03374586999416351
-0.0337241105735302
-0.03370239213109016
-0.03368072956800461
-0.03365912288427353
-0.03363757953047752
-0.03361609578132629
-0.03359468281269073
-0.03357333317399025
-0.03355205431580544
-0.0335308350622654
-0.03350969031453133
-0.03348860889673233
-0.03346759453415871
-0.03344664722681046
-0.03342575952410698
-0.03340493142604828
-0.03338415548205376
-0.03336342796683311
-0.03334273770451546
-0.03332208469510078
-0.0333014614880085
-0.0332808643579483
-0.0332602895796299
-0.03323973715305328
-0.03321919590234756
-0.03319865837693214
-0.03317811712622643
-0.03315756469964981
-0.033136997371912
-0.0331164114177227
-0.03309580311179161
-0.03307517245411873
-0.03305451199412346
-0.0330338291823864
-0.03301312401890755
-0.03299238905310631
-0.03297162801027298
-0.03295084461569786
-0.03293004631996155
-0.03290924057364464
-0.03288842737674713
-0.03286762163043022
-0.03284683078527451
-0.03282606229186058
-0.03280531987547874
-0.03278461471199989
-0.03276395052671432
-0.03274333477020264
-0.03272277116775513
-0.03270226716995239
-0.03268181532621384
-0.03266142308712006
-0.03264109045267105
-0.03262081369757652
-0.03260058909654617
-0.0325804241001606
-0.0325603187084198
-0.03254026547074318
-0.03252026811242104
-0.03250032290816307
-0.03248042240738869
-0.03246056661009789
-0.03244074806571007
-0.03242096677422523
-0.03240120410919189
-0.03238146752119064
-0.03236174210906029
-0.03234202787280083
-0.03232232108712196
-0.0323026143014431
-0.03228289633989334
-0.03226317465305328
-0.03224343433976173
-0.03222368285059929
-0.03220391646027565
-0.03218413144350052
-0.03216433152556419
-0.03214451670646667
-0.03212469816207886
-0.03210487216711044
-0.03208505362272263
-0.03206523507833481
-0.03204542398452759
-0.03202562779188156
-0.03200585395097733
-0.03198610618710518
-0.03196638822555542
-0.03194670751690865
-0.03192706406116486
-0.03190746158361435
-0.03188789635896683
-0.03186838328838348
-0.03184892609715462
-0.03182952478528023
-0.03181016817688942
-0.03179086372256279
-0.03177160769701004
-0.03175239637494087
-0.03173322603106499
-0.03171409666538239
-0.03169500827789307
-0.03167594596743584
-0.0316569097340107
-0.03163788840174675
-0.0316188782453537
-0.03159987926483154
-0.03158088400959969
-0.03156189620494843
-0.03154290840029716
-0.03152391687035561
-0.03150492161512375
-0.03148592263460159
-0.03146691992878914
-0.03144790977239609
-0.03142889961600304
-0.03140989691019058
-0.03139089420437813
-0.03137189522385597
-0.03135290741920471
-0.03133392706513405
-0.03131496533751488
-0.0312960259616375
-0.03127710893750191
-0.031258225440979
-0.03123937547206879
-0.0312205646187067
-0.03120178729295731
-0.03118304908275604
-0.03116435371339321
-0.03114569187164307
-0.03112706914544106
-0.03110848180949688
-0.03108992427587509
-0.03107139840722084
-0.03105290234088898
-0.0310344286262989
-0.03101597912609577
-0.03099754452705383
-0.03097912855446339
-0.03096072562038898
-0.03094233199954033
-0.03092394955456257
-0.03090557456016541
-0.03088720515370369
-0.03086884319782257
-0.0308504905551672
-0.03083214722573757
-0.03081381134688854
-0.03079548291862011
-0.03077716380357742
-0.03075885400176048
-0.03074055910110474
-0.03072227910161018
-0.03070401772856712
-0.030685780569911
-0.03066756390035152
-0.03064937144517899
-0.03063120134174824
-0.03061306104063988
-0.03059494681656361
-0.03057685866951942
-0.03055879846215248
-0.03054076433181763
-0.03052275441586971
-0.03050476312637329
-0.03048679791390896
-0.03046885691583157
-0.03045093268156052
-0.03043302893638611
-0.03041514754295349
-0.03039728477597237
-0.03037944249808788
-0.03036162070930004
-0.03034381382167339
-0.03032602183520794
-0.03030824474990368
