0
0
0
0
0
0
0
0
0
0
0
0
0
0
0
0
0
0
0
0
0
0
0
0
0
0
0
0
0
0
0
0
0
0
0
0
0
0
0
0
0
0
0
0
0
0
0
0
0
0
0
0
0
0
0
0
0
0
0
0
0
0
0
0
0
0
0
0
0
0
0
0
0
0
0
0
0
0
0
0
0
0
0
0
0
0
0
0
0
0
0
0
0
0
0
0
0
0
0
0
0
0
0
0
0
0
0
0
0
0
0
0
0
0
0
0
0
0
0
0
0
0
0
0
0
0
0
0
0
0
0
0
0
0
0
0
0
0
0
0
0
0
0
0
0
0
0
0
0
0
0
0
0
0
0
0
0
0
0
0
0
0
0
0
0
0
0
0
0
0
0
0
0
0
0
0
0
0
0
0
0
0
0
0
0
0
0
0
0
0
0
0
0
0
0
0
0
0
0
0
0
0
0
0
0
0
0
0
0
0
0
0
0
0
0
0
0
0
0
0
0
0
0
0
0
0
0
0
0
0
0
0
0
0
0
0
0
0
0
0
0
0
0
0
0
0
0
0
0
0
0
0
0
0
0
0
0
0
0
0
0
0
0
0
0
0
0
0
0
0
0
0
0
0
0
0
0
0
0
0
0
0
0
0
0
0
0
0
0
0
0
0
0
0
0
0
0
0
0
0
0
0
0
0
0
0
0
0
0
0
0
0
0
0
0
0
0
0
0
0
0
0
0
0
0
0
0
0
0
0
0
0
0
0
0
0
0
0
0
0
0
0
0
0
0
0
0
0
0
0
0
0
0
0
0
0
0
0
0
0
0
0
0
0
0
0
0
0
0
0
0
0
0
0
0
0
0
0
0
0
0
0
0
0
0
0
0
0
0
0
0
0
0
0
0
0
0
0
0
0
0
0
0
0
0
0
0
0
0
0
0
0
0
0
0
0
0
0
0
0
0
0
0
0
0
0
0
0
0
0
0
0
0
0
0
0
0
0
0
0
0
0
0
0
0
0
0
0
0
0
0
0
0
0
0
0
0
0
0
0
0
0
0
0
0
0
0
0
0
0
0
0
0
0
0
0
0
0
0
0
0
0
0
0
0
0
0
0
0
0
0
0
0
0
0
0
0
0
0
0
0
0
0
0
0
0
0
0
0
0
0
0
0
0
0
0
0
0
0
0
0
0
0
0
0
0
0
0
0
0
0
0
0
0
0
0
0
0
0
0
0
0
0
0
0
0
0
0
0
0
0
0
0
0
0
0
0
0
0
0
0
0
0
0
0
0
0
0
0
0
0
0
0
0
0
0
0
2.802596928649634e-45
1.401298464324817e-44
3.082856621514598e-44
7.006492321624085e-44
1.569454280043795e-43
3.531272130098539e-43
7.987401246651457e-43
1.782451646621167e-42
3.94745777400301e-42
8.683846583420891e-42
1.900160717624452e-41
4.139155403922645e-41
8.979240299700563e-41
1.940279892658071e-40
4.175701267872236e-40
8.949644876134023e-40
1.910286500327663e-39
4.060870463914674e-39
8.597627491507914e-39
1.812953710294126e-38
3.807623041027115e-38
7.965074638479063e-38
1.659601379708091e-37
3.444331313424496e-37
7.120366991613469e-37
1.46623988162308e-36
3.007611602343195e-36
6.145558221481771e-36
1.250928170859424e-35
2.536550644223636e-35
5.123928791739613e-35
1.031144218513162e-34
2.067287043082203e-34
4.129099772238427e-34
8.216579697618053e-34
1.628980785915333e-33
3.2176435849654e-33
6.332344721525476e-33
1.241662487019693e-32
2.425842418663412e-32
4.722251154357782e-32
9.159471377264053e-32
1.770246767267722e-31
3.409153434828238e-31
6.542078862749967e-31
1.25097462984e-30
2.383700546518354e-30
4.526184762191475e-30
8.56439981410237e-30
1.61492520982634e-29
3.034627327133652e-29
5.682800560892099e-29
1.060546907280237e-28
1.97248713412161e-28
3.6561309989038e-28
6.753963795878905e-28
1.243458468555644e-27
2.281631679153064e-27
4.172607728386622e-27
7.605418772443463e-27
1.381650740598132e-26
2.50172028948003e-26
4.514922747813602e-26
8.121543653784746e-26
1.456160317099729e-25
2.602361407320018e-25
4.635742095607407e-25
8.231322769950466e-25
1.456880842929035e-24
2.570323004945824e-24
4.520284610734486e-24
7.92434602893844e-24
1.384795778650638e-23
2.412335070444044e-23
4.189132241205831e-23
7.251870190685754e-23
1.251469261099532e-22
2.152976600577973e-22
3.692428938350425e-22
6.313108674077197e-22
1.076061810529188e-21
1.828515257739537e-21
3.097645587272255e-21
5.231678671398867e-21
8.809087398364744e-21
1.47878713177156e-20
2.474966721141567e-20
4.129773848296577e-20
6.870374759757916e-20
1.13955658208967e-19
1.884502258563914e-19
3.107181703421155e-19
5.107986073097908e-19
8.372395423919788e-19
1.368265507413258e-18
2.229540850454497e-18
3.62233474457179e-18
5.868044080869555e-18
9.478362372682787e-18
1.526553217788242e-17
2.4515040972032e-17
3.925535151125142e-17
6.267783082352746e-17
9.97886471135637e-17
1.584176736841054e-16
2.507752478118479e-16
3.95846977734786e-16
6.230669539675411e-16
9.77934477714164e-16
1.530578265414035e-15
2.388773306968134e-15
3.71766911011354e-15
5.769601342639399e-15
8.929002048645943e-15
1.37798572465847e-14
2.120674038393229e-14
3.254566212883281e-14
4.980866115606233e-14
7.601715481045379e-14
1.156953222461454e-13
1.75598142797273e-13
2.657823776602147e-13
4.011779244309649e-13
6.038855396642284e-13
9.065277825279217e-13
1.357121554891594e-12
2.02614010638702e-12
3.016723156001877e-12
4.479386913475158e-12
6.633165371139338e-12
9.795893263220279e-12
1.442746703356201e-11
2.119145310619519e-11
3.104257129127319e-11
4.535055317389514e-11
6.607498576061133e-11
9.601136552461753e-11
1.391364523595229e-10
2.010913102701295e-10
2.898551954011452e-10
4.16682965909132e-10
5.974046257684051e-10
8.542218599139062e-10
1.2181853303872e-09
1.732597509906952e-09
2.457676284706167e-09
3.476925858336699e-09
4.905810868649496e-09
6.903538185554225e-09
9.689002489210452e-09
1.356230594495855e-08
1.893371859296167e-08
2.636251394960709e-08
3.660891323420401e-08
5.070333486401069e-08
7.00384106266938e-08
9.64909503409217e-08
1.325829970255654e-07
1.816938635101906e-07
2.483384946572187e-07
3.385317199899873e-07
4.602632657224603e-07
6.241153869268601e-07
8.440634928774671e-07
1.13851001515286e-06
1.531616021566151e-06
2.05501032723987e-06
2.74997591986903e-06
3.670237219921546e-06
4.885503130935831e-06
6.485952326329425e-06
8.587900083512068e-06
1.134091871790588e-05
1.493677427788498e-05
1.962057831406128e-05
2.570468859630637e-05
3.358593312441371e-05
4.376691140350886e-05
5.688223609467968e-05
7.373072003247216e-05
9.531471005175263e-05
0.0001228880573762581
0.0001580142270540819
0.0002026365982601419
0.0002591630327515304
0.000330567272612825
0.0004205101577099413
0.0005334834568202496
0.0006749804015271366
0.000851696589961648
0.001071765902452171
0.001345035736449063
0.001683387090452015
0.002101105637848377
0.002615307457745075
0.003246427280828357
0.004018774256110191
0.004961161874234676
0.00610761484131217
0.007498162798583508
0.009179720655083656
0.01120705716311932
0.01364385616034269
0.01656386815011501
0.02005215547978878
0.02420638874173164
0.02913826517760754
0.03497491404414177
0.04186037182807922
0.0499570444226265
0.05944716557860374
0.0705341175198555
0.08344364166259766
0.09842490404844284
0.1157512292265892
0.1357205361127853
0.1586552113294601
0.1849016547203064
0.2148288786411285
0.2488265037536621
0.2873018383979797
0.3306756913661957
0.3793773353099823
0.4338376820087433
0.4944817125797272
0.5617184638977051
0.6359304785728455
0.7174607515335083
0.8065986633300781
0.9035646915435791
1.008493185043335
1.121415376663208
1.242240786552429
1.370739817619324
1.506526827812195
1.649044990539551
1.797553181648254
1.951117873191833
2.108608722686768
2.268699884414673
2.429879426956177
2.59046459197998
2.748625993728638
2.902420520782471
3.049830913543701
3.188814878463745
3.317358493804932
3.433534860610962
3.535565853118896
3.621882438659668
3.691183090209961
3.742487192153931
3.775177478790283
3.789037466049194
3.784270286560059
3.761508464813232
3.721806526184082
3.66662073135376
3.597776412963867
3.517419099807739
3.427958488464355
3.332004308700562
3.232293128967285
3.131613969802856
3.032731294631958
2.938308954238892
2.850837230682373
2.772563457489014
2.705430746078491
2.651022434234619
2.610516786575317
2.58465313911438
2.573708057403564
2.577485084533691
2.595319986343384
2.626099586486816
2.66829514503479
2.720013618469238
2.77906060218811
2.843017816543579
2.909332036972046
2.975412845611572
3.038733243942261
3.096929311752319
3.147897243499756
3.189879417419434
3.221536159515381
3.241997957229614
3.250898361206055
3.248381614685059
3.235085725784302
3.212103843688965
3.180922031402588
3.143342971801758
3.10139012336731
3.05720853805542
3.012959957122803
2.970716238021851
2.932364702224731
2.899521589279175
2.873460054397583
2.855058193206787
2.844766855239868
2.842597484588623
2.848134517669678
2.860567331314087
2.878743171691895
2.901235818862915
2.926427125930786
2.952596664428711
2.97801661491394
3.00104284286499
3.02020001411438
3.034255027770996
3.042272806167603
3.043654441833496
3.038152694702148
3.025867462158203
3.007219552993774
2.982905387878418
2.953839063644409
2.921082496643066
2.885768890380859
2.849027633666992
2.811912059783936
2.775337696075439
2.740031719207764
2.706499576568604
2.67500638961792
2.645578861236572
2.61802339553833
2.591957330703735
2.566855192184448
2.542104482650757
2.51706337928772
2.491121053695679
2.46375298500061
2.434569597244263
2.403352737426758
2.370077848434448
2.334923267364502
2.298263311386108
2.260645627975464
2.222756862640381
2.185379028320312
2.149338722229004
2.11545205116272
2.084472179412842
2.057041645050049
2.033648490905762
2.014598608016968
1.999993920326233
1.989729285240173
1.983497619628906
1.9808109998703
1.981029987335205
1.983402729034424
1.987109661102295
1.991310715675354
1.995192646980286
1.99801242351532
1.999135732650757
1.99806547164917
1.994462370872498
1.988154888153076
1.979137659072876
1.967561483383179
1.953713774681091
1.937993168830872
1.920878529548645
1.902895331382751
1.884583592414856
1.866465210914612
1.849016666412354
1.832645773887634
1.817673921585083
1.804325819015503
1.792724609375
1.782894611358643
1.774766564369202
1.768190383911133
1.762949705123901
1.758778929710388
1.755382061004639
1.752450823783875
1.749682426452637
1.746796011924744
1.743544936180115
1.739728450775146
1.735198616981506
1.729865193367004
1.723695755004883
1.716714143753052
1.708994746208191
1.700655698776245
1.691848993301392
1.68274986743927
1.673545360565186
1.664422154426575
1.655555129051208
1.647097706794739
1.639172434806824
1.631865620613098
1.625222206115723
1.619245052337646
1.613896727561951
1.609102725982666
1.604758858680725
1.600738883018494
1.596905112266541
1.593117952346802
1.589246392250061
1.585177302360535
1.580823183059692
1.576127290725708
1.571066617965698
1.56565260887146
1.559928059577942
1.553962826728821
1.547846436500549
1.541679859161377
1.535566568374634
1.529603242874146
1.523872494697571
1.518436312675476
1.513331770896912
1.508568644523621
1.504131078720093
1.49997889995575
1.496053338050842
1.492283344268799
1.488592147827148
1.484904885292053
1.481155276298523
1.477290868759155
1.473277568817139
1.469101071357727
1.464766979217529
1.460299491882324
1.455736637115479
1.451126933097839
1.446523189544678
1.44197690486908
1.437534093856812
1.43323028087616
1.429088115692139
1.425115585327148
1.421306490898132
1.417641878128052
1.414093375205994
1.41062605381012
1.407203078269958
1.403789281845093
1.400354504585266
1.396876335144043
1.393341898918152
1.389748334884644
1.386102676391602
1.382419466972351
1.378719329833984
1.375025868415833
1.371362686157227
1.367750883102417
1.36420738697052
1.360742688179016
1.357361078262329
1.35405969619751
1.350830078125
1.347659468650818
1.344532608985901
1.34143328666687
1.338346719741821
1.335260987281799
1.332167148590088
1.329061388969421
1.325943827629089
1.322818756103516
1.319693207740784
1.316576361656189
1.313477993011475
1.310407400131226
1.307372093200684
1.304377675056458
1.30142605304718
1.298516750335693
1.295646905899048
1.292811512947083
1.290004730224609
1.287219524383545
1.284450054168701
1.281691312789917
1.278939723968506
1.276193499565125
1.273452758789062
1.270719408988953
1.267995953559875
1.265286087989807
1.262593746185303
1.259921789169312
1.257273197174072
1.25464928150177
1.252050876617432
1.24947714805603
1.246926426887512
1.244396924972534
1.241885900497437
1.239390850067139
1.236909627914429
1.234440565109253
1.231982707977295
1.229535698890686
1.227099776268005
1.224675893783569
1.222265124320984
1.219868540763855
1.217487335205078
1.215122580528259
1.212774753570557
1.210444331169128
1.208130955696106
1.205834031105042
1.203552961349487
1.201286315917969
1.199033498764038
1.1967933177948
1.194565296173096
1.192348718643188
1.190143823623657
1.187950372695923
1.185768723487854
1.183598875999451
1.181441187858582
1.179295778274536
1.177162766456604
1.175042629241943
1.172935009002686
1.170839548110962
1.168755292892456
1.166681528091431
1.164617419242859
1.162561893463135
1.160513877868652
1.158472418785095
1.15643572807312
1.154402494430542
1.152370691299438
1.150338411331177
1.148303389549255
1.146262526512146
1.144212603569031
1.142149329185486
1.140068292617798
1.137964129447937
1.135830521583557
1.133660793304443
1.131446957588196
1.129180908203125
1.126853108406067
1.124453902244568
1.121972918510437
1.119399309158325
1.116722226142883
1.113930583000183
1.111013531684875
1.107961177825928
1.104763746261597
1.101413249969482
1.097903251647949
1.094229698181152
1.090390563011169
1.086387515068054
1.08222484588623
1.077911138534546
1.073458671569824
1.068883299827576
1.064205646514893
1.059449791908264
1.054643273353577
1.049816370010376
1.045001983642578
1.040233731269836
1.035545229911804
1.030969381332397
1.026536345481873
1.022272706031799
1.018199324607849
1.014330625534058
1.010673403739929
1.007225632667542
1.003976225852966
1.000903487205505
0.9979764819145203
0.9951544404029846
0.9923878908157349
0.9896196722984314
0.9867861270904541
0.9838192462921143
0.9806479215621948
0.9771997928619385
0.97340327501297
0.9691885709762573
0.9644894599914551
0.9592429995536804
0.9533907771110535
0.9468775391578674
0.9396507740020752
0.9316587448120117
0.9228489398956299
0.9131653308868408
0.9025460481643677
0.8909204602241516
0.878207266330719
0.8643117547035217
0.8491247892379761
0.8325214385986328
0.8143612742424011
0.7944886684417725
0.7727344036102295
0.7489177584648132
0.7228492498397827
0.694334089756012
0.6631760001182556
0.6291805505752563
0.5921592712402344
0.5519328713417053
0.5083346962928772
0.4612130224704742
0.4104337990283966
0.3558821380138397
0.2974637448787689
0.2351063042879105
0.168760359287262
0.09840027987957001
0.02402527816593647
-0.05433916673064232
-0.1366397589445114
-0.2227935492992401
-0.3126858472824097
-0.40616774559021
-0.5030539035797119
-0.6031203866004944
-0.7061024904251099
-0.8116934299468994
-0.9195432662963867
-1.029258847236633
-1.140404462814331
-1.252503037452698
-1.365038871765137
-1.477459669113159
-1.589181661605835
-1.69959282875061
-1.808058261871338
-1.913925170898438
-2.016529083251953
-2.115199089050293
-2.209265470504761
-2.298064947128296
-2.380948781967163
-2.457290172576904
-2.526492834091187
-2.58799934387207
-2.641300201416016
-2.685945749282837
-2.721554279327393
-2.747825384140015
-2.764549493789673
-2.771620273590088
-2.769043445587158
-2.756948709487915
-2.735596418380737
-2.705384254455566
-2.666851997375488
-2.620681524276733
-2.567696094512939
-2.508853435516357
-2.445235252380371
-2.378033876419067
-2.308532238006592
-2.238080263137817
-2.168068170547485
-2.099896192550659
-2.034939289093018
-1.974513530731201
-1.9198397397995
-1.872007727622986
-1.831942677497864
-1.800376415252686
-1.777820944786072
-1.764549136161804
-1.760582208633423
-1.765684485435486
-1.779366254806519
-1.800894141197205
-1.829309821128845
-1.863455533981323
-1.902005791664124
-1.943504810333252
-1.986407279968262
-2.029123306274414
-2.070063352584839
-2.107683181762695
-2.140528440475464
-2.167275905609131
-2.186771869659424
-2.198065280914307
-2.200434684753418
-2.193408727645874
-2.17678165435791
-2.150618076324463
-2.115250587463379
-2.071271419525146
-2.01951265335083
-1.961020112037659
-1.897019743919373
-1.828877925872803
-1.758054852485657
-1.686056852340698
-1.614384293556213
-1.544480443000793
-1.477683067321777
-1.415178894996643
-1.357964754104614
-1.306816816329956
-1.262269616127014
-1.22460412979126
-1.193848013877869
-1.169786095619202
-1.151980638504028
-1.139801263809204
-1.132462024688721
-1.129063725471497
-1.128640174865723
-1.130205512046814
-1.132799744606018
-1.135531783103943
-1.137616753578186
-1.138406753540039
-1.137413620948792
-1.134321808815002
-1.128992676734924
-1.121459364891052
-1.111912488937378
-1.100678324699402
-1.088190078735352
-1.074954986572266
-1.061517357826233
-1.0484219789505
-1.036177754402161
-1.025225400924683
-1.015909194946289
-1.008456707000732
-1.002965211868286
-0.9993967413902283
-0.9975817799568176
-0.9972314238548279
-0.9979567527770996
-0.999294102191925
-1.00073504447937
-1.001759171485901
-1.001866579055786
-1.000609993934631
-0.9976233243942261
-0.9926448464393616
-0.9855339527130127
-0.9762806296348572
-0.9650073647499084
-0.9519625306129456
-0.9375055432319641
-0.9220864772796631
-0.9062190055847168
-0.8904504776000977
-0.8753291368484497
-0.8613713383674622
-0.8490314483642578
-0.838674783706665
-0.8305569291114807
-0.8248087763786316
-0.821429967880249
-0.8202903866767883
-0.821138858795166
-0.823619544506073
-0.8272945284843445
-0.8316708207130432
-0.8362300992012024
-0.840459942817688
-0.8438839316368103
-0.8460884094238281
-0.8467462062835693
-0.8456333875656128
-0.8426400423049927
-0.8377735614776611
-0.8311549425125122
-0.8230080008506775
-0.8136427998542786
-0.8034340739250183
-0.7927957773208618
-0.7821547985076904
-0.7719240784645081
-0.7624771595001221
-0.7541267871856689
-0.7471075057983398
-0.7415636777877808
-0.7375441789627075
-0.7350033521652222
-0.7338076829910278
-0.7337479591369629
-0.7345560789108276
-0.7359248995780945
-0.7375297546386719
-0.7390504479408264
-0.7401914596557617
-0.740700364112854
-0.7403818964958191
-0.7391082048416138
-0.7368233799934387
-0.733543872833252
-0.7293533086776733
-0.7243934273719788
-0.7188512682914734
-0.712943971157074
-0.7069024443626404
-0.7009551525115967
-0.6953120231628418
-0.6901512145996094
-0.6856086850166321
-0.6817710399627686
-0.6786726713180542
-0.676296055316925
-0.674576461315155
-0.6734088659286499
-0.6726584434509277
-0.6721715927124023
-0.6717881560325623
-0.6713533997535706
-0.6707286238670349
-0.6698001623153687
-0.6684860587120056
-0.666739821434021
-0.6645515561103821
-0.6619462370872498
-0.6589792370796204
-0.6557304859161377
-0.6522967219352722
-0.6487830877304077
-0.6452945470809937
-0.6419280171394348
-0.6387658715248108
-0.6358703374862671
-0.633280336856842
-0.6310100555419922
-0.6290498971939087
-0.6273685693740845
-0.6259173154830933
-0.6246348023414612
-0.62345290184021
-0.6223026514053345
-0.6211194396018982
-0.61984783411026
-0.6184453964233398
-0.6168848872184753
-0.6151554584503174
-0.6132621169090271
-0.6112241744995117
-0.6090723872184753
-0.6068462133407593
-0.6045891046524048
-0.6023454666137695
-0.6001564860343933
-0.5980571508407593
-0.5960738658905029
-0.5942231416702271
-0.5925105810165405
-0.5909318923950195
-0.5894735455513
-0.5881149172782898
-0.5868302583694458
-0.5855916142463684
-0.5843711495399475
-0.5831432938575745
-0.5818868279457092
-0.5805861949920654
-0.579232394695282
-0.5778226852416992
-0.5763605237007141
-0.5748546123504639
-0.5733171701431274
-0.5717629790306091
-0.5702071785926819
-0.5686641931533813
-0.5671460628509521
-0.5656615495681763
-0.564215362071991
-0.5628082156181335
-0.5614367723464966
-0.5600942373275757
-0.5587711930274963
-0.5574565529823303
-0.5561388731002808
-0.554807186126709
-0.5534523129463196
-0.5520672798156738
-0.5506480932235718
-0.5491939187049866
-0.5477072596549988
-0.5461935997009277
-0.5446606874465942
-0.5431179404258728
-0.5415761470794678
-0.5400460958480835
-0.5385381579399109
-0.5370614528656006
-0.53562331199646
-0.5342293977737427
-0.5328830480575562
-0.5315853357315063
-0.5303354263305664
-0.5291308164596558
-0.5279675126075745
-0.5268405675888062
-0.525744616985321
-0.5246739387512207
-0.5236228704452515
-0.5225861668586731
-0.5215591192245483
-0.5205374956130981
-0.5195178389549255
-0.5184971690177917
-0.5174731612205505
-0.5164438486099243
-0.5154078006744385
-0.5143640637397766
-0.5133118629455566
-0.5122509002685547
-0.5111813545227051
-0.510103702545166
-0.5090188980102539
-0.5079286098480225
-0.5068349242210388
-0.5057404637336731
-0.5046481490135193
-0.5035613179206848
-0.5024834275245667
-0.501417875289917
-0.5003679394721985
-0.499336302280426
-0.4983251392841339
-0.4973358511924744
-0.496368795633316
-0.4954235553741455
-0.4944986402988434
-0.4935917854309082
-0.4927000999450684
-0.4918201267719269
-0.4909481406211853
-0.4900804758071899
-0.489213615655899
-0.4883446395397186
-0.4874710738658905
-0.4865914881229401
-0.4857051968574524
-0.4848124086856842
-0.4839142560958862
-0.4830125868320465
-0.4821097552776337
-0.4812085032463074
-0.4803116619586945
-0.4794220626354218
-0.4785420894622803
-0.4776737689971924
-0.4768185317516327
-0.4759770929813385
-0.4751494526863098
-0.4743350744247437
-0.4735327661037445
-0.4727408587932587
-0.4719574451446533
-0.4711804389953613
-0.4704078137874603
-0.4696376323699951
-0.4688684344291687
-0.4680990874767303
-0.4673288464546204
-0.4665575921535492
-0.4657856523990631
-0.4650137722492218
-0.4642429649829865
-0.463474452495575
-0.4627096056938171
-0.4619496166706085
-0.4611956477165222
-0.4604486227035522
-0.4597091376781464
-0.4589775204658508
-0.4582537412643433
-0.457537442445755
-0.4568280279636383
-0.4561247229576111
-0.4554266333580017
-0.4547328948974609
-0.4540426731109619
-0.4533551931381226
-0.4526698589324951
-0.4519863128662109
-0.4513044357299805
-0.4506243169307709
-0.4499461948871613
-0.4492705464363098
-0.4485978186130524
-0.4479285180568695
-0.4472631812095642
-0.4466022253036499
-0.44594606757164
-0.4452947974205017
-0.4446485340595245
-0.4440071582794189
-0.4433704912662506
-0.4427382051944733
-0.442110002040863
-0.4414854943752289
-0.440864235162735
-0.4402459561824799
-0.4396304190158844
-0.4390174746513367
-0.4384070038795471
-0.4377990365028381
-0.4371936321258545
-0.4365909397602081
-0.4359911978244781
-0.4353945851325989
-0.434801310300827
-0.4342115521430969
-0.433625340461731
-0.4330427944660187
-0.4324637949466705
-0.4318883419036865
-0.4313163161277771
-0.4307475686073303
-0.4301819205284119
-0.4296192228794098
-0.4290593564510345
-0.4285022020339966
-0.4279476702213287
-0.4273956418037415
-0.4268461465835571
-0.4262992143630981
-0.4257548451423645
-0.4252131879329681
-0.4246743023395538
-0.4241382479667664
-0.4236050248146057
-0.4230746924877167
-0.4225472509860992
-0.4220227003097534
-0.4215009808540344
-0.4209820628166199
-0.4204657971858978
-0.4199521839618683
-0.4194411039352417
-0.4189324975013733
-0.4184263944625854
-0.4179227352142334
-0.4174214601516724
-0.41692253947258
-0.416426032781601
-0.4159319698810577
-0.4154403209686279
-0.4149510860443115
-0.4144643247127533
-0.4139800071716309
-0.4134981334209442
-0.4130186438560486
-0.412541538476944
-0.412066787481308
-0.411594420671463
-0.4111242890357971
-0.4106564223766327
-0.4101907908916473
-0.4097273945808411
-0.4092661738395691
-0.4088071286678314
-0.4083502292633057
-0.4078954756259918
-0.4074429273605347
-0.4069924652576447
-0.4065441787242889
-0.4060980379581451
-0.4056540131568909
-0.4052121341228485
-0.4047723710536957
-0.4043346345424652
-0.4038989543914795
-0.4034652411937714
-0.4030335545539856
-0.4026037752628326
-0.4021759331226349
-0.4017499983310699
-0.401325911283493
-0.4009036719799042
-0.400483250617981
-0.400064617395401
-0.3996477127075195
-0.3992324471473694
-0.3988187313079834
-0.3984064757823944
-0.3979955911636353
-0.3975858986377716
-0.3971771895885468
-0.3967692255973816
-0.3963617384433746
-0.395954430103302
-0.3955468833446503
-0.3951386213302612
-0.3947291076183319
-0.3943177163600922
-0.3939036726951599
-0.3934860527515411
-0.3930638134479523
-0.3926357626914978
-0.3922004103660583
-0.3917560875415802
-0.3913008570671082
-0.3908325731754303
-0.3903487324714661
-0.3898465931415558
-0.389322966337204
-0.3887742757797241
-0.3881967067718506
-0.3875859379768372
-0.3869374394416809
-0.3862460851669312
-0.3855065107345581
-0.3847130537033081
-0.3838596343994141
-0.3829400241374969
-0.3819478452205658
-0.3808765709400177
-0.3797198534011841
-0.3784714639186859
-0.3771255016326904
-0.3756765425205231
-0.374119907617569
-0.3724517226219177
-0.3706691265106201
-0.3687705993652344
-0.3667561709880829
-0.3646274507045746
-0.3623879849910736
-0.3600433170795441
-0.3576010167598724
-0.355070948600769
-0.3524650037288666
-0.3497975468635559
-0.3470847308635712
-0.3443445861339569
-0.3415968120098114
-0.3388622999191284
-0.336162805557251
-0.3335204422473907
-0.3309571743011475
-0.328494131565094
-0.326151043176651
-0.323945552110672
-0.3218928277492523
-0.3200047612190247
-0.318289577960968
-0.3167513608932495
-0.3153898417949677
-0.3142002522945404
-0.3131732940673828
-0.3122952580451965
-0.3115484118461609
-0.310911625623703
-0.3103609085083008
-0.3098702132701874
-0.3094125390052795
-0.3089607954025269
-0.3084886968135834
-0.3079721927642822
-0.3073900640010834
-0.3067249357700348
-0.305963933467865
-0.3050993084907532
-0.3041285872459412
-0.3030546605587006
-0.3018856346607208
-0.3006342947483063
-0.2993174493312836
-0.2979549467563629
-0.2965687215328217
-0.2951814830303192
-0.293815553188324
-0.2924918532371521
-0.2912283837795258
-0.2900397181510925
-0.2889361083507538
-0.2879229784011841
-0.287000834941864
-0.2861652374267578
-0.2854074239730835
-0.2847147583961487
-0.2840717732906342
-0.2834612429141998
-0.2828651666641235
-0.2822661101818085
-0.2816482484340668
-0.2809982597827911
-0.2803061902523041
-0.2795659303665161
-0.2787753641605377
-0.2779364585876465
-0.2770547568798065
-0.276139110326767
-0.2752004265785217
-0.2742511630058289
-0.2733041048049927
-0.2723714113235474
-0.2714638710021973
-0.2705899775028229
-0.2697555422782898
-0.2689632773399353
-0.2682127952575684
-0.2675009369850159
-0.2668220698833466
-0.266168624162674
-0.2655319273471832
-0.2649030089378357
-0.2642733752727509
-0.2636355459690094
-0.2629837095737457
-0.2623140811920166
-0.2616251111030579
-0.2609175145626068
-0.2601939141750336
-0.2594584822654724
-0.2587165534496307
-0.2579739987850189
-0.2572365701198578
-0.2565094530582428
-0.2557968199253082
-0.2551014721393585
-0.2544247508049011
-0.2537664473056793
-0.2531249821186066
-0.2524975836277008
-0.2518808543682098
-0.2512709200382233
-0.2506639957427979
-0.2500567734241486
-0.2494464963674545
-0.2488314211368561
-0.2482108026742935
-0.2475849092006683
-0.2469548285007477
-0.2463223487138748
-0.2456897348165512
-0.2450593411922455
-0.2444333881139755
-0.2438137978315353
-0.2432018965482712
-0.2425983995199203
-0.2420034110546112
-0.2414163798093796
-0.2408362776041031
-0.2402617633342743
-0.2396913170814514
-0.239123523235321
-0.2385570704936981
-0.2379910051822662
-0.2374247461557388
-0.2368581891059875
-0.2362915575504303
-0.2357253879308701
-0.2351604402065277
-0.2345975786447525
-0.2340376079082489
-0.2334812432527542
-0.2329290211200714
-0.2323811948299408
-0.2318378388881683
-0.2312987297773361
-0.2307635098695755
-0.2302316129207611
-0.22970250248909
-0.2291756719350815
-0.228650689125061
-0.2281272709369659
-0.2276052385568619
-0.2270845919847488
-0.2265654653310776
-0.226048082113266
-0.2255327254533768
-0.2250196635723114
-0.2245091497898102
-0.2240013480186462
-0.2234963923692703
-0.2229943126440048
-0.2224949896335602
-0.221998319029808
-0.2215041220188141
-0.2210122048854828
-0.2205223888158798
-0.2200345247983932
-0.2195485085248947
-0.2190642654895782
-0.2185818254947662
-0.2181012034416199
-0.2176224589347839
-0.2171456813812256
-0.216670960187912
-0.2161983400583267
-0.2157278954982758
-0.2152596116065979
-0.2147934883832932
-0.2143294513225555
-0.2138675004243851
-0.2134075164794922
-0.2129494547843933
-0.2124932557344437
-0.2120388746261597
-0.2115862965583801
-0.2111354619264603
-0.2106863856315613
-0.2102390974760056
-0.2097935974597931
-0.2093499153852463
-0.2089080661535263
-0.2084680497646332
-0.2080298513174057
-0.2075934857130051
-0.2071589380502701
-0.206726148724556
-0.2062951028347015
-0.2058657705783844
-0.205438107252121
-0.2050121426582336
-0.2045878022909164
-0.2041650712490082
-0.20374396443367
-0.2033244669437408
-0.2029065787792206
-0.2024902999401093
-0.2020756453275681
-0.201662614941597
-0.2012511938810349
-0.2008413374423981
-0.200433075428009
-0.2000264078378677
-0.1996213048696518
-0.1992177665233612
-0.1988157629966736
-0.1984152793884277
-0.1980163007974625
-0.1976188123226166
-0.1972227990627289
-0.1968282461166382
-0.1964351683855057
-0.1960435509681702
-0.1956533789634705
-0.1952646821737289
-0.1948774009943008
-0.1944915503263474
-0.1941071301698685
-0.193724125623703
-0.1933425217866898
-0.1929623037576675
-0.1925834715366364
-0.1922059953212738
-0.1918298900127411
-0.1914551109075546
-0.1910816878080368
-0.1907096207141876
-0.1903388649225235
-0.1899694502353668
-0.1896013617515564
-0.1892345994710922
-0.1888691484928131
-0.1885049790143967
-0.1881421059370041
-0.1877805143594742
-0.1874201893806458
-0.1870611310005188
-0.1867033243179321
-0.1863467842340469
-0.185991495847702
-0.185637429356575
-0.1852845847606659
-0.1849329918622971
-0.1845826059579849
-0.1842334568500519
-0.1838855147361755
-0.1835387945175171
-0.183193251490593
-0.1828488856554031
-0.1825057119131088
-0.1821636706590652
-0.1818228214979172
-0.1814831048250198
-0.1811445355415344
-0.1808071285486221
-0.1804708689451218
-0.1801357418298721
-0.1798017174005508
-0.1794688254594803
-0.1791370511054993
-0.1788063943386078
-0.1784768253564835
-0.1781483590602875
-0.1778209656476974
-0.1774946749210358
-0.1771694719791412
-0.1768453270196915
-0.1765222251415253
-0.1762001812458038
-0.1758791655302048
-0.1755592077970505
-0.1752402782440186
-0.174922376871109
-0.1746055632829666
-0.1742897778749466
-0.1739750355482101
-0.1736613214015961
-0.1733486354351044
-0.1730369627475739
-0.1727262884378433
-0.1724166125059128
-0.172107920050621
-0.1718001961708069
-0.1714934706687927
-0.1711877137422562
-0.1708829253911972
-0.1705791056156158
-0.1702762544155121
-0.1699743568897247
-0.169673427939415
-0.1693734675645828
-0.1690744459629059
-0.168776348233223
-0.1684791892766953
-0.1681829690933228
-0.1678876876831055
-0.1675933450460434
-0.1672999113798141
-0.1670074015855789
-0.1667157858610153
-0.1664250791072845
-0.1661352664232254
-0.1658463180065155
-0.1655582338571548
-0.1652710288763046
-0.1649846881628036
-0.1646992117166519
-0.1644146144390106
-0.1641308665275574
-0.163848027586937
-0.1635660380125046
-0.1632849127054214
-0.1630046516656876
-0.1627252548933029
-0.1624467074871063
-0.1621689796447754
-0.1618921309709549
-0.1616161018610001
-0.1613409072160721
-0.161066547036171
-0.1607929915189743
-0.1605202257633209
-0.1602482795715332
-0.15997713804245
-0.1597068011760712
-0.1594372540712357
-0.1591684967279434
-0.1589005291461945
-0.1586333364248276
-0.1583669483661652
-0.158101350069046
-0.1578365713357925
-0.1575725674629211
-0.157309353351593
-0.1570469290018082
-0.1567852795124054
-0.1565244197845459
-0.1562643349170685
-0.1560049951076508
-0.1557464152574539
-0.1554885804653168
-0.1552314758300781
-0.1549750864505768
-0.1547194272279739
-0.1544645130634308
-0.1542103290557861
-0.15395687520504
-0.1537041366100311
-0.1534521132707596
-0.1532007902860641
-0.1529502123594284
-0.1527003645896912
-0.1524512320756912
-0.1522028148174286
-0.1519550830125809
-0.1517080366611481
-0.1514616906642914
-0.1512160450220108
-0.1509710550308228
-0.1507267653942108
-0.1504831612110138
-0.1502402573823929
-0.1499980539083481
-0.1497565060853958
-0.1495156586170197
-0.1492754966020584
-0.1490360051393509
-0.1487971842288971
-0.1485590189695358
-0.1483214944601059
-0.1480845957994461
-0.1478483378887177
-0.1476127207279205
-0.1473777592182159
-0.1471434533596039
-0.1469098031520844
-0.1466768085956573
-0.1464444547891617
-0.1462127566337585
-0.1459816843271255
-0.1457512676715851
-0.1455215066671371
-0.1452923715114594
-0.1450638622045517
-0.144835963845253
-0.144608661532402
-0.14438197016716
-0.1441559046506882
-0.1439304500818253
-0.1437055915594101
-0.1434813290834427
-0.1432576775550842
-0.1430346220731735
-0.1428121626377106
-0.1425903290510178
-0.1423690617084503
-0.1421483904123306
-0.1419283151626587
-0.1417087912559509
-0.1414898484945297
-0.1412714868783951
-0.1410536915063858
-0.1408364921808243
-0.1406198740005493
-0.1404038220643997
-0.1401883363723755
-0.1399734318256378
-0.1397590935230255
-0.1395453214645386
-0.139332115650177
-0.1391194760799408
-0.13890740275383
-0.1386958807706833
-0.1384849101305008
-0.1382744908332825
-0.1380646079778671
-0.137855276465416
-0.1376464813947678
-0.1374382227659225
-0.1372305005788803
-0.1370233297348022
-0.1368166953325272
-0.1366105973720551
-0.1364050209522247
-0.1361999809741974
-0.1359954476356506
-0.1357914656400681
-0.1355880200862885
-0.1353851109743118
-0.135182723402977
-0.1349808573722839
-0.1347795128822327
-0.134578675031662
-0.1343783289194107
-0.13417848944664
-0.1339791566133499
-0.1337803155183792
-0.1335819661617279
-0.1333841234445572
-0.1331867873668671
-0.1329899281263351
-0.1327935457229614
-0.1325976550579071
-0.132402241230011
-0.1322073042392731
-0.1320128589868546
-0.1318189203739166
-0.1316254585981369
-0.1314324736595154
-0.1312399804592133
-0.1310479789972305
-0.1308564692735672
-0.1306654512882233
-0.1304749250411987
-0.1302848905324936
-0.1300953328609467
-0.1299062520265579
-0.1297176480293274
-0.1295295208692551
-0.1293418258428574
-0.1291545927524567
-0.1289678364992142
-0.1287815123796463
-0.1285956501960754
-0.1284102201461792
-0.12822525203228
-0.1280407160520554
-0.1278566420078278
-0.1276730298995972
-0.1274898499250412
-0.127307116985321
-0.1271248459815979
-0.1269430071115494
-0.1267616152763367
-0.1265806555747986
-0.1264001280069351
-0.1262200325727463
-0.1260403841733932
-0.1258611530065536
-0.1256823539733887
-0.1255039721727371
-0.1253260225057602
-0.1251485049724579
-0.1249714195728302
-0.1247947439551353
-0.1246185079216957
-0.1244426816701889
-0.1242672726511955
-0.1240922883152962
-0.1239177212119102
-0.1237435713410378
-0.1235698387026787
-0.1233965307474136
-0.1232236325740814
-0.1230511367321014
-0.1228790581226349
-0.12270737439394
-0.1225361078977585
-0.1223652437329292
-0.1221947595477104
-0.122024692595005
-0.1218550205230713
-0.1216857582330704
-0.1215168908238411
-0.1213484182953835
-0.121180348098278
-0.1210126653313637
-0.1208453774452209
-0.1206784844398499
-0.120511956512928
-0.1203458234667778
-0.1201800629496574
-0.1200146824121475
-0.119849681854248
-0.119685061275959
-0.1195208132266998
-0.1193569377064705
-0.119193434715271
-0.1190303117036819
-0.1188675761222839
-0.1187052205204964
-0.1185432448983192
-0.1183816492557526
-0.1182204335927963
-0.1180595755577087
-0.1178990975022316
-0.1177389919757843
-0.1175792589783669
-0.1174198836088181
-0.1172608733177185
-0.1171022355556488
-0.1169439554214478
-0.116786040365696
-0.116628460586071
-0.1164712458848953
-0.1163143888115883
-0.1161578819155693
-0.1160017102956772
-0.1158458814024925
-0.1156904026865959
-0.1155352741479874
-0.1153804883360863
-0.1152260527014732
-0.1150719523429871
-0.1149182170629501
-0.1147648245096207
-0.1146117746829987
-0.1144590601325035
-0.1143066883087158
-0.1141546592116356
-0.1140029728412628
-0.1138516217470169
-0.1137006059288979
-0.1135499253869057
-0.1133995875716209
-0.1132495850324631
-0.1130999252200127
-0.1129506006836891
-0.1128016114234924
-0.1126529574394226
-0.1125046163797379
-0.1123566031455994
-0.1122089102864265
-0.1120615378022194
-0.1119144782423973
-0.1117677390575409
-0.1116213276982307
-0.1114752292633057
-0.1113294512033463
-0.1111840009689331
-0.1110388785600662
-0.1108940839767456
-0.1107496097683907
-0.1106054559350014
-0.1104616224765778
-0.110318087041378
-0.1101748570799828
-0.110031932592392
-0.1098893210291862
-0.109747014939785
-0.1096050068736076
-0.1094633042812347
-0.1093218997120857
-0.1091807931661606
-0.1090399771928787
-0.1088994592428207
-0.108759231865406
-0.1086193099617958
-0.1084796860814095
-0.1083403676748276
-0.1082013472914696
-0.108062632381916
-0.1079242303967476
-0.1077861413359642
-0.1076483577489853
-0.1075108870863914
-0.1073737144470215
-0.1072368323802948
-0.1071002408862114
-0.1069639474153519
-0.1068279296159744
-0.1066921874880791
-0.106556735932827
-0.1064215674996376
-0.1062866821885109
-0.1061520725488663
-0.1060177236795425
-0.1058836653828621
-0.1057498827576637
-0.1056163758039474
-0.1054831370711327
-0.1053501740098
-0.1052175015211105
-0.1050851047039032
-0.1049529910087585
-0.1048211455345154
-0.1046895608305931
-0.1045582592487335
-0.1044272407889366
-0.1042965054512024
-0.1041660383343697
-0.1040358543395996
-0.103905938565731
-0.1037762984633446
-0.1036469340324402
-0.1035178452730179
-0.1033890321850777
-0.1032604724168777
-0.1031321808695793
-0.1030041575431824
-0.1028763949871063
-0.1027488857507706
-0.1026216223835945
-0.1024946123361588
-0.1023678556084633
-0.1022413522005081
-0.1021150946617126
-0.1019890978932381
-0.1018633544445038
-0.1017378717660904
-0.1016126498579979
-0.1014876812696457
-0.101362980902195
-0.1012385487556458
-0.1011143699288368
-0.1009904444217682
-0.1008667796850204
-0.100743368268013
-0.1006202101707458
-0.1004973128437996
-0.100374661386013
-0.100252278149128
-0.100130133330822
-0.1000082492828369
-0.09988660365343094
-0.09976520389318466
-0.09964405000209808
-0.09952312707901001
-0.09940242767333984
-0.09928195923566818
-0.09916172176599503
-0.09904171526432037
-0.09892193228006363
-0.09880238771438599
-0.09868309646844864
-0.09856404364109039
-0.09844522923231125
-0.0983266681432724
-0.09820835292339325
-0.0980902835726738
-0.09797246009111404
-0.09785487502813339
-0.09773752838373184
-0.0976204052567482
-0.09750350564718246
-0.09738683700561523
-0.09727039188146591
-0.0971541702747345
-0.09703817963600159
-0.09692241251468658
-0.09680687636137009
-0.09669157862663269
-0.0965765044093132
-0.09646166115999222
-0.09634703397750854
-0.09623263776302338
-0.09611846506595612
-0.09600450843572617
-0.09589077532291412
-0.09577725827693939
-0.09566396474838257
-0.09555087983608246
-0.09543801844120026
-0.09532536566257477
-0.09521293640136719
-0.09510071575641632
-0.09498871862888336
-0.09487695246934891
-0.09476540982723236
-0.09465409815311432
-0.09454300254583359
-0.09443213045597076
-0.09432148188352585
-0.09421104937791824
-0.09410083293914795
-0.09399082511663437
-0.0938810259103775
-0.09377145022153854
-0.0936620756983757
-0.09355290979146957
-0.09344394505023956
-0.09333518147468567
-0.09322661161422729
-0.09311825782060623
-0.09301009774208069
-0.09290213137865067
-0.09279438853263855
-0.09268684685230255
-0.09257950633764267
-0.0924723744392395
-0.09236545115709305
-0.09225871413946152
-0.0921521931886673
-0.0920458659529686
-0.09193974733352661
-0.09183380752801895
-0.09172807633876801
-0.09162253886461258
-0.09151718765497208
-0.09141203761100769
-0.09130708873271942
-0.09120234847068787
-0.09109781682491302
-0.0909934937953949
-0.09088936448097229
-0.0907854437828064
-0.09068171679973602
-0.09057819098234177
-0.09047485888004303
-0.09037172049283981
-0.09026876837015152
-0.09016600996255875
-0.09006345272064209
-0.08996108174324036
-0.08985888957977295
-0.08975688368082047
-0.0896550714969635
-0.08955344557762146
-0.08945199847221375
-0.08935075253248215
-0.08924968540668488
-0.08914879709482193
-0.08904808759689331
-0.08894757926464081
-0.08884724974632263
-0.08874712139368057
-0.08864717930555344
-0.08854743093252182
-0.08844787627458572
-0.08834849298000336
-0.08824929594993591
-0.08815028518438339
-0.08805146068334579
-0.08795281499624252
-0.08785435557365417
-0.08775608241558075
-0.08765798062086105
-0.08756005018949509
-0.08746229857206345
-0.08736473321914673
-0.08726735413074493
-0.08717015385627747
-0.08707312494516373
-0.08697626739740372
-0.08687958866357803
-0.08678308874368668
-0.08668676018714905
-0.08659061044454575
-0.08649463206529617
-0.08639881759881973
-0.08630316704511642
-0.08620768040418625
-0.08611234277486801
-0.0860171765089035
-0.08592217415571213
-0.08582735806703568
-0.08573271334171295
-0.08563826233148575
-0.08554398268461227
-0.08544988185167313
-0.0853559672832489
-0.0852622389793396
-0.08516867458820343
-0.08507528901100159
-0.08498206734657288
-0.0848890095949173
-0.08479611575603485
-0.08470339328050613
-0.08461082726716995
-0.0845184251666069
-0.08442617952823639
-0.08433408290147781
-0.08424213528633118
-0.08415035158395767
-0.0840587392449379
-0.08396729081869125
-0.08387600630521774
-0.08378489315509796
-0.08369393646717072
-0.0836031511425972
-0.08351252973079681
-0.08342208713293076
-0.08333181589841843
-0.08324170857667923
-0.08315175771713257
-0.08306194096803665
-0.08297228068113327
-0.08288275450468063
-0.08279336988925934
-0.08270413428544998
-0.08261504769325256
-0.08252611011266708
-0.08243732899427414
-0.08234869688749313
-0.08226021379232407
-0.08217189460992813
-0.08208373934030533
-0.08199574053287506
-0.08190790563821793
-0.08182023465633392
-0.08173272758722305
-0.08164536207914352
-0.08155816793441772
-0.08147113025188446
-0.08138424158096313
-0.08129750192165375
-0.0812109112739563
-0.08112447708845139
-0.0810382068157196
-0.08095207810401917
-0.08086609095335007
-0.0807802602648735
-0.08069457858800888
-0.0806090459227562
-0.08052366226911545
-0.08043842762708664
-0.08035333454608917
-0.08026838302612305
-0.08018358796834946
-0.08009894192218781
-0.08001444488763809
-0.07993010431528091
-0.07984592020511627
-0.07976188510656357
-0.0796779990196228
-0.07959423959255219
-0.07951062917709351
-0.07942714542150497
-0.07934379577636719
-0.07926058024168015
-0.07917749136686325
-0.0790945291519165
-0.0790116935968399
-0.07892900705337524
-0.07884644716978073
-0.07876402884721756
-0.07868174463510513
-0.07859960943460464
-0.07851763069629669
-0.07843579351902008
-0.07835409790277481
-0.07827255129814148
-0.07819114625453949
-0.07810988277196884
-0.07802876085042953
-0.07794778048992157
-0.07786693423986435
-0.07778622955083847
-0.07770565897226334
-0.07762522995471954
-0.0775449350476265
-0.07746477425098419
-0.07738474756479263
-0.07730485498905182
-0.07722509652376175
-0.07714546471834183
-0.07706595212221146
-0.07698658108711243
-0.07690734416246414
-0.07682822644710541
-0.07674924284219742
-0.07667040079832077
-0.07659168541431427
-0.07651309669017792
-0.07643464952707291
-0.07635632157325745
-0.07627812772989273
-0.07620004564523697
-0.07612209767103195
-0.07604427635669708
-0.07596658170223236
-0.07588901370763779
-0.07581156492233276
-0.07573425024747849
-0.07565706223249435
-0.07558000832796097
-0.07550308108329773
-0.07542630285024643
-0.07534965872764587
-0.07527315616607666
-0.075196772813797
-0.07512053847312927
-0.0750444307923317
-0.07496844977140427
-0.07489260286092758
-0.07481686770915985
-0.07474125176668167
-0.07466576248407364
-0.07459037750959396
-0.07451511174440384
-0.07443997263908386
-0.07436495274305344
-0.07429005950689316
-0.07421528548002243
-0.07414062321186066
-0.07406608015298843
-0.07399165630340576
-0.07391734421253204
-0.07384315133094788
-0.07376907020807266
-0.073695108294487
-0.07362126559019089
-0.07354754209518433
-0.07347394526004791
-0.07340046763420105
-0.07332710176706314
-0.07325384765863419
-0.07318071275949478
-0.07310769706964493
-0.07303480803966522
-0.07296203821897507
-0.07288938760757446
-0.07281684875488281
-0.07274442166090012
-0.07267211377620697
-0.07259992510080338
-0.07252784818410873
-0.07245589792728424
-0.0723840743303299
-0.0723123773932457
-0.07224079966545105
-0.07216933369636536
-0.07209799438714981
-0.07202676683664322
-0.07195565849542618
-0.07188467681407928
-0.07181380689144135
-0.07174305617809296
-0.07167241722345352
-0.07160187512636185
-0.07153144478797913
-0.07146112620830536
-0.07139089703559875
-0.0713207796216011
-0.07125077396631241
-0.07118086516857147
-0.07111106067895889
-0.07104136794805527
-0.07097179442644119
-0.07090232521295547
-0.07083297520875931
-0.07076373696327209
-0.07069461792707443
-0.07062561064958572
-0.07055670768022537
-0.07048791646957397
-0.07041924446821213
-0.07035067677497864
-0.0702822282910347
-0.07021389901638031
-0.07014567404985428
-0.07007754594087601
-0.07000952214002609
-0.06994160264730453
-0.06987378746271133
-0.06980606913566589
-0.06973844766616821
-0.06967093050479889
-0.06960351020097733
-0.06953619420528412
-0.06946898251771927
-0.06940187513828278
-0.06933487951755524
-0.06926798075437546
-0.06920118629932404
-0.06913449615240097
-0.06906789541244507
-0.06900140643119812
-0.06893500685691833
-0.06886869668960571
-0.06880249828100204
-0.06873640418052673
-0.06867042183876038
-0.06860454380512238
-0.06853877753019333
-0.06847312301397324
-0.0684075802564621
-0.06834214925765991
-0.06827682256698608
-0.06821160018444061
-0.0681464746594429
-0.06808144599199295
-0.06801651418209076
-0.06795168668031693
-0.06788696348667145
-0.06782233715057373
-0.06775780022144318
-0.06769335269927979
-0.06762900203466415
-0.06756475567817688
-0.06750061362981796
-0.06743656843900681
-0.06737262010574341
-0.06730876863002777
-0.0672450065612793
-0.06718134135007858
-0.06711778044700623
-0.06705431640148163
-0.06699094921350479
-0.06692766398191452
-0.0668644905090332
-0.06680140644311905
-0.06673841178417206
-0.06667552143335342
-0.06661272048950195
-0.06655001640319824
-0.06648741662502289
-0.06642491370439529
-0.06636249274015427
-0.066300168633461
-0.06623794138431549
-0.06617581099271774
-0.06611377745866776
-0.06605182588100433
-0.06598996371030807
-0.06592819839715958
-0.06586654484272003
-0.06580497324466705
-0.06574350595474243
-0.06568212807178497
-0.06562083959579468
-0.06555963307619095
-0.06549850851297379
-0.06543748080730438
-0.06537654250860214
-0.06531569361686707
-0.06525493413209915
-0.0651942640542984
-0.06513366848230362
-0.065073162317276
-0.06501274555921555
-0.06495243310928345
-0.06489221006631851
-0.06483209133148193
-0.06477206945419312
-0.06471213698387146
-0.06465230137109756
-0.06459256261587143
-0.06453291326761246
-0.06447335332632065
-0.0644138902425766
-0.06435452401638031
-0.06429522484540939
-0.06423600763082504
-0.06417687982320786
-0.06411783397197723
-0.06405888497829437
-0.06400003284215927
-0.06394127756357193
-0.06388260424137115
-0.06382400542497635
-0.0637655034661293
-0.06370708346366882
-0.06364873796701431
-0.06359047442674637
-0.06353228539228439
-0.06347417086362839
-0.06341613084077835
-0.06335816532373428
-0.06330028176307678
-0.06324248760938644
-0.06318476796150208
-0.06312713027000427
-0.06306959688663483
-0.06301216036081314
-0.06295481324195862
-0.06289757043123245
-0.06284042447805405
-0.0627833679318428
-0.06272638589143753
-0.06266948580741882
-0.06261267513036728
-0.0625559464097023
-0.0624992847442627
-0.06244270130991936
-0.06238618865609169
-0.0623297430574894
-0.06227337196469307
-0.06221707165241241
-0.06216083839535713
-0.06210468336939812
-0.06204861402511597
-0.06199262663722038
-0.06193672493100166
-0.0618809200823307
-0.06182520836591721
-0.06176958978176117
-0.06171406432986259
-0.06165862828493118
-0.06160327419638634
-0.06154800951480865
-0.06149283051490784
-0.06143772974610329
-0.061382707208395
-0.06132776662707329
-0.06127290055155754
-0.06121810153126717
-0.06116337329149246
-0.06110872700810432
-0.06105414777994156
-0.06099965050816536
-0.06094522774219513
-0.06089087575674057
-0.06083660200238228
-0.06078240275382996
-0.0607282780110836
-0.06067423149943352
-0.0606202520430088
-0.06056634709239006
-0.06051252037286758
-0.06045877188444138
-0.06040509790182114
-0.06035150215029716
-0.06029798835515976
-0.06024455651640892
-0.06019120290875435
-0.06013792380690575
-0.06008471921086311
-0.06003159657120705
-0.05997855216264725
-0.05992558598518372
-0.05987269058823586
-0.05981986969709396
-0.05976711586117744
-0.05971444025635719
-0.05966183170676231
-0.05960929021239281
-0.05955682322382927
-0.05950441956520081
-0.05945209041237831
-0.05939983576536179
-0.05934764444828033
-0.05929552391171455
-0.05924348160624504
-0.0591915175318718
-0.05913963168859482
-0.05908782407641411
-0.05903609842061996
-0.05898445472121239
-0.05893287435173988
-0.05888137221336365
-0.05882994830608368
-0.05877859890460968
-0.05872731655836105
-0.0586761049926281
-0.05862496793270111
-0.05857390537858009
-0.05852292105555534
-0.05847200751304626
-0.05842116847634315
-0.05837040022015572
-0.05831969901919365
-0.05826906859874725
-0.05821850523352623
-0.05816800519824028
-0.0581175722181797
-0.0580672100186348
-0.05801691114902496
-0.05796667188405991
-0.05791649594902992
-0.05786638706922531
-0.05781635269522667
-0.057766392827034
-0.05771650373935699
-0.05766669288277626
-0.0576169565320015
-0.0575672909617424
-0.05751769617199898
-0.05746816098690033
-0.05741868540644646
-0.05736927688121796
-0.05731993168592453
-0.05727064982056618
-0.0572214312851429
-0.05717227607965469
-0.05712318792939186
-0.0570741705596447
-0.05702522024512291
-0.05697634071111679
-0.05692753940820694
-0.05687881261110306
-0.05683016031980515
-0.0567815825343132
-0.05673307925462723
-0.05668464675545692
-0.05663628503680229
-0.05658798292279243
-0.05653974786400795
-0.05649157240986824
-0.0564434602856636
-0.05639540031552315
-0.05634739995002747
-0.05629945918917656
-0.05625157803297043
-0.05620375275611877
-0.05615599080920219
-0.05610829219222069
-0.05606065690517426
-0.0560130886733532
-0.05596558004617691
-0.0559181421995163
-0.05587077140808105
-0.05582346022129059
-0.05577621608972549
-0.05572903528809547
-0.05568192526698112
-0.05563487857580185
-0.05558789893984795
-0.05554098635911942
-0.05549414083361626
-0.05544735863804817
-0.05540063604712486
-0.05535398051142693
-0.05530738458037376
-0.05526085570454597
-0.05521438643336296
-0.05516798421740532
-0.05512164160609245
-0.05507535487413406
-0.05502912774682045
-0.05498295649886131
-0.05493684485554695
-0.05489079281687737
-0.05484480038285255
-0.05479887127876282
-0.05475300550460815
-0.05470720678567886
-0.05466147512197495
-0.0546158067882061
-0.05457020550966263
-0.05452466756105423
-0.05447918921709061
-0.05443377047777176
-0.05438841134309769
-0.05434311181306839
-0.05429787188768387
-0.05425269156694412
-0.05420756712555885
-0.05416250601410866
-0.05411749705672264
-0.054072555154562
-0.05402767285704613
-0.05398284643888474
-0.05393807217478752
-0.05389335751533508
-0.05384869128465652
-0.05380407720804214
-0.05375951528549194
-0.05371501296758652
-0.05367056280374527
-0.0536261685192585
-0.0535818375647068
-0.05353757366538048
-0.05349337309598923
-0.05344923213124275
-0.05340515822172165
-0.05336114764213562
-0.05331719666719437
-0.05327331274747849
-0.05322949215769768
-0.05318573117256165
-0.05314202606678009
-0.05309838429093361
-0.05305479466915131
-0.05301126092672348
-0.05296778306365013
-0.05292435735464096
-0.05288098752498627
-0.05283766612410545
-0.05279440432786942
-0.05275119468569756
-0.05270804464817047
-0.05266494676470757
-0.05262190476059914
-0.05257892608642578
-0.05253599584102631
-0.0524931289255619
-0.05245031416416168
-0.05240755528211594
-0.05236484855413437
-0.05232219770550728
-0.05227959901094437
-0.05223705619573593
-0.05219456553459167
-0.0521521233022213
-0.0521097332239151
-0.05206740275025368
-0.05202512443065643
-0.05198290199041367
-0.05194073170423508
-0.05189862102270126
-0.05185656249523163
-0.05181455612182617
-0.05177260562777519
-0.05173070728778839
-0.05168885737657547
-0.05164705589413643
-0.05160530656576157
-0.05156361684203148
-0.05152198299765587
-0.05148040503263474
-0.05143887922167778
-0.051397405564785
-0.0513559952378273
-0.05131463333964348
-0.05127333104610443
-0.05123208463191986
-0.05119088292121887
-0.05114974081516266
-0.05110864713788033
-0.05106761306524277
-0.05102663487195969
-0.05098570883274078
-0.05094483494758606
-0.05090400576591492
-0.05086323246359825
-0.05082250759005547
-0.05078183114528656
-0.05074120685458183
-0.05070063471794128
-0.05066011846065521
-0.05061965435743332
-0.0505792424082756
-0.05053888261318207
-0.05049857869744301
-0.05045832321047783
-0.05041812732815742
-0.0503779761493206
-0.05033787712454796
-0.05029783025383949
-0.05025783553719521
-0.0502178929746151
-0.05017800256609917
-0.05013816431164742
-0.05009837448596954
-0.05005863308906555
-0.05001894757151604
-0.04997930303215981
-0.04993970692157745
-0.04990015551447868
-0.0498606450855732
-0.04982118308544159
-0.04978177323937416
-0.04974240809679031
-0.04970308765769005
-0.04966381937265396
-0.04962459579110146
-0.04958541691303253
-0.04954629391431808
-0.04950723052024841
-0.04946821928024292
-0.04942925646901131
-0.04939034208655357
-0.04935147240757942
-0.04931265488266945
-0.04927388578653336
-0.04923516139388084
-0.04919648170471191
-0.04915785416960716
-0.04911927506327629
-0.049080740660429
-0.04904225096106529
-0.04900380969047546
-0.04896542057394981
-0.04892708361148834
-0.04888879880309105
-0.04885056242346764
-0.0488123744726181
-0.04877422749996185
-0.04873612895607948
-0.0486980713903904
-0.04866006225347519
-0.04862209782004356
-0.04858417063951492
-0.04854629561305046
-0.04850846156477928
-0.04847067594528198
-0.04843293875455856
-0.04839524999260902
-0.04835760965943336
-0.04832001775503159
-0.04828247055411339
-0.04824497178196907
-0.04820751398801804
-0.04817010089755058
-0.04813273623585701
-0.04809542000293732
-0.04805814474821091
-0.04802091419696808
-0.04798372834920883
-0.04794658720493317
-0.04790949821472168
-0.04787245765328407
-0.04783546924591064
-0.04779853299260139
-0.04776164516806602
-0.04772480204701424
-0.04768800735473633
-0.0476512610912323
-0.04761456325650215
-0.04757791385054588
-0.04754131287336349
-0.04750476032495499
-0.04746824875473976
-0.04743177816271782
-0.04739534854888916
-0.04735895618796349
-0.0473226010799408
-0.04728628322482109
-0.04725000634789467
-0.04721376672387123
-0.04717756435275078
-0.04714139923453331
-0.04710527136921883
-0.04706918448209763
-0.04703313857316971
-0.04699713736772537
-0.04696118086576462
-0.04692526906728745
-0.04688940197229385
-0.04685358330607414
-0.04681781679391861
-0.04678210243582726
-0.04674643278121948
-0.04671081155538559
-0.04667523875832558
-0.04663971066474915
-0.04660423099994659
-0.04656878486275673
-0.04653337597846985
-0.04649800807237625
-0.04646268114447594
-0.04642739519476891
-0.04639215394854546
-0.04635695740580559
-0.046321801841259
-0.0462866947054863
-0.04625163227319717
-0.04621661826968193
-0.04618165269494057
-0.04614672809839249
-0.04611184820532799
-0.04607701301574707
-0.04604221880435944
-0.04600746557116508
-0.04597274959087372
-0.04593807086348534
-0.04590342938899994
-0.04586882516741753
-0.0458342581987381
-0.04579972848296165
-0.04576523974537849
-0.04573079571127892
-0.04569638520479202
-0.04566201567649841
-0.04562768712639809
-0.04559339582920074
-0.04555914178490639
-0.04552492126822472
-0.04549074545502663
-0.04545661062002182
-0.04542251303792
-0.04538845270872116
-0.04535442590713501
-0.04532044008374214
-0.04528649523854256
-0.04525259137153625
-0.04521872848272324
-0.0451849102973938
-0.04515113309025764
-0.04511740803718567
-0.04508372023701668
-0.04505008086562157
-0.04501648619771004
-0.04498293995857239
-0.04494943842291832
-0.04491598159074783
-0.04488256946206093
-0.04484919458627701
-0.04481585696339607
-0.04478255286812782
-0.04474928602576256
-0.04471604898571968
-0.04468285292387009
-0.04464969411492348
-0.04461656883358955
-0.04458347707986832
-0.04455042257905006
-0.04451740905642509
-0.04448443278670311
-0.04445149376988411
-0.04441859200596809
-0.04438573122024536
-0.04435290768742561
-0.04432012513279915
-0.04428737983107567
-0.04425467178225517
-0.04422200098633766
-0.04418936744332314
-0.04415677487850189
-0.04412422329187393
-0.04409171268343925
-0.04405923560261726
-0.04402679204940796
-0.04399438947439194
-0.0439620316028595
-0.04392971470952034
-0.04389743506908417
-0.04386518895626068
-0.04383298382163048
-0.04380081966519356
-0.04376868903636932
-0.04373659566044807
-0.04370453953742981
-0.04367251694202423
-0.04364053159952164
-0.04360858350992203
-0.0435766689479351
-0.04354478418827057
-0.04351293668150902
-0.04348112270236015
-0.04344934225082397
-0.04341760277748108
-0.04338589683175087
-0.04335423558950424
-0.0433226153254509
-0.04329103603959084
-0.04325949028134346
-0.04322798177599907
-0.04319650679826736
-0.04316507279872894
-0.04313367605209351
-0.04310230910778046
-0.04307097569108009
-0.04303967580199242
-0.04300840571522713
-0.04297716915607452
-0.04294596612453461
-0.04291479662060738
-0.04288366436958313
-0.04285256564617157
-0.04282150417566299
-0.0427904799580574
-0.0427594929933548
-0.04272854328155518
-0.04269762709736824
-0.04266674816608429
-0.04263590276241302
-0.04260509461164474
-0.04257432371377945
-0.04254358261823654
-0.04251288250088692
-0.04248222708702087
-0.04245160892605782
-0.04242102801799774
-0.04239049181342125
-0.04236000031232834
-0.04232954606413841
-0.04229913279414177
-0.04226875305175781
-0.04223841056227684
-0.04220810160040855
-0.04217782244086266
-0.04214756935834885
-0.04211734235286713
-0.0420871376991272
-0.04205696284770966
-0.0420268140733242
-0.04199669137597084
-0.04196659475564957
-0.04193652793765068
-0.04190649464726448
-0.04187649488449097
-0.04184653237462044
-0.04181660339236259
-0.04178670793771744
-0.04175685346126556
-0.04172704368829727
-0.04169727489352226
-0.04166754335165024
-0.0416378453373909
-0.04160818085074425
-0.04157855361700058
-0.041548952460289
-0.04151938483119011
-0.04148984327912331
-0.04146032780408859
-0.04143084213137627
-0.04140138626098633
-0.04137196391820908
-0.04134257510304451
-0.04131321981549263
-0.04128390178084373
-0.04125461727380753
-0.041225366294384
-0.04119615629315376
-0.04116698354482651
-0.04113784804940224
-0.04110874980688095
-0.04107968136668205
-0.04105065390467644
-0.04102166369557381
-0.04099269956350327
-0.04096376523375511
-0.04093486443161964
-0.04090598970651627
-0.04087713733315468
-0.04084830731153488
-0.04081949964165688
-0.04079072177410126
-0.04076196625828743
-0.04073324054479599
-0.04070453718304634
-0.04067586362361908
-0.0406472235918045
-0.04061861708760262
-0.04059004783630371
-0.04056151583790779
-0.04053302854299545
-0.0405045822262764
-0.04047617316246033
-0.04044780507683754
-0.04041947424411774
-0.04039117693901062
-0.04036290571093559
-0.04033466428518295
-0.0403064526617527
-0.04027827456593513
-0.04025012254714966
-0.04022200778126717
-0.04019391536712646
-0.04016585648059845
-0.04013783112168312
-0.04010983556509018
-0.04008187353610992
-0.04005394503474236
-0.04002604633569717
-0.03999818116426468
-0.03997034579515457
-0.03994254022836685
-0.03991476073861122
-0.03988700732588768
-0.03985928371548653
-0.03983158990740776
-0.03980392590165138
-0.03977629169821739
-0.03974868357181549
-0.03972109779715538
-0.03969353809952736
-0.03966601192951202
-0.03963851928710938
-0.03961105272173882
-0.03958361223340034
-0.03955620527267456
-0.03952882811427116
-0.03950148448348045
-0.03947417065501213
-0.03944689780473709
-0.03941964730620384
-0.03939243406057358
-0.0393652506172657
-0.03933810070157051
-0.03931098803877831
-0.03928390145301819
-0.03925684094429016
-0.03922981023788452
-0.03920280560851097
-0.03917582333087921
-0.03914886340498924
-0.03912193328142166
-0.03909503296017647
-0.03906816616654396
-0.03904132172465324
-0.03901451081037521
-0.03898772969841957
-0.03896097466349602
-0.03893424570560455
-0.03890754282474518
-0.03888086229562759
-0.0388542041182518
-0.03882757574319839
-0.03880097344517708
-0.03877439722418785
-0.03874784335494041
-0.03872131928801537
-0.03869482129812241
-0.03866835683584213
-0.03864192590117455
-0.03861552849411964
-0.03858916461467743
-0.0385628417134285
-0.03853655233979225
-0.03851029649376869
-0.03848407417535782
-0.03845788165926933
-0.03843172639608383
-0.03840559348464012
-0.0383794941008091
-0.03835342079401016
-0.03832736611366272
-0.03830133378505707
-0.03827532753348351
-0.03824934735894203
-0.03822339698672295
-0.03819746896624565
-0.03817156702280045
-0.03814569115638733
-0.038119837641716
-0.03809401392936707
-0.03806822001934052
-0.03804244473576546
-0.03801669552922249
-0.03799097612500191
-0.03796528279781342
-0.03793961927294731
-0.0379139818251133
-0.03788837045431137
-0.03786278516054153
-0.03783722221851349
-0.03781168535351753
-0.03778617084026337
-0.03776068240404129
-0.0377352200448513
-0.03770978376269341
-0.0376843735575676
-0.03765899315476418
-0.03763363882899284
-0.0376083143055439
-0.03758301958441734
-0.03755775839090347
-0.03753251954913139
-0.0375073179602623
-0.03748213872313499
-0.03745698928833008
-0.03743186965584755
-0.03740678355097771
-0.03738172352313995
-0.03735668957233429
-0.03733168542385101
-0.03730670735239983
-0.03728175535798073
-0.03725682571530342
-0.0372319184243679
-0.03720703721046448
-0.03718218207359314
-0.03715735301375389
-0.03713255003094673
-0.03710777312517166
-0.03708302229642868
-0.03705830127000809
-0.03703360632061958
-0.03700894117355347
-0.03698431327939034
-0.03695971518754959
-0.03693514689803123
-0.03691060096025467
-0.03688607737421989
-0.03686158359050751
-0.03683710843324661
-0.03681265562772751
-0.0367882177233696
-0.03676380962133408
-0.03673941642045975
-0.03671503812074661
-0.03669067844748497
-0.03666633740067482
-0.03664201870560646
-0.03661772236227989
-0.03659345209598541
-0.03656920790672302
-0.03654499351978302
-0.03652080893516541
-0.03649665042757988
-0.03647251799702644
-0.03644841909408569
-0.03642434254288673
-0.03640029579401016
-0.03637627139687538
-0.03635226935148239
-0.03632828965783119
-0.03630433231592178
-0.03628039360046387
-0.03625647723674774
-0.036232590675354
-0.03620872274041176
-0.0361848808825016
-0.03616106882691383
-0.03613728657364845
-0.03611353039741516
-0.03608981147408485
-0.03606611490249634
-0.03604244440793991
-0.03601879999041557
-0.03599518164992332
-0.03597159311175346
-0.03594803065061569
-0.03592449054121971
-0.03590096905827522
-0.03587746992707253
-0.03585399687290192
-0.0358305424451828
-0.03580711409449577
-0.03578371182084084
-0.03576032817363739
-0.03573697060346603
-0.03571363538503647
-0.03569032624363899
-0.03566704317927361
-0.03564377501606941
-0.03562053665518761
-0.035597313195467
-0.03557411208748817
-0.03555093333125114
-0.03552777320146561
-0.03550463169813156
-0.03548151254653931
-0.03545841947197914
-0.03543534874916077
-0.03541230410337448
-0.03538928925991058
-0.03536630049347878
-0.03534333780407906
-0.03532040119171143
-0.03529749438166618
-0.03527461364865303
-0.03525175526738167
-0.0352289229631424
-0.03520611673593521
-0.03518333658576012
-0.03516057878732681
-0.0351378433406353
-0.03511514142155647
-0.03509245812892914
-0.03506980091333389
-0.03504716604948044
-0.03502454608678818
-0.03500195220112801
-0.03497937694191933
-0.03495682030916214
-0.03493428230285645
-0.03491176292300224
-0.03488926216959953
-0.03486678376793861
-0.03484432026743889
-0.03482188656926155
-0.03479946777224541
-0.03477707132697105
-0.03475469723343849
-0.03473234549164772
-0.03471000865101814
-0.03468769416213036
-0.03466540575027466
-0.03464313969016075
-0.03462089225649834
-0.03459867089986801
-0.03457647189497948
-0.03455429524183273
-0.03453214094042778
-0.03451000899076462
-0.03448790311813354
-0.03446582332253456
-0.03444376215338707
-0.03442171961069107
-0.03439970687031746
-0.03437771648168564
-0.03435575217008591
-0.03433380648493767
-0.03431188687682152
-0.03428999334573746
-0.03426811844110489
-0.03424626216292381
-0.03422442823648453
-0.03420261666178703
-0.03418082743883133
-0.03415906056761742
-0.03413731604814529
-0.03411559760570526
-0.03409390524029732
-0.03407223895192146
-0.034050602465868
-0.03402899205684662
-0.03400740027427673
-0.03398582711815834
-0.03396427631378174
-0.03394274786114693
-0.03392123803496361
-0.03389974310994148
-0.03387825936079025
-0.03385679051280022
-0.03383534029126167
-0.03381390497088432
-0.03379248827695847
-0.0337710902094841
-0.03374970704317093
-0.03372834995388985
-0.03370701894164085
-0.03368571400642395
-0.03366443887352943
-0.03364318981766701
-0.03362196683883667
-0.03360076621174812
-0.03357958793640137
-0.0335584320127964
-0.03353729844093323
-0.03351618349552155
-0.03349507972598076
-0.03347399458289146
-0.03345292434096336
-0.03343187645077705
-0.03341083973646164
-0.03338981792330742
-0.03336881473660469
-0.03334782645106316
-0.03332686051726341
-0.03330592066049576
-0.03328500315546989
-0.03326410800218582
-0.03324324265122414
-0.03322240710258484
-0.03320158645510674
-0.03318079560995102
-0.03316002711653709
-0.03313928097486496
-0.03311856091022491
-0.03309786692261696
-0.0330771878361702
-0.03305652737617493
-0.03303588926792145
-0.03301526606082916
-0.03299465775489807
-0.03297406435012817
-0.03295348584651947
-0.03293292596936226
-0.03291239216923714
-0.03289187699556351
-0.03287137672305107
-0.03285089507699013
-0.03283043578267097
-0.03280999511480331
-0.03278957307338715
-0.03276917338371277
-0.03274878859519958
-0.03272842243313789
-0.03270807862281799
-0.03268775343894958
-0.03266744315624237
-0.03264715895056725
-0.03262689709663391
-0.03260665386915207
-0.03258643671870232
-0.03256623819470406
-0.03254605829715729
-0.03252590447664261
-0.03250576183199883
-0.03248564526438713
-0.03246555477380753
-0.03244548290967941
-0.03242542967200279
-0.03240539506077766
-0.03238537907600403
-0.03236538171768188
-0.03234539926052094
-0.03232543542981148
-0.03230549022555351
-0.03228555992245674
-0.03226564824581146
-0.03224576637148857
-0.03222589939832687
-0.03220605477690697
-0.03218622505664825
-0.03216640651226044
-0.03214661031961441
-0.03212683647871017
-0.03210707753896713
-0.03208732977509499
-0.03206760063767433
-0.03204789385199547
-0.0320282019674778
-0.03200852498412132
-0.03198887035250664
-0.03196923807263374
-0.03194962069392204
-0.03193001821637154
-0.03191043809056282
-0.0318908728659153
-0.03187132626771927
-0.03185179084539413
-0.03183228522539139
-0.03181279450654984
-0.03179332613945007
-0.0317738801240921
-0.03175445273518562
-0.03173504769802094
-0.03171566128730774
-0.03169629350304604
-0.03167694807052612
-0.031657624989748
-0.03163832053542137
-0.03161903470754623
-0.03159976750612259
-0.03158051520586014
-0.03156127780675888
-0.03154205903410912
-0.03152285888791084
-0.03150367364287376
-0.03148450329899788
-0.03146535903215408
-0.03144623711705208
-0.03142713382840157
-0.03140805289149284
-0.03138899058103561
-0.03136994689702988
-0.03135091811418533
-0.03133190423250198
-0.03131290897727013
-0.03129393607378006
-0.03127498552203178
-0.0312560498714447
-0.03123713098466396
-0.03121823072433472
-0.03119934722781181
-0.0311804860830307
-0.03116163983941078
-0.0311428140848875
-0.03112400695681572
-0.03110521659255028
-0.03108644112944603
-0.03106768243014812
-0.03104893863201141
-0.03103020787239075
-0.03101149015128613
-0.0309927873313427
-0.03097409754991531
-0.03095542453229427
-0.03093676827847958
-0.03091812692582607
-0.03089950233697891
-0.03088089823722839
-0.03086231090128422
-0.03084374777972698
-0.03082520142197609
-0.03080667555332184
-0.03078817017376423
-0.03076968155801296
-0.03075120970606804
-0.03073275461792946
-0.03071432001888752
-0.03069590404629707
-0.03067750856280327
-0.03065913170576096
-0.03064077533781528
-0.03062243573367596
-0.03060411289334297
-0.03058580495417118
-0.03056751377880573
-0.03054923936724663
-0.03053097985684872
-0.03051273711025715
-0.03049450740218163
-0.03047629073262215
-0.03045808710157871
-0.03043989650905132
-0.03042171709239483
-0.03040355257689953
-0.03038540296256542
-0.03036726824939251
-0.03034914843738079
-0.03033104538917542
-0.03031296469271183
-0.03029490448534489
-0.03027686662971973
-0.03025885112583637
-0.0302408579736948
-0.03022288903594017
-0.03020493872463703
-0.03018700703978539
-0.03016909398138523
-0.03015119954943657
-0.0301333200186491
-0.03011545725166798
-0.03009761124849319
-0.03007977642118931
-0.03006195835769176
-0.03004415705800056
-0.03002636879682541
-0.03000859543681145
-0.02999083511531353
-0.02997309155762196
-0.02995536290109158
-0.02993765100836754
-0.0299199540168047
-0.02990227565169334
-0.02988461405038834
-0.02986696548759937
-0.02984933368861675
-0.02983171679079533
-0.02981411293148994
-0.02979652211070061
-0.02977894619107246
-0.02976138144731522
-0.02974383160471916
-0.0297262966632843
-0.02970878034830093
-0.02969127893447876
-0.02967379242181778
-0.02965632267296314
-0.02963886596262455
-0.0296214297413826
-0.02960401400923729
-0.02958661504089832
-0.029569236561656
-0.02955187670886517
-0.02953453920781612
-0.02951721660792828
-0.02949991449713707
-0.02948262915015221
-0.02946536056697369
-0.02944810874760151
-0.02943087182939053
-0.02941364981234074
-0.02939644083380699
-0.02937924675643444
-0.02936206571757793
-0.02934489585459232
-0.02932774089276791
-0.02931059896945953
-0.02929346822202206
-0.02927635051310062
-0.02925924770534039
-0.02924215793609619
-0.02922508306801319
-0.02920802682638168
-0.02919098362326622
-0.02917395532131195
-0.02915694378316402
-0.02913995087146759
-0.02912297658622265
-0.0291060209274292
-0.02908908203244209
-0.02907216176390648
-0.02905526012182236
-0.02903837524354458
-0.02902150526642799
-0.0290046539157629
-0.028987817466259
-0.02897099405527115
-0.02895418740808964
-0.02893739566206932
-0.02892062067985535
-0.02890385873615742
-0.02888711169362068
-0.02887037955224514
-0.02885365858674049
-0.02883695065975189
-0.02882025763392448
-0.02880357950925827
-0.0287869181483984
-0.02877027355134487
-0.02875364385545254
-0.02873703092336655
-0.02872043289244175
-0.028703847900033
-0.02868727780878544
-0.02867072075605392
-0.02865417674183846
-0.02863764762878418
-0.0286211296916008
-0.02860462851822376
-0.02858814410865307
-0.02857166901230812
-0.02855521067976952
-0.02853876352310181
-0.02852232940495014
-0.02850590646266937
-0.0284894946962595
-0.02847309783101082
-0.02845671586692333
-0.02844034507870674
-0.0284239873290062
-0.02840764448046684
-0.02839131839573383
-0.02837500721216202
-0.02835871279239655
-0.02834243886172771
-0.02832618355751038
-0.02830994874238968
-0.02829373255372047
-0.02827753312885761
-0.02826135046780109
-0.02824517898261547
-0.02822901681065559
-0.02821286953985691
-0.02819673344492912
-0.02818060666322708
-0.02816448919475079
-0.02814838290214539
-0.02813228778541088
-0.02811620384454727
-0.02810013294219971
-0.02808407880365849
-0.02806803956627846
-0.02805201523005962
-0.02803600952029228
-0.02802002429962158
-0.02800405584275723
-0.02798810601234436
-0.02797217480838299
-0.02795625850558281
-0.02794036269187927
-0.02792448364198208
-0.02790861949324608
-0.02789276838302612
-0.02787693217396736
-0.02786111086606979
-0.02784530073404312
-0.02782950177788734
-0.02781371399760246
-0.02779793366789818
-0.02778216823935509
-0.02776641771197319
-0.02775067649781704
-0.02773495018482208
-0.02771923691034317
-0.02770353853702545
-0.02768785133957863
-0.02767218090593815
-0.02765652537345886
-0.02764088846743107
-0.02762526459991932
-0.02760965377092361
-0.02759405225515366
-0.02757846377789974
-0.02756288275122643
-0.027547312900424
-0.02753175236284733
-0.0275162011384964
-0.02750066109001637
-0.02748513221740723
-0.02746961824595928
-0.02745411917567253
-0.02743863314390182
-0.02742316573858261
-0.02740771323442459
-0.02739227935671806
-0.02737686038017273
-0.02736145630478859
-0.02734606899321079
-0.02733069844543934
-0.02731534093618393
-0.02729999646544456
-0.02728466503322124
-0.02726934477686882
-0.02725403569638729
-0.02723874151706696
-0.02722345851361752
-0.02720819041132927
-0.02719293907284737
-0.02717770077288151
-0.02716247923672199
-0.02714727260172367
-0.02713207900524139
-0.02711690030992031
-0.02710173651576042
-0.02708658762276173
-0.02707145176827908
-0.02705632708966732
-0.02704121172428131
-0.0270261075347662
-0.02701101265847683
-0.02699592895805836
-0.02698085457086563
-0.02696579322218895
-0.02695074677467346
-0.02693571522831917
-0.02692069858312607
-0.02690569683909416
-0.02689070999622345
-0.02687573991715908
-0.02686078473925591
-0.02684584446251392
-0.02683091722428799
-0.02681600116193295
-0.0268010962754488
-0.02678620256483555
-0.02677131630480289
-0.02675644122064114
-0.02674157544970512
-0.02672672085464001
-0.02671187929809093
-0.02669705264270306
-0.02668223716318607
-0.02666743285953999
-0.02665264345705509
-0.02663786709308624
-0.02662310376763344
-0.02660835348069668
-0.02659361436963081
-0.02657888643443584
-0.02656416967511177
-0.02654946595430374
-0.02653477154672146
-0.02652008645236492
-0.02650541253387928
-0.02649074979126453
-0.02647609449923038
-0.02646144665777683
-0.02644680812954903
-0.02643218077719212
-0.02641756273806095
-0.02640295587480068
-0.02638835459947586
-0.02637376077473164
-0.02635917253792286
-0.02634459175169468
-0.02633001282811165
-0.02631543762981892
-0.02630086429417133
-0.02628628723323345
-0.02627170830965042
-0.02625712752342224
-0.02624254114925861
-0.02622795291244984
-0.02621336095035076
-0.02619876526296139
-0.02618416585028172
-0.02616956271231174
-0.02615495026111603
-0.02614033035933971
-0.02612569741904736
-0.0261110533028841
-0.02609639242291451
-0.02608171291649342
-0.02606701292097569
-0.02605228498578072
-0.02603752724826336
-0.02602273598313332
-0.02600790746510029
-0.02599303424358368
-0.02597811445593834
-0.02596314623951912
-0.02594812028110027
-0.0259330328553915
-0.02591788209974766
-0.02590266056358814
-0.02588736452162266
-0.02587199024856091
-0.02585653029382229
-0.02584098093211651
-0.02582533657550812
-0.02580958977341652
-0.02579373493790627
-0.02577776461839676
-0.0257616713643074
-0.0257454514503479
-0.02572909370064735
-0.02571259066462517
-0.02569593861699104
-0.02567912638187408
-0.02566214837133884
-0.02564499527215958
-0.02562766335904598
-0.02561014890670776
-0.02559244073927402
-0.02557453326880932
-0.0255564246326685
-0.02553810924291611
-0.02551957778632641
-0.02550082840025425
-0.02548185735940933
-0.02546265907585621
-0.02544323168694973
-0.0254235714673996
-0.02540367841720581
-0.02538355439901352
-0.02536319755017757
-0.02534260973334312
-0.02532179467380047
-0.02530075423419476
-0.02527949400246143
-0.0252580177038908
-0.0252363346517086
-0.02521445788443089
-0.02519239671528339
-0.02517016418278217
-0.02514776960015297
-0.02512522786855698
-0.02510255575180054
-0.02507977001368999
-0.02505688741803169
-0.02503392845392227
-0.02501091174781322
-0.02498785965144634
-0.02496479824185371
-0.02494174428284168
-0.02491872012615204
-0.02489575743675232
-0.02487287297844887
-0.02485009655356407
-0.02482745423913002
-0.02480497024953365
-0.02478266879916191
-0.02476057410240173
-0.02473871409893036
-0.02471710368990898
-0.02469577081501484
-0.02467473037540913
-0.02465400472283363
-0.0246336106210947
-0.02461356297135353
-0.02459387667477131
-0.02457456104457378
-0.02455562725663185
-0.02453708462417126
-0.0245189405977726
-0.02450119517743587
-0.02448384836316109
-0.02446689642965794
-0.02445033937692642
-0.02443416602909565
-0.02441836521029472
-0.0244029238820076
-0.02438782528042793
-0.02437305077910423
-0.02435857616364956
-0.02434437908232212
-0.02433043345808983
-0.02431671135127544
-0.02430318295955658
-0.02428982220590115
-0.02427659928798676
-0.02426348440349102
-0.02425045147538185
-0.02423747256398201
-0.02422451972961426
-0.02421156503260136
-0.02419859170913696
-0.02418557740747929
-0.02417250163853168
-0.02415934763848782
-0.02414610236883163
-0.02413275465369225
-0.02411929704248905
-0.0241057313978672
-0.0240920577198267
-0.02407827787101269
-0.02406440675258636
-0.02405045554041862
-0.02403644472360611
-0.02402239665389061
-0.02400833368301392
-0.02399429120123386
-0.02398030087351799
-0.02396639809012413
-0.02395262010395527
-0.02393900416791439
-0.02392559312283993
-0.02391242608428001
-0.02389954403042793
-0.02388699352741241
-0.02387481182813644
-0.0238630436360836
-0.02385172247886658
-0.0238408874720335
-0.02383057028055191
-0.02382080256938934
-0.02381160482764244
-0.02380300313234329
-0.02379501797258854
-0.02378765679895878
-0.02378092892467976
-0.02377482689917088
-0.02376934699714184
-0.0237644799053669
-0.02376020513474941
-0.02375650033354759
-0.0237533338367939
-0.02375067211687565
-0.023748479783535
-0.02374671399593353
-0.0237453319132328
-0.02374429069459438
-0.0237435344606638
-0.02374301850795746
-0.02374268509447575
-0.02374248579144478
-0.02374236658215523
-0.02374227903783321
-0.02374216727912426
-0.02374198287725449
-0.02374167740345001
-0.02374120242893696
-0.02374051325023174
-0.02373957075178623
-0.02373833954334259
-0.02373678237199783
-0.02373486943542957
-0.02373257465660572
-0.02372987382113934
-0.02372675016522408
-0.02372319065034389
-0.02371917851269245
-0.02371471375226974
-0.02370978333055973
-0.02370438352227211
-0.02369851246476173
-0.0236921776086092
-0.02368538081645966
-0.0236781295388937
-0.02367043122649193
-0.02366229705512524
-0.02365373633801937
-0.02364476397633553
-0.0236353911459446
-0.02362564019858837
-0.02361552603542805
-0.02360507100820541
-0.02359429188072681
-0.02358321286737919
-0.02357185445725918
-0.02356023713946342
-0.02354839071631432
-0.02353633381426334
-0.02352409809827805
-0.02351170964539051
-0.02349919825792313
-0.02348659560084343
-0.02347393706440926
-0.02346125617623329
-0.02344858273863792
-0.02343595772981644
-0.02342341840267181
-0.02341099642217159
-0.02339872904121876
-0.02338665537536144
-0.02337480522692204
-0.02336321026086807
-0.02335189841687679
-0.02334089390933514
-0.02333022281527519
-0.02331990376114845
-0.02330994606018066
-0.02330035902559757
-0.02329114452004433
-0.02328229881823063
-0.02327381446957588
-0.02326567657291889
-0.02325786091387272
-0.02325033955276012
-0.02324308268725872
-0.02323605306446552
-0.0232292041182518
-0.02322249114513397
-0.02321586199104786
-0.02320927008986473
-0.02320266142487526
-0.02319598570466042
-0.02318919077515602
-0.02318222261965275
-0.02317503467202187
-0.02316758595407009
-0.02315983735024929
-0.02315175719559193
-0.02314331941306591
-0.0231345072388649
-0.0231253057718277
-0.02311571873724461
-0.02310574613511562
-0.02309539541602135
-0.02308469265699387
-0.02307366393506527
-0.02306234277784824
-0.02305077202618122
-0.02303899638354778
-0.02302706614136696
-0.02301503531634808
-0.02300295419991016
-0.02299088053405285
-0.02297886461019516
-0.02296695671975613
-0.02295520156621933
-0.02294364385306835
-0.02293231897056103
-0.02292126044631004
-0.02291048690676689
-0.02290002070367336
-0.02288986928761005
-0.02288003824651241
-0.02287051640450954
-0.02286129631102085
-0.02285235188901424
-0.02284366078674793
-0.02283518947660923
-0.02282690070569515
-0.02281875349581242
-0.02281070686876774
-0.02280271425843239
-0.02279472723603249
-0.0227867066860199
-0.02277860417962074
-0.02277038432657719
-0.02276201359927654
-0.02275345660746098
-0.02274469658732414
-0.0227357093244791
-0.02272648736834526
-0.02271702326834202
-0.02270731516182423
-0.02269737236201763
-0.02268720977008343
-0.02267684601247311
-0.02266630157828331
-0.02265560813248158
-0.02264479547739029
-0.02263389900326729
-0.02262295223772526
-0.02261198684573174
-0.0226010400801897
-0.02259014919400215
-0.02257933840155602
-0.02256864123046398
-0.02255807816982269
-0.02254766598343849
-0.02253741957247257
-0.02252735197544098
-0.02251746132969856
-0.02250774763524532
-0.02249820530414581
-0.02248882316052914
-0.02247958816587925
-0.02247047424316406
-0.02246146649122238
-0.02245253510773182
-0.02244366146624088
-0.02243481390178204
-0.02242597006261349
-0.02241710387170315
-0.02240819111466408
-0.02239921316504478
-0.02239015139639378
-0.02238098718225956
-0.02237170748412609
-0.02236231043934822
-0.0223527904599905
-0.02234314382076263
-0.02233337983489037
-0.02232350781559944
-0.02231353335082531
-0.02230347320437431
-0.0222933441400528
-0.0222831629216671
-0.02227294631302357
-0.02226271480321884
-0.02225249260663986
-0.02224229462444782
-0.02223213575780392
-0.02222203090786934
-0.02221199311316013
-0.02220203541219234
-0.02219216339290142
-0.02218237891793251
-0.02217268757522106
-0.02216309122741222
-0.02215358428657055
-0.02214415743947029
-0.022134805098176
-0.02212551236152649
-0.02211626991629601
-0.02210706472396851
-0.0220978818833828
-0.02208870276808739
-0.02207951620221138
-0.02207030542194843
-0.02206106670200825
-0.02205178141593933
-0.02204244583845139
-0.02203305065631866
-0.02202359586954117
-0.02201407589018345
-0.0220044981688261
-0.02199486084282398
-0.02198517322540283
-0.02197544276714325
-0.02196567878127098
-0.02195589058101177
-0.02194608934223652
-0.02193628624081612
-0.02192648872733116
-0.02191671170294285
-0.02190696448087692
-0.02189725078642368
-0.02188757993280888
-0.02187795378267765
-0.0218683760613203
-0.02185884863138199
-0.02184936963021755
-0.0218399353325367
-0.02183054573833942
-0.02182119339704514
-0.02181187272071838
-0.02180257625877857
-0.0217933002859354
-0.02178402990102768
-0.02177475951611996
-0.02176548354327679
-0.02175619266927242
-0.02174687944352627
-0.02173753827810287
-0.0217281635850668
-0.02171875536441803
-0.02170930616557598
-0.02169981971383095
-0.02169029787182808
-0.02168074250221252
-0.02167115546762943
-0.0216615404933691
-0.02165189944207668
-0.02164223976433277
-0.02163256704807281
-0.02162288874387741
-0.02161320671439171
-0.02160352282226086
-0.0215938463807106
-0.02158417552709579
-0.02157451212406158
-0.02156485803425312
-0.0215552095323801
-0.02154556475579739
-0.02153591997921467
-0.0215262696146965
-0.02151660993695259
-0.02150693163275719
-0.02149722725152969
-0.02148748748004436
-0.0214777048677206
-0.02146787382662296
-0.02145798690617085
-0.02144803293049335
-0.02143800817430019
-0.02142790518701077
-0.02141771838068962
-0.02140744589269161
-0.02139708586037159
-0.02138663269579411
-0.02137608453631401
-0.02136543951928616
-0.02135469764471054
-0.02134385704994202
-0.02133291773498058
-0.02132187597453594
-0.02131072990596294
