0
0
0
0
0
0
0
0
0
0
0
0
0
0
0
0
0
0
0
0
0
0
0
0
0
0
0
0
0
0
0
0
0
0
0
0
0
0
0
0
0
0
0
0
0
0
0
0
0
0
0
0
0
0
0
0
0
0
0
0
0
0
0
0
0
0
0
0
0
0
0
0
0
0
0
0
0
0
0
0
0
0
0
0
0
0
0
0
0
0
0
0
0
0
0
0
0
0
0
0
0
0
0
0
0
0
0
0
0
0
0
0
0
0
0
0
0
0
0
0
0
0
0
0
0
0
0
0
0
0
0
0
0
0
0
0
0
0
0
0
0
0
0
0
0
0
0
0
0
0
0
0
0
0
0
0
0
0
0
0
0
0
0
0
0
0
0
0
0
0
0
0
0
0
0
0
0
0
0
0
0
0
0
0
0
0
0
0
0
0
0
0
0
0
0
0
0
0
0
0
0
0
0
0
0
0
0
0
0
0
0
0
0
0
0
0
0
0
0
0
0
0
0
0
0
0
0
0
0
0
0
0
0
0
0
0
0
0
0
0
0
0
0
0
0
0
0
0
0
0
0
0
0
0
0
0
0
0
0
0
0
0
0
0
0
0
0
0
0
0
0
0
0
0
0
0
0
0
0
0
0
0
0
0
0
0
0
0
0
0
0
0
0
0
0
0
0
0
0
0
0
0
0
0
0
0
0
0
0
0
0
0
0
0
0
0
0
0
0
0
0
0
0
0
0
0
0
0
0
0
0
0
0
0
0
0
0
0
0
0
0
0
0
0
0
0
0
0
0
0
0
0
0
0
0
0
0
0
0
0
0
0
0
0
0
0
0
0
0
0
0
0
0
0
0
0
0
0
0
0
0
0
0
0
0
0
0
0
0
0
0
0
0
0
0
0
0
0
0
0
0
0
0
0
0
0
0
0
0
0
0
0
0
0
0
0
0
0
0
0
0
0
0
0
0
0
0
0
0
0
0
0
0
0
0
0
0
0
0
0
0
0
0
0
0
0
0
0
0
0
0
0
0
0
0
0
0
0
0
0
0
0
0
0
0
0
0
0
0
0
0
0
0
0
0
0
0
0
0
0
0
0
0
0
0
0
0
0
0
0
0
0
0
0
0
0
0
0
0
0
0
0
0
0
0
0
0
0
0
0
0
0
0
0
0
0
0
0
0
0
0
0
0
0
0
0
0
0
0
0
0
0
0
0
0
0
0
0
0
0
0
0
0
0
0
0
0
0
0
0
0
0
0
0
0
0
0
0
0
0
0
0
0
0
0
0
0
0
0
0
0
0
0
0
0
0
0
0
0
0
0
0
0
0
0
0
0
0
0
0
0
0
0
0
0
0
0
0
0
0
0
0
0
0
0
0
0
0
0
0
0
0
0
0
0
0
0
0
0
0
0
0
0
0
0
0
0
0
0
0
0
0
0
0
0
0
0
0
0
0
0
0
0
0
0
0
0
0
0
0
0
0
0
0
0
0
0
0
0
0
0
0
0
0
0
0
0
0
0
0
0
0
0
0
0
0
0
0
0
0
0
0
0
0
0
0
0
0
0
0
0
0
0
0
0
0
0
0
0
0
0
0
0
0
0
0
0
0
0
0
0
0
0
0
0
0
0
0
0
0
0
0
0
0
0
0
0
0
0
0
0
0
0
0
0
0
0
0
0
0
0
0
0
0
0
0
0
0
0
0
0
0
0
0
0
0
0
0
0
0
0
0
0
0
0
0
0
0
0
0
0
0
0
0
0
0
0
0
0
0
0
0
0
0
0
0
0
0
0
0
0
0
0
0
0
0
0
0
0
0
0
0
0
0
0
0
0
0
0
0
0
0
0
0
0
0
0
0
0
0
0
0
0
0
0
0
0
0
0
0
0
0
0
0
0
0
0
0
0
0
0
0
0
0
0
0
0
0
0
0
0
0
0
0
0
0
0
0
0
0
0
0
0
0
0
0
0
0
0
0
0
0
0
0
0
0
0
0
0
0
0
0
0
0
0
0
0
0
0
0
0
0
0
0
0
0
0
0
0
0
0
0
0
0
0
0
0
0
0
0
0
0
0
0
0
0
0
0
0
0
0
0
0
0
0
0
0
0
0
0
0
0
0
0
0
0
0
0
0
0
0
0
0
0
0
0
0
0
0
0
0
0
0
0
0
0
0
0
0
0
0
0
0
0
0
0
0
0
0
0
0
0
0
0
0
0
0
0
0
0
0
0
0
0
0
0
0
0
0
0
0
0
0
0
0
0
0
0
0
0
0
0
0
0
0
0
0
0
0
0
0
0
0
0
0
0
0
0
0
0
0
0
0
0
0
0
0
0
0
0
0
0
0
0
0
0
0
0
0
0
0
0
0
0
0
0
0
0
0
0
0
0
0
0
0
0
0
0
0
0
0
0
0
0
0
0
0
0
0
0
0
0
0
0
0
0
0
0
0
0
0
0
0
0
0
0
0
0
0
0
0
0
0
0
0
0
0
0
0
0
0
0
0
0
0
0
0
0
0
0
0
0
0
0
0
0
0
0
0
0
0
0
0
0
0
0
0
0
0
0
0
0
0
0
0
0
0
0
0
0
0
0
0
0
0
0
0
0
0
0
0
0
0
0
0
0
0
0
0
0
0
0
0
0
0
0
0
0
0
0
0
0
0
0
0
0
0
0
0
0
0
0
0
0
0
0
0
0
0
0
0
0
0
0
0
0
0
0
0
0
0
0
0
0
0
0
0
0
0
0
0
0
0
0
0
0
0
0
0
0
0
0
0
0
0
0
0
0
0
0
0
0
0
0
0
0
0
0
0
0
0
0
0
0
0
0
0
0
0
0
0
0
0
0
0
0
0
0
0
0
0
0
0
0
0
0
0
0
0
0
0
0
0
0
0
0
0
0
0
0
0
0
0
0
0
0
0
0
0
0
0
0
0
0
0
0
0
0
0
0
0
0
0
0
0
0
0
0
0
0
0
0
0
0
0
0
0
0
0
0
0
0
0
0
0
0
0
0
0
0
0
0
0
0
0
0
0
0
0
0
0
0
0
0
0
0
0
0
0
0
0
0
0
0
0
0
0
0
0
0
0
0
0
0
0
0
0
0
0
0
0
0
0
0
0
0
0
0
0
0
0
0
0
0
0
0
0
0
0
0
0
0
0
0
0
0
0
0
0
0
0
0
0
0
0
0
0
0
0
0
0
0
0
0
0
0
0
0
0
0
0
0
0
0
0
0
0
0
0
0
0
0
0
0
0
0
0
0
0
0
0
0
0
0
0
0
0
0
0
0
0
0
0
0
0
0
0
0
0
0
0
0
0
0
0
0
0
0
0
0
0
0
0
0
0
0
0
0
0
0
0
0
0
0
0
0
0
0
0
0
0
0
0
0
0
0
0
0
0
0
0
0
0
0
0
0
0
0
0
0
0
0
0
0
0
0
0
0
0
0
0
0
0
0
0
0
0
0
0
0
0
0
0
0
0
0
0
0
0
0
0
0
0
0
0
0
0
0
0
0
0
0
0
0
0
0
0
0
0
0
0
0
0
0
0
0
0
0
0
0
0
0
0
0
0
0
0
0
0
0
0
0
0
0
0
0
0
0
0
0
0
0
0
0
0
0
0
0
0
0
0
0
0
0
0
0
0
0
0
0
0
0
0
0
0
0
0
0
0
0
0
0
0
0
0
0
0
0
0
0
0
0
0
0
0
0
0
0
0
0
0
1.68155815718978e-44
4.764414778704378e-44
1.177090710032846e-43
2.648454097573904e-43
5.549141918726276e-43
1.157472531532299e-42
2.393417777066788e-42
4.946583579066604e-42
1.019024243257007e-41
2.092138607236952e-41
4.282087847283776e-41
8.739898521993884e-41
1.778836296583209e-40
3.610123194686096e-40
7.305557439880288e-40
1.474095919546491e-39
2.965820173774189e-39
5.949906273030852e-39
1.190216672748177e-38
2.374080138518798e-38
4.721941982770079e-38
9.364921357594839e-38
1.852030151114472e-37
3.652201721284474e-37
7.181686915581306e-37
1.408203614741501e-36
2.753429423696829e-36
5.368514412150154e-36
1.043778214260468e-35
2.023663747477529e-35
3.91243004766266e-35
7.542843618117447e-35
1.450126680167207e-34
2.780104751122174e-34
5.314995411355569e-34
1.013288160858809e-33
1.926431366196258e-33
3.652299518913234e-33
6.905157241209423e-33
1.301898050165291e-32
2.447814465195395e-32
4.589654509964265e-32
8.58189634221775e-32
1.600258529195311e-31
2.97579145567443e-31
5.518511984596316e-31
1.020588081429119e-30
1.882303117248558e-30
3.462111101024873e-30
6.350478643820174e-30
1.161682800013685e-29
2.119268634826302e-29
3.855700915307309e-29
6.995859874670213e-29
1.265904483907873e-28
2.284464192470523e-28
4.111429022959206e-28
7.379515471465601e-28
1.320963859900614e-27
2.358215320426651e-27
4.198622419703427e-27
7.455254785051568e-27
1.320236224308325e-26
2.331717220693804e-26
4.107110625800703e-26
7.214968677767621e-26
1.264070591266633e-25
2.208759012140961e-25
3.849165682264109e-25
6.690019709274102e-25
1.159663198783112e-24
2.004846603269414e-24
3.456816491240609e-24
5.944544576118435e-24
1.019551049608866e-23
1.744008009464095e-23
2.975351093843159e-23
5.062663796194749e-23
8.591563635941286e-23
1.45418063910364e-22
2.454813715577257e-22
4.133078814506702e-22
6.940402283102297e-22
1.162390910977132e-21
1.94167825073948e-21
3.234897792232103e-21
5.375302752014789e-21
8.908509014997363e-21
1.472541756588071e-20
2.42767993976095e-20
3.991876377835451e-20
6.546741637566251e-20
1.070869054986915e-19
1.74707369611253e-19
2.842826411876572e-19
4.613751343964186e-19
7.468325271502659e-19
1.205752227597109e-18
1.941596590887797e-18
3.118362341869517e-18
4.995294501961287e-18
7.981101771054641e-18
1.271839491764788e-17
2.021481020877708e-17
3.204610851338226e-17
5.066981530721767e-17
7.990831400291734e-17
1.25690795526592e-16
1.971895745232665e-16
3.085556267785796e-16
4.815619474365929e-16
7.496181232103066e-16
1.163850692219076e-15
1.802285788465125e-15
2.783679125219402e-15
4.288286407558555e-15
6.588967652737532e-15
1.009763815937965e-14
1.543444124135589e-14
2.353045669011185e-14
3.577981010430276e-14
5.426422047707762e-14
8.208364543627056e-14
1.238417056620769e-13
1.863562472739777e-13
2.796967301862963e-13
4.18693969468989e-13
6.251314570160371e-13
9.309166935575486e-13
1.382657443399493e-12
2.048245037120089e-12
3.026300997993614e-12
4.459688694724573e-12
6.554783191919933e-12
9.608880531530861e-12
1.404905185242722e-11
2.048708425128609e-11
2.979691493543157e-11
4.322344912544018e-11
6.253505352438182e-11
9.023654740092368e-11
1.298659096926613e-10
1.864062515455345e-10
2.668561482899179e-10
3.810166904205659e-10
5.425747628962085e-10
7.705885929354395e-10
1.091519652440809e-09
1.54200230362278e-09
2.172608315476054e-09
3.052947006310092e-09
4.278551735126257e-09
5.980153705564817e-09
8.336122903074283e-09
1.15891172214333e-08
1.606826849354093e-08
2.221868733442989e-08
3.064052833678943e-08
4.214058435536572e-08
5.780018597079106e-08
7.906422183623363e-08
1.078575522228675e-07
1.467366530505387e-07
1.990864291201433e-07
2.693749650006794e-07
3.634818313003052e-07
4.891199978374061e-07
6.563760734934476e-07
8.783987937022175e-07
1.17227500595618e-06
1.560138457534777e-06
2.070567916234722e-06
2.740345735219307e-06
3.616658887040103e-06
4.759844159707427e-06
6.246798420761479e-06
8.175195944204461e-06
1.066869390342617e-05
1.38833083838108e-05
1.801521102606785e-05
2.331022915313952e-05
3.007533814525232e-05
3.869252032018267e-05
4.963542596669868e-05
6.348926399368793e-05
8.097447425825521e-05
0.0001029747363645583
0.0001305699115619063
0.0001650746853556484
0.0002080835256492719
0.0002615228877402842
0.0003277110226918012
0.0004094267496839166
0.0005099876434542239
0.0006333378842100501
0.0007841473561711609
0.0009679217473603785
0.001191123388707638
0.001461304491385818
0.00178725051227957
0.002179134171456099
0.002648677909746766
0.003209325019270182
0.003876412054523826
0.004667346831411123
0.005601778626441956
0.006701764650642872
0.007991919293999672
0.009499542415142059
0.01125471480190754
0.01329036615788937
0.01564227603375912
0.01834902726113796
0.02145187556743622
0.02499455586075783
0.0290229544043541
0.03358472138643265
0.03872870653867722
0.0445043109357357
0.05096068605780602
0.05814580246806145
0.06610533595085144
0.07488147169351578
0.08451156318187714
0.09502667188644409
0.1064500510692596
0.1187955439090729
0.1320659965276718
0.1462517231702805
0.161329060792923
0.1772590130567551
0.1939862817525864
0.2114385068416595
0.2295258939266205
0.2481413930654526
0.2671611607074738
0.2864459753036499
0.3058428168296814
0.3251875936985016
0.3443078994750977
0.363027036190033
0.3811678886413574
0.398557722568512
0.4150329530239105
0.4304442703723907
0.4446614980697632
0.4575783312320709
0.4691165685653687
0.4792295098304749
0.4879048466682434
0.495166003704071
0.5010727047920227
0.5057199597358704
0.5092359781265259
0.5117786526679993
0.5135305523872375
0.5146933197975159
0.5154808759689331
0.5161116123199463
0.5168010592460632
0.5177538394927979
0.5191559195518494
0.5211675763130188
0.5239172577857971
0.527496874332428
0.5319581627845764
0.5373111367225647
0.5435239672660828
0.5505251288414001
0.5582072138786316
0.5664323568344116
0.5750391483306885
0.5838507413864136
0.5926838517189026
0.6013579368591309
0.6097041368484497
0.6175740957260132
0.6248466968536377
0.6314342021942139
0.6372860670089722
0.6423906683921814
0.64677494764328
0.6505016684532166
0.6536648273468018
0.6563833355903625
0.6587934494018555
0.6610397696495056
0.6632668972015381
0.6656101942062378
0.6681884527206421
0.6710969805717468
0.6744027733802795
0.6781413555145264
0.6823160648345947
0.6868994832038879
0.6918362379074097
0.6970483064651489
0.702441394329071
0.7079120278358459
0.7133552432060242
0.7186719179153442
0.7237756848335266
0.7285981774330139
0.7330933809280396
0.7372393012046814
0.7410388588905334
0.7445179224014282
0.7477225065231323
0.750713586807251
0.7535622715950012
0.7563430666923523
0.7591286301612854
0.7619838714599609
0.764961302280426
0.7680978178977966
0.7714126706123352
0.7749071717262268
0.7785658836364746
0.7823585271835327
0.7862443327903748
0.7901754975318909
0.7941020131111145
0.7979762554168701
0.801756739616394
0.8054113984107971
0.8089194297790527
0.8122730255126953
0.8154763579368591
0.8185449242591858
0.8215031027793884
0.8243810534477234
0.8272119760513306
0.8300285935401917
0.8328603506088257
0.8357306718826294
0.8386555910110474
0.8416426181793213
0.8446909785270691
0.8477920889854431
0.8509312868118286
0.8540896773338318
0.8572463989257812
0.8603808879852295
0.8634747862815857
0.8665139079093933
0.8694887757301331
0.8723958730697632
0.8752368092536926
0.878018319606781
0.8807507157325745
0.8834466338157654
0.8861197233200073
0.8887828588485718
0.8914470076560974
0.8941203355789185
0.8968073725700378
0.8995093703269958
0.9022239446640015
0.9049460887908936
0.9076686501502991
0.9103838205337524
0.9130836129188538
0.91576087474823
0.9184101223945618
0.9210282564163208
0.9236140251159668
0.9261686205863953
0.928695023059845
0.931197464466095
0.9336810708045959
0.9361509680747986
0.938611626625061
0.9410668611526489
0.9435188770294189
0.9459687471389771
0.9484159350395203
0.9508591294288635
0.9532957077026367
0.9557230472564697
0.9581382274627686
0.9605388641357422
0.962922990322113
0.965289294719696
0.9676377177238464
0.9699686169624329
0.9722831845283508
0.9745829701423645
0.9768699407577515
0.9791459441184998
0.9814124703407288
0.9836707711219788
0.9859216213226318
0.9881651401519775
0.9904012084007263
0.9926290512084961
0.99484783411026
0.9970564842224121
0.9992541670799255
1.001440405845642
1.00361442565918
1.005776405334473
1.007926225662231
1.010064601898193
1.012191891670227
1.014308929443359
1.016416311264038
1.018514633178711
1.020604133605957
1.022685408592224
1.024758338928223
1.026822805404663
1.028879046440125
1.030926704406738
1.032965183258057
1.03499448299408
1.037014365196228
1.039024710655212
1.041025638580322
1.043017268180847
1.044999837875366
1.046973347663879
1.048938274383545
1.050894737243652
1.052842974662781
1.054783225059509
1.056715607643127
1.058640122413635
1.060556650161743
1.062465190887451
1.064365983009338
1.066258549690247
1.068143129348755
1.070019841194153
1.071888566017151
1.073749303817749
1.075602412223816
1.077447772026062
1.079285383224487
1.08111560344696
1.082938075065613
1.084753274917603
1.086561322212219
1.088362336158752
1.090156078338623
1.091942429542542
1.093721628189087
1.095493674278259
1.097258687019348
1.099016547203064
1.100767135620117
1.102510452270508
1.104246854782104
1.105976343154907
1.107698559761047
1.109413623809814
1.111121296882629
1.112821578979492
1.114514470100403
1.116199970245361
1.117877602577209
1.119547128677368
1.121208071708679
1.122859954833984
1.124502062797546
1.126133799552917
1.127754330635071
1.1293625831604
1.13095760345459
1.132537722587585
1.134100675582886
1.135644793510437
1.13716733455658
1.138665318489075
1.140134811401367
1.141571998596191
1.142972111701965
1.14432966709137
1.1456378698349
1.146889328956604
1.148075342178345
1.149186491966248
1.150211572647095
1.151138305664062
1.151952624320984
1.152639150619507
1.153180718421936
1.153558373451233
1.153751254081726
1.153736472129822
1.153489708900452
1.152984261512756
1.152191996574402
1.15108323097229
1.149626493453979
1.147789239883423
1.145537853240967
1.142838001251221
1.139655113220215
1.135955214500427
1.131704926490784
1.126872062683105
1.121427178382874
1.115343451499939
1.108597278594971
1.101170301437378
1.093048691749573
1.084225058555603
1.074698686599731
1.064476490020752
1.053573608398438
1.042014002799988
1.029830694198608
1.017065644264221
1.00377094745636
0.9900082349777222
0.9758474826812744
0.9613674283027649
0.9466543793678284
0.9318011999130249
0.9169058799743652
0.9020700454711914
0.8873971700668335
0.8729904294013977
0.8589508533477783
0.8453747630119324
0.8323515653610229
0.8199612498283386
0.808272123336792
0.7973387241363525
0.7871996164321899
0.777875542640686
0.7693684101104736
0.7616599202156067
0.7547113299369812
0.7484635710716248
0.7428380250930786
0.7377374768257141
0.7330484390258789
0.7286435961723328
0.7243850827217102
0.720128059387207
0.7157251834869385
0.7110306620597839
0.7059051394462585
0.7002201676368713
0.6938628554344177
0.6867396235466003
0.678780198097229
0.669940173625946
0.6602029800415039
0.6495809555053711
0.6381155848503113
0.6258759498596191
0.6129573583602905
0.5994774699211121
0.5855728387832642
0.5713942646980286
0.5571010112762451
0.5428559184074402
0.5288193821907043
0.5151435732841492
0.50196772813797
0.4894132614135742
0.4775802195072174
0.4665442109107971
0.4563546776771545
0.4470343291759491
0.4385795593261719
0.4309619963169098
0.4241310358047485
0.4180174171924591
0.4125368893146515
0.4075953364372253
0.4030930399894714
0.3989294171333313
0.3950075805187225
0.3912379145622253
0.3875414729118347
0.3838519752025604
0.3801173269748688
0.3762999176979065
0.3723761439323425
0.3683349192142487
0.3641757071018219
0.3599061071872711
0.3555388450622559
0.3510891497135162
0.3465720415115356
0.3419998586177826
0.337380975484848
0.3327184319496155
0.3280098140239716
0.3232475817203522
0.3184202909469604
0.3135143220424652
0.3085157871246338
0.3034130334854126
0.2981986701488495
0.2928717732429504
0.2874394357204437
0.2819177210330963
0.276331901550293
0.2707160413265228
0.2651116251945496
0.2595654428005219
0.2541273832321167
0.2488469034433365
0.2437702417373657
0.2389370501041412
0.2343776673078537
0.2301108092069626
0.2261418253183365
0.222461998462677
0.2190486192703247
0.2158661186695099
0.2128680050373077
0.2099994719028473
0.20720075070858
0.2044106125831604
0.2015701979398727
0.1986265033483505
0.19553542137146
0.1922643780708313
0.1887940019369125
0.1851189285516739
0.1812477856874466
0.1772020757198334
0.1730144917964935
0.1687263250350952
0.1643845289945602
0.1600385010242462
0.1557368189096451
0.151524230837822
0.1474389582872391
0.1435106694698334
0.1397590935230255
0.1361932307481766
0.1328116059303284
0.1296028941869736
0.1265473365783691
0.1236186251044273
0.1207859367132187
0.1180162951350212
0.1152767762541771
0.1125365495681763
0.1097687259316444
0.1069516465067863
0.1040698364377022
0.1011144444346428
0.09808318316936493
0.09497988969087601
0.09181369096040726
0.08859799057245255
0.08534924685955048
0.08208562433719635
0.07882573455572128
0.07558747380971909
0.07238694280385971
0.06923769414424896
0.06615012139081955
0.06313109397888184
0.06018388271331787
0.05730823054909706
0.05450069159269333
0.05175505951046944
0.04906291142106056
0.04641430452466011
0.04379839450120926
0.04120414704084396
0.038620974868536
0.03603929653763771
0.03345107287168503
0.03085014969110489
0.028232516720891
0.02559647522866726
0.02294254675507545
0.02027337625622749
0.01759343780577183
0.0149086732417345
0.0122259920462966
0.009552799165248871
0.00689643295481801
0.004263692535459995
0.0016603316180408
-0.0009092590771615505
-0.003442364512011409
-0.005938066635280848
-0.00839725136756897
-0.01082247588783503
-0.01321770623326302
-0.01558797992765903
-0.01793895475566387
-0.02027644962072372
-0.022606011480093
-0.02493246458470821
-0.02725959755480289
-0.02958990074694157
-0.03192446008324623
-0.03426294401288033
-0.03660374134778976
-0.03894415125250816
-0.04128072038292885
-0.04360955208539963
-0.04592668637633324
-0.04822844639420509
-0.05051176249980927
-0.05277436599135399
-0.0550149604678154
-0.05723327770829201
-0.05943002924323082
-0.06160680204629898
-0.06376583874225616
-0.06590981781482697
-0.0680416002869606
-0.07016394287347794
-0.07227930426597595
-0.07438963651657104
-0.07649624347686768
-0.07859975099563599
-0.0807001143693924
-0.08279664814472198
-0.08488817512989044
-0.08697318285703659
-0.08904999494552612
-0.09111692011356354
-0.09317245334386826
-0.09521538764238358
-0.09724488109350204
-0.09926053881645203
-0.1012624129652977
-0.1032509431242943
-0.1052269265055656
-0.1071913689374924
-0.109145425260067
-0.1110902726650238
-0.1130269840359688
-0.1149564906954765
-0.1168794333934784
-0.1187962293624878
-0.1207069754600525
-0.1226115375757217
-0.1245095133781433
-0.1264003664255142
-0.1282834559679031
-0.1301581412553787
-0.1320237815380096
-0.1338798552751541
-0.1357259303331375
-0.1375618129968643
-0.1393873691558838
-0.1412027031183243
-0.1430079340934753
-0.1448033452033997
-0.1465891897678375
-0.1483656316995621
-0.1501328200101852
-0.1518907099962234
-0.15363909304142
-0.1553775817155838
-0.157105565071106
-0.1588221490383148
-0.1605262756347656
-0.1622166186571121
-0.1638916283845901
-0.16554956138134
-0.167188435792923
-0.1688060760498047
-0.1703999787569046
-0.171967402100563
-0.1735052764415741
-0.1750101447105408
-0.1764781475067139
-0.1779048591852188
-0.1792853772640228
-0.1806141138076782
-0.1818848103284836
-0.1830904483795166
-0.1842232197523117
-0.1852744668722153
-0.1862346976995468
-0.1870935261249542
-0.1878397017717361
-0.1884611397981644
-0.1889449059963226
-0.1892772763967514
-0.1894438564777374
-0.1894296407699585
-0.189219132065773
-0.1887964308261871
-0.1881455332040787
-0.1872503757476807
-0.18609519302845
-0.1846646964550018
-0.1829444020986557
-0.1809209883213043
-0.1785825937986374
-0.175919234752655
-0.17292320728302
-0.1695895195007324
-0.1659162938594818
-0.1619052141904831
-0.1575618833303452
-0.1528961509466171
-0.1479225009679794
-0.1426602005958557
-0.1371335536241531
-0.131371945142746
-0.1254097670316696
-0.1192862838506699
-0.1130453124642372
-0.1067348271608353
-0.10040632635355
-0.09411410242319107
-0.08791441470384598
-0.08186441659927368
-0.07602111250162125
-0.07044009119272232
-0.06517428159713745
-0.06027262285351753
-0.05577879399061203
-0.0517299510538578
-0.04815555736422539
-0.04507636278867722
-0.04250352457165718
-0.04043802246451378
-0.03887025639414787
-0.03778000548481941
-0.03713660687208176
-0.03689952939748764
-0.03701924532651901
-0.03743840381503105
-0.03809330239892006
-0.03891559690237045
-0.03983425721526146
-0.04077760130167007
-0.04167550057172775
-0.04246153682470322
-0.0430750884115696
-0.04346329346299171
-0.04358279332518578
-0.04340111091732979
-0.0428977869451046
-0.04206496849656105
-0.04090764746069908
-0.03944333642721176
-0.03770135715603828
-0.035721555352211
-0.03355266526341438
-0.03125031292438507
-0.02887466549873352
-0.02648794278502464
-0.02415181323885918
-0.02192480489611626
-0.01985988020896912
-0.01800224557518959
-0.01638751849532127
-0.01504034548997879
-0.01397354248911142
-0.01318780519068241
-0.0126719893887639
-0.01240397710353136
-0.01235206611454487
-0.01247681491076946
-0.01273326762020588
-0.01307343691587448
-0.01344889029860497
-0.0138133317232132
-0.01412504073232412
-0.01434902753680944
-0.01445880252867937
-0.0144376615062356
-0.01427941676229239
-0.01398854143917561
-0.01357973739504814
-0.0130769656971097
-0.01251194812357426
-0.0119223203510046
-0.01134948246181011
-0.01083630230277777
-0.01042480953037739
-0.01015401817858219
-0.01005800534039736
-0.01016435399651527
-0.01049305591732264
-0.01105591282248497
-0.01185647305101156
-0.01289047859609127
-0.01414677035063505
-0.01560860313475132
-0.01725522801280022
-0.01906366273760796
-0.02101046219468117
-0.02307344414293766
-0.02523317188024521
-0.02747415006160736
-0.02978561259806156
-0.03216191753745079
-0.03460244834423065
-0.03711112588644028
-0.03969552367925644
-0.04236568883061409
-0.04513275623321533
-0.04800746217370033
-0.05099868774414062
-0.05411209538578987
-0.05734903365373611
-0.06070571020245552
-0.06417272239923477
-0.06773500889539719
-0.07137212157249451
-0.07505887746810913
-0.07876631617546082
-0.0824628546833992
-0.08611559867858887
-0.08969166874885559
-0.0931595042347908
-0.09648998826742172
-0.09965743124485016
-0.102640300989151
-0.1054216548800468
-0.1079893037676811
-0.1103357374668121
-0.1124578714370728
-0.1143565326929092
-0.1160359010100365
-0.1175029799342155
-0.1187668889760971
-0.1198384761810303
-0.1207297965884209
-0.1214538961648941
-0.1220246478915215
-0.1224566996097565
-0.1227655336260796
-0.1229676529765129
-0.1230806484818459
-0.1231233552098274
-0.1231158673763275
-0.1230794861912727
-0.1230365112423897
-0.1230098977684975
-0.123022735118866
-0.1230976954102516
-0.1232563257217407
-0.1235182508826256
-0.1239005029201508
-0.124416746199131
-0.1250767558813095
-0.1258858889341354
-0.1268448382616043
-0.1279495507478714
-0.1291913092136383
-0.1305570304393768
-0.1320297867059708
-0.1335894167423248
-0.1352133452892303
-0.1368774026632309
-0.1385565996170044
-0.1402261406183243
-0.1418621838092804
-0.1434425115585327
-0.1449473351240158
-0.146359771490097
-0.1476661860942841
-0.1488566100597382
-0.1499247699975967
-0.1508682519197464
-0.1516883820295334
-0.1523900330066681
-0.1529813855886459
-0.1534736752510071
-0.1538806706666946
-0.1542182713747025
-0.1545039266347885
-0.1547561138868332
-0.1549937427043915
-0.1552355289459229
-0.1554993689060211
-0.1558017432689667
-0.1561571657657623
-0.1565777212381363
-0.1570725739002228
-0.1576477289199829
-0.1583057940006256
-0.159045934677124
-0.1598639190196991
-0.1607523709535599
-0.161701112985611
-0.1626976579427719
-0.1637276858091354
-0.1647758185863495
-0.165826216340065
-0.1668632924556732
-0.1678723990917206
-0.1688404232263565
-0.1697563529014587
-0.1706116646528244
-0.1714006513357162
-0.172120600938797
-0.1727718263864517
-0.1733575314283371
-0.1738835871219635
-0.174358069896698
-0.1747909635305405
-0.1751935482025146
-0.1755778193473816
-0.1759560108184814
-0.1763398200273514
-0.1767400950193405
-0.177166223526001
-0.1776258498430252
-0.1781244426965714
-0.1786652356386185
-0.1792491525411606
-0.1798748373985291
-0.180538684129715
-0.1812353581190109
-0.1819579154253006
-0.1826982796192169
-0.1834476888179779
-0.1841971874237061
-0.1849381029605865
-0.1856624186038971
-0.1863631904125214
-0.1870348900556564
-0.1876736432313919
-0.1882773339748383
-0.1888456791639328
-0.1893801242113113
-0.1898837834596634
-0.1903610676527023
-0.1908175349235535
-0.1912594437599182
-0.191693440079689
-0.1921260952949524
-0.1925636231899261
-0.193011462688446
-0.1934740990400314
-0.1939547806978226
-0.1944554150104523
-0.1949765533208847
-0.1955173760652542
-0.196075826883316
-0.1966488063335419
-0.1972323656082153
-0.1978220641613007
-0.1984131783246994
-0.1990010291337967
-0.1995812356472015
-0.2001500278711319
-0.2007043957710266
-0.2012422233819962
-0.2017623782157898
-0.2022647857666016
-0.2027502954006195
-0.2032206207513809
-0.203678235411644
-0.2041260600090027
-0.2045673429965973
-0.2050054371356964
-0.2054435163736343
-0.2058844715356827
-0.2063306272029877
-0.2067837566137314
-0.2072448432445526
-0.2077140957117081
-0.2081910967826843
-0.2086746990680695
-0.2091632485389709
-0.2096545249223709
-0.2101460695266724
-0.2106353640556335
-0.2111198604106903
-0.2115971595048904
-0.2120652198791504
-0.2125222682952881
-0.2129670828580856
-0.2133987545967102
-0.2138168513774872
-0.2142213433980942
-0.2146124094724655
-0.2149904072284698
-0.2153557687997818
-0.2157087624073029
-0.2160495072603226
-0.2163777053356171
-0.2166926264762878
-0.2169930040836334
-0.217277005314827
-0.2175421863794327
-0.2177855372428894
-0.2180034071207047
-0.2181917279958725
-0.2183458656072617
-0.2184608727693558
-0.2185314893722534
-0.2185522168874741
-0.2185174077749252
-0.2184213250875473
-0.2182582318782806
-0.2180223912000656
-0.2177080810070038
-0.2173096090555191
-0.2168213129043579
-0.2162376344203949
-0.215553030371666
-0.2147620618343353
-0.2138593643903732
-0.212839737534523
-0.2116981744766235
-0.210429921746254
-0.2090306282043457
-0.2074964344501495
-0.20582415163517
-0.204011395573616
-0.2020567059516907
-0.1999597996473312
-0.1977216750383377
-0.1953447759151459
-0.1928331702947617
-0.1901926100254059
-0.1874306797981262
-0.184556782245636
-0.1815822273492813
-0.178520143032074
-0.175385445356369
-0.172194704413414
-0.1689660549163818
-0.1657189279794693
-0.1624738872051239
-0.1592523008584976
-0.1560760736465454
-0.1529672592878342
-0.1499477624893188
-0.1470389366149902
-0.1442612260580063
-0.1416336596012115
-0.1391735970973969
-0.1368962824344635
-0.1348144710063934
-0.1329381018877029
-0.1312739998102188
-0.1298256814479828
-0.1285931318998337
-0.127572700381279
-0.1267570406198502
-0.1261352002620697
-0.1256927698850632
-0.1254120171070099
-0.12527234852314
-0.1252505779266357
-0.1253214478492737
-0.1254582852125168
-0.125633493065834
-0.1258192360401154
-0.1259882003068924
-0.1261142641305923
-0.1261731535196304
-0.1261431574821472
-0.1260056793689728
-0.1257457584142685
-0.1253525167703629
-0.1248194426298141
-0.124144583940506
-0.1233305484056473
-0.1223844364285469
-0.1213175803422928
-0.1201451569795609
-0.1188856810331345
-0.1175603270530701
-0.1161922514438629
-0.1148057654500008
-0.1134254708886147
-0.1120754405856133
-0.1107783690094948
-0.1095547154545784
-0.108422078192234
-0.1073945611715317
-0.1064822971820831
-0.1056911200284958
-0.1050224229693413
-0.1044731661677361
-0.1040360853075981
-0.1037000641226768
-0.1034506186842918
-0.103270560503006
-0.1031407564878464
-0.1030409187078476
-0.1029504984617233
-0.102849543094635
-0.1027195304632187
-0.1025440916419029
-0.1023096740245819
-0.1020060777664185
-0.101626805961132
-0.1011692062020302
-0.1006345525383949
-0.1000278294086456
-0.09935738891363144
-0.09863445907831192
-0.0978725254535675
-0.09708664566278458
-0.0962926521897316
-0.09550634771585464
-0.09474277496337891
-0.0940154567360878
-0.09333581477403641
-0.0927126407623291
-0.09215177595615387
-0.09165589511394501
-0.09122451394796371
-0.09085412323474884
-0.09053850919008255
-0.09026920795440674
-0.09003601223230362
-0.08982764184474945
-0.08963239192962646
-0.08943884819746017
-0.08923644572496414
-0.0890161320567131
-0.088770791888237
-0.08849558234214783
-0.08818817138671875
-0.08784879744052887
-0.08748015761375427
-0.08708722144365311
-0.08667685091495514
-0.08625739812850952
-0.08583816885948181
-0.08542891591787338
-0.08503927290439606
-0.0846782848238945
-0.08435394614934921
-0.08407285809516907
-0.08383997529745102
-0.08365850150585175
-0.08352985233068466
-0.08345379680395126
-0.08342865109443665
-0.08345159143209457
-0.08351904153823853
-0.08362704515457153
-0.08377169817686081
-0.08394951373338699
-0.08415783196687698
-0.08439500629901886
-0.08466066420078278
-0.08495576679706573
-0.08528263121843338
-0.08564481139183044
-0.08604692667722702
-0.08649440109729767
-0.08699312806129456
-0.08754916489124298
-0.08816838264465332
-0.08885610848665237
-0.08961685001850128
-0.09045407176017761
-0.09136997163295746
-0.09236542135477066
-0.09343992918729782
-0.09459166973829269
-0.09581760317087173
-0.09711360931396484
-0.09847471863031387
-0.09989528357982635
-0.1013692170381546
-0.1028901487588882
-0.1044516712427139
-0.1060473546385765
-0.1076709479093552
-0.1093163043260574
-0.1109774634242058
-0.1126485392451286
-0.114323690533638
-0.1159970015287399
-0.1176624074578285
-0.1193135678768158
-0.1209438145160675
-0.1225461289286613
-0.1241131648421288
-0.1256372183561325
-0.1271104216575623
-0.1285248100757599
-0.1298724561929703
-0.1311457306146622
-0.1323375254869461
-0.1334414333105087
-0.1344519555568695
-0.1353646814823151
-0.1361764967441559
-0.1368856579065323
-0.1374918967485428
-0.1379964649677277
-0.1384021192789078
-0.138713076710701
-0.1389349102973938
-0.1390744298696518
-0.1391395628452301
-0.1391391754150391
-0.1390828788280487
-0.1389808803796768
-0.1388437449932098
-0.1386823207139969
-0.1385074555873871
-0.13832987844944
-0.1381600648164749
-0.1380080431699753
-0.1378832906484604
-0.1377945840358734
-0.1377498209476471
-0.137755960226059
-0.137818843126297
-0.1379430890083313
-0.1381320804357529
-0.1383877098560333
-0.1387104988098145
-0.1390994787216187
-0.1395521610975266
-0.1400645822286606
-0.1406314373016357
-0.1412460952997208
-0.1419008076190948
-0.1425868719816208
-0.1432947814464569
-0.1440145671367645
-0.1447360068559647
-0.1454488188028336
-0.1461431086063385
-0.146809458732605
-0.1474393010139465
-0.1480250805616379
-0.1485604792833328
-0.1490406095981598
-0.1494620740413666
-0.1498230844736099
-0.1501234471797943
-0.1503646224737167
-0.1505495309829712
-0.1506825685501099
-0.1507694125175476
-0.1508168429136276
-0.1508324891328812
-0.1508246511220932
-0.1508020311594009
-0.1507733911275864
-0.1507474333047867
-0.1507324874401093
-0.1507362127304077
-0.1507654190063477
-0.1508259326219559
-0.1509223282337189
-0.1510578989982605
-0.15123450756073
-0.1514526009559631
-0.1517112553119659
-0.1520081162452698
-0.1523395627737045
-0.1527008861303329
-0.1530864238739014
-0.1534897536039352
-0.153903990983963
-0.154322013258934
-0.154736652970314
-0.1551410406827927
-0.1555288285017014
-0.1558943241834641
-0.1562327742576599
-0.1565405428409576
-0.1568151265382767
-0.1570552289485931
-0.1572608798742294
-0.157433345913887
-0.1575749963521957
-0.1576892882585526
-0.1577805280685425
-0.1578536927700043
-0.1579142659902573
-0.1579679399728775
-0.1580204665660858
-0.1580773293972015
-0.1581435948610306
-0.1582237482070923
-0.1583214402198792
-0.158439502120018
-0.1585796922445297
-0.1587427705526352
-0.1589284390211105
-0.1591354459524155
-0.1593616157770157
-0.1596039980649948
-0.1598590016365051
-0.1601226031780243
-0.1603904813528061
-0.1606582254171371
-0.1609215438365936
-0.1611764878034592
-0.1614195108413696
-0.1616476774215698
-0.1618587076663971
-0.1620511710643768
-0.1622244119644165
-0.1623785942792892
-0.1625146567821503
-0.1626342236995697
-0.1627395153045654
-0.1628331243991852
-0.1629180163145065
-0.1629972606897354
-0.1630738973617554
-0.1631508320569992
-0.1632305979728699
-0.1633152663707733
-0.1634063869714737
-0.1635047942399979
-0.1636106967926025
-0.1637235879898071
-0.1638422757387161
-0.1639649420976639
-0.1640892624855042
-0.1642123758792877
-0.1643311232328415
-0.1644421070814133
-0.1645418405532837
-0.1646268218755722
-0.1646937280893326
-0.1647394150495529
-0.1647610664367676
-0.1647562086582184
-0.1647227108478546
-0.1646588891744614
-0.1645633429288864
-0.1644350439310074
-0.1642731875181198
-0.1640771478414536
-0.1638463884592056
-0.1635803431272507
-0.1632784008979797
-0.1629397571086884
-0.1625634282827377
-0.1621480882167816
-0.1616921275854111
-0.1611936390399933
-0.1606504768133163
-0.1600602120161057
-0.1594202667474747
-0.1587279587984085
-0.1579806059598923
-0.1571756303310394
-0.1563107520341873
-0.1553840041160583
-0.1543938964605331
-0.1533395349979401
-0.1522206664085388
-0.1510378271341324
-0.1497922986745834
-0.1484862416982651
-0.1471226811408997
-0.1457054167985916
-0.1442391127347946
-0.1427292376756668
-0.1411819458007812
-0.1396040171384811
-0.1380027532577515
-0.1363860219717026
-0.1347619742155075
-0.1331390142440796
-0.1315257251262665
-0.1299307644367218
-0.128362700343132
-0.1268299669027328
-0.1253407895565033
-0.1239030137658119
-0.1225240975618362
-0.121210940182209
-0.1199698820710182
-0.1188065484166145
-0.1177257671952248
-0.1167315021157265
-0.1158267706632614
-0.1150135397911072
-0.1142926886677742
-0.113663911819458
-0.1131257265806198
-0.1126754060387611
-0.1123090013861656
-0.112021304666996
-0.1118059307336807
-0.1116553917527199
-0.1115611866116524
-0.1115139275789261
-0.1115034744143486
-0.1115191876888275
-0.111550010740757
-0.111584834754467
-0.1116126403212547
-0.1116227880120277
-0.1116052269935608
-0.1115507632493973
-0.111451268196106
-0.1112998872995377
-0.111091211438179
-0.110821433365345
-0.1104883700609207
-0.1100916266441345
-0.1096325069665909
-0.1091140359640121
-0.1085408478975296
-0.1079190522432327
-0.1072560474276543
-0.1065603271126747
-0.1058412045240402
-0.1051085665822029
-0.1043725833296776
-0.103643387556076
-0.1029308065772057
-0.102244034409523
-0.1015914231538773
-0.1009801924228668
-0.1004162430763245
-0.09990402311086655
-0.0994463711977005
-0.09904447197914124
-0.09869784861803055
-0.09840437024831772
-0.09816037118434906
-0.09796082228422165
-0.09779945015907288
-0.09766904264688492
-0.09756163507699966
-0.09746883809566498
-0.09738209098577499
-0.09729299694299698
-0.09719356894493103
-0.09707652777433395
-0.09693553298711777
-0.09676540642976761
-0.09656225889921188
-0.09632363170385361
-0.09604854881763458
-0.0957375094294548
-0.09539247304201126
-0.09501668810844421
-0.09461458772420883
-0.09419158846139908
-0.09375383704900742
-0.09330796450376511
-0.09286080300807953
-0.09241911768913269
-0.09198931604623795
-0.09157723933458328
-0.09118787199258804
-0.09082520008087158
-0.09049206227064133
-0.090190090239048
-0.08991961926221848
-0.08967974036931992
-0.08946837484836578
-0.08928242325782776
-0.08911789208650589
-0.0889701172709465
-0.0888339951634407
-0.08870421350002289
-0.08857553452253342
-0.08844299614429474
-0.0883021354675293
-0.08814918994903564
-0.08798126876354218
-0.0877964198589325
-0.08759372681379318
-0.0873732790350914
-0.08713614195585251
-0.08688428997993469
-0.08662047237157822
-0.0863480269908905
-0.086070716381073
-0.08579251915216446
-0.08551743626594543
-0.08524924516677856
-0.08499138057231903
-0.08474673330783844
-0.08451753109693527
-0.08430527150630951
-0.08411066979169846
-0.08393367379903793
-0.08377347141504288
-0.08362862467765808
-0.08349715173244476
-0.0833766907453537
-0.08326465636491776
-0.08315840363502502
-0.08305539190769196
-0.08295337110757828
-0.08285050839185715
-0.08274552226066589
-0.08263774961233139
-0.08252721279859543
-0.08241464197635651
-0.08230142295360565
-0.08218959718942642
-0.08208174258470535
-0.08198089152574539
-0.08189038932323456
-0.08181378990411758
-0.08175472170114517
-0.08171676099300385
-0.08170332014560699
-0.08171752840280533
-0.08176220208406448
-0.08183979988098145
-0.08195238560438156
-0.08210164308547974
-0.08228893578052521
-0.08251532167196274
-0.08278162777423859
-0.08308859169483185
-0.08343684673309326
-0.08382710069417953
-0.08426012098789215
-0.08473683893680573
-0.08525840938091278
-0.08582615107297897
-0.08644163608551025
-0.0871066153049469
-0.08782297372817993
-0.08859268575906754
-0.0894177183508873
-0.09029996395111084
-0.09124112874269485
-0.09224265068769455
-0.09330560266971588
-0.09443065524101257
-0.09561794251203537
-0.09686705470085144
-0.09817704558372498
-0.09954632818698883
-0.1009727567434311
-0.1024535819888115
-0.1039855405688286
-0.1055648550391197
-0.1071873158216476
-0.1088482812047005
-0.1105428114533424
-0.1122656390070915
-0.114011250436306
-0.1157739460468292
-0.1175478249788284
-0.1193268522620201
-0.1211048513650894
-0.1228755265474319
-0.1246324926614761
-0.1263692677021027
-0.1280793100595474
-0.1297560334205627
-0.1313928365707397
-0.1329831480979919
-0.1345205157995224
-0.1359986364841461
-0.137411430478096
-0.1387531757354736
-0.140018492937088
-0.1412025690078735
-0.1423011869192123
-0.1433108448982239
-0.1442288309335709
-0.14505335688591
-0.145783543586731
-0.1464195251464844
-0.146962508559227
-0.1474147737026215
-0.1477796137332916
-0.1480614244937897
-0.1482655704021454
-0.1483983248472214
-0.1484668254852295
-0.1484789699316025
-0.1484433114528656
-0.1483688801527023
-0.1482651382684708
-0.1481417715549469
-0.1480085551738739
-0.1478752195835114
-0.1477512419223785
-0.1476458311080933
-0.1475676596164703
-0.1475247442722321
-0.1475243866443634
-0.1475729495286942
-0.1476758420467377
-0.147837370634079
-0.14806067943573
-0.1483476758003235
-0.1486990451812744
-0.1491141468286514
-0.1495911180973053
-0.1501267701387405
-0.1507168561220169
-0.1513559073209763
-0.152037501335144
-0.1527543663978577
-0.1534984856843948
-0.1542612314224243
-0.1550337225198746
-0.1558067947626114
-0.1565713286399841
-0.1573184430599213
-0.1580396741628647
-0.1587271392345428
-0.1593737304210663
-0.1599733233451843
-0.1605208516120911
-0.1610123962163925
-0.1614453792572021
-0.1618184894323349
-0.1621318012475967
-0.1623866856098175
-0.1625857651233673
-0.1627328842878342
-0.1628329753875732
-0.1628918945789337
-0.1629163473844528
-0.1629136055707932
-0.1628913581371307
-0.1628575325012207
-0.1628200560808182
-0.1627866476774216
-0.1627646684646606
-0.162760853767395
-0.1627812385559082
-0.1628309190273285
-0.1629139631986618
-0.1630333513021469
-0.1631908714771271
-0.1633871346712112
-0.1636214852333069
-0.1638921648263931
-0.1641963422298431
-0.1645301431417465
-0.1648889034986496
-0.1652672290802002
-0.1656592041254044
-0.1660585701465607
-0.1664589792490005
-0.1668540984392166
-0.1672378778457642
-0.1676046997308731
-0.1679495722055435
-0.1682682782411575
-0.1685574501752853
-0.1688147634267807
-0.1690388768911362
-0.1692295372486115
-0.1693875044584274
-0.1695145070552826
-0.1696132719516754
-0.1696873009204865
-0.1697407364845276
-0.1697782427072525
-0.1698047965764999
-0.1698255240917206
-0.1698455065488815
-0.1698695421218872
-0.1699020564556122
-0.1699468940496445
-0.17000712454319
-0.1700849980115891
-0.1701818555593491
-0.1702980399131775
-0.1704328954219818
-0.1705847829580307
-0.1707511246204376
-0.1709284633398056
-0.1711126416921616
-0.1712988317012787
-0.1714818030595779
-0.1716559231281281
-0.1718154847621918
-0.1719547957181931
-0.1720682978630066
-0.1721508055925369
-0.1721976101398468
-0.1722045391798019
-0.1721680611371994
-0.1720854043960571
-0.171954482793808
-0.1717739552259445
-0.1715431809425354
-0.171262115240097
-0.1709312945604324
-0.1705517172813416
-0.1701246351003647
-0.1696515530347824
-0.1691340804100037
-0.168573722243309
-0.1679718941450119
-0.1673296988010406
-0.1666479408740997
-0.1659270077943802
-0.1651669293642044
-0.1643672436475754
-0.1635271906852722
-0.1626455932855606
-0.1617210507392883
-0.16075199842453
-0.1597368121147156
-0.1586739867925644
-0.1575622260570526
-0.1564005762338638
-0.1551885902881622
-0.1539264619350433
-0.1526150554418564
-0.1512560546398163
-0.1498520374298096
-0.1484064608812332
-0.1469237208366394
-0.1454091221094131
-0.1438687741756439
-0.1423096060752869
-0.1407392024993896
-0.1391656994819641
-0.1375976651906967
-0.1360439211130142
-0.1345134228467941
-0.1330150365829468
-0.1315574645996094
-0.1301489174365997
-0.1287972033023834
-0.1275094002485275
-0.1262919008731842
-0.1251501590013504
-0.1240886822342873
-0.1231110170483589
-0.1222196519374847
-0.1214159950613976
-0.1207004189491272
-0.120072215795517
-0.1195296719670296
-0.1190700605511665
-0.1186897680163383
-0.1183842718601227
-0.1181482523679733
-0.1179756671190262
-0.1178598254919052
-0.1177934631705284
-0.1177688762545586
-0.1177779361605644
-0.1178122535347939
-0.1178632602095604
-0.1179223284125328
-0.1179808750748634
-0.1180305033922195
-0.1180631145834923
-0.1180710420012474
-0.1180471554398537
-0.1179849877953529
-0.1178788840770721
-0.1177241057157516
-0.117516927421093
-0.1172547340393066
-0.1169360801577568
-0.1165607646107674
-0.1161297932267189
-0.1156454756855965
-0.1151113137602806
-0.1145319640636444
-0.1139131709933281
-0.1132616251707077
-0.1125847920775414
-0.1118907481431961
-0.111188031733036
-0.1104853674769402
-0.1097914576530457
-0.1091148182749748
-0.1084634587168694
-0.1078447327017784
-0.1072650924324989
-0.1067299768328667
-0.1062436178326607
-0.1058089211583138
-0.1054274216294289
-0.1050992161035538
-0.1048230230808258
-0.1045961827039719
-0.1044147834181786
-0.10427375882864
-0.1041670441627502
-0.1040878444910049
-0.1040287762880325
-0.1039821207523346
-0.1039400398731232
-0.103894867002964
-0.1038393005728722
-0.1037666276097298
-0.1036709249019623
-0.1035472378134727
-0.1033916920423508
-0.1032016053795815
-0.1029755547642708
-0.1027133837342262
-0.1024161651730537
-0.1020861491560936
-0.1017266437411308
-0.1013419181108475
-0.1009369716048241
-0.1005174145102501
-0.1000892221927643
-0.0996585413813591
-0.09923145920038223
-0.09881378710269928
-0.09841092675924301
-0.09802760928869247
-0.09766779839992523
-0.09733456373214722
-0.09702996909618378
-0.09675507992506027
-0.09650988131761551
-0.09629335254430771
-0.09610353410243988
-0.0959375873208046
-0.09579193592071533
-0.0956624299287796
-0.09554451704025269
-0.09543340653181076
-0.09532427042722702
-0.09521243721246719
-0.09509351849555969
-0.09496363997459412
-0.09481951594352722
-0.09465859830379486
-0.09447914361953735
-0.09428024291992188
-0.09406185895204544
-0.09382478892803192
-0.09357061237096786
-0.09330158680677414
-0.09302058070898056
-0.09273086488246918
-0.09243601560592651
-0.09213974326848984
-0.09184572100639343
-0.09155742824077606
-0.09127802401781082
-0.0910102054476738
-0.09075609594583511
-0.09051717072725296
-0.09029422700405121
-0.09008736908435822
-0.08989603072404861
-0.08971899747848511
-0.08955450356006622
-0.08940030634403229
-0.08925386518239975
-0.08911240100860596
-0.08897305279970169
-0.0888330489397049
-0.08868978172540665
-0.08854097127914429
-0.08838473260402679
-0.08821967989206314
-0.0880449190735817
-0.08786015957593918
-0.08766565471887589
-0.0874621570110321
-0.08725088089704514
-0.08703344315290451
-0.08681177347898483
-0.08658794313669205
-0.08636412769556046
-0.08614248037338257
-0.08592499047517776
-0.08571342378854752
-0.08550923317670822
-0.08531347662210464
-0.08512681722640991
-0.08494947105646133
-0.0847812294960022
-0.08462150394916534
-0.08446934074163437
-0.08432349562644958
-0.08418251574039459
-0.08404483646154404
-0.08390884846448898
-0.08377297967672348
-0.08363581448793411
-0.08349611610174179
-0.08335290104150772
-0.08320547640323639
-0.08305348455905914
-0.08289685100317001
-0.0827358141541481
-0.08257091045379639
-0.08240287750959396
-0.08223264664411545
-0.08206124603748322
-0.08188974857330322
-0.08171920478343964
-0.08155058324337006
-0.08138472586870193
-0.081222303211689
-0.08106376230716705
-0.08090933412313461
-0.08075903356075287
-0.08061264455318451
-0.0804697573184967
-0.08032980561256409
-0.08019211143255234
-0.08005592226982117
-0.0799204558134079
-0.07978498935699463
-0.07964884489774704
-0.07951145619153976
-0.07937239855527878
-0.07923140376806259
-0.07908838242292404
-0.07894342392683029
-0.07879675179719925
-0.07864874601364136
-0.07849986851215363
-0.07835068553686142
-0.0782017856836319
-0.07805375009775162
-0.07790714502334595
-0.07776246219873428
-0.07762008160352707
-0.07748029381036758
-0.07734324783086777
-0.07720896601676941
-0.07707735896110535
-0.07694819569587708
-0.07682120054960251
-0.07669596374034882
-0.07657206803560257
-0.07644906640052795
-0.07632651180028915
-0.07620400190353394
-0.07608118653297424
-0.07595779001712799
-0.07583362609148026
-0.07570858299732208
-0.07558264583349228
-0.07545589655637741
-0.07532848417758942
-0.07520059496164322
-0.07507247477769852
-0.0749443992972374
-0.07481660693883896
-0.07468937337398529
-0.07456289231777191
-0.07443735748529434
-0.07431289553642273
-0.07418958842754364
-0.07406744360923767
-0.07394643127918243
-0.07382649928331375
-0.07370752841234207
-0.07358939945697784
-0.07347197830677032
-0.07335509359836578
-0.07323864847421646
-0.0731225460767746
-0.07300670444965363
-0.07289107888936996
-0.07277566939592361
-0.07266049832105637
-0.0725456029176712
-0.07243108004331589
-0.07231701910495758
-0.07220350950956345
-0.07209065556526184
-0.07197854667901993
-0.07186723500490189
-0.07175677269697189
-0.07164718955755234
-0.07153849303722382
-0.07143063098192215
-0.07132357358932495
-0.07121725380420685
-0.07111158967018127
-0.07100649923086166
-0.07090192288160324
-0.07079777121543884
-0.07069399207830429
-0.07059056311845779
-0.07048748433589935
-0.07038476318120956
-0.07028242945671082
-0.07018055766820908
-0.07007921487092972
-0.0699784979224205
-0.06987853348255157
-0.0697794109582901
-0.06968122720718384
-0.06958410143852234
-0.06948809325695038
-0.06939327716827393
-0.06929969787597656
-0.06920736283063889
-0.06911628693342209
-0.06902646273374557
-0.06893783807754517
-0.06885036081075668
-0.06876396387815475
-0.06867858022451401
-0.06859412789344788
-0.0685105174779892
-0.0684276670217514
-0.06834550946950912
-0.06826397031545639
-0.06818297505378723
-0.06810247898101807
-0.06802242994308472
-0.06794276833534241
-0.06786344200372696
-0.06778439879417419
-0.06770559400320053
-0.06762697547674179
-0.06754849851131439
-0.06747009605169296
-0.06739170104265213
-0.06731325387954712
-0.06723467260599136
-0.06715589016675949
-0.06707681715488434
-0.06699737161397934
-0.06691748648881912
-0.06683706492185593
-0.06675604730844498
-0.0666743740439415
-0.06659199297428131
-0.06650885939598083
-0.06642495095729828
-0.06634024530649185
-0.06625473499298096
-0.06616843491792679
-0.06608135253190994
-0.06599351763725281
-0.06590497493743896
-0.06581577658653259
-0.06572598963975906
-0.06563569605350494
-0.06554499268531799
-0.06545396149158478
-0.06536272913217545
-0.06527139246463776
-0.06518007814884186
-0.0650889128446579
-0.06499800086021423
-0.0649074912071228
-0.06481751054525375
-0.06472817063331604
-0.06463958323001862
-0.06455185264348984
-0.06446506083011627
-0.06437930464744568
-0.06429463624954224
-0.06421109288930893
-0.06412870436906815
-0.06404747813940048
-0.06396739184856415
-0.06388840824365616
-0.06381046772003174
-0.06373348832130432
-0.06365738809108734
-0.06358204782009125
-0.06350734084844589
-0.06343313306570053
-0.06335929781198502
-0.0632857009768486
-0.06321220099925995
-0.06313866376876831
-0.06306497752666473
-0.06299102306365967
-0.06291670352220535
-0.06284194439649582
-0.06276668608188629
-0.0626908615231514
-0.06261446326971054
-0.06253747642040253
-0.06245991215109825
-0.0623818039894104
-0.06230320781469345
-0.06222418323159218
-0.06214480847120285
-0.06206517666578293
-0.06198539212346077
-0.06190555542707443
-0.06182577833533287
-0.06174616888165474
-0.0616668276488781
-0.0615878589451313
-0.06150936335325241
-0.06143141537904739
-0.06135409697890282
-0.06127747148275375
-0.06120158731937408
-0.0611264742910862
-0.06105213239789009
-0.06097857281565666
-0.06090576574206352
-0.06083367019891739
-0.06076223775744438
-0.06069140508770943
-0.06062107905745506
-0.06055118143558502
-0.06048162281513214
-0.06041231006383896
-0.06034314259886742
-0.06027401983737946
-0.06020485982298851
-0.06013558059930801
-0.06006611511111259
-0.05999641492962837
-0.05992643535137177
-0.05985615029931068
-0.05978555232286453
-0.0597146563231945
-0.05964347720146179
-0.05957205593585968
-0.05950044840574265
-0.05942871421575546
-0.0593569241464138
-0.05928516387939453
-0.05921351164579391
-0.05914204940199852
-0.05907084792852402
-0.05899998918175697
-0.05892953276634216
-0.05885953828692436
-0.05879004299640656
-0.05872108042240143
-0.05865266919136047
-0.05858480185270309
-0.0585174597799778
-0.0584506168961525
-0.05838422477245331
-0.05831823498010635
-0.05825258418917656
-0.05818721279501915
-0.05812205746769905
-0.05805704370141029
-0.0579921118915081
-0.0579271987080574
-0.05786224827170372
-0.05779722332954407
-0.05773209035396576
-0.05766682699322701
-0.05760142207145691
-0.05753587931394577
-0.05747021362185478
-0.05740445479750633
-0.05733864009380341
-0.05727280676364899
-0.05720701068639755
-0.05714130401611328
-0.05707573518157005
-0.05701035633683205
-0.05694522708654404
-0.05688038468360901
-0.05681586265563965
-0.05675168335437775
-0.05668786913156509
-0.05662442371249199
-0.05656133964657784
-0.05649860203266144
-0.0564362071454525
-0.05637411028146744
-0.05631228163838387
-0.0562506876885891
-0.05618928372859955
-0.05612803250551224
-0.05606688559055328
-0.0560058057308197
-0.0559447668492794
-0.05588373914361
-0.0558227077126503
-0.0557616651058197
-0.05570060014724731
-0.05563952401280403
-0.05557845160365105
-0.05551740899682045
-0.05545640736818314
-0.05539547652006149
-0.05533464625477791
-0.05527395009994507
-0.05521341785788536
-0.05515307560563087
-0.0550929456949234
-0.05503305420279503
-0.05497341230511665
-0.05491403490304947
-0.05485492199659348
-0.05479605868458748
-0.05473743751645088
-0.05467904359102249
-0.05462086945772171
-0.05456288531422615
-0.05450506508350372
-0.05444739013910294
-0.0543898344039917
-0.05433236807584763
-0.05427496880292892
-0.0542176179587841
-0.05416030436754227
-0.05410302057862282
-0.05404575914144516
-0.05398852378129959
-0.05393131077289581
-0.05387413501739502
-0.05381700769066811
-0.05375994369387627
-0.05370295792818069
-0.05364606529474258
-0.05358927324414253
-0.05353260040283203
-0.05347604677081108
-0.05341961234807968
-0.05336330458521843
-0.05330711603164673
-0.05325104296207428
-0.05319506675004959
-0.05313918739557266
-0.0530833825469017
-0.05302762612700462
-0.05297191068530083
-0.05291621387004852
-0.05286052078008652
-0.05280482769012451
-0.05274911224842072
-0.05269336327910423
-0.05263758450746536
-0.05258176848292351
-0.05252591893076897
-0.05247003957629204
-0.05241413787007332
-0.05235821753740311
-0.0523022934794426
-0.05224637687206268
-0.05219048261642456
-0.05213462933897972
-0.05207883194088936
-0.05202310159802437
-0.05196744948625565
-0.05191190168261528
-0.05185646563768387
-0.05180114880204201
-0.05174596607685089
-0.05169091746211052
-0.05163601785898209
-0.05158127471804619
-0.05152669176459312
-0.05147228389978409
-0.05141806229948997
-0.05136402696371078
-0.05131019279360771
-0.05125657096505165
-0.0512031652033329
-0.05115000158548355
-0.0510970838367939
-0.05104441940784454
-0.05099203437566757
-0.05093993246555328
-0.05088812485337257
-0.05083662271499634
-0.05078543722629547
-0.05073456466197968
-0.05068401247262955
-0.05063377693295479
-0.0505838580429554
-0.05053425580263138
-0.05048495531082153
-0.05043594911694527
-0.05038720741868019
-0.05033871904015541
-0.05029046162962914
-0.05024242028594017
-0.05019456893205643
-0.05014688521623611
-0.05009934306144714
-0.05005192011594772
-0.05000459402799606
-0.04995732754468918
-0.04991010949015617
-0.04986291378736496
-0.04981572180986404
-0.04976851865649223
-0.04972130060195923
-0.04967404529452324
-0.04962674900889397
-0.04957939684391022
-0.04953198134899139
-0.0494845025241375
-0.04943696409463882
-0.04938935860991478
-0.04934169724583626
-0.04929398000240326
-0.04924620687961578
-0.04919839650392532
-0.04915056005120277
-0.04910271614789963
-0.04905488342046738
-0.04900708049535751
-0.04895931854844093
-0.04891162738204002
-0.04886403307318687
-0.04881655052304268
-0.04876920580863953
-0.04872202500700951
-0.04867502674460411
-0.04862822592258453
-0.04858164861798286
-0.04853530600667
-0.04848920926451683
-0.04844336584210396
-0.04839779064059258
-0.04835247620940208
-0.04830741509795189
-0.04826260358095169
-0.04821803420782089
-0.0481736846268177
-0.04812955111265182
-0.04808561876416206
-0.04804187268018723
-0.04799828678369522
-0.04795484244823456
-0.04791152477264404
-0.04786830022931099
-0.0478251539170742
-0.04778207466006279
-0.04773903638124466
-0.04769602417945862
-0.04765302315354347
-0.04761001840233803
-0.04756699874997139
-0.04752395674586296
-0.04748089239001274
-0.04743780195713043
-0.04739468544721603
-0.04735155403614044
-0.04730841517448425
-0.04726529121398926
-0.04722219333052635
-0.04717914387583733
-0.04713616520166397
-0.04709327965974808
-0.04705051332712173
-0.04700789228081703
-0.04696543142199516
-0.04692315310239792
-0.04688109084963799
-0.04683925583958626
-0.04679767042398453
-0.04675635695457458
-0.04671533033251762
-0.04667460173368454
-0.04663418233394623
-0.04659408330917358
-0.04655430465936661
-0.0465148463845253
-0.04647570848464966
-0.04643689095973969
-0.04639838635921478
-0.04636017978191376
-0.04632226377725601
-0.04628463089466095
-0.04624726250767708
-0.0462101474404335
-0.04617326706647873
-0.04613661393523216
-0.04610017687082291
-0.04606394097208977
-0.04602790251374245
-0.04599203541874886
-0.04595635458827019
-0.04592084884643555
-0.04588551074266434
-0.04585033655166626
-0.04581533372402191
-0.0457804948091507
-0.04574581980705261
-0.04571130499243736
-0.04567695409059525
-0.04564275592565536
-0.04560871049761772
-0.04557480663061142
-0.04554103314876556
-0.04550737887620926
-0.04547382146120071
-0.04544034600257874
-0.04540692642331123
-0.04537353292107582
-0.0453401505947113
-0.0453067421913147
-0.04527328535914421
-0.04523973912000656
-0.04520607367157936
-0.04517225176095963
-0.04513823986053467
-0.0451040007174015
-0.04506950825452805
-0.0450347326695919
-0.04499964788556099
-0.04496423527598381
-0.04492847993969917
-0.04489237070083618
-0.04485590383410454
-0.04481907933950424
-0.04478190466761589
-0.04474439844489098
-0.04470657929778099
-0.04466846957802773
-0.04463011026382446
-0.04459152370691299
-0.0445527471601963
-0.04451382532715797
-0.04447480291128159
-0.04443572461605072
-0.04439664632081985
-0.04435761645436287
-0.04431867599487305
-0.04427988082170486
-0.04424126073718071
-0.04420287162065506
-0.0441647432744503
-0.04412691295146942
-0.04408941045403481
-0.04405224695801735
-0.04401544108986855
-0.04397900402545929
-0.04394294321537018
-0.04390724375844002
-0.04387190565466881
-0.04383692145347595
-0.04380226507782936
-0.04376791790127754
-0.04373385012149811
-0.04370003193616867
-0.04366643354296684
-0.04363301396369934
-0.04359974339604378
-0.04356657713651657
-0.04353348165750504
-0.04350041225552559
-0.04346734285354614
-0.04343422874808311
-0.04340104013681412
-0.04336774349212646
-0.04333431273698807
-0.04330072179436684
-0.04326695576310158
-0.0432329885661602
-0.04319882020354271
-0.0431644469499588
-0.04312986880540848
-0.04309509322047234
-0.04306013882160187
-0.04302502050995827
-0.04298975691199303
-0.04295437037944794
-0.04291888698935509
-0.04288333654403687
-0.04284774884581566
-0.04281216114759445
-0.04277660325169563
-0.04274111613631248
-0.0427057258784771
-0.04267046973109245
-0.04263537377119064
-0.04260046780109406
-0.04256577417254448
-0.04253130778670311
-0.04249708727002144
-0.04246312007308006
-0.04242941364645958
-0.04239596799015999
-0.04236277565360069
-0.0423298180103302
-0.04229708760976791
-0.04226456210017204
-0.0422322042286396
-0.0421999879181385
-0.04216787964105606
-0.04213584586977959
-0.0421038493514061
-0.0420718677341938
-0.04203985631465912
-0.04200779646635056
-0.04197565838694572
-0.04194342717528343
-0.04191108047962189
-0.04187860712409019
-0.04184599593281746
-0.04181325063109398
-0.04178037866950035
-0.04174738749861717
-0.04171429201960564
-0.04168110713362694
-0.04164786636829376
-0.0416145920753479
-0.04158130660653114
-0.04154803976416588
-0.04151482507586479
-0.04148168489336967
-0.04144865274429321
-0.0414157547056675
-0.04138300940394402
-0.04135043174028397
-0.04131804034113884
-0.04128583520650864
-0.04125382751226425
-0.04122200980782509
-0.04119036719202995
-0.04115889593958855
-0.04112757742404938
-0.04109639301896095
-0.04106531292200089
-0.04103431850671768
-0.04100338369607925
-0.04097248241305351
-0.04094158858060837
-0.04091068357229233
-0.0408797450363636
-0.04084876924753189
-0.0408177375793457
-0.04078663885593414
-0.04075547307729721
-0.0407242439687252
-0.04069295153021812
-0.04066159948706627
-0.04063021019101143
-0.0405987873673439
-0.04056735336780548
-0.04053593054413795
-0.04050453752279282
-0.04047318920493126
-0.04044190794229507
-0.04041071236133575
-0.04037961363792419
-0.04034863412380219
-0.04031777009367943
-0.04028703644871712
-0.04025643318891525
-0.04022596403956413
-0.04019562155008316
-0.04016539081931114
-0.04013526439666748
-0.04010523110628128
-0.04007528349757195
-0.04004539921879768
-0.040015559643507
-0.03998575732111931
-0.03995597362518311
-0.0399262011051178
-0.0398964136838913
-0.0398666150867939
-0.03983679041266441
-0.03980695083737373
-0.03977708518505096
-0.0397472083568573
-0.03971731662750244
-0.03968742117285728
-0.03965752944350243
-0.03962766006588936
-0.03959782049059868
-0.03956802189350128
-0.03953827917575836
-0.03950859606266022
-0.03947898745536804
-0.03944946452975273
-0.03942002356052399
-0.039390679448843
-0.03936143219470978
-0.03933227434754372
-0.03930320218205452
-0.03927421942353249
-0.03924531489610672
-0.03921648114919662
-0.0391877144575119
-0.03915899991989136
-0.03913033753633499
-0.03910171240568161
-0.03907311707735062
-0.03904454037547112
-0.0390159860253334
-0.03898743912577629
-0.03895890712738037
-0.03893037885427475
-0.03890186175704002
-0.03887335211038589
-0.03884485736489296
-0.03881637752056122
-0.03878791630268097
-0.03875948861241341
-0.03873109072446823
-0.03870273381471634
-0.03867441788315773
-0.0386461466550827
-0.03861792758107185
-0.03858976066112518
-0.03856164589524269
-0.03853358328342438
-0.03850556910037994
-0.03847759589552879
-0.03844966739416122
-0.03842177242040634
-0.03839391097426414
-0.03836606815457344
-0.03833824396133423
-0.03831042349338531
-0.0382825993001461
-0.03825476765632629
-0.03822692856192589
-0.03819907084107399
-0.0381712019443512
-0.03814330697059631
-0.03811539709568024
-0.03808746486902237
-0.03805951774120331
-0.03803155571222305
-0.0380035787820816
-0.03797559812664986
-0.03794761374592781
-0.03791962936520576
-0.03789164870977402
-0.03786367550492287
-0.03783570602536201
-0.03780775889754295
-0.03777982667088509
-0.03775191307067871
-0.03772401437163353
-0.03769613429903984
-0.03766827657818794
-0.03764044120907784
-0.03761263191699982
-0.03758484497666359
-0.03755708783864975
-0.0375293530523777
-0.03750164806842804
-0.03747397288680077
-0.03744633495807648
-0.03741873800754547
-0.03739118203520775
-0.0373636782169342
-0.03733623772859573
-0.03730886429548264
-0.0372815728187561
-0.03725436329841614
-0.03722725063562393
-0.03720023855566978
-0.03717333450913429
-0.03714654594659805
-0.03711988404393196
-0.03709334507584572
-0.03706692531704903
-0.03704063221812248
-0.03701446950435638
-0.03698842599987984
-0.03696249797940254
-0.0369366891682148
-0.03691098839044571
-0.03688539937138557
-0.0368599146604538
-0.03683453053236008
-0.03680923953652382
-0.03678403049707413
-0.0367588996887207
-0.03673383221030235
-0.03670882433652878
-0.03668387606739998
-0.03665897995233536
-0.03663412109017372
-0.03660928457975388
-0.03658446669578552
-0.03655965998768806
-0.03653485327959061
-0.03651004657149315
-0.0364852249622345
-0.03646038845181465
-0.03643552586436272
-0.03641064092516899
-0.03638573363423347
-0.03636078909039497
-0.03633581101894379
-0.03631079569458961
-0.03628574311733246
-0.03626065328717232
-0.03623552992939949
-0.03621038049459457
-0.03618520125746727
-0.03616000339388847
-0.03613479435443878
-0.03610957786440849
-0.0360843650996685
-0.03605916351079941
-0.03603398054838181
-0.0360088162124157
-0.03598368540406227
-0.03595859929919243
-0.03593357279896736
-0.03590861707925797
-0.03588373586535454
-0.03585893288254738
-0.03583421930670738
-0.03580959886312485
-0.03578508272767067
-0.03576067835092545
-0.03573638200759888
-0.03571218997240067
-0.03568810597062111
-0.03566413000226021
-0.03564025089144707
-0.03561647236347198
-0.03559278324246407
-0.03556917235255241
-0.03554563596844673
-0.03552217036485672
-0.03549876436591148
-0.03547541052103043
-0.03545210137963295
-0.03542883321642876
-0.03540559485554695
-0.03538238257169724
-0.03535919636487961
-0.03533602133393288
-0.03531286120414734
-0.0352897122502327
-0.03526657074689865
-0.0352434441447258
-0.03522032871842384
-0.03519722446799278
-0.03517414256930351
-0.03515107929706573
-0.03512804955244064
-0.03510505706071854
-0.03508210927248001
-0.03505921736359596
-0.03503638878464699
-0.03501363471150398
-0.03499096632003784
-0.03496837988495827
-0.03494589775800705
-0.03492351993918419
-0.03490125387907028
-0.03487911447882652
-0.03485709801316261
-0.03483521565794945
-0.03481347113847733
-0.03479187190532684
-0.0347704142332077
-0.0347490981221199
-0.03472791984677315
-0.03470688313245773
-0.03468598425388336
-0.03466521576046944
-0.03464457020163536
-0.03462404012680054
-0.03460360690951347
-0.03458325937390327
-0.03456298634409904
-0.03454277291893959
-0.03452260792255402
-0.03450246527791023
