0
0
0
0
0
0
0
0
0
0
0
0
0
0
0
0
0
0
0
0
0
0
0
0
0
0
0
0
0
0
0
0
0
0
0
0
0
0
0
0
0
0
0
0
0
0
0
0
0
0
0
0
0
0
0
0
0
0
0
0
0
0
0
0
0
0
0
0
0
0
0
0
0
0
0
0
0
0
0
0
0
0
0
0
0
0
0
0
0
0
0
0
0
0
0
0
0
0
0
0
0
0
0
0
0
0
0
0
0
0
0
0
0
0
0
0
0
0
0
0
0
0
0
0
0
0
0
0
0
0
0
0
0
0
0
0
0
0
0
0
0
0
0
0
0
0
0
0
0
0
0
0
0
0
0
0
0
0
0
0
0
0
0
0
0
0
0
0
0
0
0
0
0
0
0
0
0
0
0
0
0
0
0
0
0
0
0
0
0
0
0
0
0
0
0
0
0
0
0
0
0
0
0
0
0
0
0
0
0
0
0
0
0
0
0
0
0
0
0
0
0
0
0
0
0
0
0
0
0
0
0
0
0
0
0
0
0
0
0
0
0
0
0
0
0
0
0
0
0
0
0
0
0
0
0
0
0
0
0
0
0
0
0
0
0
0
0
0
0
0
0
0
0
0
0
0
0
0
0
0
0
0
0
0
0
0
0
0
0
0
0
0
0
0
0
0
0
0
0
0
0
0
0
0
0
0
0
0
0
0
0
0
0
0
0
0
0
0
0
0
0
0
0
0
0
0
0
0
0
0
0
0
0
0
0
0
0
0
0
0
0
0
0
0
0
0
0
0
0
0
0
0
0
0
0
0
0
0
0
0
0
0
0
0
0
0
0
0
0
0
0
0
0
0
0
0
0
0
0
0
0
0
0
0
0
0
0
0
0
0
0
0
0
0
0
0
0
0
0
0
0
0
0
0
0
0
0
0
0
0
0
0
0
0
0
0
0
0
0
0
0
0
0
0
0
0
0
0
0
0
0
0
0
0
0
0
0
0
0
0
0
0
0
0
0
0
0
0
0
0
0
0
0
0
0
0
0
0
0
0
0
0
0
0
0
0
0
0
0
0
0
0
0
0
0
0
0
0
0
0
0
0
0
0
0
0
0
0
0
0
0
0
0
0
0
0
0
0
0
0
0
0
0
0
0
0
0
0
0
0
0
0
0
0
0
0
0
0
0
0
0
0
0
0
0
0
0
0
0
0
0
0
0
0
0
0
0
0
0
0
0
0
0
0
0
0
0
0
0
0
0
0
0
0
0
0
0
0
0
0
0
0
0
0
0
0
0
0
0
0
0
0
0
0
0
0
0
0
0
0
0
0
0
0
0
0
0
0
0
0
0
0
0
0
0
0
0
0
0
0
0
0
0
0
0
0
0
0
0
0
0
0
0
0
0
0
0
0
0
0
0
0
0
0
0
0
0
0
0
0
0
0
0
0
0
0
0
0
0
0
0
0
0
0
0
0
0
0
0
0
0
0
0
0
0
0
0
0
0
0
0
0
0
0
0
0
0
0
0
0
0
0
0
0
0
0
0
0
0
0
0
0
0
0
0
0
0
0
0
0
0
0
0
0
0
0
0
0
0
0
0
0
0
0
0
0
0
0
0
0
0
0
0
0
0
0
0
0
0
0
0
0
0
0
0
0
0
0
0
0
0
0
0
0
0
0
0
0
0
0
0
0
0
0
0
0
0
0
0
0
0
0
0
0
0
0
0
0
0
0
0
0
0
0
0
0
0
0
0
0
0
0
0
0
0
0
0
0
0
0
0
0
0
0
0
0
0
0
0
0
0
0
0
0
0
0
0
0
0
0
0
0
0
0
0
0
0
0
0
0
0
0
0
0
0
0
0
0
0
0
0
0
0
0
0
0
0
0
0
0
0
0
0
0
0
0
0
0
0
0
0
0
0
0
0
0
0
0
0
0
0
0
0
0
0
0
0
0
0
0
0
0
0
0
0
0
0
0
0
0
0
0
0
0
0
0
0
0
0
0
0
0
0
0
0
0
0
0
0
0
0
0
0
0
0
0
0
0
0
0
0
0
0
0
0
0
0
0
0
0
0
0
0
0
0
0
0
0
0
0
0
0
0
0
0
0
0
0
0
0
0
0
0
0
0
0
0
0
0
0
0
0
0
0
0
0
0
0
0
0
0
0
0
0
0
0
0
0
0
0
0
0
0
0
0
0
0
0
0
0
0
0
0
0
0
0
0
0
0
0
0
0
0
0
0
0
0
0
0
0
0
0
0
0
0
0
0
0
0
0
0
0
0
0
0
0
0
0
0
0
0
0
0
0
0
0
0
0
0
0
0
0
0
0
0
0
0
0
0
0
0
0
0
0
0
0
0
0
0
0
0
0
0
0
0
0
0
0
0
0
0
0
0
0
0
0
0
0
0
0
0
0
0
0
0
0
0
0
0
0
0
0
0
0
0
0
0
0
0
0
0
0
0
0
0
0
0
0
0
0
0
0
0
0
0
0
0
0
0
0
0
0
0
0
0
0
0
0
0
0
0
0
0
0
0
0
0
0
0
0
0
2.802596928649634e-45
1.68155815718978e-44
5.605193857299268e-44
1.401298464324817e-43
3.194960498660583e-43
6.768271582688866e-43
1.38168028582427e-42
2.796991734792335e-42
5.599588663441969e-42
1.11179020159531e-41
2.195274174211258e-41
4.319642646127681e-41
8.470568957150654e-41
1.655956434246566e-40
3.228213311219011e-40
6.275827276355839e-40
1.216737647483988e-39
2.352595150204077e-39
4.536560845808234e-39
8.724530481735634e-39
1.67338690558461e-38
3.201053344383467e-38
6.107091323072631e-38
1.162046257615978e-37
2.205273167429417e-37
4.174011638235892e-37
7.879513372117178e-37
1.48354979645164e-36
2.785890581095627e-36
5.217800166053057e-36
9.747080201352291e-36
1.816048801932792e-35
3.374804964138995e-35
6.255185410090746e-35
1.15638935337906e-34
2.132272136051001e-34
3.921551091743886e-34
7.193694819246231e-34
1.316215534624108e-33
2.402065767897727e-33
4.372479724597939e-33
7.938853177859956e-33
1.437727744833951e-32
2.597086966323264e-32
4.679389691590924e-32
8.409821601672629e-32
1.507582672125917e-31
2.69571582065881e-31
4.808034265202259e-31
8.553884311837655e-31
1.517970398154698e-30
2.687010250555942e-30
4.744418579805815e-30
8.356150363385271e-30
1.468049880222169e-29
2.57269513645825e-29
4.49728686046069e-29
7.84204367727348e-29
1.364036271993614e-28
2.366695141823539e-28
4.096189620791756e-28
7.07197527422607e-28
1.217940185682005e-27
2.09236399535632e-27
3.585717940875533e-27
6.129769323124019e-27
1.045304563254797e-26
1.778171520533078e-26
3.017436103301124e-26
5.10784323827815e-26
8.625286192253178e-26
1.452938806378032e-25
2.441520557354505e-25
4.092738566183708e-25
6.843994018097731e-25
1.141690580779461e-24
1.899905028693542e-24
3.153996652768646e-24
5.223212136536605e-24
8.629038631015991e-24
1.422121679014257e-23
2.33809316184316e-23
3.834766140705328e-23
6.274354146614223e-23
1.024125985319823e-22
1.667604621982906e-22
2.708876656849888e-22
4.38978147369482e-22
7.096678026563731e-22
1.144529383521599e-21
1.841447628849564e-21
2.955652441867998e-21
4.73271064354788e-21
7.56014322422484e-21
1.204798659603072e-20
1.915421042014925e-20
3.037947138514865e-20
4.806879663925477e-20
7.587770410449258e-20
1.194906080308949e-19
1.877253312964594e-19
2.942267997166165e-19
4.600580043672927e-19
7.17653214054575e-19
1.116835274831334e-18
1.733950268899223e-18
2.685702627341512e-18
4.150052400733164e-18
6.397705611470428e-18
9.839440772132597e-18
1.50970702286911e-17
2.310955688654722e-17
3.52912968751054e-17
5.376767618440021e-17
8.172464380940618e-17
1.239262538438939e-16
1.874789505879268e-16
2.82957338200489e-16
4.260583930320807e-16
6.400254535440786e-16
9.591922855693865e-16
1.434150234753593e-15
2.139264082244856e-15
3.183576085112366e-15
4.726582759082346e-15
7.001009794544702e-15
1.034559943139182e-14
1.525219363242465e-14
2.243316955265716e-14
3.291779419574772e-14
4.818952040793606e-14
7.038113988095882e-14
1.0255143766515e-13
1.490763892539326e-13
2.162009313981875e-13
3.128151221127445e-13
4.515430455757918e-13
6.502670038717462e-13
9.342544099455452e-13
1.339119028338775e-12
1.914932839033878e-12
2.731919508322522e-12
3.888318920314271e-12
5.521219766102536e-12
7.821445748013023e-12
1.105394595302123e-11
1.558566990744747e-11
2.192354804642083e-11
3.076613269703543e-11
4.30735898337975e-11
6.016232650951636e-11
8.383260752253818e-11
1.165400692615393e-10
1.616258238357204e-10
2.236240914665899e-10
3.086724764678195e-10
4.250576557396357e-10
5.839388972361803e-10
8.003051554794638e-10
1.094237145338184e-09
1.492566847893784e-09
2.031054213702532e-09
2.757232220318429e-09
3.734119236042943e-09
5.045040829543268e-09
6.799884211261542e-09
9.143179546811098e-09
1.226451740166112e-08
1.64119313694755e-08
2.190904169196983e-08
2.91769488569571e-08
3.876212062436935e-08
5.1371777942677e-08
6.791868401023748e-08
8.957766794992494e-08
1.178566648718515e-07
1.546857788525813e-07
2.025286391926784e-07
2.645210770424455e-07
3.446431549036788e-07
4.479322512906947e-07
5.807456204820483e-07
7.510834052482096e-07
9.68983727034356e-07
1.247005229743081e-06
1.600814698576869e-06
2.049896920652827e-06
2.618414100652444e-06
3.336239387863316e-06
4.240192538418341e-06
5.375519776862347e-06
6.797647984058131e-06
8.57426584843779e-06
1.078777859220281e-05
1.353818151983432e-05
1.694643651717342e-05
2.115838833560701e-05
2.634930569911376e-05
3.272910907980986e-05
4.054839519085363e-05
5.010528184357099e-05
6.175320595502853e-05
7.590972381876782e-05
9.306636638939381e-05
0.0001137996296165511
0.0001387832453474402
0.0001688015618128702
0.0002047642192337662
0.0002477221423760056
0.0002988844644278288
0.0003596369060687721
0.0004315606784075499
0.0005164527101442218
0.0006163456127978861
0.0007335287518799305
0.0008705679792910814
0.001030325773172081
0.001215979107655585
0.001431036274880171
0.001679349574260414
0.001965125557035208
0.002292930847033858
0.002667689928784966
0.003094680141657591
0.00357951526530087
0.004128122236579657
0.004746705759316683
0.005441703367978334
0.006219728384166956
0.007087496109306812
0.008051743730902672
0.009119126945734024
0.01029610820114613
0.01158883236348629
0.01300298422574997
0.01454363204538822
0.01621507108211517
0.01802065782248974
0.01996262744069099
0.0220419242978096
0.02425802312791348
0.0266087781637907
0.029090266674757
0.03169665858149529
0.03442012146115303
0.03725073859095573
0.04017648473381996
0.04318322613835335
0.04625479504466057
0.04937309399247169
0.05251828208565712
0.05566899105906487
0.05880262330174446
0.061895702034235
0.06492427736520767
0.06786437332630157
0.07069250196218491
0.07338616997003555
0.07592441141605377
0.07828836143016815
0.08046175539493561
0.08243148028850555
0.08418796211481094
0.08572562038898468
0.08704310655593872
0.08814352005720139
0.08903451263904572
0.0897282212972641
0.09024111181497574
0.09059364348649979
0.09080982208251953
0.09091659635305405
0.09094321727752686
0.09092039614915848
0.09087938815355301
0.09085115045309067
0.0908653512597084
0.0909494012594223
0.09112760424613953
0.09142032265663147
0.09184330701828003
0.09240714460611343
0.0931168869137764
0.09397189319133759
0.09496580809354782
0.09608689695596695
0.09731845557689667
0.09863950312137604
0.1000256165862083
0.1014499589800835
0.1028843149542809
0.104300320148468
0.1056706383824348
0.1069700717926025
0.1081767156720161
0.1092727482318878
0.1102453172206879
0.1110869199037552
0.1117957681417465
0.1123757883906364
0.1128363162279129
0.1131915971636772
0.1134600564837456
0.1136633455753326
0.1138251945376396
0.1139702498912811
0.1141228452324867
0.114305779337883
0.1145391687750816
0.1148395538330078
0.1152190566062927
0.1156848892569542
0.1162391155958176
0.1168786585330963
0.1175956130027771
0.1183778271079063
0.1192096918821335
0.1200731247663498
0.1209486424922943
0.1218165457248688
0.1226580440998077
0.1234563514590263
0.1241975799202919
0.1248714923858643
0.1254720240831375
0.1259974092245102
0.1264502704143524
0.1268372386693954
0.1271684169769287
0.1274566352367401
0.1277165561914444
0.1279636323451996
0.128213182091713
0.1284793466329575
0.1287743002176285
0.1291074305772781
0.1294848918914795
0.1299093663692474
0.1303800046443939
0.1308926343917847
0.1314401775598526
0.1320132911205292
0.1326011121273041
0.1331920474767685
0.1337746828794479
0.1343384683132172
0.1348745375871658
0.1353762596845627
0.135839506983757
0.1362629681825638
0.1366479843854904
0.1369984298944473
0.1373202502727509
0.1376209259033203
0.1379088759422302
0.1381927132606506
0.1384806931018829
0.1387799978256226
0.1390963047742844
0.1394334882497787
0.1397933065891266
0.1401754319667816
0.1405776143074036
0.140995979309082
0.1414253711700439
0.1418598890304565
0.1422933489084244
0.1427198350429535
0.1431341767311096
0.1435323059558868
0.1439115256071091
0.1442706435918808
0.1446099877357483
0.1449313163757324
0.1452375501394272
0.1455325037240982
0.1458204388618469
0.1461058259010315
0.146392747759819
0.1466847509145737
0.1469844877719879
0.1472935974597931
0.1476125866174698
0.1479408740997314
0.1482769548892975
0.1486185342073441
0.1489628255367279
0.1493068039417267
0.1496475040912628
0.1499823331832886
0.1503091752529144
0.1506266444921494
0.150934100151062
0.1512317061424255
0.1515203267335892
0.1518014073371887
0.1520767956972122
0.1523485779762268
0.1526188403367996
0.1528894901275635
0.1531620770692825
0.1534376740455627
0.1537168771028519
0.1539996862411499
0.1542856097221375
0.1545737385749817
0.1548628658056259
0.1551515907049179
0.1554386019706726
0.1557226032018661
0.1560025960206985
0.1562779098749161
0.1565482467412949
0.1568136662244797
0.1570745706558228
0.1573316603899002
0.1575858443975449
0.1578380912542343
0.1580894291400909
0.1583408266305923
0.1585930436849594
0.1588466465473175
0.1591019779443741
0.1593592017889023
0.1596182882785797
0.1598790735006332
0.160141333937645
0.1604049205780029
0.1606697589159012
0.1609359532594681
0.1612038314342499
0.1614740341901779
0.161747470498085
0.1620254367589951
0.1623094975948334
0.1626015305519104
0.1629036962985992
0.1632183790206909
0.1635482311248779
0.1638961434364319
0.1642652302980423
0.1646588146686554
0.1650805175304413
0.1655342131853104
0.1660241037607193
0.1665546745061874
0.1671309024095535
0.167758047580719
0.1684418022632599
0.1691882312297821
0.1700037121772766
0.1708948761224747
0.1718685626983643
0.1729316711425781
0.1740909367799759
0.1753529012203217
0.1767236441373825
0.178208589553833
0.1798123419284821
0.1815384328365326
0.1833891421556473
0.1853652000427246
0.1874656826257706
0.1896876841783524
0.1920263022184372
0.1944743692874908
0.197022408246994
0.1996584683656693
0.2023682594299316
0.2051351070404053
0.2079401016235352
0.2107623517513275
0.2135791778564453
0.2163665890693665
0.2190996259450912
0.2217530757188797
0.2243019342422485
0.2267221212387085
0.2289913147687912
0.2310895323753357
0.2329999804496765
0.2347097843885422
0.2362104505300522
0.2374985814094543
0.2385761886835098
0.2394509166479111
0.2401361763477325
0.2406508326530457
0.2410189360380173
0.2412690818309784
0.2414336353540421
0.2415475398302078
0.2416472882032394
0.2417693883180618
0.2419491708278656
0.2422191798686981
0.2426078170537949
0.2431380599737167
0.2438263297080994
0.2446815818548203
0.2457048743963242
0.246889054775238
0.2482189685106277
0.2496720403432846
0.251219242811203
0.252826452255249
0.2544560134410858
0.2560687959194183
0.2576260566711426
0.259091705083847
0.2604341208934784
0.2616282105445862
0.2626566290855408
0.263511061668396
0.2641928493976593
0.2647128105163574
0.2650908231735229
0.265354722738266
0.2655386924743652
0.2656810581684113
0.2658221423625946
0.2660015225410461
0.2662553787231445
0.2666144371032715
0.2671017646789551
0.2677310407161713
0.2685058116912842
0.269419252872467
0.270454466342926
0.2715858817100525
0.2727808952331543
0.2740023136138916
0.2752110958099365
0.2763692736625671
0.2774426341056824
0.2784034609794617
0.2792326211929321
0.2799209356307983
0.2804699540138245
0.2808916866779327
0.2812076210975647
0.2814470231533051
0.2816444933414459
0.281836986541748
0.2820608913898468
0.2823489904403687
0.2827276587486267
0.2832147777080536
0.283818244934082
0.2845354378223419
0.2853533923625946
0.2862503230571747
0.2871974408626556
0.2881617844104767
0.2891090512275696
0.2900068461894989
0.2908276319503784
0.2915512323379517
0.292166531085968
0.2926723957061768
0.2930775880813599
0.2933999001979828
0.2936640977859497
0.2938995063304901
0.2941369712352753
0.294405996799469
0.294731616973877
0.2951318919658661
0.2956165075302124
0.2961854934692383
0.2968297600746155
0.2975320518016815
0.2982686460018158
0.2990121245384216
0.2997340857982635
0.3004081249237061
0.3010125458240509
0.3015322983264923
0.3019603788852692
0.302298367023468
0.3025555908679962
0.3027480244636536
0.3028959929943085
0.3030216693878174
0.3031461834907532
0.3032871782779694
0.303456574678421
0.3036589920520782
0.3038912415504456
0.3041423857212067
0.3043949604034424
0.3046267330646515
0.3048130571842194
0.304929256439209
0.3049531280994415
0.3048670589923859
0.304659366607666
0.3043250441551208
0.3038655817508698
0.3032881021499634
0.30260369181633
0.3018254041671753
0.3009662628173828
0.3000368773937225
0.2990439832210541
0.2979892492294312
0.2968690991401672
0.2956747710704803
0.2943936586380005
0.2930108904838562
0.2915112376213074
0.2898811995983124
0.2881109416484833
0.2861956357955933
0.2841365039348602
0.2819408178329468
0.2796217203140259
0.2771969735622406
0.2746875584125519
0.2721159756183624
0.2695044577121735
0.266873687505722
0.2642416656017303
0.2616231143474579
0.2590295970439911
0.2564701437950134
0.2539520263671875
0.2514820098876953
0.2490677684545517
0.2467185854911804
0.244446262717247
0.2422652989625931
0.2401926219463348
0.2382468283176422
0.2364470064640045
0.234811395406723
0.2333558052778244
0.2320924252271652
0.2310287207365036
0.2301667779684067
0.2295030653476715
0.2290288209915161
0.228730782866478
0.2285920083522797
0.2285931557416916
0.2287135720252991
0.2289321571588516
0.2292282730340958
0.2295821458101273
0.2299749851226807
0.2303888499736786
0.2308064252138138
0.2312107235193253
0.231584832072258
0.2319117337465286
0.2321745753288269
0.2323569804430008
0.2324437350034714
0.2324215769767761
0.2322800755500793
0.2320124208927155
0.2316161394119263
0.2310935407876968
0.2304517030715942
0.2297023236751556
0.2288611680269241
0.2279472053050995
0.2269816100597382
0.2259867638349533
0.2249851673841476
0.2239985316991806
0.2230469286441803
0.2221482992172241
0.2213180810213089
0.2205690294504166
0.2199110388755798
0.2193513214588165
0.21889428794384
0.2185416370630264
0.2182923406362534
0.2181426584720612
0.2180860638618469
0.2181133180856705
0.2182125598192215
0.2183696031570435
0.2185682505369186
0.2187909632921219
0.2190193831920624
0.2192353308200836
0.2194215059280396
0.2195624262094498
0.2196451276540756
0.2196597158908844
0.2195998430252075
0.2194629013538361
0.2192500084638596
0.2189657092094421
0.2186176776885986
0.2182161509990692
0.2177733182907104
0.2173026502132416
0.2168183177709579
0.2163346260786057
0.2158653438091278
0.2154233008623123
0.2150199413299561
0.2146649807691574
0.2143660932779312
0.2141286432743073
0.2139556556940079
0.2138477116823196
0.2138028889894485
0.2138170599937439
0.2138841152191162
0.2139963358640671
0.2141449004411697
0.2143204212188721
0.2145136743783951
0.2147162258625031
0.2149209082126617
0.2151225358247757
0.2153182625770569
0.2155080139636993
0.2156945466995239
0.2158835977315903
0.2160837352275848
0.2163061499595642
0.2165642082691193
0.2168732136487961
0.2172498106956482
0.2177115231752396
0.2182762771844864
0.2189618647098541
0.2197855412960052
0.2207635790109634
0.2219109833240509
0.2232410907745361
0.2247654497623444
0.2264935523271561
0.2284328639507294
0.2305886000394821
0.2329637706279755
0.2355593740940094
0.2383741587400436
0.2414049059152603
0.2446463704109192
0.2480912953615189
0.2517303228378296
0.25555220246315
0.2595432996749878
0.2636876702308655
0.267967015504837
0.2723601162433624
0.2768431305885315
0.2813890874385834
0.2859680950641632
0.2905475199222565
0.2950919270515442
0.2995635867118835
0.303923100233078
0.3081299066543579
0.3121434152126312
0.3159238398075104
0.319433331489563
0.3226371705532074
0.3255051374435425
0.3280126452445984
0.3301418125629425
0.331882506608963
0.3332332670688629
0.3342016637325287
0.3348045647144318
0.3350681662559509
0.3350273668766022
0.3347249627113342
0.3342103660106659
0.3335382342338562
0.3327663838863373
0.331953763961792
0.3311581313610077
0.3304338455200195
0.3298293054103851
0.3293850421905518
0.3291316628456116
0.3290882408618927
0.3292612433433533
0.3296441435813904
0.3302171230316162
0.3309478461742401
0.3317928314208984
0.332699179649353
0.3336069583892822
0.3344523012638092
0.3351703584194183
0.3356988430023193
0.3359813094139099
0.3359706103801727
0.3356316387653351
0.3349437415599823
0.3339024782180786
0.3325206637382507
0.3308282494544983
0.3288715481758118
0.3267114460468292
0.3244207799434662
0.3220808207988739
0.3197775185108185
0.3175970911979675
0.3156216442584991
0.3139246106147766
0.3125670552253723
0.3115941882133484
0.3110330104827881
0.310890793800354
0.3111547231674194
0.3117928206920624
0.312755674123764
0.3139797747135162
0.3153912425041199
0.3169103264808655
0.3184563815593719
0.3199527263641357
0.3213310837745667
0.3225356638431549
0.3235261738300323
0.3242796361446381
0.3247912526130676
0.3250735402107239
0.3251546025276184
0.3250749111175537
0.3248836696147919
0.3246340453624725
0.32437863945961
0.3241650760173798
0.3240320086479187
0.3240058720111847
0.3240990936756134
0.324309378862381
0.3246204853057861
0.3250041007995605
0.3254230916500092
0.3258354067802429
0.3261987268924713
0.3264746367931366
0.3266333043575287
0.3266567289829254
0.326541006565094
0.3262976408004761
0.3259526789188385
0.3255451023578644
0.3251234292984009
0.3247414529323578
0.3244533240795135
0.3243081867694855
0.3243454098701477
0.3245904445648193
0.3250517845153809
0.3257195949554443
0.3265659213066101
0.3275465071201324
0.3286043107509613
0.3296743631362915
0.3306893110275269
0.3315853476524353
0.3323080241680145
0.3328173160552979
0.3330909609794617
0.333126962184906
0.3329435288906097
0.3325775861740112
0.3320814371109009
0.3315176367759705
0.3309535980224609
0.3304551243782043
0.3300805687904358
0.3298755586147308
0.3298691809177399
0.3300715684890747
0.3304737508296967
0.331048846244812
0.3317555487155914
0.3325423896312714
0.3333531618118286
0.3341327905654907
0.3348326086997986
0.3354146778583527
0.33585524559021
0.3361461460590363
0.336294949054718
0.3363229930400848
0.3362623155117035
0.3361514806747437
0.3360308408737183
0.3359381854534149
0.335904449224472
0.3359509110450745
0.3360872566699982
0.3363116085529327
0.3366115093231201
0.336966335773468
0.3373505771160126
0.3377375602722168
0.3381028771400452
0.3384276628494263
0.3387007415294647
0.3389195799827576
0.3390902876853943
0.3392261564731598
0.3393453061580658
0.3394679427146912
0.339613139629364
0.3397959470748901
0.3400252461433411
0.3403024673461914
0.3406213819980621
0.3409689962863922
0.3413273096084595
0.3416761755943298
0.3419960141181946
0.3422706127166748
0.3424896895885468
0.3426502645015717
0.3427574038505554
0.3428234159946442
0.3428665101528168
0.3429082036018372
0.3429705500602722
0.3430732488632202
0.3432309329509735
0.343451201915741
0.3437336683273315
0.3440700173377991
0.3444450497627258
0.3448387384414673
0.3452288806438446
0.3455939590930939
0.3459159433841705
0.3461826145648956
0.3463889062404633
0.3465375602245331
0.3466383516788483
0.346706748008728
0.3467617928981781
0.3468233346939087
0.3469095826148987
0.3470346629619598
0.3472070097923279
0.3474285006523132
0.3476945161819458
0.3479949235916138
0.3483155965805054
0.348640650510788
0.3489545285701752
0.3492442071437836
0.3495007753372192
0.3497204184532166
0.349904477596283
0.3500590622425079
0.3501936495304108
0.3503197133541107
0.3504488468170166
0.3505910933017731
0.3507537245750427
0.3509402573108673
0.3511504232883453
0.3513803780078888
0.3516236841678619
0.351872444152832
0.3521187901496887
0.3523558676242828
0.3525789678096771
0.3527860343456268
0.3529777824878693
0.3531573116779327
0.3533293306827545
0.3534994125366211
0.3536726832389832
0.3538532853126526
0.3540433943271637
0.3542433381080627
0.3544513881206512
0.3546642363071442
0.354877769947052
0.3550878465175629
0.3552908897399902
0.3554845452308655
0.3556679487228394
0.3558420538902283
0.3560088872909546
0.356171578168869
0.3563333451747894
0.3564969897270203
0.3566643297672272
0.3568357229232788
0.3570099472999573
0.3571844696998596
0.3573554158210754
0.3575183749198914
0.3576687276363373
0.357802540063858
0.3579165041446686
0.3580085039138794
0.3580773174762726
0.3581225574016571
0.3581442832946777
0.3581423461437225
0.3581158816814423
0.3580630421638489
0.357980489730835
0.3578632473945618
0.3577049374580383
0.3574980497360229
0.3572341501712799
0.3569043576717377
0.3564998507499695
0.3560120165348053
0.3554328382015228
0.3547548651695251
0.3539711534976959
0.3530751168727875
0.3520603179931641
0.3509200513362885
0.3496476411819458
0.3482359945774078
0.3466779589653015
0.3449664711952209
0.3430949151515961
0.3410578370094299
0.3388510346412659
0.3364723324775696
0.3339219093322754
0.3312025666236877
0.3283201158046722
0.3252833783626556
0.3221042156219482
0.3187977969646454
0.3153822422027588
0.3118787705898285
0.3083114922046661
0.3047076761722565
0.3010973632335663
0.297513484954834
0.2939915657043457
0.2905696928501129
0.2872880697250366
0.2841886281967163
0.2813142836093903
0.2787083983421326
0.2764139473438263
0.2744726240634918
0.2729239165782928
0.2718043327331543
0.2711465060710907
0.2709783613681793
0.2713225185871124
0.2721957564353943
0.273608386516571
0.2755641043186188
0.2780598402023315
0.2810855507850647
0.2846243977546692
0.2886531949043274
0.2931425869464874
0.298058032989502
0.3033604919910431
0.3090072572231293
0.3149533271789551
0.3211524486541748
0.3275583684444427
0.3341259956359863
0.3408126533031464
0.3475791811943054
0.354390412569046
0.361216127872467
0.3680309057235718
0.3748145699501038
0.3815515637397766
0.3882303535938263
0.3948425650596619
0.40138179063797
0.4078423976898193
0.4142179489135742
0.4204998910427094
0.426676332950592
0.4327306747436523
0.4386409521102905
0.4443790018558502
0.4499105513095856
0.4551957249641418
0.4601895809173584
0.4648438096046448
0.4691084623336792
0.4729344248771667
0.4762760400772095
0.4790939092636108
0.4813582897186279
0.4830514788627625
0.484170526266098
0.4847296178340912
0.484760969877243
0.4843157827854156
0.4834639430046082
0.4822925925254822
0.480903685092926
0.4794110953807831
0.4779362678527832
0.4766032993793488
0.4755338728427887
0.4748414754867554
0.4746261835098267
0.4749694764614105
0.4759297668933868
0.4775390625
0.4798003435134888
0.4826871454715729
0.4861437678337097
0.4900875389575958
0.4944123923778534
0.4989938735961914
0.5036951899528503
0.5083737373352051
0.5128889083862305
0.5171088576316833
0.5209177136421204
0.5242215394973755
0.5269528031349182
0.5290742516517639
0.5305802226066589
0.5314963459968567
0.5318775773048401
0.5318045020103455
0.5313782095909119
0.5307135581970215
0.5299327969551086
0.5291578769683838
0.5285035371780396
0.5280709862709045
0.5279425382614136
0.5281779766082764
0.5288118124008179
0.5298530459403992
0.5312860012054443
0.5330731272697449
0.5351585745811462
0.5374730825424194
0.539939284324646
0.5424774289131165
0.5450100898742676
0.5474672913551331
0.5497900247573853
0.5519325733184814
0.5538641810417175
0.5555689334869385
0.5570451021194458
0.5583029985427856
0.5593627095222473
0.5602514147758484
0.5610001087188721
0.5616415739059448
0.5622076392173767
0.5627280473709106
0.5632291436195374
0.5637335777282715
0.5642607808113098
0.5648272633552551
0.5654473304748535
0.5661338567733765
0.5668987631797791
0.5677528977394104
0.5687057375907898
0.5697651505470276
0.5709354281425476
0.5722167491912842
0.5736035108566284
0.5750830769538879
0.5766358971595764
0.5782349705696106
0.5798471570014954
0.5814346671104431
0.5829575061798096
0.5843766927719116
0.5856572985649109
0.5867723226547241
0.5877050161361694
0.5884517431259155
0.5890230536460876
0.5894438028335571
0.5897516012191772
0.5899945497512817
0.5902274250984192
0.5905067324638367
0.5908859968185425
0.5914108753204346
0.5921145081520081
0.5930144786834717
0.5941107869148254
0.5953853130340576
0.5968034267425537
0.5983169078826904
0.5998686552047729
0.6013978123664856
0.6028453707695007
0.6041601300239563
0.6053033471107483
0.6062527298927307
0.6070039868354797
0.6075714826583862
0.6079862713813782
0.6082929968833923
0.6085448861122131
0.6087987422943115
0.6091088056564331
0.6095215678215027
0.6100713610649109
0.610776960849762
0.6116405129432678
0.6126478314399719
0.6137705445289612
0.6149694919586182
0.6161991953849792
0.6174132227897644
0.6185687184333801
0.6196311116218567
0.6205769181251526
0.621396005153656
0.6220918297767639
0.6226801872253418
0.6231867671012878
0.6236434578895569
0.624085009098053
0.6245445609092712
0.6250502467155457
0.6256222128868103
0.6262714862823486
0.6269990205764771
0.6277969479560852
0.6286495923995972
0.6295366883277893
0.630435585975647
0.6313247680664062
0.632185697555542
0.6330049633979797
0.6337753534317017
0.634495735168457
0.6351707577705383
0.6358094215393066
0.6364234089851379
0.637024998664856
0.6376258134841919
0.6382348537445068
0.6388580799102783
0.6394979357719421
0.6401535868644714
0.6408218741416931
0.6414980888366699
0.6421770453453064
0.6428541541099548
0.6435260772705078
0.6441913247108459
0.6448500752449036
0.6455038785934448
0.6461549401283264
0.6468057036399841
0.6474575996398926
0.6481109261512756
0.6487645506858826
0.6494155526161194
0.6500599980354309
0.6506935358047485
0.6513118743896484
0.6519116163253784
0.65249103307724
0.6530503630638123
0.6535917520523071
0.6541191935539246
0.6546375155448914
0.6551516652107239
0.6556658744812012
0.656182587146759
0.6567018032073975
0.657220721244812
0.6577335596084595
0.6582319736480713
0.6587059497833252
0.6591445803642273
0.6595367789268494
0.6598727703094482
0.6601442098617554
0.6603450775146484
0.6604713797569275
0.6605207324028015
0.6604917049407959
0.6603827476501465
0.6601913571357727
0.6599130630493164
0.6595404148101807
0.6590627431869507
0.6584664583206177
0.657734751701355
0.6568489074707031
0.655788779258728
0.6545341014862061
0.6530654430389404
0.6513650417327881
0.6494171619415283
0.6472087502479553
0.64472895860672
0.6419692039489746
0.6389225721359253
0.6355835795402527
0.6319475173950195
0.6280102729797363
0.6237686276435852
0.619220495223999
0.6143651008605957
0.6092044115066528
0.6037434339523315
0.5979912281036377
0.591961681842804
0.5856742262840271
0.5791539549827576
0.5724315047264099
0.5655428767204285
0.5585290193557739
0.5514347553253174
0.5443085432052612
0.5372011065483093
0.5301644802093506
0.5232518315315247
0.5165160298347473
0.5100089907646179
0.503781259059906
0.4978810548782349
0.4923533201217651
0.4872389435768127
0.4825734496116638
0.478386253118515
0.4746992588043213
0.471526026725769
0.4688705205917358
0.4667263329029083
0.4650765359401703
0.4638931155204773
0.4631373286247253
0.4627602100372314
0.4627035558223724
0.4629011750221252
0.4632805287837982
0.463764488697052
0.4642735719680786
0.4647281467914581
0.4650506377220154
0.465167909860611
0.4650136530399323
0.4645304083824158
0.4636718928813934
0.4624045193195343
0.4607089161872864
0.4585809409618378
0.4560324549674988
0.4530908465385437
0.4497988522052765
0.446213036775589
0.4424018859863281
0.4384435415267944
0.4344223141670227
0.4304258525371552
0.4265412390232086
0.4228510856628418
0.4194300770759583
0.4163414239883423
0.4136337339878082
0.411338597536087
0.4094687700271606
0.4080170392990112
0.4069562554359436
0.4062401354312897
0.4058046042919159
0.4055704474449158
0.4054466485977173
0.4053341150283813
0.4051300287246704
0.4047323167324066
0.4040445983409882
0.4029803872108459
0.4014671742916107
0.3994498550891876
0.3968930542469025
0.3937826454639435
0.3901260495185852
0.3859510719776154
0.3813037574291229
0.3762450814247131
0.370846688747406
0.3651857674121857
0.3593396544456482
0.3533802628517151
0.3473687767982483
0.3413507640361786
0.33535236120224
0.3293775320053101
0.3234067261219025
0.3173968493938446
0.3112830519676208
0.3049814701080322
0.2983941435813904
0.2914140224456787
0.2839314937591553
0.2758408188819885
0.2670467495918274
0.2574705481529236
0.2470551580190659
0.2357693314552307
0.2236102074384689
0.2106040567159653
0.1968052685260773
0.1822937726974487
0.1671709716320038
0.1515543013811111
0.1355708390474319
0.1193506643176079
0.1030201688408852
0.08669587969779968
0.07047926634550095
0.05445292964577675
0.03867834433913231
0.02319543063640594
0.008023836649954319
-0.006834043189883232
-0.0213886946439743
-0.03565808013081551
-0.04966164380311966
-0.06341429054737091
-0.07692085206508636
-0.09017156064510345
-0.1031388789415359
-0.1157761141657829
-0.1280179768800735
-0.1397830098867416
-0.1509779244661331
-0.1615032851696014
-0.1712605953216553
-0.1801597028970718
-0.1881262212991714
-0.1951085031032562
-0.2010832279920578
-0.2060594707727432
-0.210080623626709
-0.2132240980863571
-0.215598851442337
-0.2173405289649963
-0.2186050415039062
-0.2195606827735901
-0.2203794717788696
-0.2212284505367279
-0.2222615480422974
-0.2236125320196152
-0.2253895550966263
-0.2276719957590103
-0.2305092066526413
-0.2339215576648712
-0.2379034906625748
-0.2424281388521194
-0.2474528551101685
-0.2529254853725433
-0.2587902247905731
-0.2649929523468018
-0.2714850306510925
-0.2782258093357086
-0.2851833403110504
-0.2923330068588257
-0.2996552288532257
-0.3071316778659821
-0.314740926027298
-0.3224543333053589
-0.3302323222160339
-0.3380217552185059
-0.3457552492618561
-0.3533520400524139
-0.3607208728790283
-0.3677647113800049
-0.3743866980075836
-0.3804973065853119
-0.3860214352607727
-0.3909055292606354
-0.3951230049133301
-0.3986783623695374
-0.4016088247299194
-0.4039838314056396
-0.4059016108512878
-0.4074838161468506
-0.4088681638240814
-0.4101995527744293
-0.4116208851337433
-0.4132641553878784
-0.4152421057224274
-0.4176419973373413
-0.4205211699008942
-0.4239053726196289
-0.4277892708778381
-0.4321393966674805
-0.4368989169597626
-0.441993921995163
-0.447340339422226
-0.4528505802154541
-0.4584398865699768
-0.4640312492847443
-0.4695590734481812
-0.4749706089496613
-0.4802264273166656
-0.4852988421916962
-0.4901698529720306
-0.4948281645774841
-0.4992664158344269
-0.5034788250923157
-0.5074597597122192
-0.5112031102180481
-0.5147033333778381
-0.5179571509361267
-0.5209658145904541
-0.5237381458282471
-0.5262929797172546
-0.528660774230957
-0.5308847427368164
-0.5330201387405396
-0.5351319909095764
-0.5372915267944336
-0.539571225643158
-0.5420395731925964
-0.5447550415992737
-0.5477607846260071
-0.5510807037353516
-0.5547161102294922
-0.5586454272270203
-0.5628250241279602
-0.5671924948692322
-0.5716717839241028
-0.5761790871620178
-0.5806294679641724
-0.5849441885948181
-0.589056134223938
-0.5929151773452759
-0.5964911580085754
-0.5997747182846069
-0.6027771830558777
-0.6055278182029724
-0.6080698370933533
-0.6104555726051331
-0.6127414107322693
-0.6149827241897583
-0.6172296404838562
-0.6195241808891296
-0.6218979358673096
-0.6243714094161987
-0.6269550323486328
-0.629650354385376
-0.6324520111083984
-0.6353504657745361
-0.6383335590362549
-0.6413884162902832
-0.6445026397705078
-0.6476640105247498
-0.6508608460426331
-0.6540808081626892
-0.6573102474212646
-0.6605333685874939
-0.6637321710586548
-0.6668862700462341
-0.6699738502502441
-0.6729735732078552
-0.6758661866188049
-0.6786367893218994
-0.6812769174575806
-0.6837863922119141
-0.686174213886261
-0.6884585618972778
-0.6906655430793762
-0.6928278207778931
-0.6949812769889832
-0.6971623301506042
-0.6994038224220276
-0.7017322778701782
-0.7041652202606201
-0.706709623336792
-0.7093610763549805
-0.7121047973632812
-0.7149171829223633
-0.7177680730819702
-0.7206245064735413
-0.7234535217285156
-0.7262255549430847
-0.7289168238639832
-0.7315109968185425
-0.7340002059936523
-0.7363846302032471
-0.7386715412139893
-0.7408737540245056
-0.7430071830749512
-0.7450886368751526
-0.7471339702606201
-0.7491562962532043
-0.7511647939682007
-0.7531640529632568
-0.7551544904708862
-0.7571324110031128
-0.7590911388397217
-0.7610213756561279
-0.7629126310348511
-0.7647531628608704
-0.7665306925773621
-0.768232524394989
-0.7698447108268738
-0.7713522911071777
-0.7727383375167847
-0.7739841938018799
-0.7750691771507263
-0.7759707570075989
-0.7766650319099426
-0.7771274447441101
-0.7773338556289673
-0.7772610783576965
-0.7768874168395996
-0.776193380355835
-0.7751612663269043
-0.7737754583358765
-0.7720212340354919
-0.7698841094970703
-0.7673486471176147
-0.764397919178009
-0.7610123157501221
-0.7571696043014526
-0.7528452277183533
-0.7480124831199646
-0.7426440715789795
-0.7367133498191833
-0.7301963567733765
-0.7230733036994934
-0.7153304815292358
-0.7069616317749023
-0.6979690790176392
-0.6883642673492432
-0.6781684160232544
-0.6674119830131531
-0.6561344265937805
-0.6443836688995361
-0.632215142250061
-0.6196917295455933
-0.6068823933601379
-0.5938625335693359
-0.5807128548622131
-0.5675192475318909
-0.5543721318244934
-0.541365921497345
-0.5285980701446533
-0.5161678194999695
-0.5041746497154236
-0.4927166700363159
-0.4818882048130035
-0.4717779159545898
-0.4624663293361664
-0.4540237188339233
-0.4465079605579376
-0.4399628639221191
-0.4344164431095123
-0.4298797845840454
-0.4263462126255035
-0.4237909615039825
-0.4221709370613098
-0.4214250445365906
-0.4214749932289124
-0.4222261905670166
-0.42356938123703
-0.4253826141357422
-0.4275335967540741
-0.4298825562000275
-0.4322856068611145
-0.434598296880722
-0.4366793632507324
-0.4383949935436249
-0.4396227300167084
-0.4402552247047424
-0.4402039051055908
-0.4394017457962036
-0.4378056228160858
-0.4353979825973511
-0.4321874678134918
-0.4282090663909912
-0.4235228002071381
-0.4182121157646179
-0.4123812913894653
-0.4061520099639893
-0.3996594548225403
-0.3930478990077972
-0.3864658772945404
-0.3800611793994904
-0.3739756941795349
-0.3683401644229889
-0.3632694780826569
-0.3588584065437317
-0.3551777899265289
-0.3522714376449585
-0.3501544892787933
-0.3488123714923859
-0.348201185464859
-0.3482493162155151
-0.3488602042198181
-0.3499161601066589
-0.3512832224369049
-0.3528168201446533
-0.3543678820133209
-0.3557892739772797
-0.3569421470165253
-0.3577019870281219
-0.3579640090465546
-0.3576477468013763
-0.3567007780075073
-0.355100691318512
-0.3528562188148499
-0.3500067591667175
-0.3466202020645142
-0.3427897989749908
-0.3386296331882477
-0.334269106388092
-0.3298465013504028
-0.3255020678043365
-0.3213711082935333
-0.3175773322582245
-0.3142262697219849
-0.3114001452922821
-0.3091536462306976
-0.307511180639267
-0.3064657747745514
-0.3059796988964081
-0.305986762046814
-0.3063960075378418
-0.3070970177650452
-0.3079661428928375
-0.3088735044002533
-0.3096903264522552
-0.3102960884571075
-0.310585230588913
-0.3104730248451233
-0.3099001049995422
-0.3088356256484985
-0.3072786033153534
-0.3052576184272766
-0.3028286695480347
-0.3000715374946594
-0.2970845997333527
-0.2939785718917847
-0.290869802236557
-0.2878729701042175
-0.2850939333438873
-0.2826233804225922
-0.2805313766002655
-0.278863251209259
-0.2776370644569397
-0.2768428921699524
-0.2764438986778259
-0.2763792872428894
-0.2765685319900513
-0.2769170999526978
-0.2773228883743286
-0.2776830494403839
-0.2779010236263275
-0.2778927981853485
-0.277592271566391
-0.2769554555416107
-0.2759629786014557
-0.2746209502220154
-0.2729599177837372
-0.2710322737693787
-0.2689081728458405
-0.2666700780391693
-0.2644067108631134
-0.262206643819809
-0.2601519227027893
-0.258312314748764
-0.2567405998706818
-0.2554690539836884
-0.2545075714588165
-0.2538434863090515
-0.2534430921077728
-0.2532545924186707
-0.2532123923301697
-0.2532425820827484
-0.2532684803009033
-0.253216564655304
-0.2530221045017242
-0.2526338696479797
-0.252017617225647
-0.2511582970619202
-0.2500607967376709
-0.2487490028142929
-0.2472632378339767
-0.2456568628549576
-0.2439914792776108
-0.242331936955452
-0.2407408952713013
-0.2392739653587341
-0.2379753738641739
-0.2368747591972351
-0.2359851449728012
-0.2353024184703827
-0.234806165099144
-0.2344619035720825
-0.2342243194580078
-0.2340414226055145
-0.2338591068983078
-0.2336257249116898
-0.2332964241504669
-0.2328366190195084
-0.2322246432304382
-0.2314531654119492
-0.230529323220253
-0.2294735461473465
-0.2283173650503159
-0.2271002531051636
-0.2258659154176712
-0.224658265709877
-0.2235175967216492
-0.2224770039319992
-0.2215597927570343
-0.2207777798175812
-0.2201305776834488
-0.219606027007103
-0.2191817909479141
-0.2188277840614319
-0.2185090631246567
-0.2181892842054367
-0.2178340703248978
-0.217414066195488
-0.2169074267148972
-0.2163016051054001
-0.2155941128730774
-0.2147923409938812
-0.2139125764369965
-0.2129779756069183
-0.2120162099599838
-0.211056649684906
-0.210127517580986
-0.2092532515525818
-0.2084523737430573
-0.2077358067035675
-0.207106426358223
-0.206558883190155
-0.2060805857181549
-0.2056532502174377
-0.2052548825740814
-0.2048620879650116
-0.2044524550437927
-0.2040067315101624
-0.2035105526447296
-0.2029556035995483
-0.2023402005434036
-0.2016691714525223
-0.2009530514478683
-0.2002067118883133
-0.1994476616382599
-0.1986942142248154
-0.1979635059833527
-0.1972698271274567
-0.1966232657432556
-0.1960289031267166
-0.1954864412546158
-0.1949905902147293
-0.1945317983627319
-0.1940974295139313
-0.193673238158226
-0.1932449191808701
-0.1927996426820755
-0.1923272907733917
-0.191821426153183
-0.191279724240303
-0.1907040923833847
-0.1901001930236816
-0.1894766837358475
-0.1888441890478134
-0.1882139891386032
-0.1875968426465988
-0.1870018243789673
-0.1864354461431503
-0.185901090502739
-0.1853988021612167
-0.1849255263805389
-0.1844754666090012
-0.1840410083532333
-0.1836135536432266
-0.1831845343112946
-0.1827463507652283
-0.182293176651001
-0.1818214654922485
-0.1813301891088486
-0.1808208674192429
-0.1802971810102463
-0.1797644793987274
-0.1792290508747101
-0.17869733273983
-0.17817522585392
-0.177667498588562
-0.1771771609783173
-0.1767053157091141
-0.1762511432170868
-0.1758120954036713
-0.1753843128681183
-0.1749631315469742
-0.174543634057045
-0.1741212606430054
-0.1736923605203629
-0.1732544898986816
-0.1728066802024841
-0.1723495125770569
-0.1718847900629044
-0.1714154034852982
-0.17094486951828
-0.1704768985509872
-0.1700149476528168
-0.1695617586374283
-0.1691191643476486
-0.1686878651380539
-0.1682673990726471
-0.1678563505411148
-0.1674524992704391
-0.1670531183481216
-0.1666554361581802
-0.1662568598985672
-0.1658553034067154
-0.1654494255781174
-0.1650386601686478
-0.1646234095096588
-0.1642047464847565
-0.1637843400239944
-0.1633641868829727
-0.1629463583230972
-0.1625327467918396
-0.1621247977018356
-0.1617234945297241
-0.1613291352987289
-0.1609413921833038
-0.1605594754219055
-0.1601821333169937
-0.1598079204559326
-0.15943543612957
-0.159063383936882
-0.1586908400058746
-0.1583172976970673
-0.1579427421092987
-0.1575675308704376
-0.1571923643350601
-0.1568182408809662
-0.1564462631940842
-0.1560774594545364
-0.1557126939296722
-0.1553525924682617
-0.1549974828958511
-0.1546473205089569
-0.1543017327785492
-0.1539601683616638
-0.1536219716072083
-0.1532863676548004
-0.1529526561498642
-0.1526203453540802
-0.1522891372442245
-0.1519589424133301
-0.1516299098730087
-0.151302382349968
-0.150976836681366
-0.1506537944078445
-0.1503337323665619
-0.150017037987709
-0.1497039943933487
-0.1493946313858032
-0.1490888148546219
-0.148786261677742
-0.1484865099191666
-0.1481890678405762
-0.1478933542966843
-0.1475988179445267
-0.1473049968481064
-0.1470115333795547
-0.1467181742191315
-0.1464248448610306
-0.1461315006017685
-0.1458382308483124
-0.1455451548099518
-0.1452523469924927
-0.1449598670005798
-0.1446677148342133
-0.1443758308887482
-0.1440840810537338
-0.1437922716140747
-0.1435002088546753
-0.1432076096534729
-0.142914280295372
-0.1426200419664383
-0.1423247754573822
-0.1420284658670425
-0.1417311877012253
-0.1414331197738647
-0.1411344558000565
-0.1408354938030243
-0.1405365169048309
-0.1402378231287003
-0.1399397403001785
-0.1396425366401672
-0.1393464654684067
-0.1390517354011536
-0.1387585252523422
-0.1384669691324234
-0.1381771564483643
-0.1378892511129379
-0.1376033276319504
-0.1373195052146912
-0.137037917971611
-0.1367586255073547
-0.1364817321300507
-0.136207327246666
-0.1359354108572006
-0.1356660127639771
-0.1353990733623505
-0.1351344883441925
-0.1348720788955688
-0.134611651301384
-0.1343529671430588
-0.134095773100853
-0.1338397562503815
-0.1335846185684204
-0.1333301067352295
-0.1330759227275848
-0.1328218877315521
-0.1325677633285522
-0.1323134154081345
-0.132058784365654
-0.1318037807941437
-0.1315483897924423
-0.1312926411628723
-0.1310366094112396
-0.1307803690433502
-0.1305240094661713
-0.1302677094936371
-0.1300116032361984
-0.1297558546066284
-0.1295006573200226
-0.1292461752891541
-0.1289926469326019
-0.1287402659654617
-0.1284891813993454
-0.1282396167516708
-0.1279917061328888
-0.1277455985546112
-0.1275013834238052
-0.1272590756416321
-0.1270187348127365
-0.1267802715301514
-0.1265436410903931
-0.1263086944818497
-0.126075267791748
-0.1258432120084763
-0.1256123185157776
-0.1253823488950729
-0.125153124332428
-0.1249244213104248
-0.1246960833668709
-0.1244679465889931
-0.1242398768663406
-0.124011792242527
-0.1237836331129074
-0.1235553994774818
-0.1233271136879921
-0.1230988204479218
-0.1228706240653992
-0.1226426213979721
-0.1224149540066719
-0.1221877485513687
-0.1219611614942551
-0.1217353641986847
-0.1215105056762695
-0.1212867125868797
-0.1210641115903854
-0.120842806994915
-0.1206228658556938
-0.1204043254256248
-0.1201871931552887
-0.119971439242363
-0.1197569966316223
-0.1195437759160995
-0.1193316653370857
-0.1191205382347107
-0.1189102530479431
-0.1187006607651711
-0.1184916347265244
-0.1182830408215523
-0.1180747598409653
-0.1178666949272156
-0.1176587790250778
-0.1174509674310684
-0.1172432526946068
-0.1170356497168541
-0.1168281957507133
-0.1166209578514099
-0.1164140179753304
-0.1162074729800224
-0.1160014048218727
-0.1157959252595901
-0.1155911237001419
-0.1153870820999146
-0.1151838600635529
-0.1149814948439598
-0.1147800013422966
-0.114579364657402
-0.1143795549869537
-0.1141805052757263
-0.113982155919075
-0.1137843951582909
-0.1135871112346649
-0.1133901923894882
-0.1131935268640518
-0.1129969879984856
-0.1128004640340805
-0.1126038581132889
-0.1124071031808853
-0.1122101172804832
-0.1120128482580185
-0.1118152737617493
-0.1116173788905144
-0.1114191561937332
-0.1112206056714058
-0.1110217720270157
-0.1108226478099823
-0.1106232553720474
-0.1104236096143723
-0.1102236956357956
-0.110023520886898
-0.1098230928182602
-0.1096223369240761
-0.1094212159514427
-0.1092196702957153
-0.109017625451088
-0.1088150069117546
-0.1086117252707481
-0.1084077134728432
-0.1082028746604919
-0.1079971641302109
-0.1077904999256134
-0.1075828522443771
-0.1073742061853409
-0.107164554297924
-0.1069539040327072
-0.106742300093174
-0.1065298020839691
-0.1063164919614792
-0.1061024516820908
-0.1058877855539322
-0.105672612786293
-0.1054570525884628
-0.1052412390708923
-0.1050253063440323
-0.1048094034194946
-0.1045936569571495
-0.1043782234191895
-0.1041632443666458
-0.1039488390088081
-0.1037351489067078
-0.1035223230719566
-0.1033104881644249
-0.1030997708439827
-0.102890320122242
-0.1026822626590729
-0.1024757623672485
-0.1022709608078003
-0.1020679920911789
-0.1018670052289963
-0.1016681417822838
-0.1014715284109116
-0.1012772768735886
-0.1010854914784431
-0.1008962616324425
-0.1007096394896507
-0.1005256772041321
-0.1003443747758865
-0.1001657247543335
-0.09998968988656998
-0.09981619566679001
-0.09964515268802643
-0.09947643429040909
-0.09930989146232605
-0.09914536029100418
-0.09898263961076736
-0.09882153570652008
-0.09866181761026382
-0.09850326180458069
-0.09834564477205276
-0.09818873554468155
-0.09803229570388794
-0.09787610918283463
-0.0977199524641037
-0.09756363928318024
-0.09740696847438812
-0.09724976867437363
-0.09709189087152481
-0.09693321585655212
-0.09677363932132721
-0.0966130867600441
-0.09645149856805801
-0.09628884494304657
-0.09612515568733215
-0.09596044570207596
-0.09579478204250336
-0.09562823176383972
-0.0954609215259552
-0.09529298543930054
-0.09512457251548767
-0.09495586901903152
-0.09478706866502762
-0.09461837261915207
-0.09444999694824219
-0.09428215026855469
-0.09411504864692688
-0.09394889324903488
-0.09378387778997421
-0.09362016618251801
-0.09345792233943939
-0.09329725801944733
-0.09313828498125076
-0.09298108518123627
-0.09282565861940384
-0.09267201274633408
-0.09252012521028519
-0.09236991405487061
-0.09222129732370377
-0.09207415580749512
-0.09192834049463272
-0.09178369492292404
-0.09164004027843475
-0.09149717539548874
-0.09135491400957108
-0.09121307730674744
-0.09107146412134171
-0.09092989563941956
-0.09078820794820786
-0.09064625203609467
-0.09050390869379044
-0.09036107361316681
-0.09021767973899841
-0.09007368981838226
-0.08992908895015717
-0.08978390693664551
-0.08963817358016968
-0.08949196338653564
-0.08934537321329117
-0.0891985297203064
-0.08905155956745148
-0.08890460431575775
-0.08875783532857895
-0.0886114090681076
-0.08846548199653625
-0.08832018822431564
-0.08817568421363831
-0.08803210407495499
-0.08788953721523285
-0.08774808049201965
-0.08760778605937958
-0.0874686986207962
-0.08733083307743073
-0.08719416707754135
-0.0870586559176445
-0.0869242399930954
-0.08679082989692688
-0.08665834367275238
-0.08652664721012115
-0.08639562129974365
-0.08626516163349152
-0.0861351490020752
-0.08600544184446335
-0.08587594330310822
-0.08574658632278442
-0.08561728894710541
-0.08548798412084579
-0.08535867184400558
-0.08522933721542358
-0.08510001003742218
-0.08497073501348495
-0.08484157174825668
-0.08471262454986572
-0.08458400517702103
-0.08445584028959274
-0.08432826399803162
-0.08420142531394958
-0.08407547324895859
-0.08395056426525116
-0.08382681012153625
-0.08370436728000641
-0.08358335494995117
-0.0834638923406601
-0.08334608376026154
-0.08323001116514206
-0.08311571180820465
-0.08300324529409409
-0.08289264142513275
-0.08278392255306244
-0.08267708122730255
-0.08257210254669189
-0.08246898651123047
-0.08236769586801529
-0.08226821571588516
-0.0821705237030983
-0.0820746123790741
-0.08198048174381256
-0.08188812434673309
-0.08179755508899689
-0.08170878142118454
-0.08162181824445724
-0.08153669536113739
-0.08145345747470856
-0.08137211203575134
-0.08129271864891052
-0.08121528476476669
-0.08113982528448105
-0.08106634765863419
-0.08099484443664551
-0.08092527091503143
-0.08085759729146957
-0.08079173415899277
-0.08072759211063385
-0.08066504448652267
-0.08060392737388611
-0.08054407685995102
-0.08048528432846069
-0.08042732626199722
-0.08036995679140091
-0.08031290024518967
-0.08025588840246201
-0.08019863814115524
-0.0801408514380455
-0.0800822451710701
-0.08002253621816635
-0.07996148616075516
-0.07989883422851562
-0.07983435690402985
-0.07976783812046051
-0.07969910651445389
-0.07962800562381744
-0.07955440878868103
-0.07947823405265808
-0.07939942926168442
-0.07931796461343765
-0.07923386245965958
-0.07914718240499496
-0.07905800640583038
-0.07896645367145538
-0.07887266576290131
-0.07877681404352188
-0.07867909967899323
-0.07857973128557205
-0.07847895473241806
-0.07837702333927155
-0.078274205327034
-0.07817079126834869
-0.07806707173585892
-0.07796332985162735
-0.07785985618829727
-0.07775693386793137
-0.07765483856201172
-0.07755384594202042
-0.07745418697595596
-0.07735610008239746
-0.07725976407527924
-0.07716536521911621
-0.07707301527261734
-0.07698282599449158
-0.07689483463764191
-0.07680907845497131
-0.07672552764415741
-0.07664410769939423
-0.07656470686197281
-0.07648716121912003
-0.07641128450632095
-0.07633684575557709
-0.07626358419656754
-0.07619122415781021
-0.07611945271492004
-0.07604796439409256
-0.07597645372152328
-0.07590460032224655
-0.07583210617303848
-0.07575871795415878
-0.07568418234586716
-0.07560829073190689
-0.07553086429834366
-0.07545178383588791
-0.07537099719047546
-0.07528846710920334
-0.07520421594381332
-0.07511834800243378
-0.07503099739551544
-0.07494232803583145
-0.07485255599021912
-0.07476191967725754
-0.0746706947684288
-0.07457917928695679
-0.07448764890432358
-0.07439640909433365
-0.07430573552846909
-0.07421588897705078
-0.07412711530923843
-0.07403962314128876
-0.07395355403423309
-0.07386904954910278
-0.0737861767411232
-0.07370495051145554
-0.0736253634095192
-0.07354731112718582
-0.07347069680690765
-0.07339534908533096
-0.07332107424736023
-0.07324764132499695
-0.07317481935024261
-0.07310236990451813
-0.073030024766922
-0.07295754551887512
-0.07288472354412079
-0.07281134277582169
-0.07273722440004349
-0.07266225665807724
-0.07258632779121399
-0.07250938564538956
-0.07243141531944275
-0.07235245406627655
-0.07227255403995514
-0.07219182699918747
-0.07211041450500488
-0.07202847301959991
-0.07194619625806808
-0.07186378538608551
-0.07178144156932831
-0.0716993659734726
-0.07161776721477509
-0.07153680175542831
-0.07145662605762482
-0.07137737423181534
-0.07129911333322525
-0.07122190296649933
-0.07114574313163757
-0.07107062637805939
-0.0709964781999588
-0.07092320919036865
-0.07085070013999939
-0.07077880203723907
-0.07070735096931458
-0.07063618302345276
-0.07056513428688049
-0.07049404084682465
-0.07042273879051208
-0.07035109400749207
-0.07027900964021683
-0.07020639628171921
-0.07013321667909622
-0.07005944848060608
-0.06998509913682938
-0.06991022080183029
-0.0698348730802536
-0.06975916028022766
-0.06968320906162262
-0.06960713118314743
-0.06953106075525284
-0.06945512443780899
-0.06937944889068604
-0.06930416822433472
-0.06922934949398041
-0.06915506720542908
-0.0690813735127449
-0.06900828331708908
-0.06893578171730042
-0.06886383891105652
-0.06879239529371262
-0.06872135400772095
-0.06865063309669495
-0.06858009099960327
-0.06850960850715637
-0.0684390664100647
-0.0683683380484581
-0.06829731911420822
-0.06822589784860611
-0.06815399974584579
-0.06808153539896011
-0.06800847500562668
-0.06793477386236191
-0.0678604394197464
-0.06778547912836075
-0.06770990788936615
-0.06763375550508499
-0.06755707412958145
-0.06747989356517792
-0.06740225851535797
-0.067324198782444
-0.0672457367181778
-0.06716687977313995
-0.06708760559558868
-0.067007876932621
-0.06692764163017273
-0.0668468251824379
-0.06676533073186874
-0.06668304651975632
-0.06659986078739166
-0.06651563942432404
-0.06643024086952209
-0.06634354591369629
-0.06625539809465408
-0.06616567820310593
-0.06607428193092346
-0.06598109751939774
-0.06588603556156158
-0.06578902900218964
-0.06569001823663712
-0.06558897346258163
-0.06548584997653961
-0.06538067013025284
-0.06527341157197952
-0.06516410410404205
-0.06505275517702103
-0.06493940949440002
-0.06482409685850143
-0.06470684707164764
-0.06458770483732224
-0.0644666999578476
-0.06434386968612671
-0.06421925872564316
-0.06409289687871933
-0.06396484375
-0.06383515894412994
-0.06370390951633453
-0.06357117742300034
-0.06343706697225571
-0.06330170482397079
-0.06316521018743515
-0.0630277693271637
-0.06288953870534897
-0.06275073438882828
-0.06261158734560013
-0.06247233226895332
-0.06233322247862816
-0.06219452992081642
-0.06205654516816139
-0.06191955134272575
-0.06178383156657219
-0.06164967268705368
-0.06151735037565231
-0.06138711422681808
-0.06125922501087189
-0.06113390997052193
-0.06101138889789581
-0.06089184060692787
-0.06077543646097183
-0.06066231429576874
-0.06055258959531784
-0.06044633686542511
-0.06034361198544502
-0.06024444475769997
-0.06014882028102875
-0.06005670502781868
-0.05996803566813469
-0.05988271906971931
-0.05980061739683151
-0.05972157791256905
-0.05964542552828789
-0.05957194790244102
-0.05950091406702995
-0.05943205207586288
-0.05936508998274803
-0.05929971858859062
-0.05923561379313469
-0.05917244777083397
-0.059109877794981
-0.05904755368828773
-0.05898513644933701
-0.05892226845026016
-0.05885862559080124
-0.05879390239715576
-0.05872780829668045
-0.05866008624434471
-0.05859050527215004
-0.05851887166500092
-0.0584450364112854
-0.05836887657642365
-0.05829034745693207
-0.05820942297577858
-0.05812612920999527
-0.0580405555665493
-0.05795281752943993
-0.05786309018731117
-0.05777157098054886
-0.05767850577831268
-0.05758415535092354
-0.0574888251721859
-0.05739282071590424
-0.05729646608233452
-0.05720008909702301
-0.05710402131080627
-0.05700858309864998
-0.0569140836596489
-0.05682080611586571
-0.0567290261387825
-0.05663898587226868
-0.05655088275671005
-0.05646488815546036
-0.05638112872838974
-0.05629967525601387
-0.05622057989239693
-0.05614382401108742
-0.05606936290860176
-0.0559970922768116
-0.05592687427997589
-0.0558585412800312
-0.05579188466072083
-0.05572666600346565
-0.05566263198852539
-0.05559950321912766
-0.05553699657320976
-0.05547481402754784
-0.05541267618536949
-0.05535030364990234
-0.0552874431014061
-0.05522385984659195
-0.05515934154391289
-0.05509372800588608
-0.05502688512206078
-0.05495872348546982
-0.05488920956850052
-0.05481835454702377
-0.05474620684981346
-0.05467286333441734
-0.05459846928715706
-0.05452318862080574
-0.0544472448527813
-0.05437088012695312
-0.05429435148835182
-0.05421794578433037
-0.05414194986224174
-0.05406665802001953
-0.05399235337972641
-0.05391931161284447
-0.053847786039114
-0.05377801507711411
-0.0537101998925209
-0.05364451557397842
-0.05358109995722771
-0.05352004989981651
-0.05346144363284111
-0.05340531095862389
-0.05335164442658424
-0.0533004142343998
-0.05325156822800636
-0.05320501700043678
-0.05316066741943359
-0.05311841145157814
-0.05307813361287117
-0.05303972214460373
-0.05300308018922806
-0.0529680959880352
-0.05293470248579979
-0.05290284007787704
-0.05287248268723488
-0.05284362658858299
-0.05281629785895348
-0.0527905561029911
-0.05276649072766304
-0.05274420604109764
-0.05272383987903595
-0.0527055412530899
-0.05268948152661324
-0.05267582461237907
-0.05266475677490234
-0.05265644192695618
-0.05265104025602341
-0.05264869332313538
-0.05264951288700104
-0.05265358835458755
-0.05266096815466881
-0.0526716448366642
-0.05268557742238045
-0.05270268023014069
-0.05272281169891357
-0.05274578928947449
-0.05277137830853462
-0.05279929935932159
-0.05282923206686974
-0.05286083370447159
-0.05289372429251671
-0.05292749404907227
-0.05296171456575394
-0.0529959574341774
-0.05302977934479713
-0.05306274443864822
-0.05309443175792694
-0.05312442779541016
-0.05315234884619713
-0.05317782610654831
-0.05320053920149803
-0.05322018638253212
-0.05323651805520058
-0.05324932187795639
-0.05325843021273613
-0.05326370522379875
-0.0532650537788868
-0.05326241254806519
-0.05325577408075333
-0.05324514582753181
-0.05323058366775513
-0.05321216210722923
-0.05318999290466309
-0.05316421017050743
-0.0531349740922451
-0.05310247093439102
-0.0530669130384922
-0.05302853509783745
-0.05298758298158646
-0.05294432863593102
-0.052899070084095
-0.05285211279988289
-0.05280378088355064
-0.05275442078709602
-0.05270437896251678
-0.05265401676297188
-0.05260369181632996
-0.05255377292633057
-0.05250461772084236
-0.05245659127831459
-0.05241001769900322
-0.05236523970961571
-0.05232254415750504
-0.05228219926357269
-0.05224443972110748
-0.05220945551991463
-0.05217738077044487
-0.05214830115437508
-0.05212225019931793
-0.05209920182824135
-0.05207906663417816
-0.05206169188022614
-0.05204687640070915
-0.05203435942530632
-0.05202383175492287
-0.05201492458581924
-0.05200726166367531
-0.05200040712952614
-0.05199392512440681
-0.05198736488819122
-0.05198028311133385
-0.05197224393486977
-0.05196283757686615
-0.05195168405771255
-0.05193844437599182
-0.05192284658551216
-0.05190466716885567
-0.05188373848795891
-0.05185997113585472
-0.05183333903551102
-0.05180389434099197
-0.05177174881100655
-0.05173708498477936
-0.05170013755559921
-0.05166120082139969
-0.05162060633301735
-0.05157872661948204
-0.0515359602868557
-0.05149271711707115
-0.05144941061735153
-0.05140644311904907
-0.05136419832706451
-0.05132303386926651
-0.05128327012062073
-0.05124517530202866
-0.0512089729309082
-0.0511748231947422
-0.05114281922578812
-0.05111299827694893
-0.05108533427119255
-0.05105973780155182
-0.05103606358170509
-0.05101412162184715
-0.0509936586022377
-0.05097440257668495
-0.05095603317022324
-0.05093823373317719
-0.05092067271471024
-0.05090301856398582
-0.05088494718074799
-0.05086615681648254
-0.05084637552499771
-0.05082537233829498
-0.05080295726656914
-0.05077898874878883
-0.05075336992740631
-0.05072607100009918
-0.05069710314273834
-0.05066654086112976
-0.05063449218869209
-0.05060111731290817
-0.05056660994887352
-0.05053119361400604
-0.05049511417746544
-0.0504586473107338
-0.0504220649600029
-0.05038563907146454
-0.05034962296485901
-0.05031426250934601
-0.05027976259589195
-0.05024630203843117
-0.0502140112221241
-0.05018298327922821
-0.05015325918793678
-0.05012483894824982
-0.05009767785668373
-0.05007168650627136
-0.05004673823714256
-0.0500226691365242
-0.04999928921461105
-0.04997639358043671
-0.04995375126600266
-0.04993114247918129
-0.0499083511531353
-0.04988517239689827
-0.04986141622066498
-0.04983693733811378
-0.04981160908937454
-0.04978533834218979
-0.04975807666778564
-0.04972981661558151
-0.04970058426260948
-0.04967045038938522
-0.04963951930403709
-0.04960792884230614
-0.04957583546638489
-0.04954340681433678
-0.04951084777712822
-0.04947832971811295
-0.04944604635238647
-0.04941416159272194
-0.04938282445073128
-0.04935216158628464
-0.04932226985692978
-0.04929320514202118
-0.04926499724388123
-0.04923765361309052
-0.04921112209558487
-0.04918534308671951
-0.04916021600365639
-0.04913562908768654
-0.04911144822835922
-0.04908755049109459
-0.0490637868642807
-0.04904003441333771
-0.04901616647839546
-0.0489920862019062
-0.04896771535277367
-0.04894299060106277
-0.04891790449619293
-0.04889244958758354
-0.04886665940284729
-0.04884060099720955
-0.04881435632705688
-0.04878804832696915
-0.04876179620623589
-0.04873574152588844
-0.04871003329753876
-0.04868481680750847
-0.04866023734211922
-0.04863644018769264
-0.0486135445535183
-0.04859165847301483
-0.04857087507843971
-0.04855126887559891
-0.04853289201855659
-0.04851577430963516
-0.0484999343752861
-0.04848536849021912
-0.04847206920385361
-0.04846002161502838
-0.04844920337200165
-0.04843959584832191
-0.04843119531869888
-0.04842399433255196
-0.04841802269220352
-0.04841329902410507
-0.04840987548232079
-0.04840781539678574
-0.04840720817446709
-0.04840816184878349
-0.04841079190373421
-0.04841522499918938
-0.04842161387205124
-0.04843009635806084
-0.04844081774353981
-0.04845393449068069
-0.04846957698464394
-0.04848787561058998
-0.04850894957780838
-0.04853289201855659
-0.04855978116393089
-0.04858968779444695
-0.04862264171242714
-0.04865866526961327
-0.04869775101542473
-0.04873988777399063
-0.04878503456711769
-0.04883313179016113
-0.04888411983847618
-0.04893791675567627
-0.04899444058537483
-0.049053605645895
-0.04911531135439873
-0.04917946085333824
-0.04924594610929489
-0.04931466653943062
-0.04938549920916557
-0.04945832118391991
-0.04953300207853317
-0.04960940778255463
-0.04968738555908203
-0.04976677149534225
-0.04984739050269127
-0.04992905259132385
-0.0500115379691124
-0.05009463056921959
-0.05017807334661484
-0.05026162043213844
-0.05034499242901802
-0.05042790248990059
-0.05051005631685257
-0.05059115961194038
-0.05067089572548866
-0.05074897408485413
-0.0508250817656517
-0.05089893937110901
-0.05097026750445366
-0.05103879794478416
-0.05110428854823112
-0.05116650834679604
-0.05122526735067368
-0.05128039419651031
-0.05133173987269402
-0.05137918889522552
-0.05142266675829887
-0.05146210640668869
-0.05149748921394348
-0.05152881890535355
-0.05155612900853157
-0.05157948285341263
-0.05159896984696388
-0.05161472037434578
-0.05162687599658966
-0.05163561180233955
-0.05164113268256187
-0.05164365097880363
-0.05164341256022453
-0.05164069309830666
-0.05163576826453209
-0.05162894725799561
-0.05162054300308228
-0.05161089077591896
-0.05160032585263252
-0.05158920958638191
-0.05157788470387459
-0.0515667162835598
-0.0515560507774353
-0.05154622346162796
-0.05153755843639374
-0.05153035745024681
-0.05152491107583046
-0.05152147635817528
-0.05152028426527977
-0.05152151733636856
-0.05152533203363419
-0.0515318401157856
-0.05154111608862877
-0.05155318602919579
-0.05156802758574486
-0.05158558115363121
-0.05160574242472649
-0.05162836238741875
-0.05165326222777367
-0.05168020725250244
-0.05170894786715508
-0.05173919349908829
-0.0517706461250782
-0.05180296674370766
-0.05183581635355949
-0.05186884105205536
-0.05190169811248779
-0.05193403735756874
-0.05196552351117134
-0.05199583247303963
-0.05202465876936913
-0.05205172300338745
-0.05207677558064461
-0.05209959670901299
-0.05212001129984856
-0.05213787406682968
-0.0521530881524086
-0.05216559395194054
-0.0521753802895546
-0.05218248441815376
-0.05218696966767311
-0.05218895152211189
-0.05218858271837234
-0.05218604952096939
-0.05218156427145004
-0.052175372838974
-0.05216772854328156
-0.0521589070558548
-0.05214919149875641
-0.05213886499404907
-0.05212819203734398
-0.05211744457483292
-0.05210686847567558
-0.05209667235612869
-0.05208704248070717
-0.05207812786102295
-0.05207003280520439
-0.05206282809376717
-0.05205652117729187
-0.05205107107758522
-0.05204639211297035
-0.05204235017299652
-0.05203875526785851
-0.0520353764295578
-0.05203194171190262
-0.05202813819050789
-0.05202362686395645
-0.05201803147792816
-0.05201095342636108
-0.05200199037790298
-0.05199073255062103
-0.0519767589867115
-0.05195966735482216
-0.05193905532360077
-0.05191456899046898
-0.05188585445284843
-0.05185259878635406
-0.05181452259421349
-0.05177139118313789
-0.05172300711274147
-0.05166920647025108
-0.05160988494753838
-0.05154497921466827
-0.05147445946931839
-0.05139834433794022
-0.05131668969988823
-0.05122959241271019
-0.05113716423511505
-0.05103955417871475
-0.05093694105744362
-0.05082951858639717
-0.05071748048067093
-0.0506010428071022
-0.05048042163252831
-0.05035584047436714
-0.05022752285003662
-0.05009567737579346
-0.04996052011847496
-0.04982226714491844
-0.04968113079667091
-0.04953731223940849
-0.04939103126525879
-0.04924249649047852
-0.04909193143248558
-0.04893957078456879
-0.04878565669059753
-0.04863045364618301
-0.04847424477338791
-0.04831734672188759
-0.04816009104251862
-0.04800284653902054
-0.04784601554274559
-0.04769003018736839
-0.04753535985946655
-0.04738249257206917
-0.04723195731639862
-0.04708429425954819
-0.04694006592035294
-0.04679983854293823
-0.04666418209671974
-0.04653367027640343
-0.04640884324908257
-0.04629022255539894
-0.04617828503251076
-0.04607346281409264
-0.04597613215446472
-0.04588658735156059
-0.04580505564808846
-0.04573167860507965
-0.04566650092601776
-0.04560947045683861
-0.04556043446063995
-0.0455191433429718
-0.0454852394759655
-0.04545826837420464
-0.04543768242001534
-0.04542284086346626
-0.04541303217411041
-0.04540747404098511
-0.04540532454848289
-0.04540569335222244
-0.04540767148137093
-0.04541033133864403
-0.04541274160146713
-0.04541400820016861
-0.04541324824094772
-0.04540964588522911
-0.04540244862437248
-0.04539097100496292
-0.04537460952997208
-0.04535287991166115
-0.0453253947198391
-0.04529187455773354
-0.04525216296315193
-0.0452062226831913
-0.04515412822365761
-0.04509607329964638
-0.04503235965967178
-0.04496339336037636
-0.0448896698653698
-0.04481176659464836
-0.04473033919930458
-0.04464608803391457
-0.0445597730576992
-0.04447215795516968
-0.04438403621315956
-0.04429620131850243
-0.04420940205454826
-0.04412437602877617
-0.04404180496931076
-0.04396231845021248
-0.04388647526502609
-0.04381474852561951
-0.04374752938747406
-0.04368511214852333
-0.04362769424915314
-0.04357536882162094
-0.04352813586592674
-0.04348589479923248
-0.04344844445586205
-0.04341550171375275
-0.04338668659329414
-0.04336155205965042
-0.04333958029747009
-0.04332020878791809
-0.04330283775925636
-0.04328682273626328
-0.0432715155184269
-0.04325626790523529
-0.04324044287204742
-0.04322343692183495
-0.04320468008518219
-0.04318366572260857
-0.04315994307398796
-0.04313313961029053
-0.04310297220945358
-0.04306923225522041
-0.04303182661533356
-0.04299073293805122
-0.04294604063034058
-0.04289792478084564
-0.04284664615988731
-0.04279254749417305
-0.04273604601621628
-0.0426776185631752
-0.0426177941262722
-0.04255712032318115
-0.04249617457389832
-0.04243552312254906
-0.04237573593854904
-0.04231734946370125
-0.04226085543632507
-0.04220668226480484
-0.0421551987528801
-0.04210669174790382
-0.04206135869026184
-0.04201930016279221
-0.04198054224252701
-0.04194501042366028
-0.04191252961754799
-0.04188284650444984
-0.04185563325881958
-0.04183050245046616
-0.04180699214339256
-0.0417846217751503
-0.04176289215683937
-0.04174128547310829
-0.04171930253505707
-0.0416964665055275
-0.04167234525084496
-0.04164654761552811
-0.04161876812577248
-0.04158877208828926
-0.04155639186501503
-0.04152156412601471
-0.0414842963218689
-0.04144469276070595
-0.04140292853116989
-0.04135925695300102
-0.04131399095058441
-0.04126748815178871
-0.04122014716267586
-0.04117238521575928
-0.04112463444471359
-0.04107731953263283
-0.04103082790970802
-0.04098551720380783
-0.04094170406460762
-0.04089965298771858
-0.04085953906178474
-0.04082147777080536
-0.04078551009297371
-0.04075160622596741
-0.04071966558694839
-0.04068951308727264
-0.04066093266010284
-0.04063364490866661
-0.04060732945799828
-0.04058165848255157
-0.04055628925561905
-0.04053087905049324
-0.04050509631633759
-0.04047864302992821
-0.04045125469565392
-0.0404227189719677
-0.04039287567138672
-0.04036162421107292
-0.04032892361283302
-0.04029479250311852
-0.04025931283831596
-0.04022261872887611
-0.04018488898873329
-0.04014633595943451
-0.04010721668601036
-0.04006778448820114
-0.04002831876277924
-0.03998908400535583
-0.03995032981038094
-0.03991227596998215
-0.03987511992454529
-0.0398390144109726
-0.03980405628681183
-0.03977030515670776
-0.039737768471241
-0.03970640897750854
-0.03967613354325294
-0.03964682295918465
-0.03961831703782082
-0.03959042951464653
-0.03956297039985657
-0.03953571617603302
-0.03950847685337067
-0.03948104381561279
-0.03945324569940567
-0.03942492231726646
-0.03939595818519592
-0.03936626762151718
-0.03933579474687576
-0.03930453583598137
-0.03927251324057579
-0.0392397828400135
-0.03920645266771317
-0.03917262330651283
-0.03913844749331474
-0.03910407423973083
-0.03906966373324394
-0.0390353724360466
-0.03900134563446045
-0.03896772488951683
-0.0389346070587635
-0.03890208154916763
-0.03887020424008369
-0.03883901238441467
-0.03880849108099937
-0.03877861425280571
-0.0387493222951889
-0.03872054070234299
-0.0386921651661396
-0.0386640802025795
-0.03863617777824402
-0.03860833495855331
-0.03858042880892754
-0.03855235502123833
-0.03852402791380882
-0.03849538043141365
-0.03846636041998863
-0.03843694552779198
-0.03840712830424309
-0.03837692365050316
-0.03834637999534607
-0.038315549492836
-0.03828451037406921
-0.03825333341956139
-0.03822211548686028
-0.03819094598293304
-0.03815991058945656
-0.03812908753752708
-0.0380985401570797
-0.03806832060217857
-0.0380384735763073
-0.03800902515649796
-0.03797997161746025
-0.03795130550861359
-0.03792300075292587
-0.03789500519633293
-0.03786726295948029
-0.03783972188830376
-0.03781231492757797
-0.03778498247265816
-0.03775765746831894
-0.03773028776049614
-0.03770282492041588
-0.03767523914575577
-0.03764748945832253
-0.03761957585811615
-0.03759149834513664
-0.0375632718205452
-0.0375349223613739
-0.03750648349523544
-0.0374779962003231
-0.03744950145483017
-0.03742104768753052
-0.03739267960190773
-0.03736444562673569
-0.03733636811375618
-0.03730848059058189
-0.03728079423308372
-0.03725332766771317
-0.03722606971859932
-0.03719901293516159
-0.03717214241623878
-0.03714542835950851
-0.03711883351206779
-0.03709232062101364
-0.03706585615873337
-0.03703939542174339
-0.03701290488243103
-0.03698635473847389
-0.03695971891283989
-0.03693296387791634
-0.03690608590841293
-0.03687907755374908
-0.03685194626450539
-0.03682469576597214
-0.03679734468460083
-0.03676991537213326
-0.03674242272973061
-0.03671488910913467
-0.03668735548853874
-0.036659836769104
-0.03663236647844315
-0.03660495206713676
-0.03657761216163635
-0.03655035421252251
-0.03652318939566612
-0.0364961065351963
-0.03646910563111305
-0.03644217923283577
-0.03641531616449356
-0.03638852015137672
-0.03636176511645317
-0.0363350436091423
-0.03630834445357323
-0.03628166392445564
-0.03625499829649925
-0.03622835129499435
-0.03620172291994095
-0.03617512807250023
-0.03614857047796249
-0.03612206131219864
-0.03609561920166016
-0.03606925904750824
-0.03604299947619438
-0.03601685166358948
-0.03599083423614502
-0.0359649658203125
-0.03593924269080162
-0.03591368347406387
