0
0
0
0
0
0
0
0
0
0
0
0
0
0
0
0
0
0
0
0
0
0
0
0
0
0
0
0
0
0
0
0
0
0
0
0
0
0
0
0
0
0
0
0
0
0
0
0
0
0
0
0
0
0
0
0
0
0
0
0
0
0
0
0
0
0
0
0
0
0
0
0
0
0
0
0
0
0
0
0
0
0
0
0
0
0
0
0
0
0
0
0
0
0
0
0
0
0
0
0
0
0
0
0
0
0
0
0
0
0
0
0
0
0
0
0
0
0
0
0
0
0
0
0
0
0
0
0
0
0
0
0
0
0
0
0
0
0
0
0
0
0
0
0
0
0
0
0
0
0
0
0
0
0
0
0
0
0
0
0
0
0
0
0
0
0
0
0
0
0
0
0
0
0
0
0
0
0
0
0
0
0
0
0
0
0
0
0
0
0
0
0
0
0
0
0
0
0
0
0
0
0
0
0
0
0
0
0
0
0
0
0
0
0
0
0
0
0
0
0
0
0
0
0
0
0
0
0
0
0
0
0
0
0
0
0
0
0
0
0
0
0
0
0
0
0
0
0
0
0
0
0
0
0
0
0
0
0
0
0
0
0
0
0
0
0
0
0
0
0
0
0
0
0
0
0
0
0
0
0
0
0
0
0
0
0
0
0
0
0
0
0
0
0
0
0
0
0
0
0
0
0
0
0
0
0
0
0
0
0
0
0
0
0
0
0
0
0
0
0
0
0
0
0
0
0
0
0
0
0
0
0
0
0
0
0
0
0
0
0
0
0
0
0
0
0
0
0
0
0
0
0
0
0
0
0
0
0
0
0
0
0
0
0
0
0
0
0
0
0
0
0
0
0
0
0
0
0
0
0
0
0
0
0
0
0
0
0
0
0
0
0
0
0
0
0
0
0
0
0
0
0
0
0
0
0
0
0
0
0
0
0
0
0
0
0
0
0
0
0
0
0
0
0
0
0
0
0
0
0
0
0
0
0
0
0
0
0
0
0
0
0
0
0
0
0
0
0
0
0
0
0
0
0
0
0
0
0
0
0
0
0
0
0
0
0
0
0
0
0
0
0
0
0
0
0
0
0
0
0
0
0
0
0
0
0
0
0
0
0
0
0
0
0
0
0
0
0
0
0
0
0
0
0
0
0
0
0
0
0
0
0
0
0
0
0
0
0
0
0
0
0
0
0
0
0
0
0
0
0
0
0
0
0
0
0
0
0
0
0
0
0
0
0
0
0
0
0
0
0
0
0
0
0
0
0
0
0
0
0
0
0
0
0
0
0
0
0
0
0
0
0
0
0
0
0
0
0
0
0
0
0
0
0
0
0
0
0
0
0
0
0
0
0
0
0
0
0
0
0
0
0
0
0
0
0
0
0
0
0
0
0
0
0
0
0
0
0
0
0
0
0
0
0
0
0
0
0
0
0
0
0
0
0
0
0
0
0
0
0
0
0
0
0
0
0
0
0
0
0
0
0
0
0
0
0
0
0
0
0
0
0
0
0
0
0
0
0
0
0
0
0
0
0
0
0
0
0
0
0
0
0
0
0
0
0
0
0
0
0
0
0
0
0
0
0
0
0
0
0
0
0
0
0
0
0
0
0
0
0
0
0
0
0
0
0
0
0
0
0
0
0
0
0
0
0
0
0
0
0
0
0
0
0
0
0
0
0
0
0
0
0
0
0
0
0
0
0
0
0
0
0
0
0
0
0
0
0
0
0
0
0
0
0
0
0
0
0
0
0
0
0
0
0
0
0
0
0
0
0
0
0
0
0
0
0
0
0
0
0
0
0
0
0
0
0
0
0
0
0
0
0
0
0
0
0
0
0
0
0
0
0
0
0
0
0
0
0
0
0
0
0
0
0
0
0
0
0
0
0
0
0
0
0
0
0
0
0
0
0
0
0
0
0
0
0
0
0
0
0
0
0
0
0
0
0
0
0
0
0
0
0
0
0
0
0
0
0
0
0
0
0
0
0
0
0
0
0
0
0
0
0
0
0
0
0
0
0
0
0
0
0
0
0
0
0
0
0
0
0
0
0
0
0
0
0
0
0
0
0
0
0
0
0
0
0
0
0
0
0
0
0
0
0
0
0
0
0
0
0
0
0
0
0
0
0
0
0
0
0
0
0
0
0
0
0
0
0
0
0
0
0
0
0
0
0
0
0
0
0
0
0
0
0
2.802596928649634e-45
1.401298464324817e-44
3.923635700109488e-44
9.248569864543793e-44
1.877739942195255e-43
3.769492869033758e-43
7.482933799494523e-43
1.448942612111861e-42
2.796991734792335e-42
5.354361432185126e-42
1.019584762642737e-41
1.936033958311167e-41
3.663554705130802e-41
6.91526779159654e-41
1.301834299327042e-40
2.444340963260351e-40
4.577467550578804e-40
8.549546138600001e-40
1.592685005985372e-39
2.959388213822938e-39
5.48483633219841e-39
1.013957848659241e-38
1.869711062514059e-38
3.438998307780907e-38
6.309511688841279e-38
1.154701547897004e-37
2.107938527681907e-37
3.838522849256187e-37
6.972558029596487e-37
1.263413924026917e-36
2.283644225635811e-36
4.117599801375709e-36
7.406215645694321e-36
1.328889045463496e-35
2.378618271621483e-35
4.247251648175453e-35
7.565574051360251e-35
1.344404509046426e-34
2.383282883457273e-34
4.214849789243509e-34
7.436231905422005e-34
1.308854184923076e-33
2.298267045326226e-33
4.02609313082129e-33
7.036302003142881e-33
1.226833478847276e-32
2.134078402507185e-32
3.703581268120222e-32
6.412439233170661e-32
1.1076879575355e-31
1.909007175064493e-31
3.282437729897167e-31
5.63102278069318e-31
9.637908275047316e-31
1.645834090868782e-30
2.804140457332894e-30
4.766799239929087e-30
8.084814669927337e-30
1.36814527362262e-29
2.310021613851751e-29
3.891564740137337e-29
6.541231472382346e-29
1.097045205656319e-28
1.835785469263355e-28
3.065168062153326e-28
5.106510321422939e-28
8.488563192905963e-28
1.407948485838864e-27
2.330152980392973e-27
3.84795217691731e-27
6.340521140636392e-27
1.042491627015222e-26
1.71031083968221e-26
2.799849160416121e-26
4.573552677552616e-26
7.454774997383823e-26
1.212493632688119e-25
1.967844096433891e-25
3.186914733659774e-25
5.150162729244621e-25
8.305091125349946e-25
1.336419613334297e-24
2.14594463135996e-24
3.438535034192565e-24
5.498063108829184e-24
8.772621570957983e-24
1.396800979450654e-23
2.219356658288552e-23
3.518916962763146e-23
5.567783424493522e-23
8.791214233633137e-23
1.385194184962211e-22
2.178057833525187e-22
3.417646092085621e-22
5.351623798212695e-22
8.362700067425035e-22
1.3041027422717e-21
2.029472688717865e-21
3.151827129084829e-21
4.884848868359415e-21
7.555288384887493e-21
1.166175383448597e-20
1.796351139336044e-20
2.761433907552885e-20
4.236388705084139e-20
6.485989745218206e-20
9.910088381244979e-20
1.511127793459109e-19
2.299580972955141e-19
3.492380844629377e-19
5.293235756218573e-19
8.006617191024605e-19
1.208666901883016e-18
1.820938029681372e-18
2.737890279368095e-18
4.108380695833968e-18
6.152623990089848e-18
9.195733782527507e-18
1.371671009995139e-17
2.04198434672106e-17
3.03385562661666e-17
4.498613820435761e-17
6.657405003199923e-17
9.832746233999083e-17
1.449404001114442e-16
2.132308035923767e-16
3.13081482634437e-16
4.587887784353914e-16
6.709918134253934e-16
9.794262086133972e-16
1.426846799045011e-15
2.07460306935912e-15
3.010548218053757e-15
4.360236774230124e-15
6.302740396783727e-15
9.092941887455224e-15
1.309290420899905e-14
1.881589332855104e-14
2.698807567399e-14
3.863473804115516e-14
5.520059507147651e-14
7.871726545333885e-14
1.120359501786267e-13
1.591499962415657e-13
2.256412152392903e-13
3.192959405987766e-13
4.509538359051546e-13
6.356751063030242e-13
8.943412416889673e-13
1.255847205741678e-12
1.760095758376878e-12
2.462080452708681e-12
3.43744021961967e-12
4.789999126508793e-12
6.661982597522265e-12
9.247828197667118e-12
1.281281591242189e-11
1.7718148129231e-11
2.445463796740821e-11
3.368787540591889e-11
4.631863295689875e-11
6.356349474545553e-11
8.706228099564228e-11
1.190207238321861e-10
1.623998713284891e-10
2.211665017792797e-10
3.006240256731019e-10
4.078484494574042e-10
5.522614032749118e-10
7.463825113518396e-10
1.006813188375588e-09
1.355523471247011e-09
1.821528150536267e-09
2.443066415835915e-09
3.270431037094568e-09
4.369632211620456e-09
5.827131221991522e-09
7.75593900215199e-09
1.030347007713317e-08
1.366160873317313e-08
1.80796089210844e-08
2.388056508095815e-08
3.14824291081095e-08
4.142471254908742e-08
5.440239192466834e-08
7.130879708938664e-08
9.328984162948473e-08
1.218122918089648e-07
1.587496711863423e-07
2.064898865228315e-07
2.680700674773107e-07
3.47344723650167e-07
4.491953120577818e-07
5.797903668280924e-07
7.469082561328833e-07
9.603357966625481e-07
1.232359863934107e-06
1.578373144184297e-06
2.01761577045545e-06
2.574084646767005e-06
3.277644282206893e-06
4.165375685261097e-06
5.283220161800273e-06
6.687968834739877e-06
8.449664164800197e-06
1.06544994196156e-05
1.340829840046354e-05
1.684069138718769e-05
2.111009780492168e-05
2.640968159539625e-05
3.297441799077205e-05
4.108945722691715e-05
5.110006532049738e-05
6.342325650621206e-05
7.856151205487549e-05
9.711883467389271e-05
0.0001198194950120524
0.0001475298922741786
0.0001812838308978826
0.0002223117335233837
0.0002720745687838644
0.000332302472088486
0.0004050390271004289
0.000492691935505718
0.0005980906425975263
0.0007245510932989419
0.0008759492193348706
0.001056802924722433
0.001272364519536495
0.00152872281614691
0.0018329166341573
0.002193059539422393
0.002618477446958423
0.003119857516139746
0.003709410317242146
0.004401044920086861
0.005210555624216795
0.006155821029096842
0.007257011719048023
0.008536810986697674
0.01002064347267151
0.01173690054565668
0.0137171745300293
0.01599650084972382
0.01861356943845749
0.02161094918847084
0.02503528073430061
0.02893744967877865
0.03337272256612778
0.03840085864067078
0.04408613964915276
0.05049737170338631
0.05770778656005859
0.06579487770795822
0.07484012842178345
0.08492863923311234
0.09614861011505127
0.1085907071828842
0.1223472654819489
0.1375113874673843
0.1541757732629776
0.172431468963623
0.1923663467168808
0.2140635848045349
0.2375997006893158
0.2630426585674286
0.2904497683048248
0.319865345954895
0.351318359375
0.3848201930522919
0.4203620254993439
0.4579126536846161
0.4974160194396973
0.5387893319129944
0.5819212794303894
0.6266705393791199
0.6728647351264954
0.7202997803688049
0.7687404751777649
0.8179208636283875
0.8675462603569031
0.9172952175140381
0.9668231606483459
1.015766739845276
1.063748359680176
1.110382556915283
1.155281901359558
1.198064923286438
1.2383633852005
1.275830626487732
1.310149431228638
1.341040253639221
1.368268370628357
1.391651391983032
1.411065220832825
1.426448702812195
1.437807440757751
1.445216178894043
1.448819518089294
1.448830246925354
1.445526599884033
1.439247608184814
1.430386781692505
1.419383883476257
1.406715631484985
1.392885088920593
1.378410696983337
1.363813877105713
1.34960663318634
1.336278796195984
1.324286818504333
1.314042210578918
1.305900454521179
1.30015242099762
1.297017216682434
1.29663622379303
1.299069166183472
1.304293274879456
1.312204241752625
1.322619438171387
1.335283398628235
1.349876761436462
1.366025567054749
1.383312940597534
1.401293516159058
1.419506907463074
1.437494039535522
1.454811096191406
1.47104549407959
1.485828876495361
1.498850226402283
1.509865164756775
1.518703937530518
1.525277137756348
1.529577255249023
1.531677722930908
1.531728506088257
1.529949307441711
1.52661919593811
1.522065401077271
1.516649484634399
1.510752201080322
1.504757761955261
1.499038577079773
1.493940711021423
1.489770412445068
1.486782431602478
1.485171318054199
1.485064387321472
1.486518383026123
1.489519476890564
1.493984818458557
1.49976921081543
1.506672382354736
1.514450430870056
1.52282726764679
1.531508445739746
1.540194749832153
1.548596501350403
1.556446433067322
1.56351113319397
1.569600939750671
1.574577450752258
1.578358173370361
1.580917835235596
1.582287430763245
1.582550048828125
1.581833958625793
1.580304384231567
1.578152775764465
1.57558536529541
1.572811126708984
1.570029973983765
1.567422389984131
1.565138697624207
1.563292264938354
1.561953783035278
1.561147570610046
1.56085205078125
1.561001777648926
1.561490893363953
1.562180280685425
1.562905669212341
1.563486814498901
1.563737154006958
1.563474416732788
1.56252908706665
1.560753703117371
1.558029532432556
1.554271697998047
1.549433350563049
1.543505787849426
1.536517739295959
1.528533220291138
1.519646525382996
1.509976387023926
1.499659776687622
1.488844871520996
1.477683663368225
1.466325283050537
1.454910755157471
1.443567514419556
1.432406425476074
1.421519756317139
1.410979986190796
1.40084171295166
1.391142249107361
1.38190484046936
1.373142719268799
1.364861965179443
1.357064723968506
1.349753379821777
1.34293258190155
1.336610794067383
1.330800771713257
1.325519919395447
1.320788383483887
1.316626667976379
1.313053727149963
1.310083389282227
1.30772066116333
1.30595850944519
1.304775357246399
1.304133653640747
1.303978323936462
1.304236769676208
1.304820656776428
1.305628299713135
1.306547403335571
1.307460069656372
1.308247566223145
1.308795809745789
1.309000849723816
1.308773159980774
1.308043360710144
1.306764483451843
1.304914832115173
1.302499294281006
1.299548745155334
1.29611873626709
1.292286038398743
1.288145661354065
1.283805370330811
1.279379844665527
1.274985671043396
1.270735144615173
1.266731142997742
1.263062119483948
1.259797930717468
1.256987333297729
1.254656553268433
1.252808332443237
1.251422882080078
1.250459551811218
1.249860763549805
1.249554395675659
1.249458909034729
1.249487996101379
1.249554395675659
1.249575614929199
1.24947726726532
1.249196410179138
1.248684763908386
1.247910022735596
1.246856570243835
1.245525598526001
1.243934154510498
1.242113351821899
1.240105390548706
1.237961411476135
1.235737204551697
1.233490586280823
1.23127806186676
1.229150891304016
1.227154016494751
1.225322246551514
1.223679900169373
1.22223973274231
1.221002817153931
1.219959139823914
1.219088673591614
1.218363285064697
1.217748761177063
1.217207312583923
1.216699600219727
1.216187477111816
1.215636372566223
1.215016961097717
1.214306712150574
1.213491082191467
1.212563633918762
1.211526036262512
1.210387945175171
1.209165573120117
1.207880258560181
1.206556677818298
1.205221176147461
1.203900218009949
1.202617883682251
1.201395034790039
1.200247645378113
1.199186086654663
1.198214650154114
1.197331786155701
1.19653058052063
1.195798993110657
1.195121765136719
1.194481253623962
1.193858623504639
1.193235635757446
1.192596197128296
1.191926598548889
1.191217422485352
1.190463185310364
1.18966281414032
1.188819289207458
1.187939286231995
1.187032461166382
1.186110377311707
1.185185432434082
1.184270024299622
1.183375597000122
1.182511329650879
1.181684136390686
1.180897831916809
1.180153131484985
1.179447889328003
1.178777456283569
1.17813515663147
1.177512884140015
1.176901698112488
1.17629337310791
1.17568039894104
1.175056576728821
1.174417734146118
1.173761606216431
1.173088550567627
1.172400236129761
1.171700000762939
1.170992851257324
1.170284152030945
1.169579386711121
1.168884038925171
1.168202638626099
1.167538523674011
1.166893243789673
1.166267395019531
1.16566014289856
1.165069341659546
1.164491891860962
1.163924336433411
1.163363099098206
1.162804484367371
1.162245392799377
1.161683559417725
1.161117196083069
1.160545587539673
1.159969449043274
1.159389853477478
1.158808708190918
1.158227801322937
1.157649636268616
1.157076358795166
1.15650999546051
1.155951857566833
1.155403017997742
1.154863595962524
1.154333114624023
1.153810977935791
1.153295874595642
1.152786254882812
1.152280330657959
1.151776790618896
1.15127420425415
1.150771379470825
1.150267601013184
1.149762511253357
1.149256229400635
1.148748517036438
1.148240208625793
1.147731423377991
1.147222280502319
1.146712899208069
1.14620304107666
1.145691871643066
1.145178556442261
1.14466118812561
1.144137859344482
1.143605589866638
1.143061280250549
1.14250123500824
1.141921520233154
1.141317486763
1.140683889389038
1.140015363693237
1.139305949211121
1.138548851013184
1.137736678123474
1.136861562728882
1.135914444923401
1.134885549545288
1.133764386177063
1.132539510726929
1.131198763847351
1.129729032516479
1.128117084503174
1.126348495483398
1.124408960342407
1.122284412384033
1.119960784912109
1.117424845695496
1.114664435386658
1.111668348312378
1.108427286148071
1.104934573173523
1.101185321807861
1.097178101539612
1.092914462089539
1.088399767875671
1.083642482757568
1.07865571975708
1.073456048965454
1.068064093589783
1.062504172325134
1.056803703308105
1.050993084907532
1.04510498046875
1.039173364639282
1.033232927322388
1.027317643165588
1.021459698677063
1.015688538551331
1.010028719902039
1.004499316215515
0.9991122484207153
0.9938711524009705
0.9887704849243164
0.9837941527366638
0.9789153337478638
0.9740960001945496
0.9692867398262024
0.9644271731376648
0.9594464302062988
0.9542645215988159
0.9487935900688171
0.9429394602775574
0.9366036057472229
0.9296855330467224
0.922084629535675
0.9137030839920044
0.904447078704834
0.8942297101020813
0.8829720616340637
0.870604932308197
0.8570699691772461
0.8423198461532593
0.8263186812400818
0.8090413808822632
0.7904728651046753
0.770607054233551
0.7494450807571411
0.7269939184188843
0.7032648921012878
0.6782715320587158
0.6520286202430725
0.6245508193969727
0.5958523154258728
0.5659463405609131
0.5348455905914307
0.5025632381439209
0.4691138863563538
0.4345159828662872
0.3987936079502106
0.3619790077209473
0.3241151869297028
0.2852580845355988
0.2454787939786911
0.2048652619123459
0.1635235548019409
0.1215784698724747
0.07917340099811554
0.03646954149007797
-0.006355676800012589
-0.04911068826913834
-0.09159255027770996
-0.1335901170969009
-0.1748875081539154
-0.2152676731348038
-0.2545159161090851
-0.2924236655235291
-0.3287913501262665
-0.3634313941001892
-0.3961709439754486
-0.4268535971641541
-0.4553413987159729
-0.4815160036087036
-0.5052798986434937
-0.5265569686889648
-0.5452934503555298
-0.5614582896232605
-0.5750437378883362
-0.5860661864280701
-0.5945665240287781
-0.6006109118461609
-0.6042912006378174
-0.6057255864143372
-0.6050584316253662
-0.6024602651596069
-0.5981271266937256
-0.5922792553901672
-0.5851589441299438
-0.5770279169082642
-0.5681636929512024
-0.5588554739952087
-0.5493990182876587
-0.5400911569595337
-0.5312237739562988
-0.5230774879455566
-0.5159156322479248
-0.5099777579307556
-0.5054739713668823
-0.5025801062583923
-0.5014330744743347
-0.502127468585968
-0.5047137141227722
-0.5091965794563293
-0.5155349373817444
-0.5236435532569885
-0.5333952307701111
-0.5446237921714783
-0.5571289658546448
-0.570681095123291
-0.5850273370742798
-0.5998979210853577
-0.6150129437446594
-0.6300891637802124
-0.6448471546173096
-0.6590181589126587
-0.6723507642745972
-0.6846171021461487
-0.6956183910369873
-0.7051900625228882
-0.7132056355476379
-0.7195796966552734
-0.7242699861526489
-0.7272776365280151
-0.7286472320556641
-0.7284647822380066
-0.7268545031547546
-0.7239745259284973
-0.7200116515159607
-0.7151748538017273
-0.7096881866455078
-0.7037830948829651
-0.6976905465126038
-0.6916330456733704
-0.6858169436454773
-0.6804254055023193
-0.6756120324134827
-0.6714955568313599
-0.6681562066078186
-0.6656331419944763
-0.6639231443405151
-0.6629814505577087
-0.6627237796783447
-0.6630298495292664
-0.6637481451034546
-0.6647021174430847
-0.6656968593597412
-0.6665271520614624
-0.6669849157333374
-0.6668674349784851
-0.6659854650497437
-0.6641700267791748
-0.661279559135437
-0.6572050452232361
-0.6518747806549072
-0.6452568769454956
-0.6373612880706787
-0.6282395720481873
-0.617983341217041
-0.6067213416099548
-0.5946149826049805
-0.5818530321121216
-0.568645179271698
-0.5552144646644592
-0.5417900085449219
-0.5285990834236145
-0.515859842300415
-0.503774106502533
-0.4925210177898407
-0.4822520017623901
-0.4730865061283112
-0.4651095569133759
-0.4583700597286224
-0.4528810977935791
-0.4486213028430939
-0.4455375969409943
-0.4435489475727081
-0.4425509870052338
-0.4424214065074921
-0.4430253207683563
-0.444221168756485
-0.4458662271499634
-0.4478217959403992
-0.449957549571991
-0.4521555006504059
-0.454312652349472
-0.4563429951667786
-0.4581783413887024
-0.4597683548927307
-0.4610796570777893
-0.4620941579341888
-0.4628067910671234
-0.4632232189178467
-0.4633567333221436
-0.4632257223129272
-0.4628508687019348
-0.4622530341148376
-0.4614512920379639
-0.4604619145393372
-0.4592975080013275
-0.4579670131206512
-0.4564761519432068
-0.4548285305500031
-0.4530268311500549
-0.4510743916034698
-0.4489771127700806
-0.4467447400093079
-0.4443924725055695
-0.4419417977333069
-0.4394211173057556
-0.4368657171726227
-0.4343172907829285
-0.4318227171897888
-0.4294322729110718
-0.4271976947784424
-0.4251696169376373
-0.423395037651062
-0.4219146370887756
-0.4207601249217987
-0.4199523329734802
-0.4194993674755096
-0.4193954765796661
-0.4196206629276276
-0.4201411008834839
-0.4209100902080536
-0.4218700230121613
-0.4229548275470734
-0.4240927696228027
-0.425210028886795
-0.4262341856956482
-0.4270975589752197
-0.4277406930923462
-0.4281152486801147
-0.4281864762306213
-0.4279347360134125
-0.4273566901683807
-0.4264650940895081
-0.425288200378418
-0.4238681197166443
-0.4222584366798401
-0.4205214381217957
-0.4187248051166534
-0.4169379770755768
-0.4152285754680634
-0.4136588871479034
-0.412282794713974
-0.4111431241035461
-0.4102698564529419
-0.4096786379814148
-0.409370630979538
-0.4093328416347504
-0.4095393717288971
-0.4099532067775726
-0.4105285704135895
-0.4112140536308289
-0.4119554460048676
-0.4126990437507629
-0.4133946597576141
-0.4139983654022217
-0.4144748449325562
-0.4147990047931671
-0.4149573743343353
-0.4149481952190399
-0.4147815108299255
-0.4144779741764069
-0.4140677452087402
-0.4135881662368774
-0.4130817055702209
-0.4125936031341553
-0.4121690988540649
-0.4118512570858002
-0.4116787314414978
-0.4116838872432709
-0.4118916690349579
-0.4123185575008392
-0.4129722118377686
-0.4138517379760742
-0.4149482250213623
-0.4162459671497345
-0.4177234470844269
-0.4193553328514099
-0.4211138188838959
-0.4229703545570374
-0.4248970746994019
-0.4268682599067688
-0.4288612604141235
-0.430857241153717
-0.432841420173645
-0.4348031580448151
-0.4367354214191437
-0.4386344254016876
-0.440498560667038
-0.4423277080059052
-0.4441219568252563
-0.4458807408809662
-0.447601854801178
-0.4492809772491455
-0.4509109854698181
-0.4524820148944855
-0.4539813101291656
-0.4553936719894409
-0.4567021131515503
-0.457888662815094
-0.4589352011680603
-0.4598245024681091
-0.4605413377285004
-0.4610733985900879
-0.4614119231700897
-0.4615523815155029
-0.4614948332309723
-0.4612438380718231
-0.460808277130127
-0.4602009057998657
-0.4594375193119049
-0.4585358500480652
-0.4575145840644836
-0.4563921093940735
-0.455185204744339
-0.4539079964160919
-0.4525708556175232
-0.4511797726154327
-0.4497356116771698
-0.4482339918613434
-0.446665346622467
-0.4450154900550842
-0.4432662427425385
-0.4413963854312897
-0.4393830001354218
-0.4372027814388275
-0.4348337054252625
-0.4322564303874969
-0.4294556975364685
-0.426421582698822
-0.4231507182121277
-0.4196469783782959
-0.4159219264984131
-0.4119949638843536
-0.4078930914402008
-0.4036503434181213
-0.3993068337440491
-0.394907534122467
-0.3905008137226105
-0.3861370384693146
-0.3818667531013489
-0.3777391016483307
-0.3738002777099609
-0.37009197473526
-0.3666501343250275
-0.3635040819644928
-0.3606756925582886
-0.3581790030002594
-0.3560200333595276
-0.3541971147060394
-0.3527011275291443
-0.3515161573886871
-0.350620299577713
-0.349986732006073
-0.3495844006538391
-0.3493793606758118
-0.3493355512619019
-0.3494158983230591
-0.3495830595493317
-0.3498002290725708
-0.3500319123268127
-0.3502444624900818
-0.3504066467285156
-0.350490003824234
-0.3504694998264313
-0.3503236770629883
-0.3500351011753082
-0.3495905995368958
-0.3489817082881927
-0.3482047915458679
-0.3472612202167511
-0.3461575508117676
-0.3449053764343262
-0.3435211777687073
-0.342026025056839
-0.3404450416564941
-0.3388064503669739
-0.3371410369873047
-0.3354807496070862
-0.3338576257228851
-0.3323025107383728
-0.3308438956737518
-0.3295063376426697
-0.3283096253871918
-0.3272677659988403
-0.3263882994651794
-0.3256718516349792
-0.3251122534275055
-0.3246966600418091
-0.3244063556194305
-0.3242175281047821
-0.3241026699542999
-0.3240319192409515
-0.3239747285842896
-0.3239011466503143
-0.323783665895462
-0.3235983848571777
-0.3233262598514557
-0.3229539096355438
-0.3224741816520691
-0.3218863010406494
-0.321195662021637
-0.3204131722450256
-0.3195547759532928
-0.3186399638652802
-0.3176907598972321
-0.3167302310466766
-0.3157812058925629
-0.3148650228977203
-0.3140003085136414
-0.3132021427154541
-0.3124811947345734
-0.3118435740470886
-0.3112905025482178
-0.310818612575531
-0.3104203939437866
-0.3100847005844116
-0.3097978234291077
-0.3095442354679108
-0.3093078136444092
-0.3090725243091583
-0.3088237047195435
-0.3085486590862274
-0.3082373440265656
-0.3078828155994415
-0.3074815571308136
-0.3070334196090698
-0.3065414130687714
-0.306011438369751
-0.3054517209529877
-0.3048721551895142
-0.3042835891246796
-0.3036969304084778
-0.3031227290630341
-0.302570253610611
-0.3020471036434174
-0.301558792591095
-0.301108330488205
-0.3006962835788727
-0.3003208935260773
-0.2999782264232635
-0.2996625602245331
-0.2993669807910919
-0.2990838289260864
-0.2988052666187286
-0.2985239028930664
-0.2982332706451416
-0.2979282140731812
-0.2976051568984985
-0.2972623407840729
-0.2968998849391937
-0.2965195775032043
-0.2961245179176331
-0.2957191169261932
-0.2953084111213684
-0.2948977947235107
-0.2944925129413605
-0.2940972447395325
-0.2937158048152924
-0.2933509349822998
-0.293004035949707
-0.2926753163337708
-0.2923637628555298
-0.2920671701431274
-0.2917826473712921
-0.2915066778659821
-0.2912355959415436
-0.2909657657146454
-0.2906939685344696
-0.2904176115989685
-0.2901348173618317
-0.2898446619510651
-0.2895471453666687
-0.2892430424690247
-0.2889337837696075
-0.2886213958263397
-0.288308173418045
-0.2879965901374817
-0.2876887619495392
-0.2873867452144623
-0.287092000246048
-0.2868055105209351
-0.2865276038646698
-0.2862580120563507
-0.2859960496425629
-0.2857405543327332
-0.2854900062084198
-0.285242885351181
-0.2849975526332855
-0.2847526669502258
-0.2845070064067841
-0.2842598259449005
-0.2840106785297394
-0.2837595343589783
-0.2835067510604858
-0.2832529246807098
-0.2829989194869995
-0.2827456891536713
-0.2824942469596863
-0.2822454571723938
-0.2820000648498535
-0.2817586362361908
-0.2815214991569519
-0.2812886536121368
-0.2810598909854889
-0.2808347046375275
-0.2806126177310944
-0.2803929448127747
-0.2801750600337982
-0.2799582779407501
-0.2797422111034393
-0.2795263826847076
-0.2793105840682983
-0.279094785451889
-0.2788790166378021
-0.2786635458469391
-0.2784487307071686
-0.2782348692417145
-0.2780223190784454
-0.2778114080429077
-0.277602344751358
-0.2773953080177307
-0.2771902084350586
-0.2769869863986969
-0.2767854034900665
-0.276585191488266
-0.2763858139514923
-0.2761868834495544
-0.2759878039360046
-0.2757880687713623
-0.2755871713161469
-0.2753845453262329
-0.2751797139644623
-0.2749720811843872
-0.2747611403465271
-0.274546205997467
-0.2743265926837921
-0.2741013765335083
-0.2738696336746216
-0.2736301124095917
-0.2733814716339111
-0.2731220722198486
-0.2728500664234161
-0.2725633084774017
-0.2722594141960144
-0.2719358205795288
-0.271589607000351
-0.2712176740169525
-0.2708166539669037
-0.2703828513622284
-0.2699125707149506
-0.2694017887115479
-0.268846333026886
-0.2682418525218964
-0.267583817243576
-0.2668678164482117
-0.2660892307758331
-0.2652435898780823
-0.2643265426158905
-0.2633338868618011
-0.2622618079185486
-0.2611069083213806
-0.2598662972450256
-0.2585377991199493
-0.2571199834346771
-0.2556124925613403
-0.2540159523487091
-0.2523322701454163
-0.2505646347999573
-0.2487176507711411
-0.2467974573373795
-0.2448116987943649
-0.2427696734666824
-0.2406822293996811
-0.2385617643594742
-0.2364221066236496
-0.2342783957719803
-0.2321469336748123
-0.2300449758768082
-0.227990448474884
-0.2260016351938248
-0.2240968942642212
-0.2222943007946014
-0.2206112295389175
-0.2190640270709991
-0.2176675647497177
-0.2164348959922791
-0.2153769135475159
-0.2145020514726639
-0.2138160467147827
-0.213321715593338
-0.2130188792943954
-0.2129043638706207
-0.2129719257354736
-0.2132125645875931
-0.2136146873235703
-0.2141644507646561
-0.2148462235927582
-0.2156429439783096
-0.2165367901325226
-0.2175096124410629
-0.218543529510498
-0.219621554017067
-0.2207279801368713
-0.2218489497900009
-0.2229726761579514
-0.2240898609161377
-0.2251937687397003
-0.2262803018093109
-0.2273477762937546
-0.2283968031406403
-0.2294299304485321
-0.2304511070251465
-0.2314652502536774
-0.2324775159358978
-0.2334927767515182
-0.234514981508255
-0.2355465292930603
-0.2365878820419312
-0.2376371175050735
-0.238689661026001
-0.2397382259368896
-0.2407729476690292
-0.2417815327644348
-0.2427497059106827
-0.2436618804931641
-0.2445017546415329
-0.2452531754970551
-0.2459008991718292
-0.2464316040277481
-0.2468345165252686
-0.247102290391922
-0.2472315430641174
-0.2472232729196548
-0.2470830976963043
-0.246821254491806
-0.2464523613452911
-0.2459949404001236
-0.2454708218574524
-0.2449042201042175
-0.2443207800388336
-0.2437465190887451
-0.2432067096233368
-0.2427247762680054
-0.2423212975263596
-0.2420131862163544
-0.2418128997087479
-0.2417280375957489
-0.2417610883712769
-0.2419094443321228
-0.2421656101942062
-0.2425177991390228
-0.2429504692554474
-0.2434453368186951
-0.243982195854187
-0.2445399761199951
-0.2450977265834808
-0.2456356137990952
-0.2461357414722443
-0.246582880616188
-0.2469649761915207
-0.2472735345363617
-0.247503787279129
-0.2476546168327332
-0.2477284073829651
-0.2477305978536606
-0.2476693242788315
-0.2475547194480896
-0.2473984211683273
-0.2472127974033356
-0.2470104098320007
-0.246803492307663
-0.2466034144163132
-0.2464202642440796
-0.2462626099586487
-0.2461371719837189
-0.2460487335920334
-0.2460001111030579
-0.2459922730922699
-0.2460243999958038
-0.2460940033197403
-0.2461972087621689
-0.2463289350271225
-0.2464831918478012
-0.2466533482074738
-0.2468323707580566
-0.2470131516456604
-0.2471887767314911
-0.2473527938127518
-0.2474994510412216
-0.2476239651441574
-0.2477226704359055
-0.2477931976318359
-0.2478345483541489
-0.2478471398353577
-0.2478327602148056
-0.2477945387363434
-0.2477366477251053
-0.2476642429828644
-0.2475830316543579
-0.2474990636110306
-0.2474182695150375
-0.2473462224006653
-0.247287780046463
-0.2472468167543411
-0.2472259849309921
-0.2472265362739563
-0.2472483813762665
-0.2472900152206421
-0.2473486810922623
-0.2474205940961838
-0.2475012838840485
-0.2475857585668564
-0.2476690262556076
-0.2477463483810425
-0.2478135973215103
-0.2478674650192261
-0.2479056566953659
-0.2479270994663239
-0.2479319274425507
-0.247921347618103
-0.24789759516716
-0.2478636503219604
-0.247823029756546
-0.2477794885635376
-0.2477367669343948
-0.2476982325315475
-0.2476667314767838
-0.247644379734993
-0.2476324588060379
-0.2476314008235931
-0.2476406991481781
-0.2476591020822525
-0.2476847469806671
-0.2477153390645981
-0.2477483451366425
-0.2477811872959137
-0.2478115409612656
-0.2478373348712921
-0.2478570193052292
-0.2478696256875992
-0.2478747665882111
-0.2478726506233215
-0.2478639632463455
-0.2478499114513397
-0.2478319704532623
-0.2478117793798447
-0.2477909922599792
-0.2477711737155914
-0.2477536350488663
-0.2477394491434097
-0.2477292567491531
-0.2477233558893204
-0.2477216720581055
-0.247723713517189
-0.2477287948131561
-0.2477359622716904
-0.2477441877126694
-0.2477524131536484
-0.2477596253156662
-0.2477650046348572
-0.24776791036129
-0.2477679252624512
-0.2477649748325348
-0.2477591335773468
-0.2477507293224335
-0.2477402985095978
-0.2477284669876099
-0.2477159351110458
-0.2477033585309982
-0.2476913332939148
-0.2476803660392761
-0.2476707994937897
-0.2476628720760345
-0.2476565539836884
-0.2476518154144287
-0.2476483285427094
-0.2476457357406616
-0.2476436197757721
-0.2476415783166885
-0.2476391494274139
-0.2476360201835632
-0.2476318627595901
-0.2476265430450439
-0.2476199716329575
-0.2476122379302979
-0.2476034611463547
-0.2475938647985458
-0.2475837171077728
-0.2475732862949371
-0.2475628852844238
-0.2475527226924896
-0.24754299223423
-0.247533842921257
-0.2475252598524094
-0.2475172430276871
-0.247509703040123
-0.2475025206804276
-0.2474954575300217
-0.2474883496761322
-0.2474809587001801
-0.2474731504917145
-0.2474647462368011
-0.2474556416273117
-0.247445747256279
-0.2474350333213806
-0.247423455119133
-0.2474110424518585
-0.2473977655172348
-0.2473835945129395
-0.2473684847354889
-0.2473523616790771
-0.2473350763320923
-0.2473164051771164
-0.2472960203886032
-0.2472735792398453
-0.247248575091362
-0.247220516204834
-0.2471887320280075
-0.2471525222063065
-0.2471110820770264
-0.2470635175704956
-0.2470088303089142
-0.246945932507515
-0.2468735873699188
-0.246790423989296
-0.2466949820518494
-0.2465855628252029
-0.2464603334665298
-0.2463172525167465
-0.2461540848016739
-0.2459683418273926
-0.2457573711872101
-0.2455182671546936
-0.2452479153871536
-0.2449429929256439
-0.2446000128984451
-0.24421526491642
-0.2437849640846252
-0.2433051764965057
-0.2427719831466675
-0.2421813607215881
-0.2415293604135513
-0.2408121377229691
-0.24002605676651
-0.2391677349805832
-0.2382341176271439
-0.2372225373983383
-0.2361308932304382
-0.234957680106163
-0.233702152967453
-0.2323643416166306
-0.2309451401233673
-0.2294465005397797
-0.2278713881969452
-0.2262239307165146
-0.2245094031095505
-0.2227343171834946
-0.2209063917398453
-0.2190345078706741
-0.2171287089586258
-0.2152000516653061
-0.2132605016231537
-0.2113228440284729
-0.209400400519371
-0.207506850361824
-0.205656036734581
-0.2038615494966507
-0.2021365910768509
-0.2004936039447784
-0.198944017291069
-0.1974978595972061
-0.1961635202169418
-0.1949475258588791
-0.1938541978597641
-0.1928855925798416
-0.1920413225889206
-0.1913184821605682
-0.1907116025686264
-0.1902127712965012
-0.1898117363452911
-0.1894961595535278
-0.1892518699169159
-0.189063236117363
-0.1889136135578156
-0.1887857764959335
-0.1886624395847321
-0.1885267347097397
-0.1883627623319626
-0.1881561279296875
-0.1878943294286728
-0.1875672191381454
-0.1871673166751862
-0.186690017580986
-0.1861338019371033
-0.1855002343654633
-0.1847938895225525
-0.1840221285820007
-0.1831948161125183
-0.1823239624500275
-0.1814230680465698
-0.1805067211389542
-0.1795899122953415
-0.1786874383687973
-0.177813246846199
-0.1769798696041107
-0.1761979013681412
-0.1754755824804306
-0.1748184561729431
-0.1742291748523712
-0.1737074553966522
-0.1732500791549683
-0.1728512495756149
-0.1725028306245804
-0.1721947342157364
-0.1719156205654144
-0.1716533750295639
-0.1713957637548447
-0.171131044626236
-0.1708485782146454
-0.1705392897129059
-0.1701961308717728
-0.1698143035173416
-0.1693915873765945
-0.1689282357692719
-0.1684269309043884
-0.1678925156593323
-0.1673316657543182
-0.1667523831129074
-0.1661635786294937
-0.1655744165182114
-0.1649937927722931
-0.1644298285245895
-0.1638894081115723
-0.1633778512477875
-0.1628985702991486
-0.1624530255794525
-0.162040650844574
-0.1616590172052383
-0.1613041162490845
-0.1609705984592438
-0.1606522500514984
-0.1603423953056335
-0.1600343883037567
-0.1597220301628113
-0.1593999564647675
-0.1590639799833298
-0.1587112545967102
-0.1583404690027237
-0.1579518020153046
-0.1575468182563782
-0.1571282893419266
-0.1566999852657318
-0.1562662720680237
-0.1558317840099335
-0.1554010510444641
-0.1549781709909439
-0.1545666456222534
-0.1541689485311508
-0.1537865549325943
-0.1534198373556137
-0.1530681550502777
-0.1527298837900162
-0.1524026393890381
-0.1520835161209106
-0.1517693400382996
-0.1514569371938705
-0.1511433869600296
-0.1508262157440186
-0.1505036354064941
-0.150174543261528
-0.1498385667800903
-0.1494961380958557
-0.1491483002901077
-0.1487966477870941
-0.1484431177377701
-0.1480897516012192
-0.1477386355400085
-0.147391602396965
-0.1470501124858856
-0.1467152237892151
-0.1463874876499176
-0.1460668593645096
-0.1457529217004776
-0.14544478058815
-0.1451412439346313
-0.1448409855365753
-0.1445425897836685
-0.1442447602748871
-0.1439464241266251
-0.1436467319726944
-0.1433452069759369
-0.1430417448282242
-0.1427365392446518
-0.1424300521612167
-0.1421229839324951
-0.1418161690235138
-0.141510471701622
-0.1412067115306854
-0.140905573964119
-0.1406075656414032
-0.1403129696846008
-0.1400218605995178
-0.1397340893745422
-0.1394493281841278
-0.1391670852899551
-0.1388868540525436
-0.1386080384254456
-0.1383301466703415
-0.1380527466535568
-0.1377755105495453
-0.1374982744455338
-0.1372209936380386
-0.1369437873363495
-0.1366668939590454
-0.1363905519247055
-0.1361151486635208
-0.1358409821987152
-0.1355683505535126
-0.1352974325418472
-0.1350284069776535
-0.1347612887620926
-0.1344960778951645
-0.1342326253652573
-0.1339707672595978
-0.1337102949619293
-0.1334509998559952
-0.1331926733255386
-0.1329351514577866
-0.1326783150434494
-0.1324221193790436
-0.1321665346622467
-0.1319116055965424
-0.1316574066877365
-0.1314040720462799
-0.1311517059803009
-0.1309003829956055
-0.1306502521038055
-0.1304013282060623
-0.1301536560058594
-0.1299072802066803
-0.1296620965003967
-0.1294180899858475
-0.1291751861572266
-0.1289332956075668
-0.1286923587322235
-0.1284522861242294
-0.1282130479812622
-0.1279745995998383
-0.1277369260787964
-0.1275000125169754
-0.1272638887166977
-0.1270285993814468
-0.1267942190170288
-0.1265607476234436
-0.1263282597064972
-0.126096710562706
-0.1258661299943924
-0.1256365031003952
-0.1254078149795532
-0.1251800507307053
-0.1249531731009483
-0.1247271522879601
-0.124501958489418
-0.1242775619029999
-0.1240539327263832
-0.1238310784101486
-0.1236089989542961
-0.1233876943588257
-0.1231671944260597
-0.1229474991559982
-0.1227286159992218
-0.1225105449557304
-0.1222932934761047
-0.1220768541097641
-0.1218612343072891
-0.1216464191675186
-0.1214323863387108
-0.121219128370285
-0.1210066229104996
-0.1207948550581932
-0.1205838024616241
-0.1203734874725342
-0.1201638802886009
-0.1199549809098244
-0.1197468042373657
-0.1195393279194832
-0.1193325817584991
-0.1191265434026718
-0.118921235203743
-0.1187166571617126
-0.1185128092765808
-0.1183096915483475
-0.1181072890758514
-0.1179056093096733
-0.1177046224474907
-0.1175043284893036
-0.1173046976327896
-0.1171057373285294
-0.1169074326753616
-0.1167097687721252
-0.1165127605199814
-0.1163163930177689
-0.1161206662654877
-0.115925595164299
-0.1157311722636223
-0.1155374050140381
-0.1153442859649658
-0.1151518225669861
-0.1149599999189377
-0.1147688254714012
-0.1145782768726349
-0.1143883541226387
-0.1141990572214127
-0.1140103712677956
-0.1138222888112068
-0.113634817302227
-0.113447941839695
-0.1132616624236107
-0.113075964152813
-0.1128908693790436
-0.1127063632011414
-0.1125224530696869
-0.1123391315340996
-0.11215640604496
-0.1119742691516876
-0.1117927059531212
-0.1116117238998413
-0.1114313155412674
-0.1112514734268188
-0.1110721975564957
-0.1108934804797173
-0.1107153072953224
-0.1105376780033112
-0.1103606000542641
-0.1101840659976006
-0.11000806838274
-0.1098326146602631
-0.1096577048301697
-0.1094833314418793
-0.1093095019459724
-0.1091362237930298
-0.1089634671807289
-0.108791247010231
-0.1086195558309555
-0.1084483787417412
-0.108277715742588
-0.1081075593829155
-0.1079379096627235
-0.1077687665820122
-0.1076001226902008
-0.1074319705367088
-0.1072643101215363
-0.1070971637964249
-0.1069305241107941
-0.1067643761634827
-0.1065987274050713
-0.106433592736721
-0.1062689498066902
-0.1061047911643982
-0.1059411242604256
-0.1057779341936111
-0.1056152209639549
-0.1054529920220375
-0.1052912473678589
-0.1051299646496773
-0.1049691513180733
-0.1048088222742081
-0.1046489477157593
-0.1044895350933075
-0.1043305844068527
-0.1041720807552338
-0.1040140315890312
-0.1038564294576645
-0.1036992743611336
-0.1035425662994385
-0.1033863052725792
-0.1032304838299751
-0.1030751094222069
-0.1029201820492744
-0.1027656942605972
-0.1026116535067558
-0.1024580597877502
-0.1023049056529999
-0.1021521762013435
-0.1019998863339424
-0.1018480286002159
-0.1016965880990028
-0.1015455648303032
-0.1013949736952782
-0.1012447997927666
-0.1010950431227684
-0.1009456887841225
-0.10079675167799
-0.1006482243537903
-0.1005000919103622
-0.1003523617982864
-0.1002050191164017
-0.1000580936670303
-0.09991155564785004
-0.09976540505886078
-0.09961965680122375
-0.09947430342435837
-0.09932933747768402
-0.0991847813129425
-0.09904062002897263
-0.09889685362577438
-0.09875347465276718
-0.09861048310995102
-0.09846788644790649
-0.09832568466663361
-0.09818385541439056
-0.09804239869117737
-0.09790132939815521
-0.09776062518358231
-0.09762029349803925
-0.09748033434152603
-0.09734074771404266
-0.09720152616500854
-0.09706268459558487
-0.09692420065402985
-0.09678608179092407
-0.09664832800626755
-0.09651094675064087
-0.09637393057346344
-0.09623728692531586
-0.09610100835561752
-0.09596508741378784
-0.09582953900098801
-0.09569434821605682
-0.0955595076084137
-0.09542501717805862
-0.09529086202383041
-0.09515704959630966
-0.09502358734607697
-0.09489046782255173
-0.09475768357515335
-0.09462524205446243
-0.09449313580989838
-0.09436136484146118
-0.09422992169857025
-0.09409881383180618
-0.09396802634000778
-0.09383758157491684
-0.09370747208595276
-0.09357769042253494
-0.09344825148582458
-0.09331915527582169
-0.09319036453962326
-0.0930619016289711
-0.09293375909328461
-0.09280592948198318
-0.09267841279506683
-0.09255120158195496
-0.09242430329322815
-0.09229772537946701
-0.09217146039009094
-0.09204551577568054
-0.09191988408565521
-0.09179456532001495
-0.09166955202817917
-0.09154485911130905
-0.0914204865694046
-0.09129643440246582
-0.09117269515991211
-0.09104926139116287
-0.09092614054679871
-0.09080331027507782
-0.09068077802658081
-0.09055855870246887
-0.09043663740158081
-0.09031502157449722
-0.09019370377063751
-0.09007268399000168
-0.08995196223258972
-0.08983153849840164
-0.08971140533685684
-0.08959156274795532
-0.08947201073169708
-0.08935274928808212
-0.08923376351594925
-0.08911505341529846
-0.08899663388729095
-0.08887850493192673
-0.08876065164804459
-0.08864307403564453
-0.08852578699588776
-0.08840876817703247
-0.08829203248023987
-0.08817557990550995
-0.08805939555168152
-0.08794348686933517
-0.08782785385847092
-0.08771249651908875
-0.08759741485118866
-0.08748259395360947
-0.08736804872751236
-0.08725376427173615
-0.08713974803686142
-0.08702599257230759
-0.08691251277923584
-0.08679930865764618
-0.08668636530637741
-0.08657368272542953
-0.08646126091480255
-0.08634909242391586
-0.08623719960451126
-0.08612556755542755
-0.08601418882608414
-0.08590307086706161
-0.08579220622777939
-0.08568160235881805
-0.08557125180959702
-0.08546115458011627
-0.08535131812095642
-0.08524172008037567
-0.08513237535953522
-0.08502329140901566
-0.08491446077823639
-0.08480589091777802
-0.08469755947589874
-0.08458948880434036
-0.08448165655136108
-0.0843740701675415
-0.08426672965288162
-0.08415964245796204
-0.08405279368162155
-0.08394619822502136
-0.08383984863758087
-0.08373373746871948
-0.08362786471843719
-0.08352223038673401
-0.08341683447360992
-0.08331166207790375
-0.08320672065019608
-0.0831020250916481
-0.08299757540225983
-0.08289335668087006
-0.08278936892747879
-0.08268561214208603
-0.08258208632469177
-0.08247879147529602
-0.08237572759389877
-0.08227287977933884
-0.082170270383358
-0.08206787705421448
-0.08196569979190826
-0.08186373859643936
-0.08176198601722717
-0.0816604420542717
-0.08155912905931473
-0.08145803958177567
-0.08135717362165451
-0.08125653117895126
-0.08115611970424652
-0.08105593174695969
-0.08095599710941315
-0.08085628598928452
-0.08075680583715439
-0.08065755665302277
-0.08055852353572845
-0.08045969903469086
-0.08036108314990997
-0.0802626758813858
-0.08016447722911835
-0.08006647974252701
-0.07996869087219238
-0.07987110316753387
-0.07977372407913208
-0.079676553606987
-0.07957958430051804
-0.07948282361030579
-0.07938626408576965
-0.07928992062807083
-0.07919378578662872
-0.07909786701202393
-0.07900214940309525
-0.07890665531158447
-0.07881135493516922
-0.07871627062559128
-0.07862138748168945
-0.07852669060230255
-0.07843219488859177
-0.0783378928899765
-0.07824378460645676
-0.07814987748861313
-0.07805616408586502
-0.07796265929937363
-0.07786934822797775
-0.07777624577283859
-0.07768334448337555
-0.07759063690900803
-0.07749813050031662
-0.07740582525730133
-0.07731371372938156
-0.07722178846597672
-0.0771300420165062
-0.0770384892821312
-0.07694712281227112
-0.07685594260692596
-0.07676494866609573
-0.07667414844036102
-0.07658352702856064
-0.07649310678243637
-0.07640287280082703
-0.07631281018257141
-0.07622293382883072
-0.07613324373960495
-0.07604373246431351
-0.07595439255237579
-0.07586523145437241
-0.07577625662088394
-0.0756874680519104
-0.07559887319803238
-0.07551047205924988
-0.0754222571849823
-0.07533424347639084
-0.0752464160323143
-0.07515876740217209
-0.0750712975859642
-0.07498400658369064
-0.07489689439535141
-0.07480994611978531
-0.07472316175699234
-0.0746365487575531
-0.0745500922203064
-0.07446379214525223
-0.07437767088413239
-0.07429172843694687
-0.07420595735311508
-0.07412035763263702
-0.07403493672609329
-0.07394968718290329
-0.07386461645364761
-0.07377971708774567
-0.07369501143693924
-0.07361046969890594
-0.07352611422538757
-0.07344192266464233
-0.07335790246725082
-0.07327406853437424
-0.07319041341543198
-0.07310692965984344
-0.07302361726760864
-0.07294046878814697
-0.07285748422145844
-0.07277465611696243
-0.07269197702407837
-0.07260946184396744
-0.07252711057662964
-0.07244490087032318
-0.07236284762620926
-0.07228094339370728
-0.07219918072223663
-0.07211758196353912
-0.07203613221645355
-0.07195483893156052
-0.07187370955944061
-0.07179272919893265
-0.07171190530061722
-0.07163126021623611
-0.07155077159404755
-0.07147044688463211
-0.07139027118682861
-0.07131024450063705
-0.07123038172721863
-0.07115068286657333
-0.07107114791870117
-0.07099177688360214
-0.07091256231069565
-0.07083349674940109
-0.07075458765029907
-0.07067582756280899
-0.07059721648693085
-0.07051876187324524
-0.07044044882059097
-0.07036227732896805
-0.07028426229953766
-0.07020638883113861
-0.0701286643743515
-0.07005108892917633
-0.0699736624956131
-0.0698963850736618
-0.06981926411390305
-0.06974229216575623
-0.06966546922922134
-0.0695887953042984
-0.06951227784156799
-0.06943590939044952
-0.06935969740152359
-0.0692836195230484
-0.06920768320560455
-0.06913188844919205
-0.06905622035264969
-0.06898069381713867
-0.06890528649091721
-0.06883001327514648
-0.0687548890709877
-0.06867989152669907
-0.06860504299402237
-0.06853033602237701
-0.0684557780623436
-0.06838137656450272
-0.06830712407827377
-0.06823302060365677
-0.0681590661406517
-0.06808526068925858
-0.06801159679889679
-0.06793807446956635
-0.06786469370126724
-0.06779143959283829
-0.06771831214427948
-0.06764531135559082
-0.06757243722677231
-0.06749968975782394
-0.06742706894874573
-0.06735458225011826
-0.06728223711252213
-0.06721003353595734
-0.06713797152042389
-0.06706605106592178
-0.06699426472187042
-0.06692261248826981
-0.06685108691453934
-0.06677968800067902
-0.06670842319726944
-0.06663728505373001
-0.06656627357006073
-0.0664953887462616
-0.06642461568117142
-0.06635396182537079
-0.0662834420800209
-0.06621303409337997
-0.06614276021718979
-0.06607262045145035
-0.06600262224674225
-0.0659327358007431
-0.0658629983663559
-0.06579338014125824
-0.06572388857603073
-0.06565452367067337
-0.06558527797460556
-0.0655161589384079
-0.06544715911149979
-0.06537827104330063
-0.06530950218439102
-0.06524085253477097
-0.06517232209444046
-0.0651039257645607
-0.06503565609455109
-0.06496751308441162
-0.0648995041847229
-0.06483162194490433
-0.0647638812661171
-0.06469627469778061
-0.06462879478931427
-0.06456144154071808
-0.06449421495199203
-0.06442710757255554
-0.06436010450124741
-0.06429321318864822
-0.064226433634758
-0.06415975838899612
-0.06409319490194321
-0.06402675062417984
-0.06396041810512543
-0.06389419734477997
-0.06382808834314346
-0.06376210600137711
-0.06369622796773911
-0.06363047659397125
-0.06356484442949295
-0.0634993240237236
-0.0634339228272438
-0.06336864829063416
-0.06330348551273346
-0.06323841959238052
-0.06317348033189774
-0.0631086528301239
-0.06304394453763962
-0.06297934800386429
-0.06291487067937851
-0.06285051256418228
-0.0627862736582756
-0.06272213906049728
-0.06265812367200851
-0.06259423494338989
-0.06253045797348022
-0.06246678903698921
-0.06240323185920715
-0.06233978271484375
-0.06227643415331841
-0.06221318617463112
-0.06215004250407219
-0.06208700686693192
-0.06202407553792
-0.06196124106645584
-0.06189851462841034
-0.06183589249849319
-0.06177337095141411
-0.06171094998717308
-0.06164863333106041
-0.0615864172577858
-0.06152430921792984
-0.06146231666207314
-0.06140043213963509
-0.06133866682648659
-0.06127700954675674
-0.06121546030044556
-0.06115402281284332
-0.06109269708395004
-0.06103147938847542
-0.06097036600112915
-0.06090935692191124
-0.06084845587611198
-0.06078766286373138
-0.06072697415947914
-0.06066638976335526
-0.06060590595006943
-0.06054552271962166
-0.06048523634672165
-0.0604250468313694
-0.06036494672298431
-0.06030493974685669
-0.06024503335356712
-0.06018522381782532
-0.06012550368905067
-0.06006588786840439
-0.06000637263059616
-0.05994696170091629
-0.05988765507936478
-0.05982845276594162
-0.05976935476064682
-0.05971036106348038
-0.05965147539973259
-0.05959269404411316
-0.05953401327133179
-0.05947543308138847
-0.05941695719957352
-0.05935858562588692
-0.05930031836032867
-0.05924215167760849
-0.05918408557772636
-0.0591261126101017
-0.0590682290494442
-0.05901043489575386
-0.05895273387432098
-0.05889512598514557
-0.05883759260177612
-0.05878015235066414
-0.05872279405593872
-0.05866551771759987
-0.05860833078622818
-0.05855123326182365
-0.05849423632025719
-0.05843733623623848
-0.05838053673505783
-0.05832383781671524
-0.05826723575592041
-0.05821073055267334
-0.05815432965755463
-0.05809802934527397
-0.05804182589054108
-0.05798571929335594
-0.05792970582842827
-0.05787378549575806
-0.05781795457005501
-0.05776220932602882
-0.0577065497636795
-0.05765097960829735
-0.05759549513459206
-0.05754009634256363
-0.05748478323221207
-0.05742956325411797
-0.05737442523241043
-0.05731938034296036
-0.05726441740989685
-0.05720954388380051
-0.05715475976467133
-0.05710005387663841
-0.05704543739557266
-0.05699090287089348
-0.05693646147847176
-0.0568821020424366
-0.05682783201336861
-0.05677365139126778
-0.05671956017613411
-0.05666555091738701
-0.05661163479089737
-0.05655780434608459
-0.05650406330823898
-0.05645041540265083
-0.05639685690402985
-0.05634338408708572
-0.05628999695181847
-0.05623669177293777
-0.05618347227573395
-0.05613034218549728
-0.05607730150222778
-0.05602433905005455
-0.05597146227955818
-0.05591866746544838
-0.05586596205830574
-0.05581333860754967
-0.05576079338788986
-0.05570833012461662
-0.05565595254302025
-0.05560366064310074
-0.05555145442485809
-0.05549933016300201
-0.0554472915828228
-0.05539533495903015
-0.05534346029162407
-0.05529166758060455
-0.0552399531006813
-0.05518832057714462
-0.05513676628470421
-0.05508529394865036
-0.05503390356898308
-0.05498259887099266
-0.05493137240409851
-0.05488022416830063
-0.05482915788888931
-0.05477816984057426
-0.05472726374864578
-0.05467643588781357
-0.05462568253278732
-0.05457500740885735
-0.05452441051602364
-0.0544738881289959
-0.05442344024777412
-0.05437306687235832
-0.05432277172803879
-0.05427255108952522
-0.05422240868210793
-0.0541723407804966
-0.05412235856056213
-0.05407245084643364
-0.05402262881398201
-0.05397289246320724
-0.05392323806881905
-0.05387365818023682
-0.05382416024804115
-0.05377474427223206
-0.05372540280222893
-0.05367614328861237
-0.05362695828080177
-0.05357784405350685
-0.0535288043320179
-0.05347983911633492
-0.0534309409558773
-0.05338211357593536
-0.0533333532512188
-0.0532846599817276
-0.05323603749275208
-0.05318748950958252
-0.05313901230692863
-0.05309059843420982
-0.05304226279258728
-0.0529940091073513
-0.05294584110379219
-0.05289775133132935
-0.05284973606467247
-0.05280180275440216
-0.05275394394993782
-0.05270615592598915
-0.05265844240784645
-0.05261079967021942
-0.05256322771310806
-0.05251572653651237
-0.05246828496456146
-0.05242091417312622
-0.05237360671162605
-0.05232636630535126
-0.05227919667959213
-0.05223210155963898
-0.05218508467078209
-0.05213813856244087
-0.05209127068519592
-0.05204448476433754
-0.05199777707457542
-0.05195114761590958
-0.05190459638834
-0.05185810849070549
-0.05181169137358665
-0.05176534131169319
-0.0517190545797348
-0.05167283117771149
-0.05162667110562325
-0.05158057063817978
-0.05153453350067139
-0.05148855969309807
-0.05144265294075012
-0.05139681324362755
-0.05135103687644005
-0.05130532756447792
-0.05125969275832176
-0.05121413245797157
-0.05116864293813705
-0.05112322419881821
-0.05107787624001503
-0.05103259533643723
-0.05098738148808479
-0.05094222724437714
-0.05089714378118515
-0.05085212364792824
-0.050807174295187
-0.05076228454709053
-0.05071746930480003
-0.05067271739244461
-0.05062802881002426
-0.05058340728282928
-0.05053884908556938
-0.05049435794353485
-0.05044993385672569
-0.05040556564927101
-0.05036125704646111
-0.05031701177358627
-0.05027282238006592
-0.05022869631648064
-0.05018462985754013
-0.0501406192779541
-0.05009667575359344
-0.05005280300974846
-0.05000898987054825
-0.04996524751186371
-0.04992157220840454
-0.04987797141075134
-0.04983444884419441
-0.04979099333286285
-0.04974761605262756
-0.04970431327819824
-0.04966108128428459
-0.04961792379617691
-0.0495748296380043
-0.04953179135918617
-0.04948882013559341
-0.04944590479135513
-0.04940304532647133
-0.0493602342903614
-0.04931747540831566
-0.04927477240562439
-0.0492321252822876
-0.04918953403830528
-0.04914699494838715
-0.04910451173782349
-0.0490620918571949
-0.04901972785592079
-0.04897741973400116
-0.048935167491436
-0.04889297485351562
-0.04885083064436913
-0.0488087497651577
-0.04876673221588135
-0.04872478172183037
-0.04868289455771446
-0.04864107817411423
-0.04859932884573936
-0.04855764657258987
-0.04851603507995605
-0.04847449436783791
-0.04843301698565483
-0.04839160293340683
-0.04835024103522301
-0.04830893874168396
-0.04826768115162849
-0.04822647199034691
-0.0481853187084198
-0.04814421758055687
-0.04810316860675812
-0.04806217178702354
-0.04802123829722404
-0.04798036813735962
-0.04793955758213997
-0.04789881035685539
-0.04785812273621559
-0.04781749844551086
-0.04777693748474121
-0.04773643240332603
-0.04769598692655563
-0.04765559360384941
-0.04761524870991707
-0.0475749559700489
-0.04753471538424492
-0.04749453440308571
-0.04745441302657127
-0.04741434380412102
-0.04737433418631554
-0.04733437672257423
-0.04729448258876801
-0.04725464433431625
-0.04721486195921898
-0.04717514291405678
-0.04713547974824905
-0.04709587618708611
-0.04705633223056793
-0.04701684042811394
-0.04697740077972412
-0.04693801328539848
-0.04689867794513702
-0.04685939475893974
-0.04682016745209694
-0.04678099229931831
-0.04674186557531357
-0.0467027872800827
-0.04666375741362572
-0.04662478342652321
-0.04658585786819458
-0.04654698818922043
-0.04650817811489105
-0.04646941646933556
-0.04643071070313454
-0.0463920533657074
-0.04635345190763474
-0.04631491005420685
-0.04627642035484314
-0.04623798280954361
-0.04619960114359856
-0.04616127535700798
-0.04612300544977188
-0.04608479887247086
-0.04604664072394371
-0.04600853472948074
-0.04597048088908195
-0.04593247920274734
-0.04589453339576721
-0.04585663974285126
-0.04581879079341888
-0.04578099399805069
-0.04574324935674667
-0.04570554941892624
-0.04566790536046028
-0.0456303134560585
-0.0455927737057209
-0.04555528610944748
-0.04551784694194794
-0.04548045992851257
-0.04544312134385109
-0.04540583491325378
-0.04536860063672066
-0.04533141478896141
-0.04529427364468575
-0.04525717720389366
-0.04522012919187546
-0.04518313333392143
-0.04514617472887039
-0.04510926455259323
-0.04507239907979965
-0.04503558203577995
-0.04499881714582443
-0.04496210440993309
-0.04492544382810593
-0.04488884285092354
-0.04485230520367622
-0.04481582343578339
-0.04477939009666443
-0.04474301263689995
-0.04470668733119965
-0.04467041417956352
-0.04463418945670128
-0.04459800943732262
-0.04456187784671783
-0.04452578723430634
-0.04448974132537842
-0.04445373266935349
-0.04441776499152184
-0.04438185319304466
-0.04434598237276077
-0.04431015625596046
-0.04427437856793404
-0.04423864185810089
-0.04420295730233192
-0.04416731745004654
-0.04413172230124474
-0.04409617930650711
-0.04406068101525307
-0.0440252274274826
-0.04398982599377632
-0.04395447671413422
-0.04391917958855629
-0.04388393461704254
-0.04384873807430267
-0.04381358996033669
-0.04377849027514458
-0.04374343901872635
-0.0437084399163723
-0.04367348551750183
-0.04363857582211494
-0.04360371455550194
-0.04356889426708221
-0.04353412613272667
-0.04349940270185471
-0.04346472769975662
-0.04343009740114212
-0.0433955155313015
-0.04336097091436386
-0.0433264784514904
-0.04329202696681023
-0.04325762018561363
-0.04322325065732002
-0.04318892583250999
-0.04315463826060295
-0.04312039166688919
-0.04308618605136871
-0.04305202141404152
-0.04301789775490761
-0.04298381879925728
-0.04294978082180023
-0.04291578009724617
-0.04288182407617569
-0.04284791275858879
-0.04281404241919518
-0.04278021678328514
-0.04274644330143929
-0.04271271824836731
-0.04267903789877892
-0.0426454022526741
-0.04261181131005287
-0.04257826507091522
-0.04254476353526115
-0.04251130670309067
-0.04247789084911346
-0.04244451969861984
-0.0424111932516098
-0.04237791523337364
-0.04234468564391136
-0.04231149703264236
-0.04227834567427635
-0.04224523901939392
-0.04221217706799507
-0.04217915609478951
-0.04214618355035782
-0.04211325943470001
-0.04208038002252579
-0.04204754531383514
-0.04201476275920868
-0.0419820211827755
-0.0419493243098259
-0.04191666468977928
-0.04188404977321625
-0.0418514721095562
-0.04181893914937973
-0.04178644716739655
-0.04175399616360664
-0.04172158241271973
-0.04168920591473579
-0.04165686666965485
-0.04162456467747688
-0.04159229621291161
-0.04156005755066872
-0.04152785241603851
-0.04149568453431129
-0.04146356135606766
-0.04143146798014641
-0.04139941930770874
-0.04136741161346436
-0.04133544862270355
-0.04130352288484573
-0.0412716381251812
-0.04123979434370995
-0.04120799154043198
-0.04117623344063759
-0.04114452376961708
-0.04111285507678986
-0.04108122736215591
-0.04104964062571526
-0.04101809859275818
-0.04098660126328468
-0.04095514863729477
-0.04092373698949814
-0.04089237377047539
-0.04086105152964592
-0.04082977399230003
-0.04079854115843773
-0.04076734930276871
-0.04073619470000267
-0.04070507735013962
-0.04067399725317955
-0.04064295068383217
-0.04061194136738777
-0.04058096930384636
-0.04055003076791763
-0.04051912948489189
-0.04048826545476913
-0.04045742750167847
-0.04042662307620049
-0.04039585217833519
-0.04036511853337288
-0.04033441841602325
-0.04030375182628632
-0.04027311876416206
-0.0402425229549408
-0.04021196067333221
-0.04018143936991692
-0.0401509627699852
-0.04012052342295647
-0.04009012505412102
-0.04005977511405945
-0.04002947360277176
-0.03999921679496765
-0.03996899724006653
-0.03993882238864899
-0.03990868479013443
-0.03987859189510345
-0.03984852880239487
-0.03981850296258926
-0.03978850692510605
-0.03975854441523552
-0.03972861543297768
-0.03969871997833252
-0.03966886177659035
-0.03963904455304146
-0.03960925713181496
-0.03957951068878174
-0.0395498014986515
-0.03952012956142426
-0.03949049860239029
-0.03946090117096901
-0.03943134844303131
-0.0394018292427063
-0.03937234729528427
-0.03934289887547493
-0.03931348025798798
-0.03928409516811371
-0.03925473988056183
-0.03922541439533234
-0.03919612243771553
-0.03916687145829201
-0.03913765773177147
-0.03910848125815392
-0.03907934576272964
-0.03905025124549866
-0.03902119398117065
-0.03899218142032623
-0.03896320983767509
-0.03893427178263664
-0.03890536352992058
-0.0388764850795269
-0.03884764015674591
-0.03881882876157761
-0.03879004344344139
-0.03876129165291786
-0.03873256966471672
-0.03870388120412827
-0.03867522999644279
-0.03864661604166031
-0.03861803188920021
-0.0385894887149334
-0.03856098279356956
-0.03853251785039902
-0.03850408643484116
-0.03847569227218628
-0.03844733163714409
-0.03841900825500488
-0.03839072212576866
-0.03836246579885483
-0.03833423554897308
-0.03830604255199432
-0.03827787935733795
-0.03824974223971367
-0.03822163864970207
-0.03819356858730316
-0.03816553950309753
-0.03813755139708519
-0.03810959681868553
-0.03808167576789856
-0.03805378824472427
-0.03802593424916267
-0.03799811378121376
-0.03797033429145813
-0.03794258087873459
-0.03791485726833344
-0.03788717091083527
-0.03785951063036919
-0.0378318764269352
-0.037804264575243
-0.03777667880058289
-0.03774913027882576
-0.03772160783410072
-0.03769412264227867
-0.03766666725277901
-0.03763924911618233
-0.03761186450719833
-0.03758452087640762
-0.0375572182238102
-0.03752995282411575
-0.0375027246773243
-0.03747553378343582
-0.03744837641716003
-0.03742125257849693
-0.03739416226744652
-0.03736710920929909
-0.03734008595347404
-0.03731308877468109
-0.03728612512350082
-0.03725918754935265
-0.03723227232694626
-0.03720537945628166
-0.03717851266264915
-0.03715167939662933
-0.0371248796582222
-0.03709810972213745
-0.03707137331366539
-0.03704467415809631
-0.03701800853013992
-0.03699137642979622
-0.0369647778570652
-0.03693820908665657
-0.03691167011857033
-0.03688516095280647
-0.0368586890399456
-0.03683225065469742
-0.03680584207177162
-0.03677946701645851
-0.03675311803817749
-0.03672679886221886
-0.03670050576329231
-0.03667424246668816
-0.03664800152182579
-0.03662178665399551
-0.03659560531377792
-0.03656945377588272
-0.03654332831501961
-0.03651723638176918
-0.03649117425084114
-0.03646514564752579
-0.03643915057182312
-0.03641318529844284
-0.03638725355267525
-0.03636135905981064
-0.03633550181984901
-0.03630967438220978
-0.03628387674689293
-0.03625810891389847
-0.03623237088322639
-0.03620666265487671
-0.03618098050355911
-0.03615532442927361
-0.03612969070672989
-0.03610408306121826
-0.03607850149273872
-0.03605294600129128
-0.03602742403745651
-0.03600193560123444
-0.03597647696733475
-0.03595104813575745
-0.03592564910650253
-0.0359002873301506
-0.03587495908141136
-0.03584965690970421
-0.03582438454031944
-0.03579913824796677
-0.03577391803264618
-0.03574872761964798
-0.03572356700897217
-0.03569842875003815
-0.03567332029342651
-0.03564824163913727
-0.03562318906188011
-0.03559817001223564
-0.03557318449020386
-0.03554823249578476
-0.03552331030368805
-0.03549841791391373
-0.03547355532646179
-0.03544871509075165
-0.03542390465736389
-0.03539912402629852
-0.03537436947226524
-0.03534964472055435
-0.03532494604587555
-0.03530027344822884
-0.03527562692761421
-0.03525100648403168
-0.03522641211748123
-0.03520184382796288
-0.03517730161547661
-0.03515278920531273
-0.03512830287218094
-0.03510383889079094
-0.03507940098643303
-0.03505498915910721
-0.03503060340881348
-0.03500624746084213
-0.03498191758990288
-0.03495761752128601
-0.03493334725499153
-0.03490910306572914
-0.03488489240407944
-0.03486071154475212
-0.03483656048774719
-0.03481244295835495
-0.0347883515059948
-0.03476428613066673
-0.03474024683237076
-0.03471623361110687
-0.03469223901629448
-0.03466826677322388
-0.03464432060718536
-0.03462039306759834
-0.03459649160504341
-0.03457261994481087
-0.03454876691102982
-0.03452494740486145
-0.03450115770101547
-0.03447739779949188
-0.03445367142558098
-0.03442998602986336
-0.03440633788704872
-0.03438272327184677
-0.03435913473367691
-0.03433557227253914
-0.03431203216314316
-0.03428851440548897
-0.03426501527428627
-0.03424153476953506
-0.03421807289123535
-0.03419463336467743
-0.034171212464571
-0.03414781019091606
-0.03412443026900291
-0.03410108014941216
-0.03407775983214378
-0.0340544618666172
-0.03403119370341301
-0.0340079627931118
-0.03398475795984268
-0.03396158292889595
-0.03393843397498131
-0.03391531482338905
-0.03389222547411919
-0.03386915847659111
-0.03384612128138542
-0.03382311016321182
-0.03380012512207031
-0.03377716243267059
-0.03375422209501266
-0.03373130783438683
-0.03370841592550278
-0.03368555009365082
-0.03366271033883095
-0.03363990038633347
-0.03361711278557777
-0.03359436243772507
-0.03357163071632385
-0.03354892507195473
-0.03352623805403709
-0.03350357711315155
-0.0334809347987175
-0.03345831483602524
-0.03343571722507477
-0.03341313451528549
-0.03339057415723801
-0.03336803242564201
-0.03334551304578781
-0.0333230122923851
-0.03330053389072418
-0.03327807784080505
-0.03325564414262772
-0.03323323652148247
-0.03321085125207901
-0.03318848460912704
-0.03316615149378777
-0.03314384818077087
-0.03312157094478607
-0.03309932351112366
-0.03307711333036423
-0.03305492922663689
-0.03303277119994164
-0.03301063925027847
-0.0329885371029377
-0.03296646475791931
-0.03294442221522331
-0.0329224057495594
-0.03290041908621788
-0.03287846222519875
-0.0328565239906311
-0.03283461555838585
-0.03281272575259209
-0.03279086202383041
-0.03276901692152023
-0.03274719044566154
-0.03272538632154465
-0.03270359337329865
-0.03268182277679443
-0.03266006335616112
-0.03263832256197929
-0.03261659666895866
-0.03259488195180893
-0.03257319331169128
-0.03255153447389603
-0.03252989426255226
-0.03250828757882118
-0.03248670324683189
-0.03246514871716499
-0.03244363144040108
-0.03242214396595955
-0.03240068256855011
-0.03237925097346306
-0.0323578380048275
-0.03233644366264343
-0.03231507167220116
-0.03229372203350067
-0.03227239102125168
-0.03225107863545418
-0.03222978487610817
-0.03220850601792336
-0.03218724951148033
-0.0321660079061985
-0.03214478865265846
-0.03212358430027962
-0.03210239484906197
-0.03208122774958611
-0.03206008300185204
-0.03203896805644035
-0.03201787546277046
-0.03199680522084236
-0.03197576850652695
-0.03195475414395332
-0.03193377330899239
-0.03191281482577324
-0.03189188241958618
-0.03187098726630211
-0.03185011446475983
-0.03182926401495934
-0.03180844336748123
-0.03178765252232552
-0.03176688402891159
-0.03174613788723946
-0.03172541409730911
-0.03170470893383026
-0.0316840186715126
-0.03166333585977554
-0.03164267167448997
-0.0316220186650753
-0.03160138055682182
-0.03158075734972954
-0.03156015276908875
-0.03153957054018974
-0.03151901066303253
-0.03149847686290741
-0.03147796913981438
-0.03145748376846313
-0.03143702074885368
-0.03141658753156662
-0.03139618411660194
-0.03137580305337906
-0.03135545179247856
-0.03133513033390045
-0.03131483122706413
-0.0312945581972599
-0.03127430751919746
-0.03125406801700592
-0.03123384341597557
-0.03121362999081612
-0.03119343146681786
-0.03117324598133564
-0.03115307912230492
-0.03113292716443539
-0.03111279383301735
-0.03109268099069595
-0.03107259050011635
-0.03105252236127853
-0.03103247284889221
-0.03101244382560253
-0.03099244087934494
-0.03097246587276459
-0.03095251135528088
-0.03093258291482925
-0.03091267868876457
-0.03089279495179653
-0.03087293170392513
-0.03085308708250523
-0.03083326108753681
-0.03081345558166504
-0.03079367056488991
-0.03077390789985657
-0.03075416572391987
-0.03073444403707981
-0.03071474656462669
-0.03069507144391537
-0.03067541681230068
-0.03065578453242779
-0.03063617274165154
-0.03061658330261707
-0.03059701435267925
-0.03057746030390263
-0.03055792301893234
-0.03053840436041355
-0.0305188987404108
-0.0304994098842144
-0.03047993779182434
-0.03046048246324062
-0.0304410420358181
-0.03042162396013737
-0.03040222823619843
-0.03038285486400127
-0.03036350198090076
-0.03034417144954205
-0.03032486326992512
-0.03030558302998543
-0.03028632514178753
-0.03026708960533142
-0.0302478764206171
-0.03022868931293488
-0.03020952269434929
-0.03019037470221519
-0.03017124533653259
-0.03015213832259178
-0.03013305366039276
-0.03011399134993553
-0.03009494766592979
-0.03007592260837555
-0.03005691803991795
-0.03003793209791183
-0.03001896478235722
-0.03000001795589924
-0.0299810916185379
-0.02996218018233776
-0.02994328364729881
-0.02992440573871136
-0.0299055390059948
-0.02988668903708458
-0.02986785396933556
-0.02984903007745743
-0.0298302173614502
-0.02981141954660416
-0.02979263477027416
-0.02977386303246021
-0.02975510805845261
-0.02973637357354164
-0.02971765398979187
-0.02969895489513874
-0.0296802781522274
-0.029661625623703
-0.02964299730956554
-0.02962439879775047
-0.02960582450032234
-0.0295872800052166
-0.02956876344978809
-0.02955027110874653
-0.02953180111944675
-0.02951335348188877
-0.02949492633342743
-0.02947651967406273
-0.02945812791585922
-0.02943975105881691
-0.02942139096558094
-0.02940304577350616
-0.02938471548259258
-0.02936639823019505
-0.02934809401631355
-0.0293298065662384
-0.02931154146790504
-0.02929329499602318
-0.0292750671505928
-0.02925685979425907
-0.02923866920173168
-0.02922049723565578
-0.02920234389603138
-0.02918420732021332
-0.02916608564555645
-0.02914797887206078
-0.02912988886237144
-0.02911181375384331
-0.02909375354647636
-0.02907571010291576
-0.02905768528580666
-0.02903967723250389
-0.02902168594300747
-0.02900371141731739
-0.02898575365543365
-0.02896781638264656
-0.02894989587366581
-0.0289319921284914
-0.02891410514712334
-0.02889623492956161
-0.02887837961316109
-0.02886053919792175
-0.02884271368384361
-0.02882490307092667
-0.02880710735917091
-0.0287893284112215
-0.02877156808972359
-0.02875383011996746
-0.02873611263930798
-0.02871841751039028
-0.02870074659585953
-0.02868309803307056
-0.02866547554731369
-0.02864787913858891
-0.02863030880689621
-0.0286127608269453
-0.02859523892402649
-0.02857773564755917
-0.02856024727225304
-0.02854277566075325
-0.02852531708776951
-0.02850786969065666
-0.02849042974412441
-0.02847299911081791
-0.0284555796533823
-0.02843817323446274
-0.02842077799141407
-0.02840340137481689
-0.02838604152202606
-0.02836869843304157
-0.02835137583315372
-0.02833407185971737
-0.02831678837537766
-0.02829952351748943
-0.0282822772860527
-0.02826504781842232
-0.02824783697724342
-0.02823064103722572
-0.02821345999836922
-0.0281962938606739
-0.02817914076149464
-0.02816200628876686
-0.02814489044249058
-0.02812778577208519
-0.02811069972813129
-0.02809363231062889
-0.02807658165693283
-0.02805954590439796
-0.02804252505302429
-0.02802551910281181
-0.02800852805376053
-0.02799155190587044
-0.02797458879649639
-0.02795763872563839
-0.02794070541858673
-0.02792378887534142
-0.02790688723325729
-0.02789000049233437
-0.02787313051521778
-0.02785627916455269
-0.02783944644033909
-0.02782263234257698
-0.02780583687126637
-0.02778906188905239
-0.02777230553328991
-0.02775556966662407
-0.02773885242640972
-0.02772215567529202
-0.02770547941327095
-0.02768882364034653
-0.02767218463122845
-0.02765556424856186
-0.02763895876705647
-0.02762237004935741
-0.02760579437017441
-0.02758923545479774
-0.02757269144058228
-0.0275561586022377
-0.02753963693976402
-0.02752312831580639
-0.02750663459300995
-0.0274901520460844
-0.02747368067502975
-0.027457220479846
-0.02744077704846859
-0.02742435224354267
-0.0274079404771328
-0.02739154733717442
-0.02737516909837723
-0.02735880948603153
-0.02734246477484703
-0.02732613869011402
-0.0273098312318325
-0.02729354053735733
-0.0272772666066885
-0.02726100571453571
-0.02724475786089897
-0.02722852490842342
-0.02721230313181877
-0.02719608880579472
-0.02717988565564156
-0.02716368995606899
-0.02714749984443188
-0.02713131904602051
-0.02711514756083488
-0.02709898725152016
-0.02708283439278603
-0.02706669457256794
-0.02705056592822075
-0.0270344503223896
-0.02701834961771965
-0.02700226567685604
-0.02698619849979877
-0.02697014436125755
-0.02695410139858723
-0.02693807333707809
-0.02692205645143986
-0.02690604701638222
-0.02689004503190517
-0.02687404863536358
-0.02685805596411228
-0.02684206329286098
-0.02682607062160969
-0.02681007608771324
-0.02679407969117165
-0.0267780777066946
-0.02676207199692726
-0.02674605697393417
-0.02673003450036049
-0.02671400085091591
-0.02669795975089073
-0.02668190561234951
-0.02666584216058254
-0.02664976567029953
-0.02663367614150047
-0.02661756984889507
-0.02660144865512848
-0.02658531069755554
-0.02656915225088596
-0.0265529677271843
-0.02653675712645054
-0.02652051858603954
-0.02650424838066101
-0.02648794464766979
-0.02647160366177559
-0.02645522356033325
-0.02643880806863308
-0.02642234973609447
-0.02640585228800774
-0.02638931572437286
-0.02637273445725441
-0.02635611593723297
-0.0263394583016634
-0.02632276900112629
-0.02630604617297649
-0.02628929540514946
-0.02627252228558064
-0.02625572867691517
-0.02623891830444336
-0.02622209303081036
-0.02620525658130646
-0.02618841826915741
-0.02617157995700836
-0.02615475095808506
-0.02613793686032295
-0.02612114325165749
-0.02610438130795956
-0.02608765847980976
-0.02607098780572414
-0.02605437859892845
-0.02603784762322903
-0.02602141164243221
-0.02600508183240891
-0.0259888768196106
-0.02597281895577908
-0.02595692314207554
-0.02594120986759663
-0.02592569217085838
-0.0259103924036026
-0.02589532732963562
-0.02588051371276379
-0.02586596645414829
-0.02585170790553093
-0.02583775296807289
-0.02582411840558052
-0.02581081911921501
-0.02579787373542786
-0.0257852952927351
-0.02577309310436249
-0.02576128393411636
-0.02574987523257732
-0.02573887445032597
-0.02572828903794289
-0.02571812085807323
-0.02570836618542671
-0.02569902129471302
-0.02569007314741611
-0.0256815142929554
-0.02567332796752453
-0.02566549368202686
-0.02565799094736576
-0.02565078809857368
-0.02564385905861855
-0.0256371758878231
-0.02563069947063923
-0.02562439255416393
-0.02561821416020393
-0.02561211958527565
-0.02560605853796005
-0.02559998817741871
-0.02559385076165199
-0.02558759599924088
-0.02558116801083088
-0.02557451650500298
-0.02556758746504784
-0.02556032501161098
-0.02555268444120884
-0.02554461173713207
-0.0255360621958971
-0.02552698738873005
-0.02551735378801823
-0.0255071260035038
-0.02549627237021923
-0.02548476867377758
-0.02547260373830795
-0.0254597645252943
-0.02544625289738178
-0.02543207630515099
-0.02541724778711796
-0.02540178596973419
-0.02538572251796722
-0.02536909841001034
-0.02535195648670197
-0.02533434703946114
-0.02531632781028748
-0.02529795840382576
-0.02527929842472076
-0.02526041865348816
-0.02524138987064362
-0.0252222865819931
-0.02520317770540714
-0.02518413588404655
-0.02516523189842701
-0.02514653466641903
-0.02512810938060284
-0.02511002123355865
-0.02509232237935066
-0.02507506310939789
-0.02505828067660332
-0.02504200674593449
-0.02502626739442348
-0.02501107193529606
-0.02499642223119736
-0.02498231083154678
-0.02496871538460255
-0.02495560236275196
-0.02494292706251144
-0.02493063919246197
-0.02491867914795876
-0.02490697614848614
-0.02489545382559299
-0.02488402836024761
-0.02487261593341827
-0.02486112900078297
-0.02484948001801968
-0.02483757957816124
-0.02482534199953079
-0.02481268532574177
-0.02479953318834305
-0.02478581666946411
-0.02477148361504078
-0.02475647628307343
-0.02474075928330421
-0.02472430840134621
-0.02470711246132851
-0.02468916773796082
-0.02467049099504948
-0.02465110830962658
-0.0246310643851757
-0.02461040765047073
-0.02458920516073704
-0.02456752769649029
-0.0245454590767622
-0.02452309057116508
-0.02450051344931126
-0.02447782270610332
-0.02445511519908905
-0.02443248406052589
-0.02441001497209072
-0.02438779175281525
-0.02436588145792484
-0.02434434555470943
-0.0243232287466526
-0.02430256456136703
-0.02428237348794937
-0.02426265738904476
-0.02424340508878231
-0.02422458678483963
-0.02420615591108799
-0.02418805286288261
-0.02417020685970783
-0.02415253035724163
-0.02413492649793625
-0.02411728724837303
-0.02409949712455273
-0.02408143877983093
-0.0240629855543375
-0.02404401637613773
-0.02402441017329693
-0.02400405146181583
-0.02398283220827579
-0.0239606574177742
-0.02393744513392448
-0.02391312643885612
-0.02388765476644039
-0.02386099845170975
-0.02383314818143845
-0.02380411513149738
-0.02377392910420895
-0.02374264039099216
-0.02371031977236271
-0.02367705479264259
-0.02364295348525047
-0.02360813692212105
-0.02357273735105991
-0.02353689447045326
-0.02350076101720333
-0.0234644953161478
-0.02342825196683407
-0.02339218929409981
-0.02335646003484726
-0.02332121692597866
-0.0232866033911705
-0.02325274981558323
-0.02321977727115154
