0
0
0
0
0
0
0
0
0
0
0
0
0
0
0
0
0
0
0
0
0
0
0
0
0
0
0
0
0
0
0
0
0
0
0
0
0
0
0
0
0
0
0
0
0
0
0
0
0
0
0
0
0
0
0
0
0
0
0
0
0
0
0
0
0
0
0
0
0
0
0
0
0
0
0
0
0
0
0
0
0
0
0
0
0
0
0
0
0
0
0
0
0
0
0
0
0
0
0
0
0
0
0
0
0
0
0
0
0
0
0
0
0
0
0
0
0
0
0
0
0
0
0
0
0
0
0
0
0
0
0
0
0
0
0
0
0
0
0
0
0
0
0
0
0
0
0
0
0
0
0
0
0
0
0
0
0
0
0
0
0
0
0
0
0
0
0
0
0
0
0
0
0
0
0
0
0
0
0
0
0
0
0
0
0
0
0
0
0
0
0
0
0
0
0
0
0
0
0
0
0
0
0
0
0
0
0
0
0
0
0
0
0
0
0
0
0
0
0
0
0
0
0
0
0
0
0
0
0
0
0
0
0
0
0
0
0
0
0
0
0
0
0
0
0
0
0
0
0
0
0
0
0
0
0
0
0
0
0
0
0
0
0
0
0
0
0
0
0
0
0
0
0
0
0
0
0
0
0
0
0
0
0
0
0
0
0
0
0
0
0
0
0
0
0
0
0
0
0
0
0
0
0
0
0
0
0
0
0
0
0
0
0
0
0
0
0
0
0
0
0
0
0
0
0
0
0
0
0
0
0
0
0
0
0
0
0
0
0
0
0
0
0
0
0
0
0
0
0
0
0
0
0
0
0
0
0
0
0
0
0
0
0
0
0
0
0
0
0
0
0
0
0
0
0
0
0
0
0
0
0
0
0
0
0
0
0
0
0
0
0
0
0
0
0
0
0
0
0
0
0
0
0
0
0
0
0
0
0
0
0
0
0
0
0
0
0
0
0
0
0
0
0
0
0
0
0
0
0
0
0
0
0
0
0
0
0
0
0
0
0
0
0
0
0
0
0
0
0
0
0
0
0
0
0
0
0
0
0
0
0
0
0
0
0
0
0
0
0
0
0
0
0
0
0
0
0
0
0
0
0
0
0
0
0
0
0
0
0
0
0
0
0
0
0
0
0
0
0
0
0
0
0
0
0
0
0
0
0
0
0
0
0
0
0
0
0
0
0
0
0
0
0
0
0
0
0
0
0
0
0
0
0
0
0
0
0
0
0
0
0
0
0
0
0
0
0
0
0
0
0
0
0
0
0
0
0
0
0
0
0
0
0
0
0
0
0
0
0
0
0
0
0
0
0
0
0
0
0
0
0
0
0
0
0
0
0
0
0
0
0
0
0
0
0
0
0
0
0
0
0
0
0
0
0
0
0
0
0
0
0
0
0
0
0
0
0
0
0
0
0
0
0
0
0
0
0
0
0
0
0
0
0
0
0
0
0
0
0
0
0
0
0
0
0
0
0
0
0
0
0
0
0
0
0
0
0
0
0
0
0
0
0
0
0
0
0
0
0
0
0
0
0
0
0
0
0
0
0
0
0
0
0
0
0
0
0
0
0
0
0
0
0
0
0
0
0
0
0
0
0
0
0
0
0
0
0
0
0
0
0
0
0
0
0
0
0
0
0
0
0
0
0
0
0
0
0
0
0
0
0
0
0
0
0
0
0
0
0
0
0
0
0
0
0
0
0
0
0
0
0
0
0
0
0
0
0
0
0
0
0
0
0
0
0
0
0
0
0
0
0
0
0
0
0
0
0
0
0
0
0
0
0
0
0
0
0
0
0
0
0
0
0
0
0
0
0
0
0
0
0
0
0
0
0
0
0
0
0
0
0
0
0
0
0
0
0
0
0
0
0
0
0
0
0
0
0
0
0
0
0
0
0
0
0
0
0
0
0
0
0
0
0
0
0
0
0
0
0
0
0
0
0
0
0
0
0
0
0
0
0
0
0
0
0
0
0
0
0
0
0
0
0
0
0
0
0
0
0
0
0
0
0
0
0
0
0
0
0
0
0
0
0
0
0
0
0
0
0
0
0
0
0
0
0
0
0
0
0
0
0
0
0
0
0
0
0
0
0
0
0
0
0
0
0
0
0
0
0
0
0
0
0
0
0
0
0
0
0
0
0
0
0
0
0
0
0
0
0
0
0
0
0
0
0
0
0
0
0
0
0
0
0
0
0
0
0
0
0
0
0
0
0
0
0
0
0
0
0
0
0
0
0
0
0
0
0
0
0
0
0
0
0
0
0
0
0
0
0
0
0
0
0
0
0
0
0
0
0
0
0
0
0
0
0
0
0
0
0
0
0
0
0
0
0
0
0
0
0
0
0
0
0
0
0
0
0
0
0
0
0
0
0
0
0
0
0
0
0
0
0
0
0
0
0
0
0
0
0
0
0
0
0
0
0
0
0
0
0
0
0
0
0
0
0
0
0
0
0
0
0
0
0
0
0
0
0
0
0
0
0
0
0
0
0
0
0
0
0
0
0
0
0
0
0
0
0
0
0
0
0
0
0
0
0
0
0
0
0
0
0
0
0
0
0
0
0
0
0
0
0
0
0
0
0
0
0
0
0
0
0
0
0
0
0
0
0
0
0
0
0
0
0
0
0
0
0
0
0
0
0
0
0
0
0
0
0
0
0
0
0
0
0
0
0
0
0
0
0
0
0
0
0
0
0
0
0
0
0
0
0
0
0
0
0
0
0
0
0
0
0
0
0
0
0
0
0
0
0
0
0
0
0
0
0
0
0
0
0
0
0
0
0
0
0
0
0
0
0
0
0
0
0
0
0
0
0
0
0
0
0
0
0
0
0
0
0
0
0
0
0
0
0
0
0
0
0
0
0
0
0
0
0
0
0
0
0
0
0
0
0
0
0
0
0
0
0
0
0
0
0
0
0
0
0
0
0
0
0
0
0
0
0
0
0
0
0
0
0
0
0
0
0
0
0
0
0
0
0
0
0
0
0
0
0
0
0
0
0
0
0
0
0
0
0
0
0
0
0
0
0
0
0
0
0
0
0
0
0
0
0
0
0
0
0
0
0
0
0
0
0
0
0
0
0
0
0
0
0
0
0
0
0
0
0
0
0
0
0
0
0
0
0
0
0
0
0
0
0
0
0
0
0
0
0
0
0
0
0
0
0
0
0
0
0
0
0
0
0
0
0
0
0
0
0
0
0
0
0
0
0
0
0
0
0
0
0
0
0
0
0
0
0
0
0
0
0
0
0
0
0
0
0
0
0
0
0
0
0
0
0
0
0
0
0
0
0
0
0
0
0
0
0
0
0
0
0
0
0
0
0
0
0
0
0
0
0
0
0
0
0
0
0
0
0
0
0
0
0
0
0
0
0
0
0
0
0
0
0
0
0
0
0
0
0
0
0
0
0
0
0
0
0
0
0
0
0
0
0
0
0
0
0
0
0
0
0
0
0
0
0
0
0
0
0
0
0
0
0
0
0
0
0
0
0
0
0
0
0
0
0
0
0
0
0
0
0
0
0
0
0
0
2.802596928649634e-45
1.401298464324817e-44
4.203895392974451e-44
9.108440018111311e-44
1.793662034335766e-43
3.545285114741787e-43
7.006492321624085e-43
1.373272495038321e-42
2.683486559182025e-42
5.198817302645071e-42
1.002208661685109e-41
1.925664349675164e-41
3.688497817795783e-41
7.043206341389396e-41
1.341098682297423e-40
2.546887984879642e-40
4.82434831402355e-40
9.114801913139346e-40
1.717689236793932e-39
3.228737396844668e-39
6.053631786658639e-39
1.132138596725617e-38
2.111962776611755e-38
3.929878484768055e-38
7.294252884908887e-38
1.350497807668974e-37
2.494141317020421e-37
4.594782779131142e-37
8.443613804098656e-37
1.547795990345394e-36
2.830243359049665e-36
5.162510533844657e-36
9.39351067128477e-36
1.705010934007053e-35
3.08717532921439e-35
5.576127348793413e-35
1.004717176961257e-34
1.805914726233165e-34
3.238137961630002e-34
5.79216025160051e-34
1.033559101761258e-33
1.839848309405527e-33
3.26725495669987e-33
5.788160632071837e-33
1.02295639985623e-32
1.803578174071516e-32
3.172315714645326e-32
5.566519408982769e-32
9.744491405781289e-32
1.701786211374702e-31
2.964991483776815e-31
5.153670981745161e-31
8.936901748736705e-31
1.546096028308857e-30
2.668500634389251e-30
4.59495889295752e-30
7.893716528144667e-30
1.352910866835963e-29
2.313378600022784e-29
3.946536197428118e-29
6.717062857773824e-29
1.14061383359949e-28
1.932395291210544e-28
3.266278963253588e-28
5.508236196662784e-28
9.267781929860401e-28
1.555768423895445e-27
2.605685184921761e-27
4.354204048028883e-27
7.259507887735916e-27
1.207589044084303e-26
2.00422546775119e-26
3.318877727815957e-26
5.483464596828584e-26
9.039403038532023e-26
1.486781308990563e-25
2.43993913775857e-25
3.995187040567946e-25
6.527145077287317e-25
1.063993895287207e-24
1.730559272093616e-24
2.808451318809007e-24
4.547598919577764e-24
7.347404717296001e-24
1.184469363821284e-23
1.905256542745426e-23
3.057908227473797e-23
4.897093567330256e-23
7.825226287286144e-23
1.247675029472036e-22
1.984968665298602e-22
3.151047456831432e-22
4.991222659351762e-22
7.888802922666185e-22
1.244138711184337e-21
1.957859971472548e-21
3.074332866878576e-21
4.817016423059016e-21
7.531207250863256e-21
1.174929523112951e-20
1.829031235880424e-20
2.841147622974001e-20
4.403836233576441e-20
6.811371578923597e-20
1.051248460104128e-19
1.618992274582995e-19
2.488020988300846e-19
3.815350154379468e-19
5.838309005799805e-19
8.914833586262155e-19
1.358357538036098e-18
2.065336606671136e-18
3.133607487354022e-18
4.744346929266787e-18
7.167827718959855e-18
1.08063495609387e-17
1.625742761145191e-17
2.440658766755895e-17
3.656333522108945e-17
5.465991951521421e-17
8.154130088099503e-17
1.213871534704909e-16
1.803246985571802e-16
2.673166366014219e-16
3.954449282524158e-16
5.83762401753455e-16
8.599580347546905e-16
1.264183756524598e-15
1.854538403948296e-15
2.714906826165931e-15
3.966141990025852e-15
5.78198072916352e-15
8.411641947759542e-15
1.221184933638533e-14
1.769209405984729e-14
2.557848748888265e-14
3.690362970179724e-14
5.313277080679427e-14
7.634059942356053e-14
1.094583814862868e-13
1.566186145617737e-13
2.236347093837257e-13
3.186669678134635e-13
4.531452253361823e-13
6.430439947885391e-13
9.106414624107662e-13
1.286938979862262e-12
1.814983493358957e-12
2.554418265451885e-12
3.587701533427912e-12
5.02858562081987e-12
7.033654041144199e-12
9.817977160431202e-12
1.367631615595277e-11
1.901176958918338e-11
2.637439572295008e-11
3.651314320340937e-11
5.044552622845977e-11
6.955094833394071e-11
9.569525727393113e-11
1.313968239768926e-10
1.80047227127389e-10
2.462040293860213e-10
3.359780231804166e-10
4.575448353527634e-10
6.218180415018537e-10
8.433342912894659e-10
1.141413075167463e-09
1.541673566585189e-09
2.078012872885893e-09
2.795181641701561e-09
3.752127497591573e-09
5.026323357526508e-09
6.719366840712837e-09
8.96418850260261e-09
1.193432463963973e-08
1.585581088647814e-08
2.102240515000631e-08
2.781500185733421e-08
3.672636950113883e-08
4.839255041133583e-08
6.363264759556841e-08
8.349910274318972e-08
1.093410375574422e-07
1.428839340178456e-07
1.863295011617083e-07
2.424806098133558e-07
3.148971359223651e-07
4.080898747815809e-07
5.277610739540251e-07
6.811021080466162e-07
8.771613124736177e-07
1.12729594548e-06
1.445727775717387e-06
1.850222588473116e-06
2.362920213272446e-06
3.011345143022481e-06
3.829632078122813e-06
4.860009084950434e-06
6.154592938401038e-06
7.777538485242985e-06
9.80763252300676e-06
1.234137926076073e-05
1.549669286760036e-05
1.941728260135278e-05
2.427784784231335e-05
3.029021536349319e-05
3.771057527046651e-05
4.684793748310767e-05
5.807408160762861e-05
7.183509296737611e-05
8.866482676239684e-05
0.0001092003803933039
0.0001342000614386052
0.000164563927683048
0.0002013573976000771
0.0002458379894960672
0.0002994858077727258
0.0003640379291027784
0.0004415272269397974
0.0005343255470506847
0.0006451921653933823
0.000777327106334269
0.0009344307472929358
0.001120768371038139
0.001341240364126861
0.00160145980771631
0.001907834433950484
0.002267654053866863
0.002689185785129666
0.003181769978255033
0.003755923826247454
0.004423445556312799
0.005197521764785051
0.00609283335506916
0.007125659845769405
0.008313979022204876
0.009677563793957233
0.01123806275427341
0.01301906537264585
0.01504616718739271
0.01734698191285133
0.01995116285979748
0.02289036102592945
0.02619816921651363
0.02991001307964325
0.03406300023198128
0.03869570046663284
0.04384789988398552
0.04956024140119553
0.05587385967373848
0.06282990425825119
0.07046898454427719
0.07883056253194809
0.08795229345560074
0.09786920249462128
0.1086129397153854
0.1202108114957809
0.1326849460601807
0.1460512280464172
0.1603184044361115
0.1754870861768723
0.1915486752986908
0.2084846794605255
0.2262656837701797
0.2448508441448212
0.2641871571540833
0.284209132194519
0.304838627576828
0.3259850144386292
0.3475454151630402
0.3694053888320923
0.3914400041103363
0.413515031337738
0.435488760471344
0.457213819026947
0.4785395264625549
0.4993146061897278
0.5193898677825928
0.5386212468147278
0.5568727254867554
0.5740198493003845
0.5899524092674255
0.6045776605606079
0.6178229451179504
0.6296380162239075
0.6399968862533569
0.6488993763923645
0.656371533870697
0.6624664068222046
0.6672630310058594
0.6708651781082153
0.6733996868133545
0.675013542175293
0.6758708953857422
0.6761490702629089
0.6760342121124268
0.6757166981697083
0.6753862500190735
0.6752270460128784
0.6754124760627747
0.6761007308959961
0.6774305105209351
0.6795169115066528
0.6824482083320618
0.6862834692001343
0.6910509467124939
0.696747362613678
0.7033385038375854
0.7107601761817932
0.7189207077026367
0.7277041673660278
0.7369745373725891
0.7465804815292358
0.7563607096672058
0.7661500573158264
0.775784969329834
0.7851098775863647
0.7939825057983398
0.8022791147232056
0.8098989725112915
0.8167675733566284
0.8228396773338318
0.8281000852584839
0.8325638175010681
0.8362749814987183
0.8393046855926514
0.8417471051216125
0.8437154293060303
0.8453366756439209
0.8467459678649902
0.8480806946754456
0.8494742512702942
0.8510510325431824
0.8529205322265625
0.8551735281944275
0.8578780293464661
0.8610773086547852
0.8647883534431458
0.8690024018287659
0.8736855387687683
0.8787814974784851
0.8842148780822754
0.8898956179618835
0.8957237601280212
0.9015946388244629
0.9074044823646545
0.9130551815032959
0.9184592962265015
0.9235442876815796
0.9282553791999817
0.9325580596923828
0.9364389777183533
0.9399058818817139
0.9429864883422852
0.9457262754440308
0.9481850862503052
0.9504337310791016
0.9525493979454041
0.9546113014221191
0.9566962122917175
0.9588741660118103
0.9612051248550415
0.9637355208396912
0.9664969444274902
0.9695044755935669
0.9727566242218018
0.9762365221977234
0.9799133539199829
0.9837448000907898
0.9876803159713745
0.9916645288467407
0.9956405758857727
0.9995540976524353
1.003355979919434
1.007005453109741
1.010471940040588
1.013737082481384
1.016794562339783
1.019650101661682
1.022320866584778
1.024833202362061
1.027220845222473
1.02952253818512
1.031779050827026
1.034030079841614
1.036312341690063
1.038656711578369
1.04108726978302
1.043619275093079
1.046258926391602
1.049003839492798
1.051843166351318
1.054759383201599
1.057729244232178
1.060726523399353
1.06372332572937
1.066692233085632
1.069608449935913
1.072451829910278
1.075207114219666
1.077865242958069
1.080423593521118
1.08288586139679
1.085261225700378
1.087563514709473
1.089809775352478
1.092018842697144
1.094210028648376
1.096401810646057
1.098610043525696
1.100846886634827
1.103120803833008
1.105435252189636
1.107790231704712
1.110180974006653
1.11259925365448
1.115034222602844
1.117473602294922
1.119904518127441
1.12231457233429
1.124692678451538
1.12703013420105
1.129320621490479
1.131561160087585
1.133751511573792
1.135894417762756
1.137994766235352
1.140058994293213
1.142094612121582
1.14410924911499
1.146110415458679
1.148103713989258
1.150093674659729
1.152082085609436
1.154068350791931
1.156049966812134
1.158021807670593
1.159976720809937
1.161906242370605
1.163800001144409
1.165647864341736
1.167438745498657
1.169162154197693
1.170807480812073
1.172364711761475
1.173824310302734
1.175177335739136
1.176415085792542
1.177528381347656
1.178508043289185
1.179344058036804
1.180025219917297
1.18053936958313
1.180872559547424
1.181009411811829
1.180933117866516
1.180625081062317
1.180066466331482
1.179237365722656
1.178117752075195
1.176688194274902
1.174929857254028
1.172825932502747
1.170361518859863
1.167524814605713
1.164306998252869
1.16070294380188
1.15671169757843
1.152336835861206
1.147586822509766
1.142474770545959
1.137019038200378
1.131243228912354
1.125175952911377
1.118850946426392
1.112306833267212
1.105587005615234
1.0987389087677
1.091814398765564
1.084868431091309
1.077958583831787
1.071144223213196
1.064485907554626
1.058043718338013
1.051876306533813
1.046040058135986
1.040587306022644
1.035564780235291
1.031013011932373
1.026964426040649
1.023442625999451
1.020461440086365
1.01802384853363
1.016121625900269
1.014735221862793
1.013833999633789
1.013376712799072
1.013312220573425
1.013580918312073
1.014115929603577
1.014845132827759
1.015692949295044
1.016582727432251
1.017439246177673
1.018190979957581
1.018771767616272
1.019124269485474
1.019200563430786
1.018964529037476
1.0183926820755
1.017474770545959
1.016214728355408
1.014629483222961
1.012748718261719
1.010613799095154
1.008275270462036
1.005790948867798
1.003224015235901
1.000639915466309
0.998103141784668
0.9956753849983215
0.9934124350547791
0.9913616180419922
0.9895603656768799
0.9880345463752747
0.9867971539497375
0.9858484268188477
0.9851760864257812
0.9847558736801147
0.9845534563064575
0.9845257997512817
0.9846240878105164
0.9847956895828247
0.9849874973297119
0.9851484298706055
0.985231876373291
0.985197901725769
0.9850154519081116
0.9846635460853577
0.9841321110725403
0.9834219813346863
0.9825447201728821
0.9815212488174438
0.9803802967071533
0.979156494140625
0.9778884053230286
0.9766157269477844
0.9753769040107727
0.9742068648338318
0.9731353521347046
0.9721850156784058
0.9713702797889709
0.9706970453262329
0.970162570476532
0.969756007194519
0.9694596529006958
0.9692500233650208
0.9691001176834106
0.9689810276031494
0.9688640832901001
0.9687225222587585
0.9685335755348206
0.9682794809341431
0.9679481387138367
0.9675341844558716
0.967038631439209
0.9664685726165771
0.9658361673355103
0.9651573896408081
0.9644508957862854
0.9637361168861389
0.9630318284034729
0.9623549580574036
0.9617191553115845
0.9611338973045349
0.9606041312217712
0.9601296782493591
0.9597059488296509
0.9593240022659302
0.958971381187439
0.9586332440376282
0.9582936763763428
0.9579362869262695
0.9575456380844116
0.9571077823638916
0.9566113352775574
0.9560474753379822
0.9554101824760437
0.9546962976455688
0.9539044499397278
0.9530349373817444
0.9520890116691589
0.9510675072669983
0.9499703049659729
0.9487958550453186
0.9475398063659668
0.9461950063705444
0.944750964641571
0.9431942105293274
0.9415079355239868
0.9396727085113525
0.937666654586792
0.9354662299156189
0.9330465793609619
0.9303823113441467
0.9274477958679199
0.924217700958252
0.9206673502922058
0.9167726039886475
0.9125103354454041
0.9078582525253296
0.9027944803237915
0.8972975015640259
0.8913459181785583
0.884918749332428
0.8779949545860291
0.8705533742904663
0.8625732064247131
0.8540341854095459
0.8449168801307678
0.8352029323577881
0.8248764276504517
0.8139236569404602
0.8023341298103333
0.7901011109352112
0.7772223949432373
0.7637004852294922
0.7495432496070862
0.7347639799118042
0.7193819880485535
0.7034221887588501
0.6869156956672668
0.6698994040489197
0.6524156928062439
0.6345126628875732
0.6162435412406921
0.59766685962677
0.5788455605506897
0.5598468780517578
0.5407419800758362
0.5216055512428284
0.5025149583816528
0.4835498631000519
0.4647918939590454
0.4463232457637787
0.4282263219356537
0.4105825126171112
0.3934713304042816
0.376969039440155
0.3611481487751007
0.3460755944252014
0.3318120539188385
0.3184107542037964
0.3059162795543671
0.2943637371063232
0.2837779819965363
0.2741727232933044
0.2655501365661621
0.2579003572463989
0.2512014210224152
0.2454191297292709
0.2405073642730713
0.2364084422588348
0.2330538928508759
0.2303652316331863
0.2282551527023315
0.2266287505626678
0.2253850996494293
0.2244188636541367
0.22362220287323
0.2228866219520569
0.2221051007509232
0.2211740612983704
0.2199955433607101
0.2184792757034302
0.2165444791316986
0.2141217142343521
0.21115443110466
0.2076002061367035
0.2034317553043365
0.1986375898122787
0.1932222098112106
0.187206044793129
0.1806249767541885
0.1735292971134186
0.1659824401140213
0.1580593883991241
0.1498445570468903
0.1414297074079514
0.1329113095998764
0.1243881508708
0.1159584894776344
0.107717476785183
0.09975451231002808
0.09215082973241806
0.08497726172208786
0.07829229533672333
0.07214053720235825
0.06655149161815643
0.06153881922364235
0.05710006505250931
0.05321682989597321
0.04985547065734863
0.04696822166442871
0.04449476674199104
0.04236417263746262
0.04049722477793694
0.03880893066525459
0.03721117600798607
0.03561561554670334
0.03393634036183357
0.03209259361028671
0.03001122362911701
0.02762888744473457
0.02489381842315197
0.02176723629236221
0.01822423934936523
0.01425420399755239
0.00986059382557869
0.00506036588922143
-0.0001172170741483569
-0.005632152780890465
-0.01143566891551018
-0.01747249253094196
-0.02368330955505371
-0.03000732697546482
-0.03638485074043274
-0.0427597351372242
-0.04908162727952003
-0.05530793592333794
-0.06140537932515144
-0.06735116243362427
-0.07313361018896103
-0.07875227183103561
-0.08421758562326431
-0.0895499661564827
-0.09477844834327698
-0.0999390110373497
-0.105072483420372
-0.1102222502231598
-0.1154318898916245
-0.1207427382469177
-0.126191571354866
-0.1318084597587585
-0.1376149952411652
-0.1436228156089783
-0.1498326659202576
-0.1562338769435883
-0.162804514169693
-0.1695118993520737
-0.1763136982917786
-0.1831595599651337
-0.1899928748607635
-0.1967532336711884
-0.2033788412809372
-0.2098090350627899
-0.215986892580986
-0.2218615710735321
-0.2273906022310257
-0.232541635632515
-0.237293928861618
-0.2416393011808395
-0.2455824464559555
-0.2491409033536911
-0.2523441910743713
-0.2552327811717987
-0.2578564286231995
-0.2602719068527222
-0.2625408470630646
-0.2647270560264587
-0.2668940126895905
-0.2691020369529724
-0.2714061141014099
-0.2738535106182098
-0.2764819860458374
-0.2793183326721191
-0.2823775112628937
-0.2856622934341431
-0.2891631722450256
-0.29285928606987
-0.2967195212841034
-0.3007038533687592
-0.3047654926776886
-0.3088529407978058
-0.3129121065139771
-0.3168889582157135
-0.3207314014434814
-0.3243914246559143
-0.327826976776123
-0.3310031890869141
-0.333893358707428
-0.336479514837265
-0.338752418756485
-0.340711236000061
-0.3423625528812408
-0.3437193632125854
-0.3447993695735931
-0.3456233441829681
-0.3462134301662445
-0.346591055393219
-0.3467754423618317
-0.3467820882797241
-0.3466214239597321
-0.3462979197502136
-0.3458097875118256
-0.3451485633850098
-0.344299852848053
-0.3432438671588898
-0.3419566750526428
-0.3404116630554199
-0.3385810554027557
-0.3364379405975342
-0.333957850933075
-0.3311207592487335
-0.3279124796390533
-0.32432621717453
-0.3203635811805725
-0.3160350620746613
-0.3113604784011841
-0.3063687682151794
-0.3010974228382111
-0.2955916821956635
-0.289903312921524
-0.284089058637619
-0.2782092988491058
-0.2723261713981628
-0.2665019929409027
-0.2607977986335754
-0.2552718818187714
-0.2499785870313644
-0.2449673116207123
-0.2402818500995636
-0.2359599620103836
-0.2320330739021301
-0.2285262048244476
-0.2254580557346344
-0.2228412479162216
-0.2206824868917465
-0.2189828604459763
-0.2177379876375198
-0.2169381082057953
-0.216568261384964
-0.2166082561016083
-0.2170326262712479
-0.2178106009960175
-0.2189062386751175
-0.2202783972024918
-0.2218811362981796
-0.2236640751361847
-0.2255731523036957
-0.2275513708591461
-0.2295401096343994
-0.2314804047346115
-0.2333144396543503
-0.234987273812294
-0.2364485114812851
-0.237653985619545
-0.2385672777891159
-0.2391611486673355
-0.2394185364246368
-0.2393333464860916
-0.2389107197523117
-0.2381670624017715
-0.237129345536232
-0.2358341813087463
-0.2343266010284424
-0.2326581925153732
-0.2308852225542068
-0.2290665507316589
-0.2272613644599915
-0.2255269885063171
-0.2239168882369995
-0.2224786579608917
-0.2212525606155396
-0.2202700674533844
-0.21955306828022
-0.219113290309906
-0.2189521938562393
-0.2190612852573395
-0.2194226682186127
-0.2200101166963577
-0.2207902669906616
-0.2217241376638412
-0.2227687835693359
-0.2238789349794388
-0.2250089794397354
-0.2261146008968353
-0.2271544486284256
-0.2280916124582291
-0.2288950383663177
-0.229540541768074
-0.230011522769928
-0.2302994579076767
-0.2304040491580963
-0.2303330302238464
-0.2301015555858612
-0.2297314703464508
-0.2292500734329224
-0.2286888509988785
-0.2280818819999695
-0.2274643033742905
-0.2268706411123276
-0.2263332158327103
-0.2258807122707367
-0.225536897778511
-0.2253196537494659
-0.2252402305603027
-0.2253028601408005
-0.2255048304796219
-0.2258368879556656
-0.2262836992740631
-0.2268250584602356
-0.2274369597434998
-0.2280930280685425
-0.2287659347057343
-0.2294288277626038
-0.2300568222999573
-0.2306282073259354
-0.2311255186796188
-0.2315362095832825
-0.2318532168865204
-0.2320750951766968
-0.2322057783603668
-0.2322542518377304
-0.2322337627410889
-0.2321609258651733
-0.2320545464754105
-0.2319345027208328
-0.2318205833435059
-0.2317312955856323
-0.2316828668117523
-0.2316884249448776
-0.2317573130130768
-0.2318948060274124
-0.2321019619703293
-0.2323756963014603
-0.2327092289924622
-0.2330926507711411
-0.2335136532783508
-0.2339584827423096
-0.234412744641304
-0.2348624020814896
-0.2352945357561111
-0.2356982082128525
-0.2360650151968002
-0.2363893687725067
-0.2366688996553421
-0.2369042932987213
-0.2370990663766861
-0.2372592836618423
-0.2373929619789124
-0.2375094890594482
-0.2376188486814499
-0.2377309948205948
-0.2378551661968231
-0.2379992604255676
-0.2381694465875626
-0.2383698225021362
-0.2386022359132767
-0.2388662993907928
-0.2391595393419266
-0.239477664232254
-0.2398150116205215
-0.2401650100946426
-0.2405206710100174
-0.2408751398324966
-0.241222083568573
-0.241556242108345
-0.2418736517429352
-0.2421718239784241
-0.2424498796463013
-0.2427084892988205
-0.2429497539997101
-0.2431769222021103
-0.2433941215276718
-0.2436059415340424
-0.243817076086998
-0.2440320402383804
-0.2442546933889389
-0.2444881945848465
-0.2447345703840256
-0.2449948787689209
-0.2452690601348877
-0.2455560117959976
-0.2458537518978119
-0.2461596578359604
-0.2464706748723984
-0.2467836141586304
-0.2470953762531281
-0.2474031746387482
-0.2477047890424728
-0.2479986548423767
-0.2482839375734329
-0.2485605329275131
-0.2488290667533875
-0.2490907162427902
-0.2493471503257751
-0.2496002912521362
-0.249852180480957
-0.2501047849655151
-0.250359833240509
-0.2506186664104462
-0.2508820593357086
-0.2511504888534546
-0.2514236867427826
-0.2517010271549225
-0.2519813477993011
-0.2522631883621216
-0.2525449097156525
-0.2528247535228729
-0.2531009614467621
-0.2533718049526215
-0.2536358833312988
-0.2538919150829315
-0.2541389167308807
-0.2543761730194092
-0.2546030282974243
-0.2548189461231232
-0.2550234794616699
-0.255216121673584
-0.2553961873054504
-0.2555626928806305
-0.2557142972946167
-0.2558492720127106
-0.2559655010700226
-0.2560604810714722
-0.2561312615871429
-0.2561744749546051
-0.2561864256858826
-0.2561632096767426
-0.256100594997406
-0.2559943497180939
-0.2558400630950928
-0.2556335031986237
-0.2553704082965851
-0.2550466656684875
-0.2546584010124207
-0.2542019784450531
-0.2536740005016327
-0.2530714571475983
-0.2523916959762573
-0.2516324520111084
-0.2507920265197754
-0.2498692125082016
-0.2488635778427124
-0.2477753311395645
-0.2466056197881699
-0.2453564703464508
-0.2440308928489685
-0.2426331043243408
-0.2411684542894363
-0.239643469452858
-0.2380659878253937
-0.2364450246095657
-0.2347908318042755
-0.2331146597862244
-0.2314288020133972
-0.2297462821006775
-0.2280808240175247
-0.2264464050531387
-0.2248571962118149
-0.223327174782753
-0.2218698412179947
-0.2204979360103607
-0.2192231267690659
-0.2180557250976562
-0.2170043587684631
-0.2160757482051849
-0.2152745276689529
-0.2146030068397522
-0.2140609920024872
-0.213645875453949
-0.2133525013923645
-0.2131732255220413
-0.2130980640649796
-0.213114932179451
-0.213209792971611
-0.2133670747280121
-0.2135699838399887
-0.2138009667396545
-0.2140422016382217
-0.2142760008573532
-0.2144854217767715
-0.2146546393632889
-0.2147695273160934
-0.2148180305957794
-0.2147906124591827
-0.2146804183721542
-0.2144836634397507
-0.2141996175050735
-0.2138307094573975
-0.213382363319397
-0.2128628343343735
-0.2122828811407089
-0.2116553485393524
-0.210994690656662
-0.2103164345026016
-0.2096365243196487
-0.2089707255363464
-0.2083340585231781
-0.2077401727437973
-0.2072007954120636
-0.2067252695560455
-0.2063202708959579
-0.2059895098209381
-0.2057336866855621
-0.2055504471063614
-0.2054345309734344
-0.2053781747817993
-0.2053713798522949
-0.2054024636745453
-0.2054586410522461
-0.20552659034729
-0.205593153834343
-0.205645814538002
-0.2056734263896942
-0.2056665867567062
-0.205618143081665
-0.2055234014987946
-0.2053802460432053
-0.2051893174648285
-0.204953745007515
-0.2046789824962616
-0.2043723911046982
-0.2040428519248962
-0.2037001997232437
-0.2033546268939972
-0.2030161768198013
-0.2026942074298859
-0.2023968547582626
-0.2021306604146957
-0.2019002437591553
-0.201708123087883
-0.2015546411275864
-0.2014380246400833
-0.2013546079397202
-0.2012990862131119
-0.2012649029493332
-0.2012447416782379
-0.2012309432029724
-0.2012159824371338
-0.2011929899454117
-0.2011560052633286
-0.2011004239320755
-0.2010231763124466
-0.2009228318929672
-0.2007996439933777
-0.2006554454565048
-0.2004934251308441
-0.200317844748497
-0.200133740901947
-0.1999465078115463
-0.1997615844011307
-0.199584037065506
-0.1994181871414185
-0.1992674469947815
-0.1991340965032578
-0.1990192085504532
-0.1989225745201111
-0.198842853307724
-0.1987777054309845
-0.1987240165472031
-0.1986781805753708
-0.1986363232135773
-0.1985946744680405
-0.1985497921705246
-0.1984987854957581
-0.1984395682811737
-0.1983708590269089
-0.1982922554016113
-0.1982042342424393
-0.1981080621480942
-0.1980056464672089
-0.1978993117809296
-0.1977915912866592
-0.1976850777864456
-0.1975821256637573
-0.1974848210811615
-0.1973946988582611
-0.1973127424716949
-0.1972392350435257
-0.1971739232540131
-0.1971159428358078
-0.197064071893692
-0.1970166712999344
-0.1969720274209976
-0.1969283670186996
-0.1968840956687927
-0.1968378573656082
-0.1967886686325073
-0.1967358887195587
-0.1966793835163116
-0.1966194063425064
-0.1965565532445908
-0.1964917331933975
-0.1964260190725327
-0.1963605284690857
-0.1962963789701462
-0.1962345540523529
-0.1961758136749268
-0.1961206942796707
-0.1960694342851639
-0.1960219293832779
-0.1959778964519501
-0.1959368288516998
-0.195898026227951
-0.1958607733249664
-0.1958243101835251
-0.1957879662513733
-0.1957511454820633
-0.1957134902477264
-0.1956747621297836
-0.1956349462270737
-0.1955941617488861
-0.1955527514219284
-0.1955111026763916
-0.1954696476459503
-0.195428878068924
-0.1953891962766647
-0.1953509747982025
-0.1953144371509552
-0.1952797323465347
-0.1952468454837799
-0.1952156722545624
-0.1951859891414642
-0.1951575428247452
-0.1951300352811813
-0.1951031535863876
-0.1950766146183014
-0.1950501948595047
-0.1950237900018692
-0.1949972659349442
-0.1949706375598907
-0.1949439644813538
-0.1949173808097839
-0.194891095161438
-0.1948652416467667
-0.1948399990797043
-0.1948155462741852
-0.1947919875383377
-0.1947693973779678
-0.1947478055953979
-0.1947271376848221
-0.1947073638439178
-0.1946883648633957
-0.1946700513362885
-0.1946522295475006
-0.1946348547935486
-0.1946177929639816
-0.1946009695529938
-0.1945843696594238
-0.1945679634809494
-0.1945517808198929
-0.1945358514785767
-0.1945202201604843
-0.1945049613714218
-0.1944901049137115
-0.1944756954908371
-0.1944617182016373
-0.1944482028484344
-0.1944351345300674
-0.1944224685430527
-0.1944101005792618
-0.1943979412317276
-0.1943858861923218
-0.194373831152916
-0.1943616271018982
-0.1943491548299789
-0.1943362355232239
-0.1943227648735046
-0.1943085491657257
-0.1942934095859528
-0.1942771226167679
-0.1942594796419144
-0.1942401826381683
-0.1942189037799835
-0.1941952705383301
-0.1941688507795334
-0.1941390633583069
-0.1941053569316864
-0.1940670013427734
-0.1940232366323471
-0.1939731687307358
-0.1939157992601395
-0.1938500255346298
-0.193774625658989
-0.1936882436275482
-0.1935893893241882
-0.1934764385223389
-0.1933476030826569
-0.1932009309530258
-0.1930343508720398
-0.1928456127643585
-0.1926322281360626
-0.192391648888588
-0.1921211332082748
-0.1918178051710129
-0.1914786547422409
-0.1911005526781082
-0.1906803250312805
-0.1902146935462952
-0.1897004097700119
-0.1891342252492905
-0.188512995839119
-0.1878336668014526
-0.1870934069156647
-0.1862895935773849
-0.1854199320077896
-0.1844825595617294
-0.1834759712219238
-0.18239925801754
-0.1812521070241928
-0.180034875869751
-0.1787486970424652
-0.1773954629898071
-0.1759779900312424
-0.1745000183582306
-0.1729661822319031
-0.1713820695877075
-0.1697542816400528
-0.1680903285741806
-0.166398674249649
-0.1646885424852371
-0.1629699915647507
-0.1612536758184433
-0.1595507562160492
-0.15787273645401
-0.1562312692403793
-0.1546380072832108
-0.1531043350696564
-0.1516412049531937
-0.1502588391304016
-0.1489665806293488
-0.1477726399898529
-0.1466838270425797
-0.14570552110672
-0.144841343164444
-0.1440931260585785
-0.1434608697891235
-0.1429425776004791
-0.1425344049930573
-0.1422306299209595
-0.1420238465070724
-0.1419051140546799
-0.1418641954660416
-0.1418897956609726
-0.1419699639081955
-0.1420924216508865
-0.1422448605298996
-0.1424154341220856
-0.142593115568161
-0.1427680552005768
-0.1429319679737091
-0.1430784463882446
-0.1432031840085983
-0.143304169178009
-0.1433818191289902
-0.1434390246868134
-0.1434810310602188
-0.1435153782367706
-0.1435516178607941
-0.1436009854078293
-0.1436760425567627
-0.1437902599573135
-0.1439573764801025
-0.1441910564899445
-0.1445041596889496
-0.1449084430932999
-0.1454138308763504
-0.146028146147728
-0.1467566341161728
-0.1476017385721207
-0.1485629230737686
-0.1496365070343018
-0.1508157998323441
-0.1520912200212479
-0.1534505486488342
-0.1548793166875839
-0.1563611924648285
-0.1578784883022308
-0.1594127863645554
-0.1609453856945038
-0.1624579876661301
-0.163933128118515
-0.1653547137975693
-0.1667084246873856
-0.1679820120334625
-0.1691656112670898
-0.1702517569065094
-0.1712355017662048
-0.172114372253418
-0.1728881001472473
-0.1735584735870361
-0.1741290241479874
-0.1746046841144562
-0.1749914586544037
-0.1752961277961731
-0.1755258291959763
-0.1756878942251205
-0.1757895201444626
-0.1758377552032471
-0.17583929002285
-0.1758004873991013
-0.1757274270057678
-0.1756259053945541
-0.1755016595125198
-0.1753604263067245
-0.1752081513404846
-0.1750509738922119
-0.1748954057693481
-0.1747482717037201
-0.1746167540550232
-0.1745082587003708
-0.1744301319122314
-0.1743896156549454
-0.1743934601545334
-0.1744476556777954
-0.174557089805603
-0.1747252494096756
-0.1749539822340012
-0.1752432286739349
-0.1755909025669098
-0.1759928613901138
-0.176442876458168
-0.1769328266382217
-0.1774529665708542
-0.1779922246932983
-0.1785387098789215
-0.1790800541639328
-0.1796039789915085
-0.1800989210605621
-0.1805543750524521
-0.1809614300727844
-0.181313082575798
-0.1816045939922333
-0.1818336546421051
-0.1820004433393478
-0.1821075975894928
-0.1821599900722504
-0.1821645200252533
-0.1821296960115433
-0.1820652931928635
-0.1819818317890167
-0.181890070438385
-0.1818005442619324
-0.1817231476306915
-0.181666687130928
-0.1816385835409164
-0.1816445738077164
-0.1816885769367218
-0.1817726492881775
-0.1818969696760178
-0.1820599436759949
-0.1822583824396133
-0.1824876815080643
-0.1827421933412552
-0.1830154359340668
-0.1833004802465439
-0.183590292930603
-0.1838779598474503
-0.1841569840908051
-0.1844215840101242
-0.1846668273210526
-0.1848888248205185
-0.18508480489254
-0.1852532774209976
-0.185393899679184
-0.1855074465274811
-0.1855958551168442
-0.1856619864702225
-0.1857094913721085
-0.185742661356926
-0.1857661604881287
-0.1857849061489105
-0.1858037263154984
-0.1858272701501846
-0.185859739780426
-0.1859046369791031
-0.1859647780656815
-0.1860420703887939
-0.186137467622757
-0.1862509101629257
-0.1863813996315002
-0.1865270733833313
-0.1866852790117264
-0.1868528127670288
-0.1870260387659073
-0.1872011125087738
-0.1873741447925568
-0.1875415295362473
-0.1877000480890274
-0.1878470927476883
-0.1879807412624359
-0.1880998760461807
-0.1882042735815048
-0.18829445540905
-0.1883717477321625
-0.1884381175041199
-0.1884960532188416
-0.1885484308004379
-0.1885982006788254
-0.1886483430862427
-0.1887015551328659
-0.1887602061033249
-0.1888262331485748
-0.1889009028673172
-0.1889848262071609
-0.1890780180692673
-0.1891798228025436
-0.1892891079187393
-0.1894042491912842
-0.1895232945680618
-0.1896441876888275
-0.1897647976875305
-0.1898831278085709
-0.1899973899126053
-0.1901061683893204
-0.1902084797620773
-0.1903037130832672
-0.1903918087482452
-0.1904730796813965
-0.1905483156442642
-0.190618559718132
-0.1906851083040237
-0.1907494068145752
-0.1908129006624222
-0.1908769458532333
-0.190942794084549
-0.1910114288330078
-0.1910835653543472
-0.1911595910787582
-0.1912395656108856
-0.1913232654333115
-0.191410169005394
-0.1914995461702347
-0.1915905326604843
-0.1916821748018265
-0.1917735189199448
-0.1918636411428452
-0.1919517815113068
-0.1920372843742371
-0.1921197324991226
-0.1921989321708679
-0.192274883389473
-0.1923478245735168
-0.1924181431531906
-0.1924863904714584
-0.1925531625747681
-0.1926191300153732
-0.1926849484443665
-0.1927512139081955
-0.1928183883428574
-0.1928867995738983
-0.1929566562175751
-0.1930279731750488
-0.1931006461381912
-0.193174421787262
-0.19324891269207
-0.1933237165212631
-0.1933983415365219
-0.1934723258018494
-0.1935451924800873
-0.193616509437561
-0.1936859637498856
-0.1937533169984818
-0.1938184201717377
-0.1938811838626862
-0.1939416080713272
-0.1939997375011444
-0.1940556615591049
-0.1941094398498535
-0.1941610872745514
-0.1942105740308762
-0.1942577660083771
-0.1943024545907974
-0.1943442821502686
-0.1943827718496323
-0.1944172978401184
-0.1944471448659897
-0.1944714337587357
-0.1944891810417175
-0.1944992989301682
-0.1945006549358368
-0.1944919228553772
-0.1944718211889267
-0.1944389045238495
-0.1943917274475098
-0.194328710436821
-0.1942482590675354
-0.1941486001014709
-0.1940278857946396
-0.1938841789960861
-0.1937154233455658
-0.1935194283723831
-0.1932938396930695
-0.1930362433195114
-0.1927440166473389
-0.1924145519733429
-0.1920450478792191
-0.1916327774524689
-0.1911749392747879
-0.1906687319278717
-0.1901115030050278
-0.1895006448030472
-0.1888337880373001
-0.1881088316440582
-0.1873238384723663
-0.1864773631095886
-0.185568243265152
-0.1845958232879639
-0.1835599392652512
-0.1824609935283661
-0.1812999844551086
-0.180078536272049
-0.1787990033626556
-0.1774644106626511
-0.1760785579681396
-0.1746459454298019
-0.1731718480587006
-0.1716622859239578
-0.1701239347457886
-0.1685641705989838
-0.1669909954071045
-0.165412962436676
-0.1638390421867371
-0.1622785776853561
-0.1607410907745361
-0.1592361778020859
-0.1577734053134918
-0.1563620418310165
-0.1550109535455704
-0.1537283957004547
-0.1525218635797501
-0.1513978838920593
-0.1503618955612183
-0.1494180709123611
-0.1485692113637924
-0.14781653881073
-0.1471598148345947
-0.1465970724821091
-0.1461248099803925
-0.1457379162311554
-0.1454297304153442
-0.1451922059059143
-0.1450159996747971
-0.1448907405138016
-0.1448051333427429
-0.144747331738472
-0.1447050869464874
-0.1446661800146103
-0.1446186006069183
-0.1445509195327759
-0.1444525420665741
-0.1443140208721161
-0.1441273391246796
-0.1438860297203064
-0.1435854882001877
-0.1432229727506638
-0.1427977532148361
-0.1423111259937286
-0.1417663246393204
-0.1411684453487396
-0.140524297952652
-0.1398420482873917
-0.1391311287879944
-0.1384018063545227
-0.1376648247241974
-0.1369310617446899
-0.1362112015485764
-0.1355152577161789
-0.1348523199558258
-0.1342302113771439
-0.1336551755666733
-0.1331317126750946
-0.1326624602079391
-0.1322480291128159
-0.1318871080875397
-0.1315765082836151
-0.1313113123178482
-0.1310851275920868
-0.1308903098106384
-0.1307183355093002
-0.1305602043867111
-0.1304067522287369
-0.130249097943306
-0.1300789266824722
-0.1298889070749283
-0.1296729743480682
-0.1294265240430832
-0.129146546125412
-0.1288318336009979
-0.128482848405838
-0.1281017661094666
-0.127692237496376
-0.1272591948509216
-0.1268085837364197
-0.1263470947742462
-0.1258817315101624
-0.1254195421934128
-0.1249672397971153
-0.1245308369398117
-0.1241154074668884
-0.1237249001860619
-0.1233619153499603
-0.1230276376008987
-0.1227218136191368
-0.1224428713321686
-0.1221879795193672
-0.1219533011317253
-0.1217341795563698
-0.1215254813432693
-0.1213218495249748
-0.1211180314421654
-0.1209091395139694
-0.1206909194588661
-0.1204599514603615
-0.1202138140797615
-0.1199511736631393
-0.1196718290448189
-0.1193766295909882
-0.1190674230456352
-0.1187468692660332
-0.118418276309967
-0.1180853322148323
-0.1177518963813782
-0.1174217239022255
-0.1170982643961906
-0.1167844757437706
-0.1164826303720474
-0.1161942481994629
-0.1159199923276901
-0.1156597062945366
-0.1154124364256859
-0.1151765733957291
-0.1149499490857124
-0.1147300153970718
-0.1145140379667282
-0.1142992824316025
-0.1140831932425499
-0.113863542675972
-0.1136385947465897
-0.113407127559185
-0.1131685748696327
-0.1129229441285133
-0.1126708313822746
-0.1124133318662643
-0.1121519133448601
-0.1118883267045021
-0.1116244345903397
-0.1113620921969414
-0.1111030131578445
-0.1108486354351044
-0.1106000691652298
-0.1103579998016357
-0.1101226955652237
-0.1098939925432205
-0.1096713542938232
-0.1094538867473602
-0.1092404723167419
-0.1090298593044281
-0.1088207364082336
-0.1086118742823601
-0.1084021776914597
-0.1081907972693443
-0.1079771444201469
-0.1077609211206436
-0.1075421348214149
-0.1073210909962654
-0.1070982813835144
-0.1068744286894798
-0.1066503524780273
-0.1064269095659256
-0.1062048971652985
-0.1059850379824638
-0.1057678908109665
-0.1055538430809975
-0.1053430736064911
-0.1051355600357056
-0.1049310863018036
-0.1047292873263359
-0.1045296564698219
-0.1043316572904587
-0.104134701192379
-0.1039382591843605
-0.1037418842315674
-0.1035452112555504
-0.1033480167388916
-0.1031502038240433
-0.1029518023133278
-0.1027529761195183
-0.1025540083646774
-0.1023552045226097
-0.102156937122345
-0.1019595488905907
-0.1017633676528931
-0.1015686392784119
-0.1013755425810814
-0.1011841595172882
-0.1009944975376129
-0.1008064672350883
-0.1006199270486832
-0.1004346609115601
-0.1002504229545593
-0.1000670045614243
-0.09988416731357574
-0.09970172494649887
-0.09951953589916229
-0.09933751821517944
-0.09915564954280853
-0.09897395968437195
-0.09879255294799805
-0.09861153364181519
-0.09843104332685471
-0.09825121611356735
-0.09807217866182327
-0.09789405763149261
-0.09771692007780075
-0.09754082560539246
-0.09736575931310654
-0.0971917062997818
-0.09701860696077347
-0.09684637933969498
-0.09667493402957916
-0.09650416672229767
-0.09633398801088333
-0.09616432338953018
-0.09599511325359344
-0.09582632780075073
-0.09565795958042145
-0.09549000859260559
-0.09532252699136734
-0.09515555948019028
-0.09498914331197739
-0.09482335299253464
-0.09465822577476501
-0.09449379146099091
-0.0943300798535347
-0.09416710585355759
-0.09400484710931778
-0.09384328871965408
-0.09368239343166351
-0.09352213889360428
-0.09336248785257339
-0.09320340305566788
-0.09304484724998474
-0.09288680553436279
-0.09272925555706024
-0.09257218241691589
-0.09241560101509094
-0.09225950390100479
-0.09210392832756042
-0.09194886684417725
-0.09179435670375824
-0.091640405356884
-0.09148701280355453
-0.09133420884609222
-0.09118196368217468
-0.0910302922129631
-0.0908791720867157
-0.09072859585285187
-0.09057854861021042
-0.09042901545763016
-0.09027998894453049
-0.09013143926858902
-0.08998335152864456
-0.08983574062585831
-0.08968860656023026
-0.08954194933176041
-0.08939575403928757
-0.08925005048513412
-0.08910483121871948
-0.08896010369062424
-0.08881589025259018
-0.08867216110229492
-0.08852893859148026
-0.08838620781898499
-0.08824396878480911
-0.08810220658779144
-0.08796092122793198
-0.08782010525465012
-0.08767974376678467
-0.08753983676433563
-0.08740036189556122
-0.08726132661104202
-0.08712272346019745
-0.0869845524430275
-0.08684681355953217
-0.08670950680971146
-0.08657263964414597
-0.08643621206283569
-0.08630021661520004
-0.08616465330123901
-0.0860295295715332
-0.08589483797550201
-0.08576057851314545
-0.08562673628330231
-0.08549331873655319
-0.0853603184223175
-0.08522772789001465
-0.08509553968906403
-0.08496375381946564
-0.08483237773180008
-0.08470139652490616
-0.08457082509994507
-0.08444065600633621
-0.08431088924407959
-0.0841815248131752
-0.08405256271362305
-0.08392400294542313
-0.08379583805799484
-0.0836680680513382
-0.08354069292545319
-0.08341371268033981
-0.08328711241483688
-0.08316090703010559
-0.08303508162498474
-0.08290962129831314
-0.08278451859951019
-0.08265978097915649
-0.08253540098667145
-0.08241137862205505
-0.08228772878646851
-0.08216444402933121
-0.08204152435064316
-0.08191896975040436
-0.08179676532745361
-0.08167492598295212
-0.08155344426631927
-0.08143232017755508
-0.08131155371665955
-0.08119114488363266
-0.08107108622789383
-0.08095137774944305
-0.08083201944828033
-0.08071301877498627
-0.08059436827898026
-0.0804760530591011
-0.08035808056592941
-0.08024045079946518
-0.08012315630912781
-0.08000620454549789
-0.07988959550857544
-0.07977331429719925
-0.07965736091136932
-0.07954172044992447
-0.07942640781402588
-0.07931141555309296
-0.0791967436671257
-0.07908239960670471
-0.07896836847066879
-0.07885465770959854
-0.07874126732349396
-0.07862819731235504
-0.0785154402256012
-0.07840299606323242
-0.07829087227582932
-0.07817906141281128
-0.07806754112243652
-0.07795634865760803
-0.07784545421600342
-0.07773487269878387
-0.0776246041059494
-0.07751463353633881
-0.07740496098995209
-0.07729558646678925
-0.07718650996685028
-0.07707773894071579
-0.07696925103664398
-0.07686106115579605
-0.07675314694643021
-0.07664551585912704
-0.07653816789388657
-0.07643110305070877
-0.07632431387901306
-0.07621781527996063
-0.07611159980297089
-0.07600566744804382
-0.07590001821517944
-0.07579465955495834
-0.07568957656621933
-0.075584776699543
-0.07548025250434875
-0.07537601143121719
-0.07527205348014832
-0.07516836374998093
-0.07506495714187622
-0.0749618262052536
-0.07485897839069366
-0.07475639134645462
-0.07465407252311707
-0.0745520144701004
-0.07445022463798523
-0.07434869557619095
-0.07424744218587875
-0.07414644956588745
-0.07404572516679764
-0.07394526153802872
-0.07384505122900009
-0.07374510169029236
-0.07364540547132492
-0.07354596257209778
-0.07344677299261093
-0.07334783673286438
-0.07324915379285812
-0.07315071672201157
-0.07305252552032471
-0.07295458763837814
-0.07285690307617188
-0.07275945693254471
-0.07266226410865784
-0.07256532460451126
-0.07246863096952438
-0.07237216830253601
-0.07227595150470734
-0.07217996567487717
-0.0720842108130455
-0.07198868691921234
-0.07189340144395828
-0.07179835438728333
-0.07170353829860687
-0.07160896807909012
-0.07151463627815247
-0.07142054289579391
-0.07132668793201447
-0.07123307138681412
-0.07113967835903168
-0.07104652374982834
-0.0709536001086235
-0.07086090743541718
-0.07076843827962875
-0.07067619264125824
-0.07058418542146683
-0.07049239426851273
-0.07040082663297653
-0.07030948251485825
-0.07021835446357727
-0.07012744247913361
-0.07003675401210785
-0.0699462890625
-0.06985604763031006
-0.06976603716611862
-0.0696762427687645
-0.06958667188882828
-0.06949730962514877
-0.06940816342830658
-0.0693192258477211
-0.06923048943281174
-0.06914194673299789
-0.06905362010002136
-0.06896549463272095
-0.06887757778167725
-0.06878986954689026
-0.06870236247777939
-0.06861504912376404
-0.0685279369354248
-0.06844103336334229
-0.06835434585809708
-0.06826787441968918
-0.0681816041469574
-0.06809554249048233
-0.06800968945026398
-0.06792404502630234
-0.06783860176801682
-0.06775335967540741
-0.06766830384731293
-0.06758345663547516
-0.06749878823757172
-0.06741432845592499
-0.06733004748821259
-0.06724595278501511
-0.06716204434633255
-0.06707832962274551
-0.066994808614254
-0.0669114962220192
-0.06682837009429932
-0.06674546748399734
-0.0666627436876297
-0.06658022105693817
-0.06649787724018097
-0.06641571968793869
-0.06633374840021133
-0.0662519559264183
-0.06617035716772079
-0.06608894467353821
-0.06600771099328995
-0.06592667102813721
-0.06584580987691879
-0.0657651275396347
-0.06568463146686554
-0.0656043216586113
-0.06552419811487198
-0.06544425338506699
-0.06536449491977692
-0.06528491526842117
-0.06520551443099976
-0.06512629240751266
-0.0650472417473793
-0.06496835500001907
-0.06488962471485138
-0.06481105089187622
-0.06473264843225479
-0.06465441733598709
-0.06457636505365372
-0.06449848413467407
-0.06442077457904816
-0.06434324383735657
-0.06426588445901871
-0.06418869644403458
-0.06411168724298477
-0.06403485685586929
-0.06395819038152695
-0.06388169527053833
-0.06380537152290344
-0.06372921168804169
-0.06365321576595306
-0.06357737630605698
-0.06350170075893402
-0.0634261891245842
-0.0633508488535881
-0.06327567249536514
-0.06320066004991531
-0.06312580406665802
-0.06305111944675446
-0.06297659873962402
-0.06290223449468613
-0.06282802671194077
-0.06275397539138794
-0.06268008053302765
-0.06260634958744049
-0.06253277510404587
-0.06245935708284378
-0.06238610297441483
-0.06231299787759781
-0.06224005296826363
-0.06216726079583168
-0.06209462881088257
-0.06202214956283569
-0.06194982305169106
-0.06187765300273895
-0.06180563941597939
-0.06173378601670265
-0.06166208907961845
-0.06159054487943649
-0.06151915714144707
-0.06144792586565018
-0.06137683242559433
-0.06130588799715042
-0.06123507767915726
-0.06116441637277603
-0.06109389290213585
-0.06102350726723671
-0.06095326319336891
-0.06088315695524216
-0.06081319600343704
-0.06074336916208267
-0.06067369133234024
-0.06060416623950005
-0.06053478643298149
-0.06046555191278458
-0.0603964626789093
-0.06032752245664597
-0.06025872379541397
-0.06019006669521332
-0.0601215623319149
-0.06005320325493813
-0.05998498946428299
-0.05991691723465919
-0.05984898656606674
-0.05978119000792503
-0.05971353128552437
-0.05964600294828415
-0.05957860499620438
-0.05951134115457535
-0.05944421142339706
-0.05937721580266953
-0.05931035429239273
-0.05924363061785698
-0.05917703732848167
-0.05911058560013771
-0.05904427170753479
-0.05897809192538261
-0.05891204997897148
-0.05884614214301109
-0.05878036841750145
-0.05871473625302315
-0.05864923819899559
-0.05858386307954788
-0.05851861834526062
-0.0584535039961338
-0.05838851630687714
-0.05832365527749062
-0.05825891718268394
-0.05819430947303772
-0.05812982842326164
-0.05806546658277512
-0.05800123140215874
-0.0579371266067028
-0.05787314102053642
-0.05780928954482079
-0.05774556845426559
-0.05768198147416115
-0.05761852115392685
-0.05755519866943359
-0.05749199911952019
-0.05742893368005753
-0.05736599490046501
-0.05730318278074265
-0.05724049732089043
-0.05717793107032776
-0.05711548402905464
-0.05705314874649048
-0.05699093639850616
-0.05692883208394051
-0.0568668432533741
-0.05680496245622635
-0.05674320086836815
-0.0566815547645092
-0.0566200278699398
-0.05655862390995026
-0.05649733915925026
-0.05643617734313011
-0.05637514218688011
-0.05631422996520996
-0.05625344812870026
-0.0561927892267704
-0.05613225325942039
-0.05607183650135994
-0.05601153522729874
-0.05595134198665619
-0.0558912567794323
-0.05583128333091736
-0.05577141791582108
-0.05571165680885315
-0.05565200373530388
-0.05559246614575386
-0.0555330365896225
-0.05547372251749039
-0.05541452765464783
-0.05535544082522392
-0.05529647693037987
-0.05523762479424477
-0.05517888441681862
-0.05512024834752083
-0.05506172031164169
-0.05500330775976181
-0.05494499579071999
-0.05488679930567741
-0.0548287034034729
-0.05477071925997734
-0.05471283569931984
-0.0546550564467907
-0.05459738522768021
-0.05453981459140778
-0.0544823631644249
-0.05442501977086067
-0.0543677806854248
-0.05431065335869789
-0.05425363406538963
-0.05419673398137093
-0.05413994193077087
-0.05408325791358948
-0.05402667820453644
-0.05397021397948265
-0.05391385406255722
-0.05385760217905045
-0.05380144715309143
-0.05374539270997047
-0.05368944630026817
-0.05363360419869423
-0.05357785895466805
-0.05352221056818962
-0.05346666648983955
-0.05341121926903725
-0.0533558763563633
-0.0533006377518177
-0.05324549600481987
-0.0531904548406601
-0.05313551053404808
-0.05308066681027412
-0.05302592739462852
-0.05297128111124039
-0.05291673913598061
-0.05286229774355888
-0.05280794575810432
-0.05275369808077812
-0.05269954353570938
-0.0526454821228981
-0.05259152129292488
-0.05253765359520912
-0.05248388648033142
-0.05243021249771118
-0.05237662792205811
-0.05232314020395279
-0.05226975306868553
-0.05221646279096603
-0.052163265645504
-0.05211016163229942
-0.05205715447664261
-0.05200425162911415
-0.05195144563913345
-0.05189873650670052
-0.05184612795710564
-0.05179360881447792
-0.05174118652939796
-0.05168886482715607
-0.05163663998246193
-0.05158450827002525
-0.05153246596455574
-0.05148050934076309
-0.05142863839864731
-0.05137685686349869
-0.05132515355944633
-0.05127353221178055
-0.05122200027108192
-0.05117055773735046
-0.05111920088529587
-0.05106794089078903
-0.05101677402853966
-0.05096570402383804
-0.05091473087668419
-0.05086386203765869
-0.05081310868263245
-0.05076246336102486
-0.05071192979812622
-0.05066151171922684
-0.050611212849617
-0.05056103318929672
-0.05051098391413689
-0.0504610687494278
-0.05041129514575005
-0.05036166682839394
-0.05031219124794006
-0.05026287958025932
-0.05021373927593231
-0.05016479268670082
-0.05011604726314545
-0.05006752535700798
-0.05001923814415932
-0.04997120425105095
-0.04992344230413437
-0.04987597838044167
-0.04982883110642433
-0.04978201165795326
-0.04973556101322174
-0.04968950152397156
-0.0496438555419445
-0.04959865286946297
-0.04955393075942993
-0.04950972646474838
-0.04946606606245041
-0.0494229830801487
-0.04938052594661713
-0.04933872446417809
-0.04929761588573456
-0.04925724491477013
-0.04921765625476837
-0.04917888715863228
-0.04914097487926483
-0.04910396784543991
-0.04906788468360901
-0.04903277382254601
-0.04899866133928299
-0.04896557703614235
-0.04893353953957558
-0.04890257492661476
-0.0488727018237114
-0.04884392768144608
-0.0488162636756897
-0.04878970980644226
-0.04876425862312317
-0.04873989522457123
-0.04871660470962524
-0.04869434610009193
-0.04867308959364891
-0.04865278303623199
-0.04863335564732552
-0.0486147478222847
-0.04859687760472298
-0.04857964068651199
-0.04856294766068459
-0.0485466793179512
-0.04853072389960289
-0.0485149547457695
-0.04849923774600029
-0.04848342761397362
-0.04846737906336784
-0.04845093190670013
-0.04843394085764885
-0.04841624945402145
-0.04839769750833511
-0.04837812855839729
-0.04835740104317665
-0.04833536595106125
-0.04831189289689064
-0.04828684777021408
-0.04826011508703232
-0.04823160544037819
-0.04820123687386513
-0.04816893488168716
-0.04813465848565102
-0.04809838533401489
-0.0480601079761982
-0.04801984876394272
-0.04797766357660294
-0.04793360829353333
-0.04788776859641075
-0.04784027114510536
-0.0477912463247776
-0.04774085432291031
-0.04768927022814751
-0.04763669520616531
-0.04758333414793015
-0.04752941429615021
-0.04747515544295311
-0.04742079228162766
-0.04736655205488205
-0.0473126694560051
-0.04725936055183411
-0.04720685258507729
-0.04715533927083015
-0.04710499942302704
-0.04705598577857018
-0.04700843244791031
-0.04696245118975639
-0.0469181090593338
-0.04687545448541641
-0.04683450236916542
-0.04679521545767784
-0.04675754532217979
-0.04672139883041382
-0.04668665304780006
-0.04665315896272659
-0.04662074148654938
-0.0465891994535923
-0.04655830934643745
-0.04652784392237663
-0.04649756848812103
-0.04646724462509155
-0.04643664136528969
-0.04640552029013634
-0.04637366160750389
-0.04634086787700653
-0.04630695655941963
-0.04627177491784096
-0.04623519256711006
-0.04619713127613068
-0.04615753144025803
-0.04611637443304062
-0.04607367143034935
-0.0460294745862484
-0.04598387703299522
-0.04593699052929878
-0.04588897153735161
-0.04583999887108803
-0.04579025506973267
-0.04573996365070343
-0.04568934068083763
-0.04563861340284348
-0.04558800160884857
-0.04553772509098053
-0.04548797756433487
-0.04543894156813622
-0.04539076238870621
-0.04534358158707619
-0.04529747739434242
-0.04525251314043999
-0.04520871862769127
-0.04516608268022537
-0.04512455314397812
-0.04508404806256294
-0.04504446312785149
-0.04500566050410271
-0.04496747627854347
-0.04492973536252975
-0.04489225149154663
-0.04485483095049858
-0.04481728002429008
-0.04477940499782562
-0.04474103823304176
-0.04470201209187508
-0.04466218873858452
-0.04462146013975143
-0.04457974433898926
-0.04453697800636292
-0.04449315369129181
-0.04444827884435654
-0.04440239816904068
-0.04435558989644051
-0.04430795460939407
-0.04425962269306183
-0.04421073943376541
-0.04416146501898766
-0.04411197826266289
-0.04406244307756424
-0.04401303827762604
-0.04396393522620201
-0.0439152717590332
-0.04386718943715096
-0.04381979629397392
-0.04377317056059837
-0.04372737556695938
-0.04368243739008904
-0.04363834485411644
-0.04359506815671921
-0.04355253651738167
-0.04351067170500755
-0.04346935823559761
-0.04342847317457199
-0.04338787496089935
-0.04334741830825806
-0.04330695047974586
-0.04326632991433144
-0.04322541132569313
-0.0431840643286705
-0.043142169713974
-0.04309963434934616
-0.04305636882781982
-0.04301230609416962
-0.04296740144491196
-0.04292162880301476
-0.04287498444318771
-0.04282745718955994
-0.04277906566858292
-0.04272982105612755
-0.04267974570393562
-0.04262885823845863
-0.04257716611027718
-0.04252467304468155
-0.04247136786580086
-0.04241722077131271
-0.04236219078302383
-0.04230621457099915
-0.04224921017885208
-0.04219107702374458
-0.0421316996216774
-0.04207094386219978
-0.0420086681842804
-0.04194473102688789
-0.04187898337841034
-0.04181127995252609
-0.04174148291349411
-0.04166947305202484
-0.04159514978528023
-0.0415184311568737
-0.04143927246332169
-0.04135766252875328
-0.04127361252903938
-0.04118717461824417
-0.04109844565391541
-0.04100755229592323
-0.04091465845704079
-0.04081995412707329
-0.04072367772459984
-0.04062608629465103
-0.04052745923399925
-0.04042809829115868
-0.04032832011580467
-0.04022844508290291
-0.04012879729270935
-0.04002971574664116
-0.0399315170943737
-0.03983451798558235
-0.03973902016878128
-0.03964531049132347
-0.03955364599823952
-0.03946427255868912
-0.03937741369009018
-0.03929325938224792
-0.03921198099851608
-0.03913372382521629
-0.03905859962105751
-0.03898670896887779
-0.03891810774803162
-0.03885283321142197
-0.03879087418317795
-0.03873220831155777
-0.03867677971720695
-0.03862448781728745
-0.03857521340250969
-0.03852880373597145
-0.0384850800037384
-0.03844381868839264
-0.03840478137135506
-0.03836770355701447
-0.03833227977156639
-0.03829820081591606
-0.03826512768864632
-0.0382327102124691
-0.03820058330893517
-0.03816838935017586
-0.03813575953245163
-0.03810233995318413
-0.0380677804350853
-0.03803176805377007
-0.03799400478601456
-0.03795422986149788
-0.03791221976280212
-0.03786778822541237
-0.03782080486416817
-0.03777119517326355
-0.03771893307566643
-0.03766405209898949
-0.03760663792490959
-0.03754683583974838
-0.03748483210802078
-0.03742088004946709
-0.03735525906085968
-0.03728829324245453
-0.03722032532095909
-0.03715173527598381
-0.03708290308713913
-0.03701421245932579
-0.03694604337215424
-0.03687876090407372
-0.03681269660592079
-0.03674817830324173
-0.03668547794222832
-0.03662482649087906
-0.03656640276312828
-0.03651034459471703
-0.03645673766732216
-0.03640560060739517
-0.03635689988732338
-0.03631056845188141
-0.03626646474003792
-0.03622440993785858
-0.03618419542908669
-0.03614557534456253
-0.03610827028751373
-0.03607199341058731
-0.03603643551468849
-0.0360012985765934
-0.03596626967191696
-0.0359310694038868
-0.03589543327689171
-0.035859115421772
-0.03582191467285156
-0.03578365966677666
-0.03574422001838684
-0.03570352494716644
-0.03566154465079308
-0.03561829775571823
-0.03557384386658669
-0.0355282835662365
-0.0354817658662796
-0.03543446213006973
-0.0353865921497345
-0.03533837199211121
-0.03529004752635956
-0.03524186834692955
-0.03519407659769058
-0.03514690697193146
-0.03510057553648949
-0.03505526483058929
-0.03501112759113312
-0.03496827930212021
-0.03492679074406624
-0.0348866879940033
-0.03484795242547989
-0.03481052070856094
-0.0347742885351181
-0.03473910316824913
-0.0347047857940197
-0.0346711203455925
-0.03463788703083992
-0.03460484370589256
-0.03457174822688103
-0.03453836590051651
-0.0345044806599617
-0.03446988761425018
-0.03443441540002823
-0.03439793363213539
-0.03436035662889481
-0.03432163968682289
-0.03428177535533905
-0.03424081578850746
-0.03419884666800499
-0.03415599092841148
-0.03411242738366127
-0.03406834602355957
-0.0340239591896534
-0.03397950157523155
-0.03393520787358284
-0.03389131277799606
-0.03384803608059883
-0.03380557894706726
-0.03376410529017448
-0.03372375294566154
-0.0336846187710762
-0.03364675492048264
-0.03361016884446144
-0.03357483819127083
-0.03354068472981453
-0.03350760042667389
-0.03347544372081757
-0.03344403579831123
-0.03341319039463997
-0.03338271006941795
-0.03335238248109818
-0.03332200646400452
-0.03329139947891235
-0.03326037898659706
-0.033228799700737
-0.03319653868675232
-0.03316350653767586
-0.03312965109944344
-0.03309494629502296
-0.03305940702557564
-0.03302307054400444
-0.03298601135611534
-0.03294831141829491
-0.03291008621454239
-0.03287145122885704
-0.03283253312110901
-0.03279345110058784
-0.03275433555245399
-0.03271529823541641
-0.03267642110586166
-0.03263778239488602
-0.03259944543242455
-0.03256142884492874
-0.0325237400829792
-0.03248636424541473
-0.03244926035404205
-0.03241238370537758
-0.03237564861774445
-0.03233897686004639
-0.03230227902531624
-0.03226546198129654
-0.03222842887043953
-0.03219109028577805
-0.03215336054563522
-0.03211517259478569
-0.03207647427916527
-0.03203722089529037
-0.03199739381670952
-0.0319569893181324
-0.03191601485013962
-0.03187448903918266
-0.03183244168758392
-0.03178991377353668
-0.03174695745110512
-0.03170361742377281
-0.03165995329618454
-0.03161601722240448
-0.03157185018062592
-0.03152750059962273
-0.03148302435874939
-0.03143844753503799
-0.03139381855726242
-0.03134917840361595
-0.03130456060171127
-0.03125998750329018
-0.03121550381183624
-0.03117114305496216
-0.03112694807350636
-0.03108297102153301
-0.03103926032781601
-0.03099587373435497
-0.03095287457108498
-0.03091033361852169
-0.03086832351982594
-0.03082691878080368
-0.03078619763255119
-0.03074623458087444
-0.03070709854364395
-0.03066885657608509
-0.03063156642019749
-0.03059527650475502
-0.03056002035737038
-0.0305258184671402
-0.03049268200993538
-0.03046059794723988
-0.03042954206466675
-0.03039947897195816
-0.03037036024034023
-0.03034212626516819
-0.03031470067799091
-0.03028800897300243
-0.03026196360588074
-0.03023647703230381
-0.03021145612001419
-0.03018681704998016
-0.03016247227787971
-0.03013833612203598
-0.03011432848870754
-0.03009037487208843
-0.03006641194224358
-0.03004237450659275
-0.03001820482313633
-0.02999385632574558
-0.02996927872300148
-0.02994442917406559
-0.02991926856338978
-0.02989376150071621
-0.0298678781837225
-0.02984158881008625
-0.02981486916542053
-0.02978769689798355
-0.02976006455719471
-0.02973195910453796
-0.02970338426530361
-0.02967434749007225
-0.02964486368000507
-0.02961495704948902
-0.02958466298878193
-0.02955402433872223
-0.02952309884130955
-0.02949194237589836
-0.02946062758564949
-0.0294292327016592
-0.02939784340560436
-0.02936654351651669
-0.02933542244136333
-0.02930457144975662
-0.02927407622337341
-0.02924401871860027
-0.02921447344124317
-0.02918550744652748
-0.02915718033909798
-0.02912953495979309
-0.02910260297358036
-0.02907639741897583
-0.02905092015862465
-0.02902616187930107
-0.02900209836661816
-0.02897868677973747
-0.02895587868988514
-0.02893361076712608
-0.02891180850565434
-0.02889039553701878
-0.02886928431689739
-0.02884838916361332
-0.02882761880755424
-0.02880688942968845
-0.02878611534833908
-0.02876522019505501
-0.02874413132667542
-0.02872278913855553
-0.02870114333927631
-0.0286791455000639
-0.02865677326917648
-0.02863400802016258
-0.0286108423024416
-0.02858729101717472
-0.02856336906552315
-0.02853911183774471
-0.0285145565867424
-0.02848975732922554
-0.02846477180719376
-0.02843966521322727
-0.02841450646519661
-0.02838937006890774
-0.02836433239281178
-0.02833947166800499
-0.02831485867500305
-0.02829056233167648
-0.02826664596796036
-0.02824316546320915
-0.02822016924619675
-0.02819769270718098
-0.02817576378583908
-0.0281543917953968
-0.02813358046114445
-0.02811331115663052
-0.02809356153011322
-0.02807429246604443
-0.0280554611235857
-0.02803700976073742
-0.02801888063549995
-0.02800100669264793
-0.02798332460224628
-0.02796576917171478
-0.0279482789337635
-0.02793079428374767
-0.02791326306760311
-0.02789564244449139
-0.02787790074944496
-0.02786001563072205
-0.0278419703245163
-0.02782376669347286
-0.02780541218817234
-0.02778693474829197
-0.02776836045086384
-0.02774972654879093
-0.02773108892142773
-0.02771249786019325
-0.02769401110708714
-0.027675686404109
-0.02765757963061333
-0.02763975411653519
-0.02762226387858391
-0.02760516479611397
-0.02758849412202835
-0.02757229469716549
-0.02755659073591232
-0.02754140645265579
-0.02752675674855709
-0.02751264348626137
-0.02749906666576862
-0.02748601697385311
-0.02747347392141819
-0.02746141701936722
-0.02744982205331326
-0.02743865922093391
-0.02742789871990681
-0.02741750702261925
-0.0274074524641037
-0.02739770151674747
-0.02738822810351849
-0.02737900242209435
-0.02737000212073326
-0.02736120671033859
-0.02735260315239429
-0.02734418027102947
-0.02733593247830868
-0.02732785418629646
-0.02731994353234768
-0.02731220610439777
-0.02730464190244675
-0.02729725651443005
-0.02729004621505737
-0.02728300541639328
-0.02727613784372807
-0.02726943232119083
-0.02726287394762039
-0.02725644037127495
-0.02725010737776756
-0.02724384143948555
-0.02723759785294533
-0.02723133191466331
-0.02722498401999474
-0.02721850015223026
-0.02721181139349937
-0.02720484882593155
-0.02719754166901112
-0.027189826592803
-0.02718163281679153
-0.02717289887368679
-0.02716356515884399
-0.02715358324348927
-0.02714291214942932
-0.02713152021169662
-0.02711939439177513
-0.02710652537643909
-0.02709292434155941
-0.02707861177623272
-0.02706362120807171
