0
0
0
0
0
0
0
0
0
0
0
0
0
0
0
0
0
0
0
0
0
0
0
0
0
0
0
0
0
0
0
0
0
0
0
0
0
0
0
0
0
0
0
0
0
0
0
0
0
0
0
0
0
0
0
0
0
0
0
0
0
0
0
0
0
0
0
0
0
0
0
0
0
0
0
0
0
0
0
0
0
0
0
0
0
0
0
0
0
0
0
0
0
0
0
0
0
0
0
0
0
0
0
0
0
0
0
0
0
0
0
0
0
0
0
0
0
0
0
0
0
0
0
0
0
0
0
0
0
0
0
0
0
0
0
0
0
0
0
0
0
0
0
0
0
0
0
0
0
0
0
0
0
0
0
0
0
0
0
0
0
0
0
0
0
0
0
0
0
0
0
0
0
0
0
0
0
0
0
0
0
0
0
0
0
0
0
0
0
0
0
0
0
0
0
0
0
0
0
0
0
0
0
0
0
0
0
0
0
0
0
0
0
0
0
0
0
0
0
0
0
0
0
0
0
0
0
0
0
0
0
0
0
0
0
0
0
0
0
0
0
0
0
0
0
0
0
0
0
0
0
0
0
0
0
0
0
0
0
0
0
0
0
0
0
0
0
0
0
0
0
0
0
0
0
0
0
0
0
0
0
0
0
0
0
0
0
0
0
0
0
0
0
0
0
0
0
0
0
0
0
0
0
0
0
0
0
0
0
0
0
0
0
0
0
0
0
0
0
0
0
0
0
0
0
0
0
0
0
0
0
0
0
0
0
0
0
0
0
0
0
0
0
0
0
0
0
0
0
0
0
0
0
0
0
0
0
0
0
0
0
0
0
0
0
0
0
0
0
0
0
0
0
0
0
0
0
0
0
0
0
0
0
0
0
0
0
0
0
0
0
0
0
0
0
0
0
0
0
0
0
0
0
0
0
0
0
0
0
0
0
0
0
0
0
0
0
0
0
0
0
0
0
0
0
0
0
0
0
0
0
0
0
0
0
0
0
0
0
0
0
0
0
0
0
0
0
0
0
0
0
0
0
0
0
0
0
0
0
0
0
0
0
0
0
0
0
0
0
0
0
0
0
0
0
0
0
0
0
0
0
0
0
0
0
0
0
0
0
0
0
0
0
0
0
0
0
0
0
0
0
0
0
0
0
0
0
0
0
0
0
0
0
0
0
0
0
0
0
0
0
0
0
0
0
0
0
0
0
0
0
0
0
0
0
0
0
0
0
0
0
0
0
0
0
0
0
0
0
0
0
0
0
0
0
0
0
0
0
0
0
0
0
0
0
0
0
0
0
0
0
0
0
0
0
0
0
0
0
0
0
0
0
0
0
0
0
0
0
0
0
0
0
0
0
0
0
0
0
0
0
0
0
0
0
0
0
0
0
0
0
0
0
0
0
0
0
0
0
0
0
0
0
0
0
0
0
0
0
0
0
0
0
0
0
0
0
0
0
0
0
0
0
0
0
0
0
0
0
0
0
0
0
0
0
0
0
0
0
0
0
0
0
0
0
0
0
0
0
0
0
0
0
0
0
0
0
0
0
0
0
0
0
0
0
0
0
0
0
0
0
0
0
0
0
0
0
0
0
0
0
0
0
0
0
0
0
0
0
0
0
0
0
0
0
0
0
0
0
0
0
0
0
0
0
0
0
0
0
0
0
0
0
0
0
0
0
0
0
0
0
0
0
0
0
0
0
0
0
0
0
0
0
0
0
0
0
0
0
0
0
0
0
0
0
0
0
0
0
0
0
0
0
0
0
0
0
0
0
0
0
0
0
0
0
0
0
0
0
0
0
0
0
0
0
0
0
0
0
0
0
0
0
0
0
0
0
0
0
0
0
0
0
0
0
0
0
0
0
0
0
0
0
0
0
0
0
0
0
0
0
0
0
0
0
0
0
0
0
0
0
0
0
0
0
0
0
0
0
0
0
0
0
0
0
0
0
0
0
0
0
0
0
0
0
0
0
0
0
0
0
0
0
0
0
0
0
0
0
0
0
0
0
0
0
0
0
0
0
0
0
0
0
0
0
0
0
0
0
0
0
0
0
0
0
0
0
0
0
0
0
0
0
0
0
0
0
0
0
0
0
0
0
0
0
0
0
0
0
0
0
0
0
0
0
0
2.802596928649634e-45
1.68155815718978e-44
4.203895392974451e-44
8.127531093083939e-44
1.513402341470802e-43
2.746544990076641e-43
5.05868745621259e-43
9.360673741689778e-43
1.732004901905474e-42
3.203368289446532e-42
5.921887310236677e-42
1.092452282787627e-41
2.010302776920383e-41
3.691860934110163e-41
6.765609115606649e-41
1.237402595937386e-40
2.258220501228729e-40
4.112250473407608e-40
7.472143801319222e-40
1.354730513758375e-39
2.450767318017745e-39
4.423788549294766e-39
7.967676569467621e-39
1.431913192394307e-38
2.567745191482345e-38
4.594517148994244e-38
8.203196165483008e-38
1.461450153788916e-37
2.598035378827497e-37
4.608595770457561e-37
8.157499598353621e-37
1.440829699364357e-36
2.539439265183452e-36
4.466165731832247e-36
7.838010364403293e-36
1.372629144339845e-35
2.398717330913436e-35
4.182980289203357e-35
7.279063948530997e-35
1.264009649411057e-34
2.190345000812728e-34
3.787599837047841e-34
6.535928128966907e-34
1.125496443484489e-33
1.934090262904843e-33
3.316707269354994e-33
5.675934717030895e-33
9.693253517207265e-33
1.651983336916803e-32
2.809620165308574e-32
4.76867201401893e-32
8.077130251767028e-32
1.365301541198997e-31
2.303104939263829e-31
3.877166401356714e-31
6.513772958782166e-31
1.092119451744453e-30
1.827380071517122e-30
3.051480455469074e-30
5.085306299171394e-30
8.457661917782169e-30
1.403821470746347e-29
2.325432213135664e-29
3.84438968800268e-29
6.342854067726277e-29
1.044425308827636e-28
1.716355183034499e-28
2.81498229939889e-28
4.607703613993881e-28
7.527234298200102e-28
1.227241560644921e-27
1.996962477782115e-27
3.243071892609711e-27
5.256441367588061e-27
8.503093178778399e-27
1.372820274765919e-26
2.212093551839233e-26
3.55752417538245e-26
5.710160417978561e-26
9.147583602029023e-26
1.462592861484224e-25
2.334000541606112e-25
3.717409147797964e-25
5.90939648405586e-25
9.375848516823292e-25
1.484718462375314e-24
2.346632423369996e-24
3.701815783588267e-24
5.828471976954668e-24
9.159380351265215e-24
1.436647290406453e-23
2.249097345504108e-23
3.514322952395501e-23
5.480897022215032e-23
8.531774290212775e-23
1.325580408116766e-22
2.055668272890681e-22
3.181861752184557e-22
4.915776759682893e-22
7.580307064320366e-22
1.166718866960439e-21
1.79238628656108e-21
2.748425926964992e-21
4.206536532258924e-21
6.426204620211083e-21
9.798840505233553e-21
1.491372555544584e-20
2.265635257761812e-20
3.435478185563059e-20
5.199705475004922e-20
7.855351706382798e-20
1.184537371330597e-19
1.782908969705917e-19
2.678599265530001e-19
4.016847732682205e-19
6.012608885561799e-19
8.98341202892163e-19
1.339742768928782e-18
1.994362648957708e-18
2.963399153094445e-18
4.395217153765306e-18
6.50691992210703e-18
9.615599080930848e-18
1.418351045349161e-17
2.088326478794853e-17
3.069170283072264e-17
4.502485025702509e-17
6.593149613216804e-17
9.637039271535977e-17
1.406063707483604e-16
2.047753633708596e-16
2.976887499306786e-16
4.319760563691749e-16
6.257055674773566e-16
9.046781979961654e-16
1.305667195116377e-15
1.880986584209838e-15
2.704918401893672e-15
3.882741008456826e-15
5.563383548333814e-15
7.957127456394673e-15
1.136032626747763e-14
1.618985402283748e-14
2.303101387715872e-14
3.270405051370578e-14
4.635630394085252e-14
6.558963712866711e-14
9.263626649623491e-14
1.306010285811662e-13
1.837943453030302e-13
2.581891677452125e-13
3.620466014660206e-13
5.067709489894878e-13
7.080760131873698e-13
9.875730875436028e-13
1.374928057691627e-12
1.910786416245425e-12
2.650732931763766e-12
3.670637144931321e-12
5.073862770904602e-12
7.000964044601155e-12
9.642705904588933e-12
1.32575088060416e-11
1.819477901676692e-11
2.492605601089881e-11
3.408648016622884e-11
4.652993962350749e-11
6.340222097334092e-11
8.623786407202516e-11
1.170881447354333e-10
1.586898390470992e-10
2.146872679631429e-10
2.899241124953988e-10
3.908255663542803e-10
5.258984359102215e-10
7.063839513321568e-10
9.471079476242039e-10
1.267586147157829e-09
1.693458262508329e-09
2.258343956285103e-09
3.006241033887136e-09
3.994617969738101e-09
5.29839061513826e-09
7.015027225776294e-09
9.27109411463789e-09
1.223061207866749e-08
1.610573008292704e-08
2.117030284409793e-08
2.777713348223187e-08
3.637984846704967e-08
4.756052973675651e-08
6.206460767543831e-08
8.084481351033901e-08
1.05116356508006e-07
1.364261095204711e-07
1.767392632245901e-07
2.285472078256134e-07
2.950021382730483e-07
3.800841454904003e-07
4.888084959020489e-07
6.274816541917971e-07
8.040175316637033e-07
1.028326551022474e-06
1.312793870056339e-06
1.672863959356619e-06
2.127757397829555e-06
2.701342964428477e-06
3.423199132157606e-06
4.329901003075065e-06
5.466580205393257e-06
6.888807547511533e-06
8.664856977702584e-06
1.087842520064441e-05
1.363190403935732e-05
1.705026807030663e-05
2.128571941284463e-05
2.652321563800797e-05
3.29870090354234e-05
4.094837277079932e-05
5.073475040262565e-05
6.27404369879514e-05
7.743918104097247e-05
9.539884194964543e-05
0.0001172984557342716
0.0001439482002751902
0.0001763123436830938
0.0002155357942683622
0.000262974645011127
0.0003202312218490988
0.0003891942033078521
0.0004720840370282531
0.0005715048755519092
0.0006905027548782527
0.0008326317765749991
0.001002027885988355
0.001203491119667888
0.001442577806301415
0.001725701615214348
0.002060245722532272
0.002454686211422086
0.002918724669143558
0.003463434521108866
0.004101416561752558
0.004846967756748199
0.005716259591281414
0.006727525033056736
0.007901256904006004
0.009260412305593491
0.01083062123507261
0.0126404007896781
0.01472136378288269
0.01710842736065388
0.01984001696109772
0.02295824326574802
0.02650906890630722
0.03054245002567768
0.03511244058609009
0.04027725011110306
0.04609924554824829
0.05264492332935333
0.05998473986983299
0.06819294393062592
0.07734725624322891
0.08752844482660294
0.09881982952356339
0.1113065704703331
0.1250749081373215
0.1402111947536469
0.1568008363246918
0.1749269366264343
0.1946689337491989
0.2161010652780533
0.2392904460430145
0.264295369386673
0.2911631166934967
0.319927990436554
0.3506090342998505
0.3832076787948608
0.4177057147026062
0.4540629982948303
0.4922152161598206
0.5320723652839661
0.5735166668891907
0.6164016723632812
0.6605511903762817
0.7057587504386902
0.7517878413200378
0.7983729243278503
0.845220685005188
0.8920124173164368
0.9384070634841919
0.9840449094772339
1.028552770614624
1.071548938751221
1.112649440765381
1.151474833488464
1.187657594680786
1.2208491563797
1.250728368759155
1.277008891105652
1.299446225166321
1.317845344543457
1.332066416740417
1.34203052520752
1.347723603248596
1.349199295043945
1.346580862998962
1.340060830116272
1.329899430274963
1.316420674324036
1.300008416175842
1.281099200248718
1.260174512863159
1.237751126289368
1.214371204376221
1.190590977668762
1.166968703269958
1.144052505493164
1.122368454933167
1.102407932281494
1.084616422653198
1.069382786750793
1.057029604911804
1.047804713249207
1.041875123977661
1.039322376251221
1.040139675140381
1.044231653213501
1.051416754722595
1.061431527137756
1.073937773704529
1.088531494140625
1.104755043983459
1.122109413146973
1.140069127082825
1.158099174499512
1.175670027732849
1.192275524139404
1.207448124885559
1.220774292945862
1.231907963752747
1.240581154823303
1.246613264083862
1.249915480613708
1.250494241714478
1.248448729515076
1.243967413902283
1.237319231033325
1.228843450546265
1.21893584728241
1.208033561706543
1.196598052978516
1.185097217559814
1.17398738861084
1.163696765899658
1.154609322547913
1.147050023078918
1.141274452209473
1.137458920478821
1.135696053504944
1.135992288589478
1.138269662857056
1.142370581626892
1.148066759109497
1.155069708824158
1.163045048713684
1.171627521514893
1.180437445640564
1.189098358154297
1.197252988815308
1.20457911491394
1.210803031921387
1.215710520744324
1.219155311584473
1.221063852310181
1.221436619758606
1.220346212387085
1.217930912971497
1.214386582374573
1.20995557308197
1.204913020133972
1.199552774429321
1.194172263145447
1.189057946205139
1.184471011161804
1.180635809898376
1.177729368209839
1.175875186920166
1.175138115882874
1.175524234771729
1.176981687545776
1.179407358169556
1.182654142379761
1.186540246009827
1.190861105918884
1.195401549339294
1.199948787689209
1.204303860664368
1.208292841911316
1.211776375770569
1.214656352996826
1.216880917549133
1.218445062637329
1.219391226768494
1.219804406166077
1.219807147979736
1.219551563262939
1.219210028648376
1.218965530395508
1.219001293182373
1.219490647315979
1.220589280128479
1.222427010536194
1.225102066993713
1.228677749633789
1.233181595802307
1.23860490322113
1.244906544685364
1.25201678276062
1.259843111038208
1.268277049064636
1.277201175689697
1.286495923995972
1.296046495437622
1.305747628211975
1.315508484840393
1.325255632400513
1.334933400154114
1.344504356384277
1.353946685791016
1.363251805305481
1.372419953346252
1.381455779075623
1.390363812446594
1.399143576622009
1.407786130905151
1.416270852088928
1.424563884735107
1.432618141174316
1.440373539924622
1.447760462760925
1.454701900482178
1.461119532585144
1.466937184333801
1.472087144851685
1.476515293121338
1.480185747146606
1.483084082603455
1.485221147537231
1.486633896827698
1.487385392189026
1.487563371658325
1.487277030944824
1.486653089523315
1.485830187797546
1.4849534034729
1.484167337417603
1.483610153198242
1.483407020568848
1.483664870262146
1.484467744827271
1.485873699188232
1.487912178039551
1.490583419799805
1.493859529495239
1.497685790061951
1.501984834671021
1.506659746170044
1.511599898338318
1.516685485839844
1.521794438362122
1.526806831359863
1.53161096572876
1.536107897758484
1.540215253829956
1.543870210647583
1.547032475471497
1.549683809280396
1.551829218864441
1.553495049476624
1.55472731590271
1.555588603019714
1.556155562400818
1.55651330947876
1.556752443313599
1.556963682174683
1.557234287261963
1.55764365196228
1.558259963989258
1.559137940406799
1.560315251350403
1.56181275844574
1.563632845878601
1.565760612487793
1.568164587020874
1.570799231529236
1.573608160018921
1.576525926589966
1.5794837474823
1.582411050796509
1.585242033004761
1.587916970252991
1.590386629104614
1.592613816261292
1.594576239585876
1.596266865730286
1.597694396972656
1.598881483078003
1.599863767623901
1.600687026977539
1.601404070854187
1.602071404457092
1.602745771408081
1.603480339050293
1.604321241378784
1.605304956436157
1.606456398963928
1.607787728309631
1.609297752380371
1.61097252368927
1.612786769866943
1.614705801010132
1.61668872833252
1.618691325187683
1.62066912651062
1.622580647468567
1.624390363693237
1.626071095466614
1.627604961395264
1.628984928131104
1.630215048789978
1.631309151649475
1.632290005683899
1.633186340332031
1.634031534194946
1.634860038757324
1.635705232620239
1.63659656047821
1.6375572681427
1.638603925704956
1.639744281768799
1.640977740287781
1.642295837402344
1.643683195114136
1.645118713378906
1.646578788757324
1.648037791252136
1.649471282958984
1.65085780620575
1.652180194854736
1.653427481651306
1.654593825340271
1.655680775642395
1.656695485115051
1.657650113105774
1.658560395240784
1.659444332122803
1.660320281982422
1.661205291748047
1.662114381790161
1.663058042526245
1.664043426513672
1.665072202682495
1.666142106056213
1.667246341705322
1.668375134468079
1.669516682624817
1.670658230781555
1.671787023544312
1.672892451286316
1.673965454101562
1.675000190734863
1.675994753837585
1.676949977874756
1.67786967754364
1.678760051727295
1.679629445075989
1.680486440658569
1.681339740753174
1.682197570800781
1.683066129684448
1.683950066566467
1.684851169586182
1.685769081115723
1.686701416969299
1.687643885612488
1.688591122627258
1.689537286758423
1.690476536750793
1.691403388977051
1.692313551902771
1.693204283714294
1.694074034690857
1.694923281669617
1.695753335952759
1.696567058563232
1.697367548942566
1.698158860206604
1.698943972587585
1.699725747108459
1.700506091117859
1.701285362243652
1.702062845230103
1.702836155891418
1.703601956367493
1.704355955123901
1.705092668533325
1.705805897712708
1.706489205360413
1.707135796546936
1.707738518714905
1.708289980888367
1.708782076835632
1.709206581115723
1.709553956985474
1.709813475608826
1.709972977638245
1.710018038749695
1.70993185043335
1.709695219993591
1.709285855293274
1.708677887916565
1.707842588424683
1.706747531890869
1.705357432365417
1.703633427619934
1.701533555984497
1.699013113975525
1.696025013923645
1.692519783973694
1.688446640968323
1.683753132820129
1.678386807441711
1.672294497489929
1.66542387008667
1.657725095748901
1.649150848388672
1.639657735824585
1.629207253456116
1.617767453193665
1.6053147315979
1.59183394908905
1.577321410179138
1.561784625053406
1.545244216918945
1.527734637260437
1.509304881095886
1.490018606185913
1.469954252243042
1.449204564094543
1.42787504196167
1.406083226203918
1.38395619392395
1.361628413200378
1.339238286018372
1.316924929618835
1.294824481010437
1.273065567016602
1.251765012741089
1.231023550033569
1.210921168327332
1.1915123462677
1.172822833061218
1.154845118522644
1.137536764144897
1.120817542076111
1.10456907749176
1.088635087013245
1.072823882102966
1.056910872459412
1.040643811225891
1.023748874664307
1.005938649177551
0.9869205951690674
0.9664072394371033
0.9441267251968384
0.9198330640792847
0.8933172225952148
0.8644160628318787
0.8330215811729431
0.7990866303443909
0.7626303434371948
0.7237394452095032
0.6825681328773499
0.6393342614173889
0.5943132638931274
0.5478295087814331
0.5002447962760925
0.4519462883472443
0.4033321142196655
0.3547973930835724
0.3067201375961304
0.2594486474990845
0.2132901400327682
0.1685023903846741
0.1252880543470383
0.08379240334033966
0.04410457238554955
0.006262477487325668
-0.0297392625361681
-0.06393835693597794
-0.09639201313257217
-0.127162754535675
-0.1563040465116501
-0.1838468462228775
-0.2097879499197006
-0.2340814173221588
-0.2566335499286652
-0.2773023843765259
-0.2959018349647522
-0.3122102618217468
-0.3259836733341217
-0.3369721472263336
-0.3449390828609467
-0.3496815264225006
-0.3510503470897675
-0.3489693403244019
-0.3434504568576813
-0.3346055448055267
-0.3226522207260132
-0.3079138994216919
-0.2908132970333099
-0.2718600332736969
-0.2516321837902069
-0.2307534962892532
-0.2098673582077026
-0.1896091103553772
-0.1705787926912308
-0.1533158421516418
-0.1382778882980347
-0.1258246749639511
-0.1162082105875015
-0.1095698401331902
-0.1059440150856972
-0.105268195271492
-0.1073976755142212
-0.1121240481734276
-0.1191953122615814
-0.1283358186483383
-0.1392644643783569
-0.1517091989517212
-0.1654172539710999
-0.1801600009202957
-0.1957326829433441
-0.2119495421648026
-0.2286350280046463
-0.2456132620573044
-0.2626967430114746
-0.2796764671802521
-0.2963152229785919
-0.3123452067375183
-0.3274708390235901
-0.341377466917038
-0.3537449240684509
-0.3642658591270447
-0.3726665675640106
-0.3787286281585693
-0.3823095858097076
-0.3833601176738739
-0.3819357454776764
-0.3782020807266235
-0.3724320828914642
-0.364995539188385
-0.3563414812088013
-0.3469741344451904
-0.3374247252941132
-0.3282216191291809
-0.3198605179786682
-0.3127780258655548
-0.3073297441005707
-0.303775280714035
-0.302270919084549
-0.3028698563575745
-0.305529773235321
-0.3101264834403992
-0.3164717257022858
-0.3243330419063568
-0.3334538638591766
-0.343571662902832
-0.3544327914714813
-0.3658028841018677
-0.3774723708629608
-0.3892577886581421
-0.4009993374347687
-0.4125562012195587
-0.4238010346889496
-0.434615284204483
-0.4448860883712769
-0.4545065760612488
-0.4633792042732239
-0.4714219570159912
-0.4785771369934082
-0.4848210215568542
-0.4901729226112366
-0.4947028160095215
-0.4985346496105194
-0.5018459558486938
-0.5048614144325256
-0.5078426599502563
-0.5110720992088318
-0.514835000038147
-0.5193992853164673
-0.5249958038330078
-0.5318014621734619
-0.5399256944656372
-0.5494025349617004
-0.5601891279220581
-0.5721693634986877
-0.5851637721061707
-0.5989435315132141
-0.6132471561431885
-0.6277986168861389
-0.6423243284225464
-0.6565685272216797
-0.670305073261261
-0.6833451390266418
-0.6955414414405823
-0.706788182258606
-0.7170183062553406
-0.7261987924575806
-0.7343249320983887
-0.7414155006408691
-0.7475072741508484
-0.7526524662971497
-0.7569167017936707
-0.7603788375854492
-0.763130784034729
-0.7652777433395386
-0.7669379711151123
-0.7682408094406128
-0.7693232297897339
-0.7703251838684082
-0.771382749080658
-0.772621214389801
-0.7741475701332092
-0.7760440707206726
-0.7783637046813965
-0.7811272144317627
-0.7843237519264221
-0.7879137396812439
-0.7918343544006348
-0.7960071563720703
-0.8003470301628113
-0.804770290851593
-0.8092030882835388
-0.8135876059532166
-0.8178858160972595
-0.8220812678337097
-0.8261776566505432
-0.8301959633827209
-0.8341692090034485
-0.8381367921829224
-0.8421385884284973
-0.8462097644805908
-0.8503764867782593
-0.8546531200408936
-0.8590409159660339
-0.8635287880897522
-0.8680945634841919
-0.8727074265480042
-0.8773303627967834
-0.8819231390953064
-0.8864444494247437
-0.8908540606498718
-0.895114004611969
-0.8991901874542236
-0.9030526876449585
-0.9066770076751709
-0.9100444912910461
-0.9131439328193665
-0.9159720540046692
-0.9185354113578796
-0.9208509922027588
-0.9229469299316406
-0.924862802028656
-0.9266480803489685
-0.9283610582351685
-0.9300654530525208
-0.931827187538147
-0.9337102174758911
-0.9357723593711853
-0.9380610585212708
-0.9406101703643799
-0.9434375166893005
-0.9465437531471252
-0.9499125480651855
-0.9535114169120789
-0.9572948813438416
-0.961207389831543
-0.9651872515678406
-0.9691705107688904
-0.9730949997901917
-0.9769038558006287
-0.9805479049682617
-0.9839884042739868
-0.9871981739997864
-0.9901622533798218
-0.9928779602050781
-0.995354175567627
-0.9976105690002441
-0.999675989151001
-1.00158679485321
-1.003384470939636
-1.005114316940308
-1.006822109222412
-1.00855278968811
-1.010347366333008
-1.01224148273468
-1.014263272285461
-1.016431570053101
-1.018755912780762
-1.021235585212708
-1.023859977722168
-1.026609897613525
-1.02945864200592
-1.032374501228333
-1.035322308540344
-1.038266181945801
-1.041172027587891
-1.04400908946991
-1.046752214431763
-1.049381971359253
-1.051886677742004
-1.054262042045593
-1.05651068687439
-1.058641791343689
-1.060669779777527
-1.062613606452942
-1.064494371414185
-1.06633472442627
-1.068157315254211
-1.06998336315155
-1.071831226348877
-1.073716163635254
-1.075649261474609
-1.07763671875
-1.079680204391479
-1.08177661895752
-1.083918333053589
-1.086094379425049
-1.088289976119995
-1.090488791465759
-1.09267270565033
-1.094823837280273
-1.096924066543579
-1.098957180976868
-1.100908994674683
-1.102766752243042
-1.104520916938782
-1.106163859367371
-1.107690095901489
-1.109095692634583
-1.110377430915833
-1.111532688140869
-1.112557768821716
-1.113447546958923
-1.114194989204407
-1.114790081977844
-1.115219354629517
-1.115465879440308
-1.115508437156677
-1.11532187461853
-1.114877223968506
-1.114141583442688
-1.113078713417053
-1.111649632453918
-1.10981285572052
-1.10752534866333
-1.104743123054504
-1.10142195224762
-1.097517967224121
-1.092988848686218
-1.087793946266174
-1.081895232200623
-1.075258374214172
-1.067852973937988
-1.059652924537659
-1.050637722015381
-1.04079282283783
-1.030110597610474
-1.018590807914734
-1.006241321563721
-0.993078887462616
-0.9791299104690552
-0.9644312858581543
-0.949030876159668
-0.9329879283905029
-0.9163740277290344
-0.8992727398872375
-0.8817795515060425
-0.8640018701553345
-0.8460581302642822
-0.8280764222145081
-0.8101935386657715
-0.7925525307655334
-0.7753005027770996
-0.7585861086845398
-0.7425562739372253
-0.7273529171943665
-0.7131096720695496
-0.6999478936195374
-0.6879735589027405
-0.6772735118865967
-0.6679123640060425
-0.6599299907684326
-0.6533393859863281
-0.6481249928474426
-0.6442421674728394
-0.641617476940155
-0.6401491165161133
-0.63970947265625
-0.6401470899581909
-0.6412910223007202
-0.6429545283317566
-0.6449402570724487
-0.6470459699630737
-0.649069607257843
-0.6508160829544067
-0.6521026492118835
-0.6527647376060486
-0.652661144733429
-0.6516788005828857
-0.6497364640235901
-0.6467877626419067
-0.642822802066803
-0.6378685832023621
-0.6319882869720459
-0.6252791881561279
-0.6178692579269409
-0.6099126935005188
-0.6015839576721191
-0.5930713415145874
-0.5845696330070496
-0.5762724876403809
-0.5683645606040955
-0.5610139966011047
-0.5543655753135681
-0.5485345125198364
-0.5436018705368042
-0.5396109819412231
-0.536565363407135
-0.5344290733337402
-0.5331286191940308
-0.5325561165809631
-0.5325745940208435
-0.5330245494842529
-0.5337313413619995
-0.5345140099525452
-0.5351935625076294
-0.5356016755104065
-0.5355886816978455
-0.5350309014320374
-0.533836305141449
-0.5319485068321228
-0.529349684715271
-0.5260600447654724
-0.5221370458602905
-0.5176712870597839
-0.5127813816070557
-0.507607102394104
-0.5023010969161987
-0.4970209002494812
-0.4919195473194122
-0.4871373474597931
-0.4827941954135895
-0.4789831042289734
-0.4757652580738068
-0.4731672406196594
-0.4711801111698151
-0.4697606861591339
-0.4688349068164825
-0.4683030247688293
-0.4680459797382355
-0.4679333865642548
-0.4678316712379456
-0.467612236738205
-0.4671595394611359
-0.4663779735565186
-0.4651972353458405
-0.4635761380195618
-0.4615044891834259
-0.4590027332305908
-0.4561198055744171
-0.4529290795326233
-0.4495227038860321
-0.4460049271583557
-0.4424847066402435
-0.4390682876110077
-0.4358519315719604
-0.4329156279563904
-0.430318146944046
-0.4280936419963837
-0.4262499213218689
-0.4247688949108124
-0.4236087203025818
-0.4227075576782227
-0.4219887554645538
-0.4213669002056122
-0.4207541346549988
-0.4200668632984161
-0.4192316234111786
-0.4181901514530182
-0.4169031083583832
-0.4153521656990051
-0.4135408401489258
-0.4114930927753448
-0.409250795841217
-0.4068697988986969
-0.4044150710105896
-0.401955246925354
-0.3995570540428162
-0.3972802758216858
-0.3951732516288757
-0.3932696580886841
-0.3915862441062927
-0.3901223242282867
-0.388860672712326
-0.3877694606781006
-0.3868055939674377
-0.3859186470508575
-0.3850554525852203
-0.3841644525527954
-0.38319993019104
-0.3821256160736084
-0.380917102098465
-0.379563570022583
-0.3780677318572998
-0.3764451146125793
-0.3747221529483795
-0.3729332387447357
-0.3711174130439758
-0.3693147599697113
-0.3675629198551178
-0.3658938109874725
-0.3643311858177185
-0.3628889918327332
-0.3615705072879791
-0.3603686690330505
-0.3592672646045685
-0.3582428693771362
-0.3572672009468079
-0.3563101291656494
-0.3553423285484314
-0.3543379604816437
-0.3532768487930298
-0.3521459996700287
-0.3509403467178345
-0.3496628701686859
-0.3483237326145172
-0.3469390273094177
-0.3455288112163544
-0.3441151082515717
-0.3427195847034454
-0.3413616120815277
-0.3400565087795258
-0.3388142883777618
-0.3376390635967255
-0.3365289270877838
-0.3354765176773071
-0.3344701528549194
-0.3334949612617493
-0.3325348794460297
-0.3315739929676056
-0.3305982351303101
-0.3295966684818268
-0.3285622000694275
-0.3274922370910645
-0.3263885676860809
-0.3252567946910858
-0.3241057097911835
-0.3229460418224335
-0.3217893540859222
-0.320646733045578
-0.319527804851532
-0.3184396028518677
-0.3173862993717194
-0.3163687884807587
-0.3153847455978394
-0.3144293427467346
-0.3134955763816833
-0.3125754594802856
-0.3116606771945953
-0.3107435703277588
-0.3098179697990417
-0.3088796138763428
-0.3079264163970947
-0.3069586753845215
-0.3059788048267365
-0.3049909472465515
-0.3040003180503845
-0.3030126392841339
-0.3020334541797638
-0.3010675609111786
-0.3001185357570648
-0.2991884350776672
-0.2982776165008545
-0.2973848879337311
-0.296507716178894
-0.2956426739692688
-0.2947857677936554
-0.2939330041408539
-0.2930807173252106
-0.292226105928421
-0.2913673222064972
-0.2905036807060242
-0.2896355986595154
-0.2887645065784454
-0.2878925800323486
-0.2870225012302399
-0.2861569225788116
-0.2852984070777893
-0.2844489812850952
-0.283609926700592
-0.2827817797660828
-0.2819643318653107
-0.281156599521637
-0.2803570926189423
-0.2795640230178833
-0.2787754237651825
-0.2779895663261414
-0.2772049903869629
-0.2764206528663635
-0.2756360769271851
-0.2748514115810394
-0.2740671634674072
-0.2732842862606049
-0.2725039720535278
-0.2717274129390717
-0.2709558010101318
-0.2701900899410248
-0.2694308757781982
-0.2686784267425537
-0.2679325342178345
-0.2671927809715271
-0.2664584517478943
-0.2657286822795868
-0.2650026977062225
-0.2642796337604523
-0.2635589241981506
-0.2628400325775146
-0.2621228396892548
-0.2614073753356934
-0.2606939077377319
-0.2599828839302063
-0.2592748403549194
-0.2585703134536743
-0.2578697800636292
-0.257173627614975
-0.2564820349216461
-0.2557950019836426
-0.2551124095916748
-0.2544340491294861
-0.2537595331668854
-0.253088504076004
-0.252420574426651
-0.25175541639328
-0.251092791557312
-0.250432550907135
-0.2497746795415878
-0.2491192072629929
-0.248466283082962
-0.2478161156177521
-0.2471689283847809
-0.2465248703956604
-0.2458841502666473
-0.2452469021081924
-0.2446131408214569
-0.2439828515052795
-0.243355929851532
-0.2427322268486023
-0.2421115338802338
-0.2414937019348145
-0.24087855219841
-0.240265965461731
-0.2396558821201324
-0.2390482425689697
-0.2384430319070816
-0.2378402948379517
-0.2372401505708694
-0.2366426587104797
-0.2360479086637497
-0.2354559749364853
-0.2348668724298477
-0.2342806309461594
-0.2336972057819366
-0.233116552233696
-0.2325386106967926
-0.231963261961937
-0.2313904464244843
-0.2308200746774673
-0.2302521169185638
-0.2296865433454514
-0.2291233092546463
-0.2285624146461487
-0.2280038744211197
-0.2274477481842041
-0.2268940061330795
-0.2263426929712296
-0.2257938235998154
-0.225247398018837
-0.2247034162282944
-0.2241618484258652
-0.2236226499080658
-0.2230858206748962
-0.2225513160228729
-0.2220190912485123
-0.2214891165494919
-0.2209613621234894
-0.2204358279705048
-0.2199124544858932
-0.2193912416696548
-0.2188722044229507
-0.2183553278446198
-0.2178405970335007
-0.2173280417919159
-0.2168176174163818
-0.2163093537092209
-0.2158032357692719
-0.2152992337942123
-0.2147973328828812
-0.2142975181341171
-0.213799774646759
-0.2133040726184845
-0.2128103971481323
-0.2123187035322189
-0.2118290066719055
-0.2113413065671921
-0.2108555734157562
-0.210371807217598
-0.2098899930715561
-0.2094101458787918
-0.2089322507381439
-0.2084563076496124
-0.2079823166131973
-0.207510232925415
-0.2070400416851044
-0.2065716981887817
-0.2061052322387695
-0.2056406438350677
-0.2051778882741928
-0.2047169655561447
-0.2042578458786011
-0.2038005590438843
-0.2033451050519943
-0.2028914391994476
-0.202439546585083
-0.2019894421100616
-0.2015410810709
-0.2010945081710815
-0.2006497085094452
-0.2002066373825073
-0.1997652947902679
-0.1993256807327271
-0.1988877654075623
-0.1984515488147736
-0.1980170011520386
-0.1975841224193573
-0.1971529126167297
-0.1967233121395111
-0.1962953507900238
-0.1958690136671066
-0.1954442709684372
-0.1950211375951767
-0.1945996135473251
-0.1941796988248825
-0.1937613934278488
-0.1933446973562241
-0.1929295659065247
-0.192516028881073
-0.1921040564775467
-0.1916936337947845
-0.1912847310304642
-0.1908773630857468
-0.1904715299606323
-0.1900672167539597
-0.1896643936634064
-0.1892630606889725
-0.1888632327318192
-0.188464879989624
-0.1880679875612259
-0.1876725554466248
-0.1872785836458206
-0.1868860572576523
-0.1864949762821198
-0.1861053109169006
-0.1857170760631561
-0.185330256819725
-0.184944823384285
-0.1845607906579971
-0.1841781288385391
-0.1837968826293945
-0.183417022228241
-0.183038517832756
-0.1826614141464233
-0.1822856515645981
-0.1819112598896027
-0.1815382242202759
-0.181166484951973
-0.1807960867881775
-0.1804270297288895
-0.1800592839717865
-0.1796928644180298
-0.1793277561664581
-0.1789639443159103
-0.1786014139652252
-0.1782401651144028
-0.177880197763443
-0.1775214821100235
-0.1771640479564667
-0.1768078655004501
-0.1764529347419739
-0.1760992556810379
-0.175746813416481
-0.1753956228494644
-0.1750456094741821
-0.1746968179941177
-0.1743492037057877
-0.1740028113126755
-0.17365762591362
-0.1733136028051376
-0.1729707419872284
-0.1726290881633759
-0.1722886264324188
-0.1719493269920349
-0.1716112047433853
-0.1712742298841476
-0.1709384024143219
-0.1706037074327469
-0.1702701598405838
-0.1699377596378326
-0.1696064919233322
-0.1692763417959213
-0.1689472943544388
-0.1686193645000458
-0.1682925224304199
-0.1679667681455612
-0.1676421016454697
-0.1673185229301453
-0.166996031999588
-0.1666746288537979
-0.166354313492775
-0.166035071015358
-0.1657168865203857
-0.1653997451066971
-0.1650836765766144
-0.1647686660289764
-0.1644547134637833
-0.1641417890787125
-0.1638299077749252
-0.1635190546512604
-0.1632092297077179
-0.1629004180431366
-0.1625925898551941
-0.1622857600450516
-0.161979928612709
-0.1616751104593277
-0.1613712757825851
-0.1610684096813202
-0.1607665121555328
-0.1604656130075455
-0.1601656675338745
-0.1598667055368423
-0.1595686972141266
-0.1592716723680496
-0.1589756160974503
-0.1586805284023285
-0.1583864092826843
-0.1580932289361954
-0.1578009873628616
-0.1575096845626831
-0.1572193205356598
-0.1569298803806305
-0.1566413640975952
-0.156353771686554
-0.1560670882463455
-0.1557812839746475
-0.1554963737726212
-0.1552123576402664
-0.1549292355775833
-0.1546469777822495
-0.154365599155426
-0.1540850698947906
-0.1538054347038269
-0.1535266637802124
-0.1532487571239471
-0.1529717445373535
-0.1526956409215927
-0.1524204015731812
-0.1521460264921188
-0.1518725156784058
-0.1515998691320419
-0.1513281017541885
-0.1510571837425232
-0.1507870852947235
-0.1505178064107895
-0.1502493321895599
-0.1499816626310349
-0.1497147977352142
-0.1494487375020981
-0.1491834968328476
-0.1489190608263016
-0.14865542948246
-0.1483926028013229
-0.1481305807828903
-0.1478693932294846
-0.1476089805364609
-0.1473493576049805
-0.1470905244350433
-0.1468325257301331
-0.1465752869844437
-0.1463188230991364
-0.1460631340742111
-0.1458081901073456
-0.1455540210008621
-0.1453005969524384
-0.1450478881597519
-0.1447959393262863
-0.1445447504520416
-0.1442942768335342
-0.1440445631742477
-0.1437955945730209
-0.1435473710298538
-0.1432999074459076
-0.1430531889200211
-0.1428072154521942
-0.1425619721412659
-0.1423174440860748
-0.1420736610889435
-0.1418305784463882
-0.1415882259607315
-0.1413465738296509
-0.1411056071519852
-0.1408653259277344
-0.1406257450580597
-0.1403868794441223
-0.140148714184761
-0.1399112343788147
-0.1396744251251221
-0.1394383013248444
-0.1392028480768204
-0.1389680951833725
-0.1387340426445007
-0.1385006457567215
-0.1382679343223572
-0.1380359083414078
-0.1378045380115509
-0.1375738531351089
-0.1373438239097595
-0.1371144652366638
-0.1368857622146606
-0.1366577297449112
-0.1364303231239319
-0.1362035572528839
-0.1359774470329285
-0.135751947760582
-0.135527104139328
-0.135302871465683
-0.1350792646408081
-0.1348563134670258
-0.1346339732408524
-0.1344122886657715
-0.1341912150382996
-0.1339707523584366
-0.1337509304285049
-0.1335317045450211
-0.1333131343126297
-0.1330951601266861
-0.1328777968883514
-0.1326610296964645
-0.1324448585510254
-0.132229283452034
-0.1320143043994904
-0.1317999213933945
-0.1315861642360687
-0.1313729882240295
-0.1311604082584381
-0.1309484243392944
-0.1307370364665985
-0.1305262446403503
-0.1303160190582275
-0.1301063597202301
-0.1298972964286804
-0.1296887993812561
-0.1294808685779572
-0.1292735040187836
-0.1290667057037354
-0.1288604438304901
-0.1286547631025314
-0.1284496337175369
-0.1282450556755066
-0.1280410438776016
-0.127837598323822
-0.1276346743106842
-0.1274323165416718
-0.1272304952144623
-0.127029225230217
-0.1268284767866135
-0.1266282945871353
-0.1264286488294601
-0.126229539513588
-0.1260309517383575
-0.1258329004049301
-0.1256353706121445
-0.1254383772611618
-0.1252419203519821
-0.1250459998846054
-0.1248506158590317
-0.1246557533740997
-0.124461404979229
-0.124267578125
-0.124074250459671
-0.1238814294338226
-0.1236891075968742
-0.123497299849987
-0.1233059912919998
-0.1231151819229126
-0.122924879193306
-0.1227350756525993
-0.1225457638502121
-0.1223569512367249
-0.1221686229109764
-0.1219808012247086
-0.1217934712767601
-0.121606633067131
-0.1214202865958214
-0.1212344318628311
-0.1210490688681602
-0.1208641827106476
-0.1206797808408737
-0.1204958632588387
-0.1203124076128006
-0.1201294288039207
-0.1199469193816185
-0.1197648718953133
-0.1195833012461662
-0.1194021999835968
-0.1192215755581856
-0.119041420519352
-0.1188617199659348
-0.1186824887990952
-0.1185037195682526
-0.1183253973722458
-0.1181475222110748
-0.1179700866341591
-0.1177930980920792
-0.1176165565848351
-0.1174404546618462
-0.1172648072242737
-0.117089606821537
-0.1169148534536362
-0.1167405471205711
-0.1165666878223419
-0.1163932681083679
-0.1162203028798103
-0.1160477846860886
-0.1158756986260414
-0.1157040670514107
-0.1155328676104546
-0.1153621003031731
-0.1151917725801468
-0.1150218620896339
-0.1148523762822151
-0.1146833077073097
-0.1145146563649178
-0.1143464222550392
-0.1141785904765129
-0.1140111535787582
-0.1138441190123558
-0.1136774867773056
-0.1135112568736076
-0.1133454516530037
-0.113180048763752
-0.1130150631070137
-0.1128504946827888
-0.1126863285899162
-0.1125225722789764
-0.1123592332005501
-0.1121963039040565
-0.1120337694883347
-0.1118716448545456
-0.1117099300026894
-0.1115486025810242
-0.1113876700401306
-0.1112271398305893
-0.1110669896006584
-0.1109072268009186
-0.1107478514313698
-0.1105888560414314
-0.1104302406311035
-0.110272005200386
-0.110114149749279
-0.1099566668272018
-0.1097995713353157
-0.10964285582304
-0.1094865128397942
-0.1093305423855782
-0.1091749519109726
-0.1090197414159775
-0.1088649109005928
-0.1087104678153992
-0.1085563898086548
-0.1084026992321014
-0.1082493886351585
-0.1080964282155037
-0.1079438328742981
-0.1077915951609612
-0.1076397225260735
-0.1074881926178932
-0.1073370277881622
-0.1071862131357193
-0.1070357710123062
-0.1068856939673424
-0.1067359745502472
-0.1065866053104401
-0.1064375936985016
-0.1062889248132706
-0.1061406061053276
-0.1059926301240921
-0.1058449968695641
-0.1056977063417435
-0.1055507659912109
-0.1054041534662247
-0.1052578836679459
-0.1051119640469551
-0.1049663946032524
-0.1048211753368378
-0.1046762987971306
-0.1045317575335503
-0.1043875589966774
-0.1042436957359314
-0.1041001603007317
-0.1039569675922394
-0.103814110159874
-0.1036715805530548
-0.1035293862223625
-0.1033875197172165
-0.1032459661364555
-0.1031047329306602
-0.1029638200998306
-0.1028232276439667
-0.1026829555630684
-0.1025430038571358
-0.1024033576250076
-0.1022640466690063
-0.1021250635385513
-0.1019864082336426
-0.1018480882048607
-0.1017100885510445
-0.1015724092721939
-0.1014350652694702
-0.1012980341911316
-0.1011613085865974
-0.1010248884558678
-0.1008887737989426
-0.1007529646158218
-0.1006174460053444
-0.1004822254180908
-0.1003472954034805
-0.1002126559615135
-0.1000783145427704
-0.09994427859783173
-0.09981054067611694
-0.09967710822820663
-0.0995439887046814
-0.09941116720438004
-0.09927863627672195
-0.09914641082286835
-0.09901449084281921
-0.09888286143541336
-0.09875153005123138
-0.09862049669027328
-0.09848975390195847
-0.09835929423570633
-0.09822913259267807
-0.09809925407171249
-0.0979696586728096
-0.09784035384654999
-0.09771133214235306
-0.09758260101079941
-0.09745416790246964
-0.09732603281736374
-0.09719818085432053
-0.0970706045627594
-0.09694331139326096
-0.0968163013458252
-0.09668957442045212
-0.09656312316656113
-0.09643694013357162
-0.0963110476732254
-0.09618541598320007
-0.09606005251407623
-0.09593496471643448
-0.09581015259027481
-0.09568560868501663
-0.09556134790182114
-0.09543737024068832
-0.095313660800457
-0.09519021958112717
-0.09506703913211823
-0.09494411945343018
-0.09482147544622421
-0.09469910711050034
-0.09457700699567795
-0.09445516765117645
-0.09433358907699585
-0.09421227127313614
-0.09409120678901672
-0.0939704030752182
-0.09384985268115997
-0.09372955560684204
-0.093609519302845
-0.09348974376916885
-0.0933702290058136
-0.09325096756219864
-0.09313196688890457
-0.09301320463418961
-0.09289470314979553
-0.09277645498514175
-0.09265846014022827
-0.09254070371389389
-0.09242319315671921
-0.09230593591928482
-0.09218891710042953
-0.09207215160131454
-0.09195563197135925
-0.09183936566114426
-0.09172335267066956
-0.09160758554935455
-0.09149207174777985
-0.09137680381536484
-0.09126177430152893
-0.09114699065685272
-0.09103246033191681
-0.09091818332672119
-0.09080416709184647
-0.09069038927555084
-0.09057684987783432
-0.09046353399753571
-0.09035045653581619
-0.09023761749267578
-0.09012500196695328
-0.09001262485980988
-0.08990047127008438
-0.0897885262966156
-0.08967680484056473
-0.08956530690193176
-0.08945403248071671
-0.08934298157691956
-0.08923216909170151
-0.08912158757448196
-0.08901123702526093
-0.08890113234519958
-0.08879125118255615
-0.08868161588907242
-0.08857221901416779
-0.08846306055784225
-0.08835414052009583
-0.0882454514503479
-0.08813699334859848
-0.08802875876426697
-0.08792074769735336
-0.08781295269727707
-0.08770538121461868
-0.08759801089763641
-0.08749084919691086
-0.08738391101360321
-0.08727719634771347
-0.08717069029808044
-0.08706439286470413
-0.08695831894874573
-0.08685245364904404
-0.08674679696559906
-0.08664135634899139
-0.08653612434864044
-0.0864311084151268
-0.08632630854845047
-0.08622171729803085
-0.08611734956502914
-0.08601318299770355
-0.08590922504663467
-0.08580546826124191
-0.08570192009210587
-0.08559857308864594
-0.08549542725086212
-0.08539248257875443
-0.08528974652290344
-0.08518721908330917
-0.08508489280939102
-0.08498277515172958
-0.08488086611032486
-0.08477917313575745
-0.08467768132686615
-0.08457639813423157
-0.0844753310084343
-0.08437447249889374
-0.0842738151550293
-0.08417336642742157
-0.08407311886548996
-0.08397307246923447
-0.08387321978807449
-0.08377355337142944
-0.08367408066987991
-0.08357479423284531
-0.08347570151090622
-0.08337678760290146
-0.08327807486057281
-0.08317955583333969
-0.08308123052120209
-0.0829831063747406
-0.08288517594337463
-0.08278743922710419
-0.08268991112709045
-0.08259259164333344
-0.08249545842409134
-0.08239851146936417
-0.08230175822973251
-0.08220518380403519
-0.08210878819227219
-0.08201257139444351
-0.08191654831171036
-0.08182071149349213
-0.08172506093978882
-0.08162958174943924
-0.08153429627418518
-0.08143920451402664
-0.08134429156780243
-0.08124957233667374
-0.08115503937005997
-0.08106069266796112
-0.0809665322303772
-0.0808725580573082
-0.08077877759933472
-0.08068516850471497
-0.08059175312519073
-0.08049851655960083
-0.08040546625852585
-0.08031259477138519
-0.08021990954875946
-0.08012739568948746
-0.08003505319356918
-0.07994287461042404
-0.07985087484121323
-0.07975903898477554
-0.07966737449169159
-0.07957587391138077
-0.07948455214500427
-0.07939338684082031
-0.07930239289999008
-0.07921156287193298
-0.07912091165781021
-0.07903043180704117
-0.07894012331962585
-0.07884997874498367
-0.07876002788543701
-0.07867024093866348
-0.07858064770698547
-0.07849122583866119
-0.07840198278427124
-0.07831291854381561
-0.07822403311729431
-0.07813531160354614
-0.0780467614531517
-0.07795839011669159
-0.07787017524242401
-0.07778211683034897
-0.07769422233104706
-0.07760648429393768
-0.07751889526844025
-0.07743145525455475
-0.07734417170286179
-0.07725705206394196
-0.07717009633779526
-0.07708330452442169
-0.07699667662382126
-0.07691022008657455
-0.07682392746210098
-0.07673779875040054
-0.07665184140205383
-0.07656604796648026
-0.07648041844367981
-0.0763949379324913
-0.07630962878465652
-0.07622446864843369
-0.07613946497440338
-0.07605461031198502
-0.07596990466117859
-0.07588536292314529
-0.07580097019672394
-0.07571673393249512
-0.07563266158103943
-0.07554874569177628
-0.07546499371528625
-0.07538140565156937
-0.07529796659946442
-0.075214684009552
-0.07513155043125153
-0.07504857331514359
-0.07496575266122818
-0.07488308101892471
-0.07480055838823318
-0.074718177318573
-0.07463594526052475
-0.07455383986234665
-0.07447187602519989
-0.07439004629850388
-0.0743083655834198
-0.07422681897878647
-0.07414542138576508
-0.07406415790319443
-0.07398304343223572
-0.07390208542346954
-0.07382127642631531
-0.0737406313419342
-0.07366015017032623
-0.0735798254609108
-0.07349966466426849
-0.07341966032981873
-0.0733398050069809
-0.0732601061463356
-0.07318056374788284
-0.07310117036104202
-0.07302191853523254
-0.07294279336929321
-0.07286380231380463
-0.07278494536876678
-0.07270620763301849
-0.07262761145830154
-0.07254914939403534
-0.07247081398963928
-0.07239261269569397
-0.07231455296278
-0.07223663479089737
-0.07215885072946548
-0.07208121567964554
-0.07200372219085693
-0.07192637026309967
-0.07184916734695435
-0.07177209854125977
-0.07169517129659653
-0.07161838561296463
-0.07154173403978348
-0.07146522402763367
-0.071388840675354
-0.07131258398294449
-0.07123645395040512
-0.0711604505777359
-0.07108458131551743
-0.07100884616374969
-0.07093323767185211
-0.07085776329040527
-0.07078243046998978
-0.07070723921060562
-0.07063218206167221
-0.07055725157260895
-0.07048245519399643
-0.07040779292583466
-0.07033326476812363
-0.07025887072086334
-0.0701846107840538
-0.07011048495769501
-0.07003648579120636
-0.06996261328458786
-0.06988886743783951
-0.06981524080038071
-0.06974174827337265
-0.06966838240623474
-0.06959513574838638
-0.06952201575040817
-0.06944902241230011
-0.06937615573406219
-0.06930340826511383
-0.06923078000545502
-0.06915827095508575
-0.06908587366342545
-0.06901361048221588
-0.06894148886203766
-0.06886949390172958
-0.06879764050245285
-0.06872590631246567
-0.06865430623292923
-0.06858283281326294
-0.0685114786028862
-0.06844024360179901
-0.06836912781000137
-0.06829813122749329
-0.06822724640369415
-0.06815647333860397
-0.06808582693338394
-0.06801529973745346
-0.06794489175081253
-0.06787460297346115
-0.06780443340539932
-0.06773438304662704
-0.06766445189714432
-0.06759462505578995
-0.06752493977546692
-0.06745536625385284
-0.06738592684268951
-0.06731660664081573
-0.0672474130988121
-0.06717833131551743
-0.06710938364267349
-0.06704056262969971
-0.06697185337543488
-0.0669032484292984
-0.06683476269245148
-0.0667664036154747
-0.06669814884662628
-0.06663001328706741
-0.0665619894862175
-0.06649409234523773
-0.06642629206180573
-0.06635861098766327
-0.06629103422164917
-0.06622356921434402
-0.06615621596574783
-0.06608896702528
-0.06602182984352112
-0.06595481187105179
-0.06588789820671082
-0.0658210888504982
-0.06575438380241394
-0.06568778306245804
-0.06562130153179169
-0.06555492430925369
-0.06548865139484406
-0.06542249768972397
-0.06535644829273224
-0.06529050320386887
-0.06522466987371445
-0.06515896320343018
-0.06509337574243546
-0.06502789258956909
-0.06496252864599228
-0.06489727646112442
-0.06483212858438492
-0.06476709246635437
-0.06470216065645218
-0.06463734060525894
-0.06457263231277466
-0.06450802832841873
-0.06444352120161057
-0.06437911093235016
-0.06431481242179871
-0.06425062566995621
-0.06418653577566147
-0.06412254273891449
-0.06405866146087646
-0.0639948844909668
-0.06393120437860489
-0.06386762857437134
-0.06380415707826614
-0.0637407973408699
-0.06367754936218262
-0.06361441314220428
-0.06355138123035431
-0.06348845362663269
-0.06342564523220062
-0.06336294859647751
-0.06330034881830215
-0.06323785334825516
-0.06317546218633652
-0.06311316788196564
-0.06305097043514252
-0.06298885494470596
-0.06292683631181717
-0.06286490708589554
-0.06280306726694107
-0.06274131685495377
-0.06267967075109482
-0.06261811405420303
-0.06255665421485901
-0.06249528750777245
-0.06243401765823364
-0.0623728521168232
-0.06231177970767021
-0.06225081533193588
-0.06218995526432991
-0.0621291883289814
-0.06206852942705154
-0.06200797110795975
-0.06194751709699631
-0.06188716739416122
-0.0618269182741642
-0.06176676973700523
-0.06170671805739403
-0.06164676323533058
-0.061586894094944
-0.06152711808681488
-0.06146743148565292
-0.06140783801674843
-0.0613483339548111
-0.06128892675042152
-0.06122961640357971
-0.06117040291428566
-0.06111128628253937
-0.06105226278305054
-0.06099333241581917
-0.06093450263142586
-0.06087576970458031
-0.06081713736057281
-0.06075859814882278
-0.06070016324520111
-0.0606418177485466
-0.06058356910943985
-0.06052541732788086
-0.06046735495328903
-0.06040938198566437
-0.06035149842500687
-0.06029370427131653
-0.06023599952459335
-0.06017838418483734
-0.06012085825204849
-0.06006342172622681
-0.06000607460737228
-0.05994881317019463
-0.05989163368940353
-0.05983453616499901
-0.05977751687169075
-0.05972057580947876
-0.05966372415423393
-0.05960696190595627
-0.05955028906464577
-0.05949370563030243
-0.05943722277879715
-0.05938084051012993
-0.05932455882430077
-0.05926836654543877
-0.05921226367354393
-0.05915624648332596
-0.05910031870007515
-0.05904446914792061
-0.05898870155215263
-0.05893301591277122
-0.05887741222977638
-0.05882187932729721
-0.05876642838120461
-0.05871105939149857
-0.05865577608346939
-0.05860057473182678
-0.05854545906186104
-0.05849042907357216
-0.05843549221754074
-0.05838064476847649
-0.05832588672637939
-0.05827121809124947
-0.0582166351377964
-0.0581621341407299
-0.05810771882534027
-0.0580533854663372
-0.057999137789011
-0.05794497951865196
-0.05789090320467949
-0.05783690884709358
-0.05778300389647484
-0.05772918090224266
-0.05767543613910675
-0.05762177705764771
-0.05756819620728493
-0.05751469731330872
-0.05746128037571907
-0.05740794539451599
-0.05735469236969948
-0.05730152130126953
-0.05724842846393585
-0.05719541758298874
-0.05714248865842819
-0.05708963423967361
-0.05703685432672501
-0.05698414891958237
-0.0569315180182457
-0.05687896534800529
-0.05682649090886116
-0.05677409470081329
-0.05672178044915199
-0.05666954070329666
-0.0566173754632473
-0.0565652921795845
-0.05651329457759857
-0.05646137520670891
-0.05640953406691551
-0.05635777860879898
-0.05630610510706902
-0.05625450983643532
-0.05620299279689789
-0.05615155771374702
-0.05610019713640213
-0.0560489147901535
-0.05599770694971085
-0.05594657361507416
-0.05589551478624344
-0.05584453418850899
-0.05579362437129021
-0.05574279278516769
-0.05569203570485115
-0.05564135313034058
-0.05559075251221657
-0.05554022267460823
-0.05548976361751556
-0.05543937906622887
-0.05538906157016754
-0.05533881112933159
-0.05528863146901131
-0.0552385225892067
-0.05518848076462746
-0.05513850599527359
-0.05508860573172569
-0.05503877252340317
-0.05498901382088661
-0.05493933334946632
-0.05488972738385201
-0.05484020337462425
-0.05479076132178307
-0.05474139377474785
-0.0546921119093895
-0.05464290827512741
-0.05459378659725189
-0.05454473942518234
-0.05449577420949936
-0.05444687604904175
-0.05439805239439011
-0.05434930324554443
-0.05430063232779503
-0.05425203219056129
-0.05420350283384323
-0.05415504425764084
-0.05410665646195412
-0.05405833944678307
-0.05401009321212769
-0.05396191775798798
-0.05391380563378334
-0.05386576429009438
-0.05381779000163078
-0.05376987531781197
-0.05372203513979912
-0.05367426201701164
-0.05362655594944954
-0.05357890948653221
-0.05353133380413055
-0.05348382145166397
-0.05343637987971306
-0.05338900536298752
-0.05334169417619705
-0.05329444631934166
-0.05324726551771164
-0.05320015549659729
-0.05315311253070831
-0.05310613662004471
-0.05305922776460648
-0.05301238223910332
-0.05296560749411583
-0.05291889607906342
-0.05287225171923637
-0.0528256744146347
-0.05277916416525841
-0.05273272097110748
-0.05268633738160133
-0.05264002084732056
-0.05259377136826515
-0.05254758894443512
-0.05250147730112076
-0.05245543271303177
-0.05240946263074875
-0.0523635596036911
-0.05231773108243942
-0.05227197706699371
-0.05222629383206367
-0.05218067765235901
-0.05213512852787971
-0.05208964645862579
-0.05204423144459724
-0.05199887976050377
-0.05195358768105507
-0.05190835893154144
-0.05186319351196289
-0.05181808769702911
-0.05177304148674011
-0.05172805860638618
-0.05168313905596733
-0.05163827911019325
-0.05159347876906395
-0.05154874175786972
-0.05150406807661057
-0.05145945399999619
-0.05141490325331688
-0.05137041956186295
-0.05132599174976349
-0.05128162726759911
-0.0512373223900795
-0.05119307711720467
-0.05114889517426491
-0.05110478028655052
-0.05106072872877121
-0.05101674050092697
-0.05097281187772751
-0.05092895030975342
-0.0508851483464241
-0.05084141343832016
-0.05079774186015129
-0.0507541336119175
-0.05071058869361877
-0.05066710337996483
-0.05062368139624596
-0.05058031901717186
-0.05053702369332314
-0.05049378797411919
-0.05045061558485031
-0.05040750652551651
-0.05036445707082748
-0.05032146722078323
-0.05027852579951286
-0.05023563653230667
-0.05019280686974525
-0.05015002936124802
-0.05010730400681496
-0.05006463080644608
-0.05002201348543167
-0.04997945204377174
-0.04993694648146629
-0.04989450052380562
-0.04985211417078972
-0.04980978742241859
-0.04976751655340195
-0.04972530528903008
-0.04968316107988358
-0.04964107647538185
-0.0495990514755249
-0.04955709353089333
-0.04951519146561623
-0.0494733564555645
-0.04943158105015755
-0.04938987642526627
-0.04934823140501976
-0.04930663853883743
-0.04926510900259018
-0.0492236390709877
-0.0491822175681591
-0.04914085566997528
-0.04909954592585564
-0.04905828833580017
-0.04901707917451859
-0.04897592589259148
-0.04893482103943825
-0.0488937683403492
-0.04885277152061462
-0.04881182685494423
-0.04877094179391861
-0.04873011261224747
-0.0486893393099308
-0.04864861443638802
-0.04860794171690941
-0.04856732860207558
-0.04852676764130592
-0.04848625510931015
-0.04844579845666885
-0.04840539768338203
-0.04836505278944969
-0.04832475632429123
-0.04828451946377754
-0.04824433848261833
-0.0482042133808136
-0.04816414415836334
-0.04812413826584816
-0.04808418825268745
-0.04804429784417152
-0.04800447449088097
-0.04796471074223518
-0.04792500659823418
-0.04788535460829735
-0.047845758497715
-0.04780621826648712
-0.04776673391461372
-0.0477273054420948
-0.04768793284893036
-0.04764861240983009
-0.04760934412479401
-0.0475701279938221
-0.04753096401691437
-0.04749184846878052
-0.04745277762413025
-0.04741375148296356
-0.04737477004528046
-0.04733583331108093
-0.04729694128036499
-0.04725809395313263
-0.04721928760409355
-0.04718053340911865
-0.04714183136820793
-0.04710318148136139
-0.04706458747386932
-0.04702603816986084
-0.04698754474520683
-0.0469491071999073
-0.04691071808338165
-0.04687238484621048
-0.04683410748839378
-0.04679587855935097
-0.04675770178437233
-0.04671958088874817
-0.04668151214718819
-0.04664349928498268
-0.04660553857684135
-0.04656763002276421
-0.04652976989746094
-0.04649196192622185
-0.04645420610904694
-0.04641649499535561
-0.04637882858514786
-0.04634121432900429
-0.0463036485016346
-0.04626613110303879
-0.04622866585850716
-0.04619124159216881
-0.04615387320518494
-0.04611654952168465
-0.04607927426695824
-0.04604204371571541
-0.04600486531853676
-0.04596773907542229
-0.0459306575357914
-0.04589362069964409
-0.04585663229227066
-0.04581969231367111
-0.04578279703855515
-0.04574594274163246
-0.04570913314819336
-0.04567237570881844
-0.04563566297292709
-0.04559899494051933
-0.04556238278746605
-0.04552582278847694
-0.04548931494355202
-0.04545286297798157
-0.0454164631664753
-0.0453801155090332
-0.04534382000565529
-0.04530757665634155
-0.045271385461092
-0.04523524641990662
-0.04519915208220482
-0.0451630987226963
-0.04512709006667137
-0.04509112238883972
-0.04505519196391106
-0.04501929879188538
-0.04498344287276268
-0.04494762793183327
-0.04491185396909714
-0.04487612470984459
-0.04484044387936592
-0.04480480775237083
-0.04476921632885933
-0.044733677059412
-0.04469818994402885
-0.04466274753212929
-0.0446273535490036
-0.04459200799465179
-0.04455670714378357
-0.04452145472168922
-0.04448623955249786
-0.04445107281208038
-0.04441595077514648
-0.04438087344169617
-0.04434584081172943
-0.04431085661053658
-0.0442759171128273
-0.04424102231860161
-0.0442061722278595
-0.04417136684060097
-0.04413661360740662
-0.04410189762711525
-0.04406723007559776
-0.04403260722756386
-0.04399802908301353
-0.04396349191665649
-0.04392899200320244
-0.04389453306794167
-0.04386011883616447
-0.04382574558258057
-0.04379141330718994
-0.0437571257352829
-0.04372287914156914
-0.04368867352604866
-0.04365451261401176
-0.04362040013074875
-0.04358634352684021
-0.04355233162641525
-0.04351836815476418
-0.04348445311188698
-0.04345059022307396
-0.04341677203774452
-0.04338299855589867
-0.04334926977753639
-0.0433155745267868
-0.0432819202542305
-0.04324830323457718
-0.04321472346782684
-0.04318118095397949
-0.04314767569303513
-0.04311420395970345
-0.04308076947927475
-0.04304737597703934
-0.04301402345299721
-0.04298070818185806
-0.0429474376142025
-0.04291421175003052
-0.04288102686405182
-0.042847890406847
-0.04281479492783546
-0.04278174787759781
-0.04274874180555344
-0.04271578043699265
-0.04268286377191544
-0.04264998808503151
-0.04261714965105057
-0.04258435592055321
-0.04255159944295883
-0.04251888021826744
-0.04248619824647903
-0.04245355725288391
-0.04242095723748207
-0.04238839074969292
-0.04235585778951645
-0.04232336580753326
-0.04229091107845306
-0.04225850105285645
-0.04222612082958221
-0.04219378530979156
-0.0421614870429039
-0.04212922975420952
-0.04209702089428902
-0.0420648530125618
-0.04203272238373756
-0.04200063645839691
-0.04196858778595924
-0.04193658009171486
-0.04190461337566376
-0.04187268391251564
-0.04184079170227051
-0.04180893674492836
-0.0417771190404892
-0.04174533486366272
-0.04171358421444893
-0.04168187826871872
-0.04165020957589149
-0.04161858186125755
-0.0415869876742363
-0.04155543074011803
-0.04152390733361244
-0.04149242118000984
-0.04146096110343933
-0.04142953082919121
-0.04139812290668488
-0.04136674106121063
-0.04133538156747818
-0.04130404070019722
-0.04127271845936775
-0.04124141484498978
-0.04121012985706329
-0.041178859770298
-0.04114760458469391
-0.04111635312438011
-0.04108511283993721
-0.0410538837313652
-0.0410226546227932
-0.04099142178893089
-0.04096018522977829
-0.04092893004417419
-0.04089765995740891
-0.04086636006832123
-0.04083502665162086
-0.04080365970730782
-0.04077224433422089
-0.04074077680706978
-0.04070925712585449
-0.04067766666412354
-0.04064600542187691
-0.04061426594853401
-0.04058243334293365
-0.04055049642920494
-0.04051845148205757
-0.04048627987504005
-0.04045397043228149
-0.040421511977911
-0.04038888588547707
-0.04035608470439911
-0.04032308608293533
-0.04028987511992455
-0.04025644063949585
-0.04022276401519775
-0.04018883034586906
-0.04015462473034859
-0.04012012481689453
-0.0400853157043457
-0.04005018621683121
-0.04001472145318985
-0.03997889906167984
-0.03994270414113998
-0.03990611433982849
-0.03986912220716476
-0.03983170539140701
-0.03979385271668434
-0.03975555300712585
-0.03971679136157036
-0.03967756032943726
-0.03963784500956535
-0.03959764912724495
-0.03955696150660515
-0.03951578214764595
-0.03947411105036736
-0.03943194821476936
-0.03938929736614227
-0.03934617340564728
-0.03930258005857468
-0.03925852850079536
-0.03921403363347054
-0.03916912153363228
-0.03912381827831268
-0.03907814994454384
-0.03903215005993843
-0.03898585215210915
-0.03893929719924927
-0.03889253363013268
-0.03884560242295265
-0.03879854828119278
-0.03875142708420753
-0.03870429843664169
-0.03865721076726913
-0.03861021623015404
-0.03856337070465088
-0.03851673752069473
-0.03847037628293037
-0.03842433542013168
-0.03837868198752403
-0.0383334681391716
-0.03828875720500946
-0.03824459388852119
-0.03820103779435158
-0.03815812990069389
-0.03811592236161232
-0.03807445243000984
-0.03803375363349915
-0.03799385204911232
-0.03795476630330086
-0.03791651874780655
-0.03787910938262939
-0.03784254938364029
-0.03780682384967804
-0.03777191415429115
-0.03773780539631844
-0.0377044640481472
-0.03767185285687447
-0.03763992711901665
-0.03760863468050957
-0.03757791593670845
-0.03754771128296852
-0.03751794621348381
-0.03748854994773865
-0.03745944797992706
-0.03743055835366249
-0.03740181028842926
-0.03737312182784081
-0.03734441474080086
-0.03731561079621315
-0.03728663176298141
-0.03725741431117058
-0.03722788766026497
-0.03719800338149071
-0.03716770932078362
-0.03713696077466011
-0.03710572049021721
-0.03707396984100342
-0.03704169392585754
-0.03700888156890869
-0.03697554022073746
-0.03694168478250504
-0.03690734133124352
-0.03687254711985588
-0.03683734312653542
-0.0368017852306366
-0.0367659255862236
-0.0367298349738121
-0.03669357672333717
-0.03665722534060478
-0.0366208516061306
-0.03658454120159149
-0.03654836118221283
-0.03651238977909088
-0.03647668659687042
-0.03644131496548653
-0.03640633821487427
-0.03637180477380753
-0.03633775189518929
-0.03630421310663223
-0.03627120703458786
-0.03623874858021736
-0.03620684519410133
-0.03617547824978828
-0.03614462912082672
-0.03611427173018456
-0.0360843688249588
-0.03605488315224648
-0.0360257513821125
-0.03599692136049271
-0.03596832975745201
-0.03593990579247475
-0.03591158986091614
-0.03588331863284111
-0.03585503622889519
-0.0358266718685627
-0.03579817339777946
-0.03576949238777161
-0.03574059158563614
-0.03571143746376038
-0.03568200394511223
-0.0356522873044014
-0.03562228381633759
-0.03559199720621109
-0.03556143864989281
-0.03553063422441483
-0.03549962118268013
-0.035468440502882
-0.03543714806437492
-0.03540579229593277
-0.03537444025278091
-0.03534315526485443
-0.03531201183795929
-0.03528106585144997
-0.03525038436055183
-0.03522002696990967
-0.03519005328416824
-0.03516051545739174
-0.03513145074248314
-0.03510290756821632
-0.03507490456104279
-0.03504747524857521
-0.0350206270813942
-0.03499437868595123
-0.03496871516108513
-0.03494364395737648
-0.0349191389977932
-0.03489518165588379
-0.03487175703048706
-0.03484883904457092
-0.03482640534639359
-0.03480442985892296
-0.03478289768099785
-0.03476179391145706
-0.03474109992384911
-0.03472080826759338
-0.03470092639327049
-0.03468145430088043
-0.0346624068915844
-0.03464380651712418
-0.03462567552924156
-0.03460804373025894
-0.0345909520983696
-0.03457443416118622
-0.03455853462219238
-0.03454329073429108
-0.03452874720096588
-0.03451493754982948
-0.03450189903378487
-0.03448965027928352
-0.03447821736335754
-0.03446761518716812
-0.03445785120129585
-0.03444891795516014
-0.03444079682230949
-0.03443346545100212
-0.03442689031362534
-0.03442101180553436
-0.03441578522324562
-0.03441113233566284
-0.03440697118639946
-0.03440321609377861
-0.03439977020025253
-0.03439653664827347
-0.03439340740442276
-0.03439027070999146
-0.0343870222568512
-0.03438355401158333
-0.0343797579407692
-0.03437552973628044
-0.03437076508998871
-0.03436538204550743
-0.03435929119586945
-0.03435241803526878
-0.03434470295906067
-0.03433607891201973
-0.03432650491595268
-0.03431593626737595
-0.03430435061454773
-0.03429173678159714
-0.03427808359265327
-0.03426338732242584
-0.03424765542149544
-0.03423091024160385
-0.03421317785978317
-0.03419449552893639
-0.03417490795254707
-0.03415446728467941
-0.03413323685526848
-0.03411127999424934
-0.03408867120742798
-0.03406548872590065
-0.03404182195663452
-0.03401774540543556
-0.03399335965514183
-0.03396875783801079
-0.03394404053688049
-0.033919308334589
-0.03389465436339378
-0.03387017920613289
-0.03384597599506378
-0.03382213786244392
-0.03379874676465988
-0.03377588838338852
-0.03375362604856491
-0.03373202681541443
-0.03371114283800125
-0.03369100391864777
-0.03367163613438606
-0.03365304693579674
-0.03363524004817009
-0.03361819311976433
-0.03360187262296677
-0.03358622640371323
-0.03357119485735893
-0.03355669975280762
-0.03354266285896301
-0.03352897614240646
-0.03351553902029991
-0.0335022434592247
-0.03348897397518158
-0.03347562253475189
-0.03346207365393639
-0.03344821929931641
-0.03343396261334419
-0.03341921791434288
-0.0334039106965065
-0.03338797390460968
-0.03337137028574944
-0.03335406258702278
-0.03333603963255882
-0.03331731259822845
-0.03329790011048317
-0.03327783942222595
-0.03325718641281128
-0.03323601186275482
-0.03321440145373344
-0.03319243714213371
-0.03317021578550339
-0.03314784169197083
-0.03312543034553528
-0.03310307860374451
-0.03308087959885597
-0.03305893763899803
-0.03303732722997665
-0.03301612287759781
-0.03299538418650627
-0.03297515586018562
-0.03295546397566795
-0.03293631970882416
-0.03291772305965424
-0.0328996516764164
-0.03288207575678825
-0.03286495059728622
-0.03284822031855583
-0.03283181041479111
-0.03281565010547638
-0.03279964998364449
-0.03278374299407005
-0.03276784345507622
-0.03275186568498611
-0.03273573890328407
-0.03271939232945442
-0.03270275518298149
-0.03268579393625259
-0.03266846388578415
-0.03265073895454407
-0.03263260424137115
-0.03261406347155571
-0.03259512782096863
-0.0325758308172226
-0.0325562059879303
-0.03253629431128502
-0.03251615911722183
-0.03249585255980492
-0.03247544541954994
-0.03245501220226288
-0.0324346125125885
-0.03241430968046188
-0.0323941633105278
-0.03237422555685043
-0.03235453739762306
-0.03233512863516808
-0.03231602907180786
-0.03229725360870361
-0.03227880224585533
-0.03226066380739212
-0.03224281221628189
-0.03222522139549255
-0.03220785036683083
-0.03219065442681313
-0.03217358887195587
-0.03215659782290459
-0.0321396216750145
-0.03212261199951172
-0.03210552409291267
-0.03208831325173378
-0.03207094222307205
-0.0320533774793148
-0.03203559666872025
-0.03201758861541748
-0.03199934586882591
-0.03198087960481644
-0.03196220099925995
-0.03194334357976913
-0.03192432597279549
-0.03190518915653229
-0.03188598155975342
-0.03186673298478127
-0.03184749186038971
-0.03182829543948174
-0.03180918470025063
-0.03179018944501877
-0.03177134692668915
-0.03175267577171326
-0.03173418343067169
-0.03171587735414505
-0.03169776126742363
-0.03167981281876564
-0.03166201710700989
-0.03164435178041458
-0.03162678703665733
-0.03160930052399635
-0.03159184753894806
-0.03157439827919006
-0.03155691549181938
-0.03153936564922333
-0.03152172639966011
-0.03150397166609764
-0.03148607909679413
-0.03146804496645927
-0.03144986182451248
-0.03143152967095375
-0.03141304478049278
-0.03139442577958107
-0.03137568384408951
-0.03135683760046959
-0.0313379094004631
-0.03131891414523125
-0.03129987418651581
-0.03128080815076828
-0.03126173466444016
-0.03124266117811203
-0.0312235988676548
-0.03120455145835876
-0.03118551336228848
-0.03116647899150848
-0.0311474334448576
-0.03112835809588432
-0.03110923059284687
-0.0310900304466486
-0.03107072785496712
-0.03105129674077034
-0.03103170543909073
-0.03101192787289619
-0.03099193051457405
-0.03097169473767281
-0.03095119632780552
-0.0309304129332304
-0.0309093315154314
-0.03088793717324734
-0.0308662224560976
-0.03084418177604675
-0.03082180954515934
-0.03079910390079021
-0.03077606484293938
-0.03075269050896168
-0.03072898834943771
-0.03070495650172234
-0.03068059869110584
-0.03065591119229794
-0.03063089214265347
-0.03060553595423698
-0.03057984076440334
-0.03055379912257195
-0.03052740357816219
-0.03050064481794834
-0.03047351352870464
-0.03044600412249565
-0.03041810728609562
-0.0303898137062788
-0.0303611233830452
-0.03033202886581421
-0.03030253946781158
-0.03027266077697277
-0.03024240396916866
-0.03021178208291531
-0.03018081746995449
-0.03014953434467316
-0.03011795878410339
-0.03008612059056759
-0.03005405887961388
-0.03002180904150009
-0.02998941391706467
-0.02995691262185574
-0.02992435358464718
-0.02989178337156773
-0.02985924482345581
-0.02982678264379501
-0.02979443967342377
-0.02976226434111595
-0.02973030135035515
-0.02969858795404434
-0.02966716885566711
-0.0296360868960619
-0.02960537932813168
-0.02957508340477943
-0.02954523265361786
-0.02951586060225964
-0.0294870026409626
-0.02945868670940399
-0.0294309351593256
-0.02940377593040466
-0.02937722578644753
-0.02935130521655083
-0.02932602539658546
-0.02930139377713203
-0.02927741035819054
-0.02925407327711582
-0.02923137508332729
-0.02920930087566376
-0.02918783761560917
-0.02916695736348629
-0.02914662845432758
-0.02912681922316551
-0.02910748496651649
-0.0290885791182518
-0.02907005324959755
-0.02905185520648956
-0.02903392165899277
-0.02901619672775269
-0.02899862080812454
-0.02898112684488297
-0.02896365523338318
-0.02894614078104496
-0.02892852015793324
-0.02891074120998383
-0.02889275178313255
-0.02887449786067009
-0.028855936601758
-0.02883703075349331
-0.02881774865090847
-0.02879806235432625
-0.02877795696258545
-0.02875742502510548
-0.02873646654188633
-0.02871507965028286
-0.02869327366352081
-0.02867106534540653
-0.02864848077297211
-0.02862554416060448
-0.02860229089856148
-0.02857876196503639
-0.02855500020086765
-0.02853105217218399
-0.02850696817040443
-0.02848280966281891
-0.02845862880349159
-0.02843448333442211
-0.02841043099761009
-0.02838652953505516
-0.02836283296346664
-0.02833939716219902
-0.02831626310944557
-0.02829347923398018
-0.02827108465135098
-0.02824910543859005
-0.02822756767272949
-0.02820648811757565
-0.0281858779489994
-0.02816573530435562
-0.0281460527330637
-0.02812681905925274
-0.0281080175191164
-0.0280896183103323
-0.02807158976793289
-0.0280538946390152
-0.02803649194538593
-0.02801933884620667
-0.02800239250063896
-0.02798560634255409
-0.02796893380582333
-0.02795232832431793
-0.02793575450778008
-0.02791917882859707
-0.02790256962180138
-0.02788590081036091
-0.02786915563046932
-0.02785232476890087
-0.02783540636301041
-0.02781840041279793
-0.02780132368206978
-0.02778419479727745
-0.02776704728603363
-0.02774991095066071
-0.02773283049464226
-0.02771584689617157
-0.02769901603460312
-0.02768239378929138
-0.02766604349017143
-0.02765002101659775
-0.0276343934237957
-0.02761922217905521
-0.02760456502437592
-0.02759048156440258
-0.02757702209055424
-0.02756423875689507
-0.02755217254161835
-0.02754086256027222
-0.02753033861517906
-0.02752061747014523
-0.02751171588897705
-0.02750363200902939
-0.02749636210501194
-0.02748988941311836
-0.02748420089483261
-0.02747926488518715
-0.02747504971921444
-0.02747152000665665
-0.02746863104403019
-0.02746633067727089
-0.02746457606554031
-0.02746331878006458
-0.02746250294148922
-0.02746207639575005
-0.02746199071407318
-0.02746219001710415
-0.02746262587606907
-0.02746324799954891
-0.0274640116840601
-0.02746487036347389
-0.02746578305959702
-0.02746671065688133
-0.02746761217713356
-0.02746845409274101
-0.02746920101344585
-0.0274698194116354
-0.02747027948498726
-0.0274705458432436
-0.02747058123350143
-0.02747035212814808
-0.0274698231369257
-0.02746895886957645
-0.02746771648526192
-0.0274660550057888
-0.02746392972767353
-0.02746129781007767
-0.02745811268687248
-0.02745433524250984
-0.02744991891086102
-0.02744482643902302
-0.02743901871144772
-0.02743246406316757
-0.0274251326918602
-0.02741700410842896
-0.02740805596113205
-0.02739828452467918
-0.02738768793642521
-0.02737627923488617
-0.02736408077180386
-0.02735112048685551
-0.02733743935823441
-0.02732309326529503
-0.02730813808739185
-0.02729264833033085
-0.02727670408785343
-0.02726039104163647
-0.02724380604922771
-0.02722704410552979
-0.02721020206809044
-0.02719338238239288
-0.02717668563127518
-0.02716020680963993
-0.02714403718709946
-0.02712826430797577
-0.02711296454071999
-0.02709820494055748
-0.02708403952419758
-0.02707051672041416
-0.02705767005681992
-0.02704552188515663
-0.02703407965600491
-0.02702333591878414
-0.0270132701843977
-0.02700385265052319
-0.02699504047632217
-0.02698677591979504
-0.02697899751365185
-0.02697162702679634
-0.0269645880907774
-0.0269577968865633
-0.02695116400718689
-0.02694460190832615
-0.02693801932036877
-0.02693133056163788
-0.02692445181310177
-0.02691730670630932
-0.02690982259809971
-0.02690193988382816
-0.02689360454678535
-0.0268847793340683
-0.02687542885541916
-0.02686553448438644
-0.02685508504509926
-0.02684408985078335
-0.02683255635201931
-0.02682051435112953
-0.0268079936504364
-0.0267950389534235
-0.02678170055150986
-0.02676803804934025
-0.02675411105155945
-0.02673998475074768
-0.02672572992742062
-0.02671140991151333
-0.02669709548354149
-0.02668285556137562
-0.02666874416172504
-0.02665482647716999
-0.02664115093648434
-0.02662776410579681
-0.02661470510065556
-0.0266020018607378
-0.02658967487514019
-0.02657773718237877
-0.02656619064509869
-0.02655503153800964
-0.02654424123466015
-0.02653379924595356
-0.02652366831898689
-0.02651381120085716
-0.02650418318808079
-0.02649472653865814
-0.0264853909611702
-0.02647612057626247
-0.02646685391664505
-0.0264575369656086
-0.02644811011850834
-0.02643852680921555
-0.02642874233424664
-0.02641871944069862
-0.02640842087566853
-0.0263978224247694
-0.02638691104948521
-0.02637567929923534
-0.02636412717401981
-0.02635226771235466
-0.02634011954069138
-0.02632770873606205
-0.02631506882607937
-0.02630223706364632
-0.02628926560282707
-0.02627619728446007
-0.02626308612525463
-0.02624998427927494
-0.02623694017529488
-0.02622400224208832
-0.0262112133204937
-0.0261986069381237
-0.02618621662259102
-0.02617406472563744
-0.0261621680110693
-0.02615053206682205
-0.0261391568928957
-0.02612802945077419
-0.02611713297665119
-0.02610643953084946
-0.02609592117369175
-0.02608553878962994
-0.02607525512576103
-0.0260650273412466
-0.02605480514466763
-0.02604455314576626
-0.02603422664105892
-0.02602378651499748
-0.0260132048279047
-0.02600244991481304
-0.02599150314927101
-0.02598035521805286
-0.02596899680793285
-0.02595743164420128
-0.02594567090272903
-0.02593373320996761
-0.02592163719236851
-0.0259094163775444
-0.02589710056781769
-0.02588472701609135
-0.02587232552468777
-0.02585993148386478
-0.02584758214652538
-0.02583529986441135
-0.02582312002778053
-0.02581105753779411
-0.02579912915825844
-0.02578734420239925
-0.02577570639550686
-0.02576421573758125
-0.02575285732746124
-0.02574162185192108
-0.02573048695921898
-0.02571942843496799
-0.02570842206478119
-0.02569744177162647
-0.02568645402789116
-0.02567543089389801
-0.02566434442996979
-0.02565316669642925
-0.02564187534153461
-0.02563044801354408
-0.02561886981129646
-0.02560713142156601
-0.02559522911906242
-0.02558316104114056
-0.02557093277573586
-0.02555855549871922
-0.02554603852331638
-0.02553339675068855
-0.02552064135670662
-0.02550779469311237
-0.02549486421048641
-0.02548186853528023
-0.02546881884336472
-0.02545572072267532
-0.02544258162379265
-0.02542940154671669
-0.02541617304086685
-0.02540289238095284
-0.02538954094052315
-0.02537610754370689
-0.02536257356405258
-0.02534891478717327
-0.02533510699868202
-0.0253211222589016
-0.02530693262815475
-0.02529251016676426
-0.02527782134711742
-0.02526284381747246
-0.02524754963815212
-0.02523191645741463
-0.02521592006087303
-0.02519954368472099
-0.02518277056515217
-0.02516558766365051
-0.02514798566699028
-0.02512995526194572
-0.0251114871352911
-0.02509257383644581
-0.02507321164011955
-0.02505339309573174
-0.02503311820328236
-0.02501237951219082
-0.02499116584658623
-0.02496947534382343
-0.02494729310274124
-0.02492460981011391
-0.02490141242742538
-0.02487768791615963
-0.02485342137515545
-0.02482860162854195
-0.02480321563780308
-0.0247772503644228
-0.02475069463253021
-0.02472353726625443
-0.02469577081501484
-0.02466739341616631
-0.02463840506970882
-0.0246088057756424
-0.02457860670983791
-0.02454782091081142
-0.02451646327972412
-0.02448455616831779
-0.02445212379097939
-0.02441920153796673
-0.02438582293689251
-0.02435202710330486
-0.02431785501539707
-0.02428335510194302
-0.02424858137965202
-0.02421358227729797
-0.02417841553688049
-0.02414313703775406
-0.0241078082472086
-0.02407248690724373
-0.02403723075985909
-0.02400210127234459
-0.02396716177463531
-0.02393247373402119
-0.02389809489250183
-0.02386408671736717
-0.02383050695061684
-0.0237974151968956
-0.02376486919820309
-0.02373292855918407
-0.02370164543390274
-0.02367106825113297
-0.02364125102758408
-0.0236122403293848
-0.02358407713472843
-0.02355680428445339
-0.02353045344352722
-0.02350505255162716
-0.02348062954843044
-0.02345719747245312
-0.02343476749956608
-0.02341334521770477
-0.02339292503893375
-0.02337349392473698
-0.02335503324866295
-0.02333751134574413
-0.02332089468836784
-0.0233051348477602
-0.02329018153250217
-0.02327597141265869
-0.02326244115829468
-0.02324951253831387
-0.02323710732161999
-0.02322514168918133
-0.02321352623403072
-0.02320216968655586
-0.02319097891449928
-0.02317985706031322
-0.02316871285438538
-0.02315745130181313
-0.02314598485827446
-0.02313423156738281
-0.02312210388481617
-0.02310952544212341
-0.02309642359614372
-0.02308272756636143
-0.02306838519871235
-0.02305334806442261
-0.02303757332265377
-0.0230210293084383
-0.02300368994474411
-0.0229855440557003
-0.02296658046543598
-0.02294681034982204
-0.02292624488472939
-0.02290491014719009
-0.02288283407688141
-0.02286005951464176
-0.02283663675189018
-0.02281262166798115
-0.02278807945549488
-0.02276307716965675
-0.02273769117891788
-0.02271199971437454
-0.02268608473241329
-0.02266003750264645
-0.02263394184410572
-0.02260788716375828
