0
0
0
0
0
0
0
0
0
0
0
0
0
0
0
0
0
0
0
0
0
0
0
0
0
0
0
0
0
0
0
0
0
0
0
0
0
0
0
0
0
0
0
0
0
0
0
0
0
0
0
0
0
0
0
0
0
0
0
0
0
0
0
0
0
0
0
0
0
0
0
0
0
0
0
0
0
0
0
0
0
0
0
0
0
0
0
0
0
0
0
0
0
0
0
0
0
0
0
0
0
0
0
0
0
0
0
0
0
0
0
0
0
0
0
0
0
0
0
0
0
0
0
0
0
0
0
0
0
0
0
0
0
0
0
0
0
0
0
0
0
0
0
0
0
0
0
0
0
0
0
0
0
0
0
0
0
0
0
0
0
0
0
0
0
0
0
0
0
0
0
0
0
0
0
0
0
0
0
0
0
0
0
0
0
0
0
0
0
0
0
0
0
0
0
0
0
0
0
0
0
0
0
0
0
0
0
0
0
0
0
0
0
0
0
0
0
0
0
0
0
0
0
0
0
0
0
0
0
0
0
0
0
0
0
0
0
0
0
0
0
0
0
0
0
0
0
0
0
0
0
0
0
0
0
0
0
0
0
0
0
0
0
0
0
0
0
0
0
0
0
0
0
0
0
0
0
0
0
0
0
0
0
0
0
0
0
0
0
0
0
0
0
0
0
0
0
0
0
0
0
0
0
0
0
0
0
0
0
0
0
0
0
0
0
0
0
0
0
0
0
0
0
0
0
0
0
0
0
0
0
0
0
0
0
0
0
0
0
0
0
0
0
0
0
0
0
0
0
0
0
0
0
0
0
0
0
0
0
0
0
0
0
0
0
0
0
0
0
0
0
0
0
0
0
0
0
0
0
0
0
0
0
0
0
0
0
0
0
0
0
0
0
0
0
0
0
0
0
0
0
0
0
0
0
0
0
0
0
0
0
0
0
0
0
0
0
0
0
0
0
0
0
0
0
0
0
0
0
0
0
0
0
0
0
0
0
0
0
0
0
0
0
0
0
0
0
0
0
0
0
0
0
0
0
0
0
0
0
0
0
0
0
0
0
0
0
0
0
0
0
0
0
0
0
0
0
0
0
0
0
0
0
0
0
0
0
0
0
0
0
0
0
0
0
0
0
0
0
0
0
0
0
0
0
0
0
0
0
0
0
0
0
0
0
0
0
0
0
0
0
0
0
0
0
0
0
0
0
0
0
0
0
0
0
0
0
0
0
0
0
0
0
0
0
0
0
0
0
0
0
0
0
0
0
0
0
0
0
0
0
0
0
0
0
0
0
0
0
0
0
0
0
0
0
0
0
0
0
0
0
0
0
0
0
0
0
0
0
0
0
0
0
0
0
0
0
0
0
0
0
0
0
0
0
0
0
0
0
0
0
0
0
0
0
0
0
0
0
0
0
0
0
0
0
0
0
0
0
0
0
0
0
0
0
0
0
0
0
0
0
0
0
0
0
0
0
0
0
0
0
0
0
0
0
0
0
0
0
0
0
0
0
0
0
0
0
0
0
0
0
0
0
0
0
0
0
0
0
0
0
0
0
0
0
0
0
0
0
0
0
0
0
0
0
0
0
0
0
0
0
0
0
0
0
0
0
0
0
0
0
0
0
0
0
0
0
0
0
0
0
0
0
0
0
0
0
0
0
0
0
0
0
0
0
0
0
0
0
0
0
0
0
0
0
0
0
0
0
0
0
0
0
0
0
0
0
0
0
0
0
0
0
0
0
0
0
0
0
0
0
0
0
0
0
0
0
0
0
0
0
0
0
0
0
0
0
0
0
0
0
0
0
0
0
0
0
0
0
0
0
0
0
0
0
0
0
0
0
0
0
0
0
0
0
0
0
0
0
0
0
0
0
0
0
0
0
0
0
0
0
0
0
0
0
0
0
0
0
0
0
0
0
0
0
0
0
0
0
0
0
0
0
0
0
0
0
0
0
0
0
0
0
0
0
0
0
0
0
0
0
0
0
0
0
0
0
0
0
0
0
0
0
0
0
0
0
0
0
0
0
0
0
0
0
0
0
0
0
0
0
0
0
0
0
0
0
0
0
0
0
0
0
0
0
0
0
0
0
0
0
0
0
0
0
0
0
0
0
0
0
0
0
0
0
0
0
0
0
0
0
0
0
0
0
0
0
0
0
0
0
0
0
0
0
0
0
0
0
0
0
0
0
0
0
0
0
0
0
0
0
0
0
0
0
0
0
0
0
0
0
0
0
0
0
0
0
0
0
0
0
0
0
0
0
0
0
0
0
0
0
0
0
0
0
0
0
0
0
0
0
0
0
0
0
0
0
0
0
0
0
0
0
0
0
0
0
0
0
0
0
0
0
0
0
0
0
0
0
0
0
0
0
0
0
0
0
0
0
0
0
0
0
0
0
0
0
0
0
0
0
0
0
0
0
0
0
0
0
0
0
0
0
0
0
0
0
0
0
0
0
0
0
0
0
0
0
0
0
0
0
0
0
0
0
0
0
0
0
0
0
0
0
0
0
0
0
0
0
0
0
0
0
0
0
0
0
0
0
0
0
0
0
0
0
0
0
0
0
0
0
0
0
0
0
0
0
0
0
0
0
0
0
0
0
0
0
0
0
0
0
0
0
0
0
0
0
0
0
0
0
0
0
0
0
0
0
0
0
0
0
0
0
0
0
0
0
0
0
0
0
0
0
0
0
0
0
0
0
0
0
0
0
0
0
0
0
0
0
0
0
0
0
0
0
0
0
0
0
0
0
0
0
0
0
0
0
0
0
0
0
0
0
0
0
0
0
0
0
0
0
0
0
0
0
0
0
0
0
0
0
0
0
0
0
0
0
0
0
0
0
0
0
0
0
0
0
0
0
0
0
0
0
0
0
0
0
0
0
0
0
0
0
0
0
0
0
0
0
0
0
0
0
0
0
0
0
0
0
0
0
0
0
0
0
0
0
0
0
0
0
0
0
0
0
0
0
0
0
0
0
0
0
0
0
0
0
0
0
0
0
0
0
0
0
0
0
0
0
0
0
0
0
0
0
0
0
0
0
0
0
0
0
0
0
0
0
0
0
0
0
0
0
0
0
0
0
0
0
0
0
0
0
0
0
0
0
0
0
0
0
0
0
0
0
0
0
0
0
0
0
0
0
0
0
0
0
0
0
0
0
0
0
0
0
0
0
0
0
0
0
0
0
0
0
0
0
0
0
0
0
0
0
0
0
0
0
0
0
0
0
0
0
0
0
0
0
0
0
0
0
0
0
0
0
0
0
0
0
0
0
0
0
0
0
0
0
0
0
0
0
0
0
0
0
0
0
0
0
0
0
0
0
0
0
0
0
0
0
0
0
0
0
0
0
0
0
0
0
0
0
0
0
0
0
0
0
0
0
0
0
0
0
0
0
0
0
0
0
0
0
0
0
0
0
0
0
0
0
0
0
0
0
0
0
0
0
0
0
0
0
0
0
0
0
0
0
0
0
0
0
0
0
0
0
0
0
0
0
0
0
0
0
0
0
0
0
0
0
0
0
0
0
0
0
0
0
0
0
0
0
0
0
0
0
0
0
0
0
0
0
0
0
0
0
0
0
0
0
0
0
0
0
0
0
0
0
0
0
0
0
0
0
0
0
0
0
0
0
0
0
0
0
0
0
0
0
0
0
0
0
0
0
0
0
0
0
0
0
0
0
0
0
0
0
0
0
0
0
0
0
0
0
0
0
0
0
0
0
0
0
0
0
0
0
0
0
0
0
0
0
0
0
0
0
0
0
0
0
0
0
0
0
0
0
0
0
0
0
0
0
0
0
0
0
0
0
0
0
0
0
0
0
0
0
0
0
0
0
0
0
0
0
0
0
0
0
0
0
0
0
0
0
0
0
0
0
0
0
0
0
0
0
0
0
0
0
0
0
0
0
0
0
0
0
0
0
0
0
0
0
0
0
0
0
0
0
0
0
0
0
0
0
0
0
0
0
0
0
0
0
0
0
0
0
0
0
0
0
0
0
0
0
0
0
0
0
0
0
0
0
0
0
0
0
0
0
0
0
0
0
0
0
0
0
0
0
0
0
0
0
0
0
0
0
0
0
0
0
0
0
0
0
0
0
0
0
0
0
0
0
0
0
0
0
0
0
0
0
0
0
0
0
0
0
0
0
0
0
0
0
0
0
0
0
0
0
0
0
0
0
0
0
0
0
0
0
0
0
0
0
0
0
0
0
0
0
0
0
0
0
0
0
0
0
0
0
0
0
0
0
0
0
0
0
0
0
0
0
0
0
2.802596928649634e-45
1.68155815718978e-44
5.184804318001823e-44
1.14906474074635e-43
2.382207389352189e-43
4.512181055125911e-43
8.323712878089413e-43
1.504994550684854e-42
2.670874873003101e-42
4.681738169309214e-42
8.170971345478008e-42
1.421757421903959e-41
2.467126076290273e-41
4.270877459569177e-41
7.377836414670162e-41
1.272070719944782e-40
2.188912279183224e-40
3.759515623967765e-40
6.445356364569856e-40
1.103033487491744e-39
1.884359676140725e-39
3.2134800591651e-39
5.47049544371451e-39
9.296471851248272e-39
1.577075381871872e-38
2.670738106272983e-38
4.514987015170875e-38
7.61955423405295e-38
1.283665623957992e-37
2.158862610706488e-37
3.624517444615518e-37
6.074757986514554e-37
1.016395452179484e-36
1.69766757401876e-36
2.830741279630397e-36
4.712014736033293e-36
7.830211521878001e-36
1.298978367857801e-35
2.151261564262033e-35
3.556712427942818e-35
5.870428545527971e-35
9.672920311838421e-35
1.591158796000145e-34
2.612995831360805e-34
4.283853144346701e-34
7.011360033399347e-34
1.145626325064839e-33
1.868779429431172e-33
3.04332695628807e-33
4.947842699681186e-33
8.030842222967524e-33
1.301323968111708e-32
2.105184016680004e-32
3.399978407546482e-32
5.482074833555573e-32
8.824650031594762e-32
1.418191734019895e-31
2.275404179787832e-31
3.644763645035303e-31
5.82865676510597e-31
9.305871557945688e-31
1.48332444189585e-30
2.360515660180023e-30
3.750337425789998e-30
5.948775548720452e-30
9.420623880710248e-30
1.489456140164203e-29
2.351108470412992e-29
3.70523402728341e-29
5.829853136236463e-29
9.157978645199808e-29
1.436291987570298e-28
2.248991933272313e-28
3.515897058156917e-28
5.487675450058992e-28
8.551566139176703e-28
1.330481709389279e-27
2.066708104788154e-27
3.205215235843852e-27
4.962997436797488e-27
7.672566705140513e-27
1.184262642821071e-26
1.825017224202771e-26
2.808008015958128e-26
4.313632253746026e-26
6.616101223783597e-26
1.013156000769272e-25
1.549053865589193e-25
2.36468649126211e-25
3.604112451552057e-25
5.484557415701348e-25
8.333056244440031e-25
1.264116764281492e-24
1.91465751648208e-24
2.895454590830606e-24
4.371848204073122e-24
6.590779035245036e-24
9.920477296926973e-24
1.49091650306459e-23
2.237173870693873e-23
3.351757652491176e-23
5.013865491686501e-23
7.488599144189165e-23
1.11675289685117e-22
1.662810998251803e-22
2.472058341183133e-22
3.669486086436212e-22
5.438549959080809e-22
8.048094765358205e-22
1.189147457295095e-21
1.754331939415806e-21
2.58417402982353e-21
3.800724470238536e-21
5.581439957292768e-21
8.183931917937156e-21
1.19815843492406e-20
1.751473198372061e-20
2.556409276354661e-20
3.725593690840134e-20
5.421248030618778e-20
7.87666647055767e-20
1.142682420076326e-19
1.655194351079261e-19
2.393940567356362e-19
3.457157167701396e-19
4.985018954199424e-19
7.17723162515124e-19
1.031787045790469e-18
1.481038969430522e-18
2.122690622008572e-18
3.03774407859918e-18
4.340706364988368e-18
6.193194717593737e-18
8.82296649384171e-18
1.255048717946697e-17
1.782595726747701e-17
2.528086132674584e-17
3.579958612662944e-17
5.061877164597824e-17
7.146493738345377e-17
1.00744801727226e-16
1.418080193329386e-16
1.993093935877786e-16
2.797073521912131e-16
3.919489056417421e-16
5.484091523591918e-16
7.661784643620754e-16
1.068822171745734e-15
1.488783118697666e-15
2.070656954616099e-15
2.87564890384109e-15
3.987629098315326e-15
5.521346573711004e-15
7.633554094279953e-15
1.053805209327158e-14
1.452599332322797e-14
1.999324879644378e-14
2.747724397729294e-14
3.770641703601876e-14
5.166658726828317e-14
7.068981901572902e-14
9.657319431990996e-14
1.317373808781483e-13
1.794379396588205e-13
2.440463196112796e-13
3.314234195243848e-13
4.494144043454967e-13
6.085044035493425e-13
8.226844227555985e-13
1.110595014390536e-12
1.497031882138899e-12
2.014926203317002e-12
2.707945846724957e-12
3.633904158487078e-12
4.869221345571439e-12
6.51475358035003e-12
8.703397377796129e-12
1.160999161392562e-11
1.546418375297787e-11
2.056714520914937e-11
2.731321072091397e-11
3.621787592056336e-11
4.795396024714904e-11
6.339822417045227e-11
8.369134552044244e-11
1.103149863124209e-10
1.451906928018332e-10
1.908064400923948e-10
2.503784679586119e-10
3.280576921227407e-10
4.291929311950327e-10
5.606650699263582e-10
7.313120109486704e-10
9.524665500748597e-10
1.238637414857635e-09
1.608368993544218e-09
2.085324801726074e-09
2.699652057458479e-09
3.489694977432123e-09
4.504143724659571e-09
5.804722480462488e-09
7.469553864325462e-09
9.597349581724757e-09
1.231262825029944e-08
1.577220487547493e-08
2.017323375014257e-08
2.576318536284816e-08
3.28521494452616e-08
4.182804858032796e-08
5.317532725257479e-08
6.749797876182129e-08
8.554775376978796e-08
1.082587246514777e-07
1.367895237081029e-07
1.725749001479926e-07
2.173883899558859e-07
2.734186352881807e-07
3.433618189774279e-07
4.305336176457786e-07
5.390044748310174e-07
6.737625426467275e-07
8.409101042161637e-07
1.047898990691465e-06
1.303813064623682e-06
1.619706154087908e-06
2.009004901992739e-06
2.487988467692048e-06
3.076360371778719e-06
3.797924364334904e-06
4.681385689764284e-06
5.761296506534563e-06
7.079171155055519e-06
8.684797649038956e-06
1.063776926457649e-05
1.300929216085933e-05
1.588428131071851e-05
1.936380795086734e-05
2.35679453908233e-05
2.863906956918072e-05
3.474566983641125e-05
4.208676182315685e-05
5.08969314978458e-05
6.145217776065692e-05
7.407656084978953e-05
8.914982754504308e-05
0.000107116014987696
0.0001284933241549879
0.0001538853393867612
0.0001839934993768111
0.0002196312561864033
0.0002617400896269828
0.0003114072605967522
0.0003698855871334672
0.0004386155633255839
0.0005192499374970794
0.0006136804586276412
0.0007240678532980382
0.0008528741309419274
0.001002898090519011
0.001177314086817205
0.00137971353251487
0.001614150474779308
0.001885188859887421
0.002197954338043928
0.002558188978582621
0.002972307382151484
0.003447457915171981
0.003991584293544292
0.004613489378243685
0.00532290106639266
0.006130538880825043
0.007048176135867834
0.008088706992566586
0.009266210719943047
0.01059600617736578
0.01209470350295305
0.01378025766462088
0.01567199639976025
0.01779065653681755
0.02015838772058487
0.02279876358807087
0.02573675476014614
0.02899869158864021
0.03261219337582588
0.03660609945654869
0.04101032763719559
0.04585575312376022
0.05117399245500565
0.05699722841382027
0.06335790455341339
0.07028847187757492
0.07782100141048431
0.08598685264587402
0.09481623768806458
0.1043377220630646
0.1145777553319931
0.1255601048469543
0.1373053193092346
0.1498300731182098
0.1631466001272202
0.1772620528936386
0.1921778470277786
0.2078890353441238
0.2243836671113968
0.2416423410177231
0.2596376240253448
0.2783336937427521
0.2976858615875244
0.3176403343677521
0.3381342887878418
0.359095573425293
0.3804433345794678
0.4020880162715912
0.4239319562911987
0.4458703100681305
0.4677918553352356
0.4895800054073334
0.5111145377159119
0.5322727560997009
0.5529312491416931
0.5729679465293884
0.5922637581825256
0.610704779624939
0.62818443775177
0.6446053981781006
0.659881591796875
0.6739404201507568
0.686724066734314
0.6981913447380066
0.7083190083503723
0.7171026468276978
0.7245574593544006
0.7307181358337402
0.7356392741203308
0.7393943071365356
0.7420750856399536
0.7437897920608521
0.744661808013916
0.7448272109031677
0.7444322109222412
0.743630588054657
0.742580235004425
0.74144047498703
0.7403682470321655
0.7395151257514954
0.7390239238739014
0.7390255928039551
0.7396361827850342
0.7409543395042419
0.7430590391159058
0.7460078001022339
0.749835193157196
0.7545521855354309
0.7601460814476013
0.7665806412696838
0.7737972736358643
0.7817166447639465
0.7902408838272095
0.7992562055587769
0.8086361885070801
0.8182450532913208
0.8279421329498291
0.8375855088233948
0.8470360636711121
0.8561617136001587
0.8648411631584167
0.8729676008224487
0.8804516792297363
0.887224018573761
0.8932374715805054
0.8984680771827698
0.9029155969619751
0.9066033363342285
0.909576952457428
0.9119026660919189
0.913664698600769
0.9149624109268188
0.915906548500061
0.91661536693573
0.9172102212905884
0.9178116321563721
0.9185349345207214
0.9194865822792053
0.9207602143287659
0.9224339127540588
0.9245674610137939
0.9272006154060364
0.9303523898124695
0.9340205192565918
0.9381822347640991
0.9427953958511353
0.9478009939193726
0.9531256556510925
0.9586847424507141
0.9643858671188354
0.970133364200592
0.9758317470550537
0.9813895225524902
0.9867230653762817
0.991759717464447
0.9964406490325928
1.000722765922546
1.00458025932312
1.008004784584045
1.011006236076355
1.013610601425171
1.015859246253967
1.017806529998779
1.019516468048096
1.02105987071991
1.02251148223877
1.023945569992065
1.025433659553528
1.027040362358093
1.028821706771851
1.030822038650513
1.033072710037231
1.035591006278992
1.038379788398743
1.041428089141846
1.044712066650391
1.04819643497467
1.051836967468262
1.055582523345947
1.059378027915955
1.063167810440063
1.066897034645081
1.070515751838684
1.073980689048767
1.077256917953491
1.080319762229919
1.083155035972595
1.085759878158569
1.088141560554504
1.090317487716675
1.092313408851624
1.094161629676819
1.095899224281311
1.097565174102783
1.099198460578918
1.100835800170898
1.10250985622406
1.104246497154236
1.106064915657043
1.107975363731384
1.109979271888733
1.112069487571716
1.114230513572693
1.116439461708069
1.118667244911194
1.120880246162415
1.123041749000549
1.125113964080811
1.127059578895569
1.128843545913696
1.130434155464172
1.131804585456848
1.132933020591736
1.133803129196167
1.13440477848053
1.134732723236084
1.134786605834961
1.134570002555847
1.13408887386322
1.133350849151611
1.13236403465271
1.13113534450531
1.129670381546021
1.12797212600708
1.126040816307068
1.123873472213745
1.121464133262634
1.118804216384888
1.115883350372314
1.112689971923828
1.109212756156921
1.105441689491272
1.101369023323059
1.096990823745728
1.092307925224304
1.087326169013977
1.08205783367157
1.076521873474121
1.070743203163147
1.064754009246826
1.058592081069946
1.052300691604614
1.04592764377594
1.03952419757843
1.033143520355225
1.026839971542358
1.020667314529419
1.014678597450256
1.008923888206482
1.003449559211731
0.9982975721359253
0.9935047626495361
0.9891025424003601
0.9851161241531372
0.9815644025802612
0.9784597158432007
0.975807785987854
0.9736077189445496
0.9718523025512695
0.9705280065536499
0.9696155190467834
0.9690895080566406
0.9689194560050964
0.9690697193145752
0.9695000648498535
0.9701663255691528
0.9710210561752319
0.9720138907432556
0.9730927348136902
0.974204421043396
0.9752962589263916
0.9763166308403015
0.9772164821624756
0.9779505729675293
0.9784783124923706
0.9787655472755432
0.9787848591804504
0.9785169363021851
0.9779511690139771
0.9770860075950623
0.9759292602539062
0.9744976758956909
0.9728168249130249
0.9709200263023376
0.9688475728034973
0.9666452407836914
0.9643626809120178
0.9620518088340759
0.9597648978233337
0.9575528502464294
0.9554634094238281
0.9535396099090576
0.9518177509307861
0.950326681137085
0.9490867853164673
0.9481089115142822
0.9473944902420044
0.9469357132911682
0.9467156529426575
0.9467095732688904
0.9468855857849121
0.9472063779830933
0.9476307034492493
0.9481151700019836
0.9486157298088074
0.9490896463394165
0.9494976401329041
0.9498048424720764
0.9499823451042175
0.9500080347061157
0.9498675465583801
0.9495545029640198
0.9490708112716675
0.9484255909919739
0.9476355314254761
0.9467231035232544
0.945715606212616
0.9446439146995544
0.9435409903526306
0.9424399733543396
0.9413730502128601
0.9403694868087769
0.9394549131393433
0.9386499524116516
0.9379693865776062
0.9374217391014099
0.9370091557502747
0.9367274641990662
0.9365664720535278
0.9365107417106628
0.9365407824516296
0.9366337656974792
0.9367649555206299
0.9369091391563416
0.9370420575141907
0.9371413588523865
0.9371877312660217
0.9371657967567444
0.9370649456977844
0.9368795156478882
0.9366089105606079
0.9362574219703674
0.9358339905738831
0.9353513121604919
0.9348248839378357
0.9342722296714783
0.9337117671966553
0.9331615567207336
0.9326385259628296
0.9321575164794922
0.9317300319671631
0.9313643574714661
0.9310649037361145
0.9308320283889771
0.9306623935699463
0.9305492043495178
0.9304830431938171
0.9304520487785339
0.9304431676864624
0.9304430484771729
0.9304384589195251
0.9304174780845642
0.930370032787323
0.9302882552146912
0.9301674365997314
0.9300051927566528
0.9298024773597717
0.9295625686645508
0.9292911291122437
0.9289955496788025
0.9286841750144958
0.9283661842346191
0.9280502200126648
0.9277442097663879
0.9274547100067139
0.9271866083145142
0.9269424676895142
0.9267228245735168
0.9265260696411133
0.9263481497764587
0.9261836409568787
0.9260254502296448
0.9258658289909363
0.9256961345672607
0.9255078434944153
0.9252927303314209
0.9250432848930359
0.9247530102729797
0.9244163632392883
0.9240289330482483
0.9235876202583313
0.9230898022651672
0.9225338101387024
0.9219181537628174
0.9212414026260376
0.9205014109611511
0.919695258140564
0.9188185930252075
0.9178659915924072
0.9168302416801453
0.9157022833824158
0.9144713282585144
0.9131249189376831
0.9116489887237549
0.9100281000137329
0.9082458019256592
0.906284511089325
0.9041261672973633
0.901752233505249
0.8991439342498779
0.8962823748588562
0.8931485414505005
0.8897237777709961
0.885989248752594
0.8819261789321899
0.8775159120559692
0.8727399110794067
0.8675791025161743
0.8620146512985229
0.8560275435447693
0.8495985865592957
0.8427087068557739
0.8353388905525208
0.8274707198143005
0.819086492061615
0.8101691603660583
0.8007031083106995
0.7906745076179504
0.780071496963501
0.7688843607902527
0.7571063637733459
0.7447333931922913
0.7317648530006409
0.7182035446166992
0.7040559649467468
0.6893322467803955
0.6740466356277466
0.658217191696167
0.6418659090995789
0.6250187158584595
0.6077053546905518
0.5899593234062195
0.5718180537223816
0.5533221960067749
0.534515917301178
0.5154467821121216
0.4961651861667633
0.47672438621521
0.4571800231933594
0.437590092420578
0.4180141091346741
0.3985131978988647
0.379149317741394
0.359984815120697
0.3410818874835968
0.322501927614212
0.3043049275875092
0.2865489423274994
0.2692893743515015
0.2525783181190491
0.2364639490842819
0.2209899127483368
0.2061947882175446
0.1921114772558212
0.178766742348671
0.166180893778801
0.1543672829866409
0.1433322131633759
0.133074551820755
0.1235858127474785
0.1148500367999077
0.1068439111113548
0.0995369628071785
0.09289180487394333
0.08686450123786926
0.08140508830547333
0.07645812630653381
0.07196339964866638
0.06785662472248077
0.06407035142183304
0.06053484603762627
0.05717907473444939
0.05393170937895775
0.05072219669818878
0.04748180881142616
0.04414471238851547
0.04064904525876045
0.03693784028291702
0.03296004235744476
0.02867130376398563
0.0240347683429718
0.01902170665562153
0.01361199282109737
0.007794490084052086
0.001567236380651593
-0.005062512587755919
-0.01207841094583273
-0.01945534162223339
-0.02715986967086792
-0.03515090048313141
-0.04338046163320541
-0.05179463326931
-0.06033465638756752
-0.06893806159496307
-0.07753998786211014
-0.08607453107833862
-0.09447614103555679
-0.1026810929179192
-0.1106288358569145
-0.1182635203003883
-0.1255351901054382
-0.1324011087417603
-0.1388268768787384
-0.1447873115539551
-0.1502672135829926
-0.155261904001236
-0.1597775369882584
-0.1638310551643372
-0.1674499958753586
-0.1706719100475311
-0.1735434979200363
-0.1761195361614227
-0.1784615814685822
-0.1806361973285675
-0.1827133446931839
-0.1847643256187439
-0.1868598014116287
-0.1890676766633987
-0.1914511024951935
-0.1940665543079376
-0.1969619542360306
-0.2001752257347107
-0.2037330269813538
-0.207649827003479
-0.2119273692369461
-0.2165546268224716
-0.2215081006288528
-0.2267525941133499
-0.2322424203157425
-0.2379229366779327
-0.2437324374914169
-0.2496043890714645
-0.2554697394371033
-0.2612593472003937
-0.2669066190719604
-0.2723497748374939
-0.2775341272354126
-0.2824140191078186
-0.2869543433189392
-0.2911319732666016
-0.2949361801147461
-0.2983691096305847
-0.3014453053474426
-0.3041910529136658
-0.3066428899765015
-0.3088461756706238
-0.3108528554439545
-0.3127192854881287
-0.3145037591457367
-0.3162637650966644
-0.3180538415908813
-0.3199231028556824
-0.3219130635261536
-0.3240561783313751
-0.3263742625713348
-0.3288779854774475
-0.3315663933753967
-0.3344269096851349
-0.3374362587928772
-0.3405614197254181
-0.3437611758708954
-0.3469878733158112
-0.3501893281936646
-0.3533111810684204
-0.3562986850738525
-0.3590989708900452
-0.3616628646850586
-0.3639466464519501
-0.3659130036830902
-0.3675323128700256
-0.368783175945282
-0.3696524500846863
-0.3701351284980774
-0.3702337443828583
-0.3699575364589691
-0.3693213164806366
-0.3683442175388336
-0.3670483827590942
-0.3654575049877167
-0.3635955452919006
-0.3614855110645294
-0.3591483533382416
-0.3566022515296936
-0.3538620471954346
-0.3509388864040375
-0.3478400707244873
-0.3445695340633392
-0.3411280512809753
-0.3375140726566315
-0.3337245881557465
-0.3297559022903442
-0.3256049454212189
-0.3212699890136719
-0.3167518675327301
-0.3120548129081726
-0.3071872591972351
-0.3021624386310577
-0.2969987988471985
-0.291720449924469
-0.2863568067550659
-0.2809427380561829
-0.2755178213119507
-0.2701259851455688
-0.2648144662380219
-0.2596327364444733
-0.2546315789222717
-0.2498617470264435
-0.2453726083040237
-0.2412109225988388
-0.2374195158481598
-0.2340360730886459
-0.2310920357704163
-0.2286117076873779
-0.2266114950180054
-0.2250992804765701
-0.224074199795723
-0.2235265523195267
-0.2234379053115845
-0.2237816900014877
-0.2245236486196518
-0.225622832775116
-0.2270326018333435
-0.2287017405033112
-0.230575755238533
-0.2325982004404068
-0.2347119152545929
-0.2368603944778442
-0.2389890253543854
-0.2410461008548737
-0.2429839074611664
-0.24475958943367
-0.2463358193635941
-0.2476813346147537
-0.2487712800502777
-0.2495873868465424
-0.2501181960105896
-0.250358909368515
-0.2503111660480499
-0.2499828338623047
-0.2493876516819
-0.2485448122024536
-0.2474783211946487
-0.2462165504693985
-0.2447916716337204
-0.2432388216257095
-0.2415954619646072
-0.2399006485939026
-0.2381941676139832
-0.2365156263113022
-0.2349037379026413
-0.2333952784538269
-0.2320242822170258
-0.2308211326599121
-0.2298117578029633
-0.2290168851613998
-0.2284514456987381
-0.2281241714954376
-0.2280371338129044
-0.2281856834888458
-0.2285585105419159
-0.229137971997261
-0.2299004942178726
-0.2308172881603241
-0.2318553775548935
-0.2329785078763962
-0.2341484576463699
-0.2353262156248093
-0.2364734262228012
-0.2375535666942596
-0.2385333627462387
-0.2393838912248611
-0.2400815337896347
-0.240608811378479
-0.2409550100564957
-0.2411164194345474
-0.2410964071750641
-0.2409052103757858
-0.2405594438314438
-0.2400812655687332
-0.2394975423812866
-0.2388385981321335
-0.2381370961666107
-0.2374264448881149
-0.2367397248744965
-0.2361082136631012
-0.2355601936578751
-0.2351198643445969
-0.2348064631223679
-0.2346336394548416
-0.2346090078353882
-0.234734058380127
-0.2350042760372162
-0.2354094684123993
-0.2359345406293869
-0.2365602403879166
-0.237264096736908
-0.2380216866731644
-0.2388076931238174
-0.2395971864461899
-0.2403667271137238
-0.2410954087972641
-0.2417658120393753
-0.242364689707756
-0.242883488535881
-0.2433187067508698
-0.2436718642711639
-0.2439493834972382
-0.2441622465848923
-0.2443253099918365
-0.2444566786289215
-0.2445767521858215
-0.244707390666008
-0.2448707967996597
-0.2450886964797974
-0.2453814148902893
-0.2457669377326965
-0.246260479092598
-0.2468737810850143
-0.2476149052381516
-0.2484879791736603
-0.2494932860136032
-0.2506275773048401
-0.2518841922283173
-0.2532537579536438
-0.2547246515750885
-0.256283700466156
-0.2579168677330017
-0.2596097886562347
-0.2613485753536224
-0.263120174407959
-0.2649129331111908
-0.266716867685318
-0.2685237526893616
-0.2703272104263306
-0.272122710943222
-0.2739073038101196
-0.2756792306900024
-0.2774376571178436
-0.2791821956634521
-0.2809124886989594
-0.2826277017593384
-0.2843262255191803
-0.2860052883625031
-0.2876608669757843
-0.2892873287200928
-0.2908776700496674
-0.2924235463142395
-0.2939154207706451
-0.2953430116176605
-0.2966957092285156
-0.2979629635810852
-0.2991349995136261
-0.3002031445503235
-0.3011602759361267
-0.3020014762878418
-0.3027242422103882
-0.3033287227153778
-0.3038178384304047
-0.3041971921920776
-0.3044749796390533
-0.3046617805957794
-0.3047698736190796
-0.3048129379749298
-0.3048053085803986
-0.3047613203525543
-0.3046947121620178
-0.3046178221702576
-0.3045410215854645
-0.3044721484184265
-0.3044160604476929
-0.3043741881847382
-0.30434450507164
-0.3043214082717896
-0.3042958378791809
-0.3042556643486023
-0.3041859269142151
-0.3040693402290344
-0.3038870096206665
-0.3036191165447235
-0.3032456636428833
-0.3027471303939819
-0.3021052777767181
-0.3013037443161011
-0.3003287613391876
-0.2991695702075958
-0.2978187501430511
-0.2962725162506104
-0.2945310473442078
-0.2925982475280762
-0.2904817163944244
-0.2881925702095032
-0.2857450544834137
-0.2831560969352722
-0.2804449796676636
-0.2776325941085815
-0.2747412025928497
-0.2717936635017395
-0.2688131928443909
-0.26582270860672
-0.2628444135189056
-0.2598996460437775
-0.2570084929466248
-0.2541895508766174
-0.251459926366806
-0.2488350421190262
-0.246328666806221
-0.2439529746770859
-0.2417186051607132
-0.2396346181631088
-0.2377086877822876
-0.2359471321105957
-0.2343548238277435
-0.2329353392124176
-0.2316908538341522
-0.2306220680475235
-0.229728102684021
-0.2290063947439194
-0.2284525483846664
-0.228060245513916
-0.22782102227211
-0.2277241945266724
-0.2277568131685257
-0.2279037535190582
-0.2281476557254791
-0.2284692376852036
-0.2288474887609482
-0.2292600572109222
-0.2296837270259857
-0.2300948649644852
-0.2304701209068298
-0.2307870239019394
-0.2310246527194977
-0.231164276599884
-0.231190025806427
-0.2310893982648849
-0.2308537662029266
-0.2304786592721939
-0.229964092373848
-0.2293145209550858
-0.2285387367010117
-0.2276496887207031
-0.2266639769077301
-0.2256012856960297
-0.2244837582111359
-0.2233350872993469
-0.2221798151731491
-0.2210422903299332
-0.2199459373950958
-0.218912348151207
-0.2179605066776276
-0.2171062380075455
-0.2163616418838501
-0.2157347351312637
-0.2152292430400848
-0.2148446291685104
-0.2145762145519257
-0.214415431022644
-0.2143502980470657
-0.2143660038709641
-0.214445561170578
-0.214570477604866
-0.2147215306758881
-0.2148795127868652
-0.2150259613990784
-0.2151438295841217
-0.2152180969715118
-0.2152361869812012
-0.2151884883642197
-0.2150684595108032
-0.2148728966712952
-0.214601919054985
-0.2142587602138519
-0.2138495743274689
-0.2133831232786179
-0.2128702700138092
-0.2123235166072845
-0.2117564529180527
-0.2111831605434418
-0.2106175273656845
-0.2100727558135986
-0.2095608115196228
-0.2090919464826584
-0.2086742371320724
-0.2083133608102798
-0.2080123722553253
-0.2077716439962387
-0.2075889110565186
-0.2074594646692276
-0.2073764503002167
-0.2073311805725098
-0.2073136568069458
-0.2073130458593369
-0.2073182761669159
-0.2073185443878174
-0.2073038965463638
-0.2072656601667404
-0.2071968019008636
-0.20709228515625
-0.2069492936134338
-0.2067672908306122
-0.2065479010343552
-0.2062948346138
-0.206013560295105
-0.2057109326124191
-0.2053948044776917
-0.2050734907388687
-0.2047553956508636
-0.2044484317302704
-0.2041596323251724
-0.2038947939872742
-0.2036582082509995
-0.2034524530172348
-0.2032782882452011
-0.2031348347663879
-0.2030194997787476
-0.202928364276886
-0.2028564214706421
-0.2027978897094727
-0.202746644616127
-0.2026965469121933
-0.2026419043540955
-0.2025776654481888
-0.2024998068809509
-0.2024054676294327
-0.2022930383682251
-0.2021622359752655
-0.2020140588283539
-0.2018505930900574
-0.2016748785972595
-0.2014906257390976
-0.2013019770383835
-0.2011131942272186
-0.2009284198284149
-0.2007513642311096
-0.2005851566791534
-0.2004321068525314
-0.2002936601638794
-0.2001702934503555
-0.2000615745782852
-0.1999662667512894
-0.1998823583126068
-0.1998073756694794
-0.199738472700119
-0.1996726542711258
-0.1996070146560669
-0.199538916349411
-0.1994661390781403
-0.1993869692087173
-0.1993004381656647
-0.1992061138153076
-0.1991042792797089
-0.1989957988262177
-0.198882058262825
-0.198764756321907
-0.1986458897590637
-0.1985274404287338
-0.1984113901853561
-0.1982994228601456
-0.1981929689645767
-0.1980929970741272
-0.1980000883340836
-0.1979143023490906
-0.1978353261947632
-0.1977623552083969
-0.1976943463087082
-0.1976299732923508
-0.1975678950548172
-0.1975066959857941
-0.1974451392889023
-0.1973821520805359
-0.1973168849945068
-0.1972488462924957
-0.1971778869628906
-0.1971041113138199
-0.1970279514789581
-0.1969500780105591
-0.1968712955713272
-0.1967925429344177
-0.1967147439718246
-0.1966387331485748
-0.1965652853250504
-0.1964950114488602
-0.1964282393455505
-0.1963651478290558
-0.1963056772947311
-0.1962496042251587
-0.1961965262889862
-0.1961459368467331
-0.1960972994565964
-0.1960500180721283
-0.1960036009550095
-0.1959576159715652
-0.195911779999733
-0.1958659738302231
-0.1958201825618744
-0.19577457010746
-0.1957294642925262
-0.1956852674484253
-0.1956424713134766
-0.1956015974283218
-0.1955631822347641
-0.1955277323722839
-0.195495679974556
-0.1954673528671265
-0.1954430490732193
-0.1954229176044464
-0.1954070180654526
-0.1953953057527542
-0.1953877210617065
-0.1953841000795364
-0.1953843086957932
-0.1953881829977036
-0.1953955590724945
-0.1954062730073929
-0.1954202204942703
-0.1954373270273209
-0.1954575031995773
-0.1954806596040726
-0.1955067366361618
-0.1955356150865555
-0.1955671459436417
-0.1956010907888412
-0.1956371515989304
-0.1956749111413956
-0.1957139074802399
-0.1957535445690155
-0.195793092250824
-0.1958317309617996
-0.1958686113357544
-0.1959028244018555
-0.1959333270788193
-0.1959591507911682
-0.1959793120622635
-0.1959928125143051
-0.1959987431764603
-0.1959962695837021
-0.1959846466779709
-0.1959632486104965
-0.1959315538406372
-0.1958891749382019
-0.1958358883857727
-0.1957716196775436
-0.1956964880228043
-0.1956107467412949
-0.1955148875713348
-0.1954095065593719
-0.195295438170433
-0.1951736658811569
-0.1950453519821167
-0.194911852478981
-0.1947746127843857
-0.1946352422237396
-0.1944954395294189
-0.1943569779396057
-0.1942216902971268
-0.1940914243459702
-0.1939679980278015
-0.1938531398773193
-0.193748414516449
-0.1936552822589874
-0.1935749799013138
-0.1935084462165833
-0.1934563368558884
-0.1934190690517426
-0.1933966726064682
-0.1933888047933578
-0.1933948546648026
-0.1934138387441635
-0.1934444308280945
-0.1934850811958313
-0.1935338973999023
-0.1935888677835464
-0.1936478018760681
-0.1937084645032883
-0.1937685608863831
-0.1938258856534958
-0.1938782930374146
-0.1939238309860229
-0.1939608156681061
-0.1939878910779953
-0.194004014134407
-0.1940085142850876
-0.1940011084079742
-0.1939819604158401
-0.1939516216516495
-0.193911001086235
-0.1938614100217819
-0.1938043981790543
-0.1937418282032013
-0.1936757266521454
-0.1936082541942596
-0.1935415416955948
-0.1934776902198792
-0.1934186369180679
-0.1933661699295044
-0.1933217644691467
-0.1932865381240845
-0.1932612657546997
-0.1932462900876999
-0.1932415515184402
-0.1932465732097626
-0.19326052069664
-0.1932821720838547
-0.1933100372552872
-0.193342462182045
-0.1933776289224625
-0.1934136599302292
-0.1934487372636795
-0.1934811472892761
-0.1935093551874161
-0.1935320645570755
-0.193548321723938
-0.1935575008392334
-0.1935593783855438
-0.19355408847332
-0.1935421526432037
-0.1935243755578995
-0.1935018301010132
-0.1934757977724075
-0.1934476941823959
-0.1934190541505814
-0.1933913230895996
-0.1933659166097641
-0.1933439970016479
-0.1933266371488571
-0.1933145374059677
-0.1933081299066544
-0.1933075785636902
-0.1933126747608185
-0.1933229565620422
-0.1933376789093018
-0.1933559477329254
-0.1933766901493073
-0.1933987587690353
-0.1934210211038589
-0.1934423595666885
-0.1934617757797241
-0.1934785097837448
-0.1934919506311417
-0.1935017108917236
-0.1935077160596848
-0.1935100853443146
-0.1935091912746429
-0.193505585193634
-0.1934999972581863
-0.1934932172298431
-0.1934860795736313
-0.1934794187545776
-0.1934740245342255
-0.1934705525636673
-0.1934695243835449
-0.1934712678194046
-0.1934759765863419
-0.1934836059808731
-0.1934939622879028
-0.1935066878795624
-0.1935212761163712
-0.193537175655365
-0.1935537755489349
-0.193570464849472
-0.193586677312851
-0.1936019361019135
-0.1936158537864685
-0.1936281621456146
-0.1936387717723846
-0.1936477273702621
-0.1936551481485367
-0.1936613023281097
-0.1936665326356888
-0.1936712712049484
-0.1936759054660797
-0.1936808973550797
-0.1936866044998169
-0.1936933547258377
-0.19370137155056
-0.1937107592821121
-0.1937215626239777
-0.1937337219715118
-0.1937471032142639
-0.1937614530324936
-0.1937765181064606
-0.1937919706106186
-0.1938075572252274
-0.1938229948282242
-0.1938380599021912
-0.1938525587320328
-0.1938664019107819
-0.1938795149326324
-0.1938919723033905
-0.193903848528862
-0.1939153075218201
-0.193926528096199
-0.193937674164772
-0.193948969244957
-0.1939606070518494
-0.1939727216959
-0.1939854323863983
-0.1939987987279892
-0.1940128207206726
-0.1940275132656097
-0.1940428018569946
-0.1940585672855377
-0.1940746754407883
-0.1940909922122955
-0.1941074132919312
-0.1941237896680832
-0.1941400170326233
-0.1941560506820679
-0.1941718459129333
-0.1941873878240585
-0.194202721118927
-0.1942179054021835
-0.1942330151796341
-0.1942481100559235
-0.19426329433918
-0.1942786425352097
-0.1942942440509796
-0.1943101435899734
-0.1943263709545135
-0.1943429261445999
-0.1943597942590714
-0.1943769305944443
-0.1943943202495575
-0.1944118589162827
-0.1944295465946198
-0.1944472938776016
-0.1944650560617447
-0.1944827735424042
-0.1945004314184189
-0.1945180594921112
-0.1945356726646423
-0.1945532262325287
-0.1945707648992538
-0.1945883631706238
-0.1946060061454773
-0.1946237683296204
-0.1946416646242142
-0.1946596950292587
-0.194677859544754
-0.1946961432695389
-0.1947145313024521
-0.1947330385446548
-0.1947515904903412
-0.1947701573371887
-0.1947887241840363
-0.1948072165250778
-0.1948256194591522
-0.1948438435792923
-0.1948618739843369
-0.1948796659708023
-0.1948971599340439
-0.194914311170578
-0.1949310302734375
-0.1949472725391388
-0.1949629485607147
-0.1949779540300369
-0.1949921846389771
-0.1950054913759232
-0.1950177103281021
-0.1950286328792572
-0.1950380057096481
-0.1950455456972122
-0.195050984621048
-0.1950539648532867
-0.1950540691614151
-0.1950508654117584
-0.1950438469648361
-0.1950324475765228
-0.195016011595726
-0.1949938833713531
-0.1949652284383774
-0.1949292421340942
-0.1948849409818649
-0.1948312968015671
-0.1947671622037888
-0.1946912258863449
-0.1946021318435669
-0.1944983899593353
-0.1943783909082413
-0.194240391254425
-0.1940825432538986
-0.1939028948545456
-0.1936993151903152
-0.1934696733951569
-0.193211629986763
-0.1929228156805038
-0.1926007866859436
-0.1922430247068405
-0.1918469667434692
-0.1914100497961044
-0.1909297704696655
-0.1904036402702332
-0.1898292303085327
-0.1892042607069016
-0.1885266005992889
-0.1877944022417068
-0.1870059818029404
-0.1861600279808044
-0.1852555871009827
-0.1842921227216721
-0.1832695603370667
-0.1821883171796799
-0.1810494065284729
-0.1798544228076935
-0.1786056607961655
-0.1773060113191605
-0.1759591102600098
-0.1745692938566208
-0.1731415987014771
-0.1716817319393158
-0.170196071267128
-0.1686916351318359
-0.1671760231256485
-0.1656572967767715
-0.164143905043602
-0.1626446098089218
-0.1611683219671249
-0.1597240567207336
-0.1583206802606583
-0.1569668352603912
-0.155670702457428
-0.1544399559497833
-0.1532814502716064
-0.1522011905908585
-0.1512041240930557
-0.1502939909696579
-0.1494732797145844
-0.1487430483102798
-0.1481028944253922
-0.1475508809089661
-0.1470836251974106
-0.1466962397098541
-0.1463824212551117
-0.1461345106363297
-0.1459437161684036
-0.1458002477884293
-0.1456935256719589
-0.1456123888492584
-0.1455453932285309
-0.1454810351133347
-0.1454080790281296
-0.1453158259391785
-0.145194411277771
-0.145034983754158
-0.1448300331830978
-0.1445736140012741
-0.1442613899707794
-0.1438908576965332
-0.1434613764286041
-0.1429741531610489
-0.1424323320388794
-0.1418407112360001
-0.141205683350563
-0.1405350118875504
-0.1398375481367111
-0.1391229033470154
-0.1384011805057526
-0.137682631611824
-0.1369773000478745
-0.1362946480512619
-0.1356431841850281
-0.1350302696228027
-0.1344617903232574
-0.1339420229196548
-0.1334734559059143
-0.1330567002296448
-0.1326905339956284
-0.1323719769716263
-0.1320964097976685
-0.1318578273057938
-0.131649062037468
-0.1314620971679688
-0.1312884241342545
-0.1311194449663162
-0.1309467554092407
-0.1307625025510788
-0.1305597871541977
-0.1303327977657318
-0.1300771534442902
-0.1297900527715683
-0.1294702887535095
-0.1291182935237885
-0.1287360489368439
-0.1283269673585892
-0.1278956532478333
-0.1274477541446686
-0.1269895434379578
-0.1265276819467545
-0.1260687410831451
-0.1256190687417984
-0.1251843571662903
-0.1247694343328476
-0.1243780180811882
-0.1240126043558121
-0.1236743181943893
-0.1233629584312439
-0.1230770349502563
-0.1228139251470566
-0.1225699856877327
-0.1223408505320549
-0.1221216917037964
-0.121907465159893
-0.1216931939125061
-0.1214742586016655
-0.1212466508150101
-0.1210071593523026
-0.1207534819841385
-0.1204843670129776
-0.120199628174305
-0.1199000999331474
-0.1195875257253647
-0.1192644163966179
-0.1189338937401772
-0.1185994297266006
-0.1182646453380585
-0.1179330796003342
-0.117607980966568
-0.1172921061515808
-0.1169875860214233
-0.116695798933506
-0.1164173483848572
-0.1161520406603813
-0.1158989891409874
-0.1156566217541695
-0.1154228672385216
-0.1151953339576721
-0.1149714440107346
-0.1147486418485641
-0.1145245358347893
-0.1142970845103264
-0.1140646636486053
-0.1138262003660202
-0.1135811880230904
-0.1133296862244606
-0.1130723133683205
-0.1128101050853729
-0.1125444695353508
-0.1122770830988884
-0.112009696662426
-0.1117440313100815
-0.1114816814661026
-0.1112239584326744
-0.1109718382358551
-0.1107259094715118
-0.1104863584041595
-0.1102529615163803
-0.1100251376628876
-0.1098020523786545
-0.1095826178789139
-0.1093656569719315
-0.1091499552130699
-0.1089343950152397
-0.1087180003523827
-0.1085000038146973
-0.1082799136638641
-0.1080575212836266
-0.1078328788280487
-0.1076063215732574
-0.1073783710598946
-0.1071497052907944
-0.1069211065769196
-0.1066933423280716
-0.1064671501517296
-0.1062431633472443
-0.1060218513011932
-0.1058035343885422
-0.1055882945656776
-0.1053760647773743
-0.1051666066050529
-0.1049595400691032
-0.1047543808817863
-0.1045506149530411
-0.1043477132916451
-0.1041451990604401
-0.1039426624774933
-0.1037398353219032
-0.103536531329155
-0.1033327132463455
-0.1031284779310226
-0.1029239967465401
-0.1027195230126381
-0.102515384554863
-0.1023118942975998
-0.1021093502640724
-0.1019080132246017
-0.1017080992460251
-0.1015097126364708
-0.1013129055500031
-0.1011176407337189
-0.1009237989783287
-0.1007312163710594
-0.1005396768450737
-0.1003489643335342
-0.1001588627696037
-0.09996919333934784
-0.09977980703115463
-0.09959060698747635
-0.0994015634059906
-0.09921267628669739
-0.09902400523424149
-0.09883564710617065
-0.09864771366119385
-0.09846032410860062
-0.09827360510826111
-0.09808766096830368
-0.09790259599685669
-0.09771845489740372
-0.09753528982400894
-0.09735306352376938
-0.09717174619436264
-0.09699127823114395
-0.09681160748004913
-0.09663266688585281
-0.09645437449216843
-0.09627669304609299
-0.09609959274530411
-0.09592305123806
-0.09574707597494125
-0.09557171165943146
-0.0953969806432724
-0.09522296488285065
-0.09504971653223038
-0.09487731009721756
-0.09470582753419876
-0.09453531354665756
-0.09436579793691635
-0.09419732540845871
-0.09402990341186523
-0.09386355429887772
-0.09369826316833496
-0.09353402256965637
-0.09337082505226135
-0.09320864081382751
-0.09304746240377426
-0.0928872674703598
-0.09272804856300354
-0.09256981313228607
-0.0924125537276268
-0.09225626289844513
-0.09210097044706345
-0.09194666147232056
-0.09179331362247467
-0.09164091199636459
-0.09148943424224854
-0.09133884310722351
-0.09118910133838654
-0.09104015678167343
-0.09089192748069763
-0.09074435383081436
-0.09059737622737885
-0.09045090526342392
-0.09030486643314362
-0.09015917032957077
-0.09001375734806061
-0.08986854553222656
-0.08972346037626266
-0.08957844227552414
-0.08943343162536621
-0.0892883688211441
-0.08914319425821304
-0.08899786323308945
-0.08885232359170914
-0.08870654553174973
-0.08856048434972763
-0.08841412514448166
-0.08826745301485062
-0.08812044560909271
-0.08797311782836914
-0.0878254696726799
-0.08767751604318619
-0.08752930909395218
-0.08738087862730026
-0.08723228424787521
-0.08708357810974121
-0.08693484961986542
-0.0867861807346344
-0.08663766086101532
-0.08648936450481415
-0.08634138852357864
-0.08619382977485657
-0.08604679256677628
-0.08590038120746613
-0.08575466275215149
-0.08560972660779953
-0.08546563982963562
-0.08532248437404633
-0.08518031239509583
-0.08503918349742889
-0.08489914238452911
-0.08476021885871887
-0.08462243527173996
-0.08448580652475357
-0.08435031026601791
-0.08421595394611359
-0.08408267796039581
-0.0839504599571228
-0.08381922543048859
-0.08368890732526779
-0.08355943113565445
-0.0834307074546814
-0.08330263942480087
-0.08317513763904572
-0.08304809778928757
-0.08292140066623688
-0.08279496431350708
-0.08266867697238922
-0.08254243433475494
-0.08241614699363708
-0.08228974044322968
-0.08216314017772675
-0.08203627914190292
-0.08190909028053284
-0.08178155869245529
-0.0816536545753479
-0.08152535557746887
-0.0813966691493988
-0.0812675952911377
-0.08113816380500793
-0.08100841194391251
-0.08087838441133499
-0.08074814826250076
-0.0806177631020546
-0.08048728853464127
-0.08035681396722794
-0.08022640645503998
-0.08009614795446396
-0.07996612042188644
-0.07983639091253281
-0.07970703393220901
-0.07957810908555984
-0.07944966852664948
-0.07932175695896149
-0.07919440418481827
-0.0790676474571228
-0.07894149422645569
-0.07881592959165573
-0.07869096845388412
-0.07856656610965729
-0.07844270765781403
-0.07831934094429016
-0.07819642126560211
-0.0780738964676857
-0.07795170694589615
-0.07782980799674988
-0.07770814001560211
-0.07758665084838867
-0.07746530324220657
-0.07734405994415283
-0.07722286134958267
-0.0771017000079155
-0.07698056846857071
-0.07685945183038712
-0.07673837244510651
-0.07661734521389008
-0.07649641484022141
-0.07637563347816467
-0.07625504583120346
-0.07613473385572433
-0.07601475715637207
-0.07589521259069443
-0.07577617466449738
-0.07565772533416748
-0.07553995400667191
-0.07542294263839722
-0.07530675828456879
-0.07519148290157318
-0.07507716119289398
-0.07496385276317596
-0.07485157996416092
-0.07474038004875183
-0.07463023811578751
-0.07452115416526794
-0.07441309839487076
-0.07430601865053177
-0.0741998478770256
-0.07409454137086868
-0.07399000227451324
-0.07388614118099213
-0.07378285378217697
-0.07368003576993942
-0.07357758283615112
-0.07347538322210312
-0.07337332516908646
-0.07327130436897278
-0.07316923886537552
-0.07306703180074692
-0.07296460866928101
-0.07286190986633301
-0.07275890558958054
-0.07265554368495941
-0.07255180925130844
-0.07244770228862762
-0.07234323024749756
-0.07223843038082123
-0.07213332504034042
-0.07202798873186111
-0.07192246615886688
-0.0718168318271637
-0.07171115279197693
-0.07160551100969315
-0.07149998843669891
-0.0713946670293808
-0.07128963619470596
-0.07118494808673859
-0.07108068466186523
-0.07097691297531128
-0.0708736851811409
-0.07077104598283768
-0.07066904008388519
-0.07056766748428345
-0.07046695798635483
-0.07036691904067993
-0.07026752829551697
-0.07016880065202713
-0.07007070630788803
-0.06997322291135788
-0.06987630575895309
-0.06977991759777069
-0.06968402117490768
-0.0695885568857193
-0.06949348747730255
-0.06939875334501266
-0.06930431723594666
-0.06921011954545975
-0.06911613792181015
-0.06902232021093369
-0.06892863661050797
-0.0688350722193718
-0.06874158978462219
-0.06864817440509796
-0.06855481117963791
-0.06846147030591965
-0.06836814433336258
-0.06827482581138611
-0.06818151473999023
-0.06808820366859436
-0.06799490749835968
-0.06790163367986679
-0.06780838966369629
-0.06771519780158997
-0.06762206554412842
-0.06752902269363403
-0.06743607670068741
-0.06734325736761093
-0.06725059449672699
-0.06715811789035797
-0.06706582754850388
-0.06697376072406769
-0.0668819397687912
-0.0667903795838356
-0.06669910997152328
-0.06660813093185425
-0.06651744991540909
-0.066427081823349
-0.06633702665567398
-0.06624729186296463
-0.06615786254405975
-0.06606873869895935
-0.06597989052534103
-0.06589130312204361
-0.06580295413732529
-0.06571482867002487
-0.06562688201665878
-0.06553907692432404
-0.06545137614011765
-0.06536373496055603
-0.06527610868215561
-0.0651884600520134
-0.06510072946548462
-0.06501290202140808
-0.0649249255657196
-0.0648367777466774
-0.06474844366312027
-0.06465990841388702
-0.06457116454839706
-0.06448221206665039
-0.0643930584192276
-0.06430371850728989
-0.06421422213315964
-0.06412458419799805
-0.06403485685586929
-0.06394505500793457
-0.06385522335767746
-0.06376539170742035
-0.06367561221122742
-0.06358590722084045
-0.06349632889032364
-0.06340690702199936
-0.0633176863193512
-0.06322868913412094
-0.06313995271921158
-0.0630514994263649
-0.06296335160732269
-0.06287552416324615
-0.06278803944587708
-0.06270090490579605
-0.06261410564184189
-0.06252764910459518
-0.06244153529405594
-0.06235577166080475
-0.06227036565542221
-0.06218531727790833
-0.06210063025355339
-0.06201630830764771
-0.06193236261606216
-0.06184880435466766
-0.06176565587520599
-0.06168293952941895
-0.06160068139433861
-0.06151890754699707
-0.06143764033913612
-0.06135690957307816
-0.06127674132585526
-0.06119714677333832
-0.06111814826726913
-0.0610397532582283
-0.06096196547150612
-0.06088478490710258
-0.0608082003891468
-0.06073219329118729
-0.06065673753619194
-0.06058180332183838
-0.06050734966993332
-0.06043332815170288
-0.06035967916250229
-0.06028635054826736
-0.06021326780319214
-0.06014037504792213
-0.06006760522723198
-0.0599948950111866
-0.05992218852043152
-0.05984941497445107
-0.05977653712034225
-0.0597035139799118
-0.05963030830025673
-0.05955689400434494
-0.05948325619101524
-0.05940939113497734
-0.05933529138565063
-0.05926096811890602
-0.05918644741177559
-0.05911175534129143
-0.05903693288564682
-0.05896201729774475
-0.05888707190752029
-0.05881214141845703
-0.05873728543519974
-0.0586625449359417
-0.05858797952532768
-0.05851364508271217
-0.05843958258628845
-0.0583658367395401
-0.058292455971241
-0.05821947008371353
-0.05814690887928009
-0.05807479843497276
-0.05800315365195274
-0.05793198198080063
-0.05786128714680672
-0.05779107287526131
-0.0577213242650032
-0.05765202641487122
-0.05758315697312355
-0.05751469731330872
-0.05744661390781403
-0.05737888440489769
-0.05731146410107613
-0.05724431946873665
-0.05717741698026657
-0.0571107305586338
-0.05704421922564507
-0.05697786435484886
-0.05691161751747131
-0.05684546381235123
-0.05677936971187592
-0.05671330541372299
-0.05664726346731186
-0.05658121779561043
-0.0565151609480381
-0.05644909664988518
-0.05638301745057106
-0.05631693452596664
-0.05625085532665253
-0.0561847984790802
-0.05611879378557205
-0.05605285614728928
-0.05598702654242516
-0.05592132732272148
-0.05585579574108124
-0.05579046532511711
-0.05572537332773209
-0.05566054955124855
-0.05559602007269859
-0.05553180351853371
-0.05546792224049568
-0.05540438368916512
-0.0553412027657032
-0.05527837947010994
-0.05521591380238533
-0.05515379831194878
-0.05509201809763908
-0.05503055080771446
-0.05496938899159431
-0.05490849539637566
-0.0548478402197361
-0.05478738993406296
-0.05472709611058235
-0.05466693267226219
-0.05460685864090919
-0.05454683676362038
-0.05448682606220245
-0.05442679673433304
-0.05436671897768974
-0.05430657416582108
-0.05424634367227554
-0.05418602749705315
-0.05412561818957329
-0.05406511574983597
-0.05400453507900238
-0.05394388735294342
-0.05388319492340088
-0.05382248014211655
-0.05376177281141281
-0.05370109528303146
-0.05364047735929489
-0.05357994884252548
-0.05351954698562622
-0.05345930159091949
-0.05339923873543739
-0.0533393919467926
-0.05327977612614632
-0.05322041735053062
-0.05316134914755821
-0.05310258641839027
-0.053044144064188
-0.05298604443669319
-0.05292830243706703
-0.05287094041705132
-0.05281398072838783
-0.05275745317339897
-0.05270138755440712
-0.05264581739902496
-0.05259078741073608
-0.05253633856773376
-0.05248254165053368
-0.05242945998907089
-0.05237716063857079
-0.05232573300600052
-0.05227525532245636
-0.05222582444548607
-0.05217753723263741
-0.05213048681616783
-0.05208477005362511
-0.05204049125313759
-0.05199775472283363
-0.0519566498696804
-0.05191728100180626
-0.05187973380088806
-0.05184409394860268
-0.05181043222546577
-0.05177881568670273
-0.05174929648637772
-0.05172191932797432
-0.05169671028852463
-0.05167368799448013
-0.05165285244584084
-0.05163417756557465
-0.05161764100193977
-0.05160317942500114
-0.05159073323011398
-0.05158020928502083
-0.05157149955630302
-0.05156449228525162
-0.05155904591083527
-0.05155500397086143
-0.05155219882726669
-0.05155044421553612
-0.05154954269528389
-0.0515492744743824
-0.05154940858483315
-0.05154970288276672
-0.05154991522431374
-0.05154977738857269
-0.05154901742935181
-0.05154737457633018
-0.05154456198215485
-0.051540307700634
-0.05153435096144676
-0.05152641981840134
-0.05151625722646713
-0.05150362104177475
-0.05148829147219658
-0.0514700748026371
-0.05144878849387169
-0.0514243058860302
-0.05139651894569397
-0.05136536061763763
-0.0513307973742485
-0.05129283666610718
-0.05125153064727783
-0.05120697990059853
-0.0511593297123909
-0.05110876634716988
-0.05105550959706306
-0.05099982768297195
-0.05094201862812042
-0.05088242515921593
-0.05082140117883682
-0.05075933039188385
-0.05069662630558014
-0.05063369497656822
-0.05057095363736153
-0.05050881206989288
-0.05044766515493393
-0.05038788914680481
-0.05032983794808388
-0.0502738244831562
-0.05022012814879417
-0.0501689687371254
-0.0501205213367939
-0.05007491633296013
-0.05003222078084946
-0.04999243468046188
-0.04995551332831383
-0.04992133751511574
-0.04988973960280418
-0.04986049979925156
-0.04983334988355637
-0.04980798065662384
-0.04978404939174652
-0.04976118355989456
-0.04973898828029633
-0.04971707239747047
-0.04969502985477448
-0.04967246577143669
-0.04964900761842728
-0.04962430521845818
-0.04959805309772491
-0.0495699867606163
-0.04953989014029503
-0.04950759932398796
-0.04947301372885704
-0.04943608865141869
-0.04939685016870499
-0.04935537278652191
-0.04931179061532021
-0.04926630854606628
-0.04921916127204895
-0.04917063191533089
-0.04912103712558746
-0.04907070845365524
-0.04901998490095139
-0.04896922409534454
-0.04891875758767128
-0.04886891320347786
-0.04881997779011726
-0.04877220839262009
-0.04872582107782364
-0.04868097230792046
-0.0486377626657486
-0.04859623685479164
-0.0485563762485981
-0.0485181100666523
-0.04848130792379379
-0.04844577610492706
-0.0484112910926342
-0.04837759211659431
-0.04834437742829323
-0.04831133782863617
-0.04827816039323807
-0.04824452474713326
-0.04821012541651726
-0.04817467927932739
-0.04813794419169426
-0.04809972271323204
-0.0480598546564579
-0.04801824688911438
-0.0479748547077179
-0.04792970418930054
-0.04788287729024887
-0.04783450812101364
-0.04778477549552917
-0.04773390665650368
-0.04768216237425804
-0.04762983322143555
-0.04757722467184067
-0.04752463847398758
-0.04747238755226135
-0.04742075502872467
-0.04737000539898872
-0.04732037335634232
-0.04727203771471977
-0.04722513630986214
-0.04717976227402687
-0.04713594168424606
-0.04709365963935852
-0.04705284535884857
-0.04701337963342667
-0.04697508737444878
-0.04693778604269028
-0.04690124467015266
-0.04686521738767624
-0.046829454600811
-0.04679369926452637
-0.04675772041082382
-0.04672129079699516
-0.04668420180678368
-0.04664629697799683
-0.04660743847489357
-0.04656754061579704
-0.04652656242251396
-0.04648449644446373
-0.04644138365983963
-0.04639729484915733
-0.04635234177112579
-0.04630664363503456
-0.04626035690307617
-0.04621363431215286
-0.04616665095090866
-0.04611954838037491
-0.04607247933745384
-0.04602557048201561
-0.04597893357276917
-0.04593263939023018
-0.04588674008846283
-0.04584125429391861
-0.04579617455601692
-0.04575146734714508
-0.04570706933736801
-0.04566289857029915
-0.04561886191368103
-0.045574851334095
-0.04553075507283211
-0.0454864576458931
-0.04544185101985931
-0.0453968420624733
-0.04535132646560669
-0.04530522972345352
-0.04525849595665932
-0.0452110730111599
-0.04516292735934258
-0.04511402919888496
-0.04506437480449677
-0.04501395300030708
-0.04496274515986443
-0.04491074755787849
-0.0448579341173172
-0.04480427131056786
-0.04474971443414688
-0.0446942038834095
-0.04463764280080795
-0.04457993060350418
-0.04452094063162804
-0.04446053132414818
-0.04439854249358177
-0.04433479532599449
-0.04426911473274231
-0.0442013181746006
-0.04413121193647385
-0.04405862465500832
-0.04398338869214058
-0.0439053475856781
-0.04382436349987984
-0.04374032095074654
-0.04365313425660133
-0.04356273263692856
-0.04346909001469612
-0.04337217658758163
-0.04327201843261719
-0.04316864907741547
-0.04306212812662125
-0.0429525263607502
-0.04283994063735008
-0.04272448644042015
-0.04260628297924995
-0.04248547181487083
-0.04236220568418503
-0.04223662987351418
-0.0421089231967926
-0.04197927191853523
-0.04184787720441818
-0.04171494022011757
-0.0415806956589222
-0.04144539684057236
-0.04130930826067924
-0.04117271676659584
-0.04103593900799751
-0.04089930281043053
-0.04076316580176353
-0.04062790051102638
-0.0404939129948616
-0.04036159440875053
-0.0402313731610775
-0.04010366648435593
-0.03997889533638954
-0.03985746577382088
-0.03973977267742157
-0.03962617367506027
-0.03951700031757355
-0.03941253572702408
-0.03931303694844246
-0.03921870142221451
-0.03912965580821037
-0.03904597461223602
-0.03896765783429146
-0.0388946458697319
-0.03882681578397751
-0.03876396641135216
-0.03870584443211555
-0.03865212947130203
-0.03860244154930115
-0.03855636715888977
-0.0385134331882
-0.03847313672304153
-0.038434948772192
-0.03839832171797752
-0.03836269676685333
-0.03832750767469406
-0.03829219564795494
-0.03825623169541359
-0.03821909800171852
-0.03818032518029213
-0.03813947737216949
-0.03809617832303047
-0.03805010765790939
-0.03800101578235626
-0.03794871270656586
-0.03789309412240982
-0.03783411905169487
-0.03777184337377548
-0.03770638629794121
-0.03763794898986816
-0.03756679967045784
-0.03749328106641769
-0.03741777688264847
-0.03734073787927628
-0.03726264089345932
-0.03718400746583939
-0.03710535913705826
-0.03702723607420921
-0.03695015609264374
-0.03687461465597153
-0.03680107370018959
-0.03672995045781136
-0.03666159883141518
-0.03659630194306374
-0.03653426468372345
-0.03647562116384506
-0.03642039373517036
-0.03636853769421577
-0.03631991893053055
-0.03627432137727737
-0.03623144701123238
-0.0361909382045269
-0.03615238144993782
-0.03611531853675842
-0.03607927262783051
-0.03604374825954437
-0.03600824996829033
-0.03597228974103928
-0.0359354242682457
-0.03589726239442825
-0.03585745394229889
-0.03581573069095612
-0.03577189147472382
-0.03572581708431244
-0.0356774777173996
-0.03562692180275917
-0.03557427227497101
-0.03551974147558212
-0.0354636050760746
-0.03540618717670441
-0.03534786403179169
-0.03528903797268867
-0.0352301225066185
-0.03517153486609459
-0.03511368483304977
-0.0350569374859333
-0.03500163182616234
-0.03494803979992867
-0.0348963737487793
-0.03484677523374557
-0.03479931503534317
-0.03475397825241089
-0.03471067547798157
-0.03466925024986267
-0.03462948277592659
-0.03459110110998154
-0.03455377742648125
-0.03451716154813766
-0.03448088467121124
-0.03444457054138184
-0.03440786153078079
-0.03437042236328125
-0.03433196991682053
-0.03429224714636803
-0.03425106778740883
-0.03420832008123398
-0.0341639444231987
-0.03411795198917389
-0.03407042101025581
-0.03402149304747581
-0.03397136181592941
-0.03392025455832481
-0.03386844322085381
-0.03381620720028877
-0.0337638333439827
-0.03371160477399826
-0.03365978598594666
-0.03360858932137489
-0.03355821222066879
-0.0335087850689888
-0.03346037864685059
-0.03341301530599594
-0.03336666524410248
-0.03332122415304184
-0.03327655419707298
-0.03323247283697128
-0.03318876028060913
-0.03314518555998802
-0.03310151025652885
-0.03305748850107193
-0.03301290050148964
-0.03296755999326706
-0.03292131051421165
-0.03287403285503387
-0.03282567113637924
-0.03277622535824776
-0.032725740224123
-0.03267431259155273
-0.0326220914721489
-0.03256925940513611
-0.03251603990793228
-0.03246267512440681
-0.0324094146490097
-0.03235651552677155
-0.03230422362685204
-0.03225275501608849
-0.03220230340957642
-0.03215302526950836
-0.03210504353046417
-0.03205842897295952
-0.03201320767402649
-0.03196937218308449
-0.03192686662077904
-0.03188560903072357
-0.03184548392891884
-0.03180636465549469
-0.03176811337471008
-0.03173058852553368
-0.03169365599751472
-0.03165719658136368
-0.03162111341953278
-0.03158533200621605
-0.03154981136322021
-0.03151451423764229
-0.03147945180535316
-0.03144464269280434
-0.03141013160347939
-0.03137597069144249
-0.03134223446249962
-0.03130897507071495
-0.03127624839544296
-0.03124409541487694
-0.03121254779398441
