0
0
0
0
0
0
0
0
0
0
0
0
0
0
0
0
0
0
0
0
0
0
0
0
0
0
0
0
0
0
0
0
0
0
0
0
0
0
0
0
0
0
0
0
0
0
0
0
0
0
0
0
0
0
0
0
0
0
0
0
0
0
0
0
0
0
0
0
0
0
0
0
0
0
0
0
0
0
0
0
0
0
0
0
0
0
0
0
0
0
0
0
0
0
0
0
0
0
0
0
0
0
0
0
0
0
0
0
0
0
0
0
0
0
0
0
0
0
0
0
0
0
0
0
0
0
0
0
0
0
0
0
0
0
0
0
0
0
0
0
0
0
0
0
0
0
0
0
0
0
0
0
0
0
0
0
0
0
0
0
0
0
0
0
0
0
0
0
0
0
0
0
0
0
0
0
0
0
0
0
0
0
0
0
0
0
0
0
0
0
0
0
0
0
0
0
0
0
0
0
0
0
0
0
0
0
0
0
0
0
0
0
0
0
0
0
0
0
0
0
0
0
0
0
0
0
0
0
0
0
0
0
0
0
0
0
0
0
0
0
0
0
0
0
0
0
0
0
0
0
0
0
0
0
0
0
0
0
0
0
0
0
0
0
0
0
0
0
0
0
0
0
0
0
0
0
0
0
0
0
0
0
0
0
0
0
0
0
0
0
0
0
0
0
0
0
0
0
0
0
0
0
0
0
0
0
0
0
0
0
0
0
0
0
0
0
0
0
0
0
0
0
0
0
0
0
0
0
0
0
0
0
0
0
0
0
0
0
0
0
0
0
0
0
0
0
0
0
0
0
0
0
0
0
0
0
0
0
0
0
0
0
0
0
0
0
0
0
0
0
0
0
0
0
0
0
0
0
0
0
0
0
0
0
0
0
0
0
0
0
0
0
0
0
0
0
0
0
0
0
0
0
0
0
0
0
0
0
0
0
0
0
0
0
0
0
0
0
0
0
0
0
0
0
0
0
0
0
0
0
0
0
0
0
0
0
0
0
0
0
0
0
0
0
0
0
0
0
0
0
0
0
0
0
0
0
0
0
0
0
0
0
0
0
0
0
0
0
0
0
0
0
0
0
0
0
0
0
0
0
0
0
0
0
0
0
0
0
0
0
0
0
0
0
0
0
0
0
0
0
0
0
0
0
0
0
0
0
0
0
0
0
0
0
0
0
0
0
0
0
0
0
0
0
0
0
0
0
0
0
0
0
0
0
0
0
0
0
0
0
0
0
0
0
0
0
0
0
0
0
0
0
0
0
0
0
0
0
0
0
0
0
0
0
0
0
0
0
0
0
0
0
0
0
0
0
0
0
0
0
0
0
0
0
0
0
0
0
0
0
0
0
0
0
0
0
0
0
0
0
0
0
0
0
0
0
0
0
0
0
0
0
0
0
0
0
0
0
0
0
0
0
0
0
0
0
0
0
0
0
0
0
0
0
0
0
0
0
0
0
0
0
0
0
0
0
0
0
0
0
0
0
0
0
0
0
0
0
0
0
0
0
0
0
0
0
0
0
0
0
0
0
0
0
0
0
0
0
0
0
0
0
0
0
0
0
0
0
0
0
0
0
0
0
0
0
0
0
0
0
0
0
0
0
0
0
0
0
0
0
0
0
0
0
0
0
0
0
0
0
0
0
0
0
0
0
0
0
0
0
0
0
0
0
0
0
0
0
0
0
0
0
0
0
0
0
0
0
0
0
0
0
0
0
0
0
0
0
0
0
0
0
0
0
0
0
0
0
0
0
0
0
0
0
0
0
0
0
0
0
0
0
0
0
0
0
0
0
0
0
0
0
0
0
0
0
0
0
0
0
0
0
0
0
0
0
0
0
0
0
0
0
0
0
0
0
0
0
0
0
0
0
0
0
0
0
0
0
0
0
0
0
0
0
0
0
0
0
0
0
0
0
0
0
0
0
0
0
0
0
0
0
0
0
0
0
0
0
0
0
0
0
0
0
0
0
0
0
0
0
0
0
0
0
0
0
0
0
0
0
0
0
0
0
0
0
0
0
0
0
0
0
0
0
0
0
0
0
0
0
0
0
0
0
0
0
0
0
0
0
0
0
0
0
0
0
0
0
0
0
0
0
0
0
0
0
0
0
0
0
0
0
0
0
0
0
0
0
0
0
0
0
0
0
0
0
0
0
0
0
0
0
0
0
0
0
0
0
0
0
0
0
0
0
0
0
0
0
0
0
0
0
0
0
0
0
0
0
0
0
0
0
0
0
0
0
0
0
0
0
0
0
0
0
0
0
0
0
0
0
0
0
0
0
0
0
0
0
0
0
0
0
0
0
0
0
0
0
0
0
0
0
0
0
0
0
0
0
0
0
0
0
0
0
0
0
0
0
0
0
0
0
0
0
0
0
0
0
0
0
0
0
0
0
0
0
0
0
0
0
0
0
0
0
0
0
0
0
0
0
0
0
0
0
0
0
0
0
0
0
0
0
0
0
0
0
0
0
0
0
0
0
0
0
0
0
0
0
0
0
0
0
0
0
0
0
0
0
0
0
0
0
0
0
0
0
0
0
0
0
0
0
0
0
0
0
0
0
0
0
0
0
0
0
0
0
0
0
0
0
0
0
0
0
0
0
0
0
0
0
0
0
0
0
0
0
0
0
0
0
0
0
0
0
0
0
0
0
0
0
0
0
0
0
0
0
0
0
0
0
0
0
0
0
0
0
0
0
0
0
0
0
0
0
0
0
0
0
0
0
0
0
0
0
0
0
0
0
0
0
0
0
0
0
0
0
0
0
0
0
0
0
0
0
0
0
0
0
0
0
0
0
0
0
0
0
0
0
0
0
0
0
0
0
0
0
2.802596928649634e-45
1.961817850054744e-44
6.866362475191604e-44
1.737610095762773e-43
4.091791515828466e-43
9.206530910614048e-43
2.055704847164507e-42
4.578042082949177e-42
1.014540088171168e-41
2.237593387833868e-41
4.913793195001404e-41
1.074599740352129e-40
2.34088309763925e-40
5.079762985116035e-40
1.098140153254322e-39
2.365002246807209e-39
5.074167600347986e-39
1.084580348534436e-38
2.30955034423664e-38
4.899678756349338e-38
1.035589608975115e-37
2.180684078808463e-37
4.574966849391309e-37
9.562651745559208e-37
1.991447711932343e-36
4.132040574414147e-36
8.54221068866128e-36
1.759506691399056e-35
3.611030541046941e-35
7.3840715246973e-35
1.504491457182815e-34
3.05433977715184e-34
6.178504837097486e-34
1.245352510723718e-33
2.501201267645317e-33
5.005609063474485e-33
9.982090846303533e-33
1.98356663645996e-32
3.927688678357316e-32
7.749909064822979e-32
1.52380625740879e-31
2.985661141342804e-31
5.829524279936877e-31
1.134257538797701e-30
2.199278648411066e-30
4.249548999804553e-30
8.182826448503418e-30
1.570238970754972e-29
3.002851890463693e-29
5.722840644435909e-29
1.086933110483314e-28
2.057363829735728e-28
3.880969356918913e-28
7.296151112340314e-28
1.367022185631143e-27
2.552636792754575e-27
4.750482623014023e-27
8.811000073079341e-27
1.628751712471694e-26
3.000752619602073e-26
5.510036883382888e-26
1.008395903133604e-25
1.839345434246793e-25
3.343908900636202e-25
6.05909418069706e-25
1.094274321134116e-24
1.969759056281315e-24
3.534040057404957e-24
6.319815569493386e-24
1.126457795028779e-23
2.001271327874772e-23
3.543891983478081e-23
6.255202497101629e-23
1.100503624381066e-22
1.929894688299395e-22
3.373421161343738e-22
5.877669066427723e-22
1.020798128259493e-21
1.767166971401016e-21
3.049445150977743e-21
5.245322304744591e-21
8.993611682862291e-21
1.537125498500283e-20
2.618786610918116e-20
4.447427682505705e-20
7.529015383798704e-20
1.270545543472329e-19
2.137309462522404e-19
3.584032198006311e-19
5.991091849877763e-19
9.983246948805554e-19
1.658332312431769e-18
2.746042971485417e-18
4.532952238332429e-18
7.459250066207187e-18
1.223633225462545e-17
2.001019881245596e-17
3.262102220016377e-17
5.301411133764195e-17
8.588850557687561e-17
1.387171299339587e-16
2.233460710484875e-16
3.58493645324039e-16
5.736422109183382e-16
9.150795508302114e-16
1.455245907942316e-15
2.307146647665369e-15
3.646505213533496e-15
5.745695108252567e-15
9.025556181336408e-15
1.413423804402401e-14
2.206678714538821e-14
3.434593240239994e-14
5.3294503277743e-14
8.244445436674658e-14
1.271491863619884e-13
1.954969660548228e-13
2.996688997208147e-13
4.579515477769192e-13
6.977094683252583e-13
1.059760786070729e-12
1.604796699174182e-12
2.422769016657833e-12
3.646569591425619e-12
5.471902011361385e-12
8.186043856661662e-12
1.220934204432256e-11
1.815488731571335e-11
2.691400921572829e-11
3.977840279389966e-11
5.861390539596556e-11
8.610705898304261e-11
1.261136195473966e-10
1.841494595700155e-10
2.680800026411134e-10
3.890845701182144e-10
5.63001090192472e-10
8.121946448724771e-10
1.168144581065178e-09
1.675014571489442e-09
2.394560993934647e-09
3.41285844029926e-09
4.849482593272114e-09
6.870003232961608e-09
9.702919356868733e-09
1.366253776780013e-08
1.917976000243016e-08
2.684338262781694e-08
3.745526555576362e-08
5.210377906905705e-08
7.226124409953627e-08
9.991266836095747e-08
1.377252800693896e-07
1.892707786055325e-07
2.593159251773614e-07
3.542005799772596e-07
4.823279482479848e-07
6.547978728121961e-07
8.862215281624231e-07
1.195765321426734e-06
1.608483330528543e-06
2.157010612791055e-06
2.883708248191397e-06
3.843365902866935e-06
5.106594016979216e-06
6.764070349163376e-06
8.931816410040483e-06
1.175774195871782e-05
1.542972313473001e-05
2.018551458604634e-05
2.632487303344533e-05
3.422431109356694e-05
4.435495429788716e-05
5.730408520321362e-05
7.380093302344903e-05
9.474749094806612e-05
0.0001212550050695427
0.0001546871499158442
0.0001967105636140332
0.0002493539359420538
0.0003150763513986021
0.0003968463570345193
0.0004982319660484791
0.0006235036998987198
0.0007777501596137881
0.0009670078870840371
0.001198405516333878
0.001480322564020753
0.001822561956942081
0.002236536936834455
0.002735470188781619
0.00333460234105587
0.004051408730447292
0.004905818961560726
0.005920436233282089
0.007120749447494745
0.008535326458513737
0.01019599288702011
0.01213796623051167
0.01439995318651199
0.01702418737113476
0.02005639486014843
0.02354567311704159
0.02754427306354046
0.03210725635290146
0.03729203715920448
0.04315775632858276
0.04976450651884079
0.05717241391539574
0.06544049829244614
0.0746254175901413
0.08477997779846191
0.09595157206058502
0.108180359005928
0.1214975044131279
0.1359231621026993
0.151464581489563
0.168114185333252
0.1858477741479874
0.2046229094266891
0.2243776172399521
0.2450293451547623
0.2664744853973389
0.2885883748531342
0.3112258017063141
0.3342226445674896
0.3573976159095764
0.3805552124977112
0.4034893810749054
0.4259875118732452
0.4478357136249542
0.4688239395618439
0.4887521862983704
0.507436215877533
0.5247134566307068
0.5404488444328308
0.5545400977134705
0.5669219493865967
0.5775694251060486
0.5865002870559692
0.5937755107879639
0.5994988083839417
0.6038139462471008
0.6069014072418213
0.6089727878570557
0.6102638840675354
0.6110270619392395
0.6115226745605469
0.6120098233222961
0.6127368807792664
0.6139324307441711
0.6157970428466797
0.6184953451156616
0.6221500635147095
0.6268376111984253
0.632585346698761
0.6393712162971497
0.6471254825592041
0.6557344198226929
0.665046215057373
0.674878716468811
0.6850282549858093
0.6952800154685974
0.7054186463356018
0.7152388691902161
0.724555492401123
0.7332123517990112
0.7410899996757507
0.7481107115745544
0.7542414665222168
0.7594947814941406
0.7639264464378357
0.7676314115524292
0.7707369923591614
0.7733949422836304
0.7757716178894043
0.7780383825302124
0.7803608179092407
0.7828897833824158
0.7857527732849121
0.7890473604202271
0.7928361892700195
0.7971453666687012
0.8019635677337646
0.8072448968887329
0.812913715839386
0.8188707232475281
0.825000524520874
0.8311799764633179
0.8372873663902283
0.843209981918335
0.8488518595695496
0.854139506816864
0.8590257167816162
0.8634916543960571
0.8675467371940613
0.87122642993927
0.8745884895324707
0.8777070045471191
0.8806666135787964
0.88355553150177
0.8864586353302002
0.8894515037536621
0.8925950527191162
0.895932137966156
0.899485170841217
0.9032557606697083
0.9072258472442627
0.9113606810569763
0.9156123995780945
0.9199248552322388
0.924238920211792
0.9284971952438354
0.9326490163803101
0.9366537928581238
0.9404840469360352
0.9441267251968384
0.9475833773612976
0.9508689045906067
0.9540095329284668
0.957039475440979
0.9599977731704712
0.9629244804382324
0.9658570289611816
0.9688270092010498
0.9718582630157471
0.9749647974967957
0.9781509637832642
0.9814110994338989
0.9847313761711121
0.9880917072296143
0.9914678931236267
0.994834303855896
0.9981663823127747
1.001442909240723
1.004647850990295
1.007771611213684
1.010810613632202
1.013768315315247
1.016653418540955
1.019479393959045
1.02226197719574
1.025017857551575
1.027763247489929
1.030511736869812
1.033273935317993
1.03605580329895
1.038859248161316
1.04168176651001
1.044517755508423
1.047358870506287
1.050195217132568
1.053016304969788
1.055812954902649
1.058577418327332
1.061304092407227
1.063990592956543
1.066636919975281
1.0692458152771
1.071822166442871
1.074371814727783
1.07690155506134
1.079417824745178
1.081926226615906
1.084431052207947
1.086934924125671
1.089438915252686
1.091942071914673
1.094442367553711
1.096936225891113
1.099420070648193
1.101890206336975
1.104342818260193
1.106775522232056
1.10918653011322
1.111575484275818
1.113942623138428
1.116289496421814
1.118618249893188
1.120931267738342
1.123231053352356
1.1255202293396
1.127800464630127
1.130072951316833
1.132338404655457
1.134596705436707
1.136847257614136
1.139088749885559
1.141320109367371
1.143540143966675
1.145747184753418
1.147940635681152
1.15011990070343
1.152284741401672
1.154435276985168
1.156572461128235
1.158696889877319
1.160809397697449
1.162911057472229
1.165002822875977
1.16708517074585
1.169158935546875
1.171223998069763
1.173280477523804
1.175327897071838
1.177366137504578
1.179394602775574
1.181412935256958
1.183420777320862
1.185418009757996
1.187404274940491
1.189379811286926
1.191344738006592
1.193299293518066
1.195243954658508
1.197179079055786
1.199105024337769
1.201021909713745
1.202930212020874
1.204830050468445
1.206721305847168
1.208603739738464
1.210477352142334
1.212341785430908
1.214196681976318
1.216042041778564
1.217877507209778
1.21970272064209
1.221517324447632
1.223321199417114
1.225113987922668
1.226895093917847
1.228663921356201
1.230419635772705
1.232161045074463
1.233886957168579
1.235595464706421
1.237284421920776
1.238951563835144
1.240594148635864
1.242208361625671
1.243790149688721
1.24533474445343
1.246836423873901
1.248288869857788
1.249684810638428
1.251015424728394
1.252271175384521
1.253441333770752
1.254513740539551
1.25547456741333
1.256308913230896
1.256999969482422
1.257529735565186
1.257878661155701
1.258025527000427
1.257948279380798
1.257623314857483
1.257026672363281
1.256133317947388
1.254918456077576
1.253357291221619
1.251425981521606
1.249101877212524
1.246364116668701
1.243194699287415
1.239579081535339
1.235506772994995
1.230972051620483
1.225974917411804
1.220521926879883
1.21462619304657
1.208308696746826
1.201598167419434
1.194531559944153
1.187153935432434
1.179518222808838
1.171684980392456
1.163721680641174
1.155702114105225
1.147704124450684
1.139809131622314
1.132100343704224
1.12466037273407
1.117569327354431
1.110902905464172
1.104729771614075
1.099109411239624
1.094090461730957
1.08970832824707
1.085983753204346
1.082921743392944
1.08051061630249
1.078721880912781
1.077510833740234
1.076817154884338
1.076566815376282
1.076673984527588
1.077044129371643
1.077576994895935
1.078170537948608
1.078723907470703
1.079142928123474
1.079341769218445
1.079247951507568
1.078804492950439
1.077973008155823
1.076734185218811
1.0750892162323
1.07305920124054
1.070683598518372
1.068018317222595
1.065132975578308
1.062106132507324
1.059021472930908
1.055964350700378
1.053015232086182
1.050247192382812
1.047720909118652
1.045482158660889
1.043558955192566
1.041960835456848
1.04067850112915
1.039684534072876
1.038935542106628
1.03837525844574
1.03793740272522
1.037550449371338
1.037141919136047
1.03664243221283
1.03598940372467
1.035130262374878
1.034025549888611
1.032649159431458
1.030989527702332
1.029048562049866
1.026839971542358
1.024386048316956
1.021714925765991
1.01885724067688
1.015841603279114
1.012691378593445
1.009421229362488
1.006035089492798
1.002524137496948
0.9988664388656616
0.9950273633003235
0.9909607172012329
0.9866112470626831
0.9819164276123047
0.9768103361129761
0.9712267518043518
0.965101957321167
0.9583777785301208
0.9510035514831543
0.9429380893707275
0.9341502785682678
0.9246190786361694
0.9143333435058594
0.9032905697822571
0.8914952874183655
0.8789580464363098
0.8656935095787048
0.8517193198204041
0.837055504322052
0.8217232823371887
0.8057459592819214
0.7891491651535034
0.7719618082046509
0.7542176842689514
0.7359564900398254
0.7172257304191589
0.6980816721916199
0.6785905957221985
0.6588286757469177
0.6388823986053467
0.618847668170929
0.5988283753395081
0.5789350867271423
0.5592826008796692
0.5399875640869141
0.5211658477783203
0.5029298067092896
0.4853861629962921
0.4686332643032074
0.4527591466903687
0.4378397762775421
0.4239377975463867
0.4111013412475586
0.3993631899356842
0.388740062713623
0.3792327046394348
0.3708255290985107
0.3634865880012512
0.3571680188179016
0.3518063724040985
0.3473232388496399
0.3436264991760254
0.3406113386154175
0.3381619155406952
0.3361536264419556
0.3344549834728241
0.3329309225082397
0.3314453959465027
0.3298650681972504
0.3280625343322754
0.3259198665618896
0.3233316838741302
0.3202085196971893
0.3164792358875275
0.3120931386947632
0.3070214986801147
0.3012583553791046
0.2948206067085266
0.2877471745014191
0.2800975739955902
0.2719498872756958
0.2633979320526123
0.2545479834079742
0.2455152273178101
0.2364197224378586
0.2273823618888855
0.218520849943161
0.2099457383155823
0.2017568349838257
0.1940398216247559
0.1868634521961212
0.1802774518728256
0.1743110567331314
0.1689721047878265
0.1642472147941589
0.1601024717092514
0.1564851254224777
0.1533258408308029
0.1505416333675385
0.1480393707752228
0.145719513297081
0.1434803754091263
0.1412221193313599
0.1388509273529053
0.1362827271223068
0.1334463953971863
0.1302866190671921
0.1267656683921814
0.122864656150341
0.1185838282108307
0.1139419302344322
0.1089748591184616
0.1037334725260735
0.09828080236911774
0.09268873184919357
0.08703429996967316
0.08139599859714508
0.07584986835718155
0.07046607881784439
0.06530558317899704
0.06041756272315979
0.05583741515874863
0.05158540233969688
0.04766618087887764
0.04406917467713356
0.04076957702636719
0.0377301350235939
0.03490348905324936
0.032235037535429
0.02966597676277161
0.02713654562830925
0.02458922564983368
0.0219716876745224
0.01923937536776066
0.01635757833719254
0.01330294460058212
0.01006422005593777
0.00664234533905983
0.003049862338230014
-0.0006903178873471916
-0.004546699114143848
-0.00848138052970171
-0.01245255209505558
-0.01641710102558136
-0.02033319137990475
-0.02416267432272434
-0.02787318453192711
-0.03143978491425514
-0.03484612703323364
-0.03808502107858658
-0.04115848615765572
-0.04407711699604988
-0.04685908183455467
-0.04952863231301308
-0.05211426690220833
-0.0546468123793602
-0.05715735629200935
-0.05967529118061066
-0.06222657859325409
-0.06483225524425507
-0.06750740110874176
-0.07026044279336929
-0.07309303432703018
-0.07600031048059464
-0.07897157222032547
-0.08199135214090347
-0.08504068106412888
-0.08809860050678253
-0.09114368259906769
-0.09415550529956818
-0.09711597114801407
-0.100010484457016
-0.1028286665678024
-0.1055649369955063
-0.1082185506820679
-0.11079341173172
-0.1132975146174431
-0.1157421171665192
-0.1181408762931824
-0.12050861120224
-0.12286027520895
-0.1252098679542542
-0.1275694668292999
-0.1299485713243484
-0.1323534846305847
-0.1347870826721191
-0.1372489631175995
-0.1397355198860168
-0.142240509390831
-0.1447556912899017
-0.1472716331481934
-0.1497783660888672
-0.1522663235664368
-0.1547269523143768
-0.157153382897377
-0.1595407575368881
-0.1618866324424744
-0.1641908138990402
-0.1664554327726364
-0.1686844527721405
-0.1708833575248718
-0.1730585843324661
-0.1752169579267502
-0.1773651689291
-0.1795092672109604
-0.181654155254364
-0.1838033646345139
-0.1859588176012039
-0.1881208419799805
-0.190288171172142
-0.1924582123756409
-0.1946273595094681
-0.1967912614345551
-0.1989452093839645
-0.2010845392942429
-0.2032049894332886
-0.205302894115448
-0.2073753625154495
-0.2094203978776932
-0.2114368677139282
-0.21342433989048
-0.2153829485177994
-0.2173130065202713
-0.2192148566246033
-0.2210884690284729
-0.22293321788311
-0.2247475385665894
-0.2265286892652512
-0.2282726317644119
-0.2299740016460419
-0.2316259145736694
-0.2332202196121216
-0.2347474545240402
-0.2361970990896225
-0.2375576794147491
-0.2388169914484024
-0.2399623692035675
-0.2409808039665222
-0.2418591678142548
-0.2425844818353653
-0.2431438863277435
-0.243524968624115
-0.2437158823013306
-0.2437054812908173
-0.2434835284948349
-0.2430408596992493
-0.2423696964979172
-0.2414638698101044
-0.2403191328048706
-0.2389335781335831
-0.2373079061508179
-0.2354457676410675
-0.2333541959524155
-0.2310439348220825
-0.2285296320915222
-0.2258301079273224
-0.2229683399200439
-0.2199714928865433
-0.2168707400560379
-0.2137009799480438
-0.2105002701282501
-0.2073093354701996
-0.2041707336902618
-0.2011280208826065
-0.1982247680425644
-0.1955034732818604
-0.1930044740438461
-0.1907647550106049
-0.1888170093297958
-0.1871884614229202
-0.1858999878168106
-0.1849653273820877
-0.1843904107809067
-0.184173047542572
-0.1843026429414749
-0.1847603321075439
-0.185519278049469
-0.1865453124046326
-0.1877976655960083
-0.1892301291227341
-0.1907923668622971
-0.1924313306808472
-0.1940929293632507
-0.1957237422466278
-0.1972727328538895
-0.1986929029226303
-0.1999429166316986
-0.2009885907173157
-0.2018040418624878
-0.2023725807666779
-0.2026873528957367
-0.2027514576911926
-0.2025778740644455
-0.2021887898445129
-0.2016147673130035
-0.200893297791481
-0.2000672519207001
-0.1991829723119736
-0.1982882767915726
-0.1974303722381592
-0.196653738617897
-0.1959981918334961
-0.195497140288353
-0.1951761841773987
-0.1950520277023315
-0.1951318681240082
-0.1954132616519928
-0.1958844363689423
-0.196525052189827
-0.1973075419664383
-0.1981985419988632
-0.1991607695817947
-0.2001550495624542
-0.2011424452066422
-0.2020862251520157
-0.2029537707567215
-0.2037182152271271
-0.2043597102165222
-0.2048662155866623
-0.2052339464426041
-0.2054672986268997
-0.2055782526731491
-0.2055854052305222
-0.205512672662735
-0.2053876370191574
-0.2052397429943085
-0.205098494887352
-0.2049916237592697
-0.204943522810936
-0.2049737870693207
-0.2050962746143341
-0.2053184509277344
-0.2056412547826767
-0.2060592025518417
-0.2065611779689789
-0.2071313410997391
-0.2077504396438599
-0.2083971798419952
-0.209049791097641
-0.2096875160932541
-0.2102919220924377
-0.2108481228351593
-0.2113454937934875
-0.2117782533168793
-0.2121456116437912
-0.2124515026807785
-0.2127041220664978
-0.2129149734973907
-0.21309794485569
-0.2132681459188461
-0.2134406566619873
-0.2136295288801193
-0.2138466835021973
-0.2141012102365494
-0.2143988311290741
-0.2147416472434998
-0.2151282429695129
-0.2155539840459824
-0.2160115540027618
-0.2164917141199112
-0.2169841825962067
-0.217478483915329
-0.217964768409729
-0.218434602022171
-0.2188815027475357
-0.2193013727664948
-0.2196926474571228
-0.2200562655925751
-0.2203954309225082
-0.2207151055335999
-0.2210215926170349
-0.2213217914104462
-0.2216226756572723
-0.221930593252182
-0.2222508043050766
-0.2225871384143829
-0.2229417413473129
-0.2233149856328964
-0.2237055748701096
-0.2241108566522598
-0.2245270609855652
-0.2249497622251511
-0.2253743261098862
-0.2257962971925735
-0.2262118607759476
-0.2266180664300919
-0.2270130962133408
-0.2273962646722794
-0.2277680635452271
-0.2281299382448196
-0.2284841686487198
-0.2288335114717484
-0.2291809618473053
-0.2295293658971786
-0.2298812568187714
-0.2302385717630386
-0.2306025326251984
-0.2309735864400864
-0.2313514202833176
-0.2317351251840591
-0.2321232259273529
-0.2325139492750168
-0.2329053729772568
-0.2332956790924072
-0.2336832731962204
-0.2340669929981232
-0.2344460934400558
-0.2348203212022781
-0.2351899594068527
-0.2355556637048721
-0.2359183728694916
-0.2362792491912842
-0.2366394549608231
-0.2370001077651978
-0.2373621016740799
-0.2377260774374008
-0.2380923479795456
-0.238460898399353
-0.2388314604759216
-0.2392034977674484
-0.2395763844251633
-0.2399493604898453
-0.2403216958045959
-0.2406927645206451
-0.2410620898008347
-0.241429328918457
-0.2417944222688675
-0.2421574741601944
-0.242518737912178
-0.2428785711526871
-0.2432373762130737
-0.2435956597328186
-0.2439538091421127
-0.2443121522665024
-0.2446708679199219
-0.2450300753116608
-0.2453897297382355
-0.2457496970891953
-0.246109738945961
-0.2464696168899536
-0.2468290627002716
-0.2471877932548523
-0.247545599937439
-0.2479023486375809
-0.2482579499483109
-0.2486123591661453
-0.2489656955003738
-0.2493180632591248
-0.2496696412563324
-0.2500205338001251
-0.2503709197044373
-0.2507209479808807
-0.251070648431778
-0.2514200806617737
-0.2517691850662231
-0.2521179020404816
-0.252466231584549
-0.252813994884491
-0.2531611323356628
-0.2535074651241302
-0.2538529336452484
-0.254197359085083
-0.254540741443634
-0.2548829913139343
-0.2552239298820496
-0.2555636167526245
-0.2559019923210144
-0.2562389075756073
-0.2565742433071136
-0.2569078207015991
-0.2572393715381622
-0.2575686275959015
-0.2578951418399811
-0.2582184970378876
-0.2585380971431732
-0.2588532865047455
-0.2591632902622223
-0.259467214345932
-0.2597640156745911
-0.2600525319576263
-0.260331392288208
-0.2605989873409271
-0.2608535587787628
-0.2610931098461151
-0.2613152861595154
-0.2615174055099487
-0.2616964876651764
-0.2618491649627686
-0.2619716823101044
-0.2620598673820496
-0.2621091306209564
-0.2621143758296967
-0.2620700597763062
-0.2619701027870178
-0.2618080079555511
-0.2615768313407898
-0.2612690925598145
-0.2608770132064819
-0.2603923976421356
-0.2598067224025726
-0.2591112852096558
-0.2582972049713135
-0.2573557794094086
-0.2562782168388367
-0.2550561428070068
-0.2536816596984863
-0.2521474361419678
-0.2504471242427826
-0.2485753744840622
-0.2465282082557678
-0.2443031817674637
-0.2418997287750244
-0.239319235086441
-0.2365653812885284
-0.2336442619562149
-0.2305645793676376
-0.2273377478122711
-0.2239779531955719
-0.220502182841301
-0.2169301509857178
-0.2132842242717743
-0.2095891535282135
-0.2058718502521515
-0.2021609544754028
-0.1984864175319672
-0.194878950715065
-0.1913694441318512
-0.1879883408546448
-0.1847648620605469
-0.181726336479187
-0.1788974106311798
-0.1762994378805161
-0.1739497035741806
-0.1718608438968658
-0.1700403839349747
-0.1684902757406235
-0.1672067642211914
-0.1661802381277084
-0.1653953641653061
-0.1648313105106354
-0.164462223649025
-0.1642579138278961
-0.1641846746206284
-0.1642062067985535
-0.1642847657203674
-0.1643823236227036
-0.1644618362188339
-0.1644883900880814
-0.1644304990768433
-0.1642611920833588
-0.163958951830864
-0.1635085493326187
-0.1629015803337097
-0.1621367633342743
-0.1612201035022736
-0.1601645201444626
-0.1589893996715546
-0.1577198356389999
-0.1563855111598969
-0.155019611120224
-0.1536572873592377
-0.1523343324661255
-0.1510856300592422
-0.1499436795711517
-0.1489373594522476
-0.1480907201766968
-0.1474221050739288
-0.1469434648752213
-0.146660104393959
-0.1465707272291183
-0.1466677486896515
-0.1469379812479019
-0.147363543510437
-0.1479230672121048
-0.1485929787158966
-0.1493488848209381
-0.1501669436693192
-0.151025265455246
-0.151904970407486
-0.1527911424636841
-0.1536734700202942
-0.1545465737581253
-0.1554100066423416
-0.1562679260969162
-0.1571284234523773
-0.1580026894807816
-0.1589038372039795
-0.1598456799983978
-0.1608415096998215
-0.1619027853012085
-0.1630380302667618
-0.1642519533634186
-0.1655446588993073
-0.1669113785028458
-0.1683423519134521
-0.1698231548070908
-0.1713351905345917
-0.1728565543889999
-0.1743631213903427
-0.1758296489715576
-0.177231103181839
-0.1785437762737274
-0.1797465085983276
-0.1808215826749802
-0.1817555278539658
-0.1825395226478577
-0.1831696927547455
-0.183646947145462
-0.183976799249649
-0.1841686815023422
-0.1842353492975235
-0.184192031621933
-0.1840555369853973
-0.1838434934616089
-0.1835735142230988
-0.1832626461982727
-0.1829266548156738
-0.1825798898935318
-0.1822350174188614
-0.1819029748439789
-0.1815931051969528
-0.1813133358955383
-0.1810703724622726
-0.1808700412511826
-0.1807173639535904
-0.1806168258190155
-0.1805723607540131
-0.1805873364210129
-0.1806644648313522
-0.1808055341243744
-0.1810111999511719
-0.1812807321548462
-0.1816116869449615
-0.1819997876882553
-0.1824386715888977
-0.1829200685024261
-0.1834338009357452
-0.1839681416749954
-0.1845101714134216
-0.1850462853908539
-0.1855628043413162
-0.1860465556383133
-0.1864855587482452
-0.1868695765733719
-0.1871906220912933
-0.1874434053897858
-0.187625527381897
-0.1877376139163971
-0.1877831816673279
-0.1877684742212296
-0.1877020597457886
-0.187594398856163
-0.1874572336673737
-0.1873029321432114
-0.187144011259079
-0.1869925260543823
-0.1868594586849213
-0.1867543458938599
-0.1866849362850189
-0.1866568922996521
-0.1866736710071564
-0.186736598610878
-0.1868448704481125
-0.186995729804039
-0.1871847361326218
-0.1874059587717056
-0.1876524537801743
-0.1879165023565292
-0.1881899833679199
-0.1884647607803345
-0.1887330114841461
-0.1889875084161758
-0.1892219036817551
-0.1894309520721436
-0.1896107643842697
-0.1897588223218918
-0.1898741126060486
-0.1899572014808655
-0.1900099664926529
-0.1900357306003571
-0.1900389045476913
-0.190024808049202
-0.1899993717670441
-0.1899688839912415
-0.1899395883083344
-0.1899174004793167
-0.1899076253175735
-0.1899146437644958
-0.1899417191743851
-0.1899908632040024
-0.1900627911090851
-0.190156877040863
-0.1902712136507034
-0.1904028356075287
-0.1905478835105896
-0.1907018572092056
-0.1908599436283112
-0.1910172998905182
-0.1911693513393402
-0.1913119703531265
-0.1914418488740921
-0.1915565431118011
-0.1916546225547791
-0.1917357295751572
-0.1918004602193832
-0.191850408911705
-0.1918879151344299
-0.1919159293174744
-0.191937729716301
-0.1919567883014679
-0.1919765174388885
-0.192000076174736
-0.192030131816864
-0.192068800330162
-0.19211745262146
-0.1921767443418503
-0.1922465860843658
-0.1923262178897858
-0.1924141943454742
-0.1925086975097656
-0.1926075369119644
-0.1927083283662796
-0.1928087174892426
-0.1929064989089966
-0.1929997205734253
-0.1930868625640869
-0.1931668817996979
-0.193239226937294
-0.1933038830757141
-0.1933613717556
-0.193412572145462
-0.1934587806463242
-0.1935015171766281
-0.1935424357652664
-0.1935831904411316
-0.1936252862215042
-0.1936700940132141
-0.1937185823917389
-0.1937714368104935
-0.1938289850950241
-0.1938911229372025
-0.1939574480056763
-0.1940272450447083
-0.1940995305776596
-0.1941732615232468
-0.1942472755908966
-0.1943204998970032
-0.1943919211626053
-0.1944607645273209
-0.1945264488458633
-0.19458869099617
-0.1946473866701126
-0.1947027593851089
-0.1947552412748337
-0.1948054134845734
-0.1948539912700653
-0.1949017345905304
-0.1949494034051895
-0.1949976235628128
-0.1950469315052032
-0.1950977444648743
-0.1951502859592438
-0.195204570889473
-0.1952604204416275
-0.1953175365924835
-0.1953754425048828
-0.1954336166381836
-0.1954914480447769
-0.1955483555793762
-0.1956037431955338
-0.1956571191549301
-0.1957080364227295
-0.1957561522722244
-0.1958011984825134
-0.1958430260419846
-0.1958814859390259
-0.195916473865509
-0.1959479004144669
-0.195975586771965
-0.195999339222908
-0.196018785238266
-0.1960334628820419
-0.1960427016019821
-0.1960456222295761
-0.1960411965847015
-0.1960282027721405
-0.1960051655769348
-0.1959704607725143
-0.1959223300218582
-0.1958588063716888
-0.1957778036594391
-0.1956770420074463
-0.195554181933403
-0.1954067051410675
-0.1952319890260696
-0.1950273066759109
-0.1947897970676422
-0.1945164501667023
-0.1942042112350464
-0.1938498616218567
-0.1934500485658646
-0.1930014342069626
-0.192500576376915
-0.1919440627098083
-0.1913284957408905
-0.1906505823135376
-0.1899071782827377
-0.1890953630208969
-0.1882125586271286
-0.1872565746307373
-0.1862257122993469
-0.1851188540458679
-0.1839354932308197
-0.1826759278774261
-0.1813412606716156
-0.1799334585666656
-0.1784554421901703
-0.1769111454486847
-0.1753054857254028
-0.1736444383859634
-0.1719349920749664
-0.1701851040124893
-0.1684037297964096
-0.1666006296873093
-0.1647863388061523
-0.162972092628479
-0.1611695885658264
-0.1593908667564392
-0.157648116350174
-0.155953511595726
-0.1543188691139221
-0.1527554839849472
-0.1512738615274429
-0.1498835235834122
-0.1485926806926727
-0.147408127784729
-0.1463349014520645
-0.1453761607408524
-0.1445331126451492
-0.1438048034906387
-0.1431881487369537
-0.1426779329776764
-0.1422668099403381
-0.1419454663991928
-0.1417028456926346
-0.1415263265371323
-0.1414020359516144
-0.1413151770830154
-0.1412504315376282
-0.1411923915147781
-0.14112588763237
-0.1410364955663681
-0.1409109234809875
-0.1407374143600464
-0.1405060291290283
-0.1402091234922409
-0.1398413926362991
-0.1394000649452209
-0.1388850957155228
-0.138298973441124
-0.1376467794179916
-0.1369358897209167
-0.1361757218837738
-0.1353773772716522
-0.1345532536506653
-0.1337165385484695
-0.1328807175159454
-0.1320590674877167
-0.1312640905380249
-0.1305071711540222
-0.1297979801893234
-0.1291442364454269
-0.1285513341426849
-0.1280222237110138
-0.1275572925806046
-0.1271544545888901
-0.1268092393875122
-0.1265150457620621
-0.1262634694576263
-0.1260447353124619
-0.1258481591939926
-0.125662699341774
-0.1254773736000061
-0.125281885266304
-0.1250669956207275
-0.1248250082135201
-0.1245500594377518
-0.1242383643984795
-0.1238883435726166
-0.1235006526112556
-0.1230780631303787
-0.1226252913475037
-0.122148685157299
-0.1216558516025543
-0.1211552545428276
-0.120655745267868
-0.1201660931110382
-0.1196945458650589
-0.1192484274506569
-0.1188338249921799
-0.1184553131461143
-0.1181158125400543
-0.1178165525197983
-0.1175571084022522
-0.1173355430364609
-0.1171486675739288
-0.116992361843586
-0.1168619021773338
-0.1167523637413979
-0.1166590303182602
-0.1165777519345284
-0.1165052726864815
-0.1164394915103912
-0.1163796856999397
-0.1163265779614449
-0.1162823587656021
-0.116250604391098
-0.116236113011837
-0.116244725883007
-0.1162829622626305
-0.1163577809929848
-0.1164762228727341
-0.1166450679302216
-0.1168705970048904
-0.117158330976963
-0.1175128445029259
-0.1179376393556595
-0.1184351146221161
-0.1190065965056419
-0.1196523979306221
-0.1203719675540924
-0.1211640536785126
-0.1220268756151199
-0.1229583397507668
-0.1239562183618546
-0.1250182837247849
-0.1261424273252487
-0.127326712012291
-0.1285693794488907
-0.129868820309639
-0.1312234550714493
-0.1326316595077515
-0.1340914815664291
-0.1356006115674973
-0.1371561288833618
-0.1387543231248856
-0.1403906643390656
-0.1420596241950989
-0.1437547206878662
-0.1454683840274811
-0.1471921801567078
-0.1489168405532837
-0.1506324708461761
-0.1523286551237106
-0.1539947986602783
-0.155620276927948
-0.1571947187185287
-0.1587082296609879
-0.1601515710353851
-0.1615163683891296
-0.1627952605485916
-0.163982018828392
-0.1650715917348862
-0.1660602539777756
-0.1669455319643021
-0.1677262932062149
-0.1684026569128036
-0.1689759790897369
-0.1694489419460297
-0.1698253452777863
-0.1701101064682007
-0.1703092902898788
-0.1704299598932266
-0.1704801619052887
-0.170468881726265
-0.1704058349132538
-0.1703014969825745
-0.1701668500900269
-0.1700133085250854
-0.1698524653911591
-0.1696959435939789
-0.1695550978183746
-0.169440895318985
-0.1693635284900665
-0.1693322360515594
-0.1693551242351532
-0.1694389134645462
-0.169588714838028
-0.1698079407215118
-0.1700982302427292
-0.1704593598842621
-0.1708892434835434
-0.1713840216398239
-0.1719381660223007
-0.1725446283817291
-0.1731950342655182
-0.1738799661397934
-0.1745891571044922
-0.1753118634223938
-0.176037073135376
-0.1767539083957672
-0.1774518340826035
-0.1781209856271744
-0.1787524223327637
-0.1793383210897446
-0.1798722594976425
-0.1803493201732635
-0.180766224861145
-0.1811214238405228
-0.1814150214195251
-0.1816488951444626
-0.1818265318870544
-0.1819529384374619
-0.182034432888031
-0.18207848072052
-0.1820933967828751
-0.1820881813764572
-0.1820721179246902
-0.1820545345544815
-0.1820444911718369
-0.1820504665374756
-0.1820800453424454
-0.1821397989988327
-0.1822349727153778
-0.1823693513870239
-0.1825451850891113
-0.1827631145715714
-0.1830221712589264
-0.1833198517560959
-0.1836522370576859
-0.1840141862630844
-0.1843995600938797
-0.1848014444112778
-0.1852124333381653
-0.1856249421834946
-0.1860314905643463
-0.1864249855279922
-0.1867990344762802
-0.1871481388807297
-0.1874679028987885
-0.1877551376819611
-0.1880079805850983
-0.1882259845733643
-0.1884099990129471
-0.1885621547698975
-0.188685804605484
-0.1887851804494858
-0.1888653934001923
-0.1889320462942123
-0.1889910101890564
-0.1890482157468796
-0.1891093701124191
-0.1891797333955765
-0.1892638802528381
-0.1893655508756638
-0.189487487077713
-0.1896313428878784
-0.1897976845502853
-0.189985990524292
-0.1901947408914566
-0.1904214024543762
-0.190662682056427
-0.1909146904945374
-0.1911731511354446
-0.1914336085319519
-0.1916916072368622
-0.1919429302215576
-0.1921838223934174
-0.1924111098051071
-0.1926223784685135
-0.1928160190582275
-0.1929912865161896
-0.1931482702493668
-0.1932879537343979
-0.1934120357036591
-0.1935228854417801
-0.1936233192682266
-0.1937165111303329
-0.1938058137893677
-0.1938945651054382
-0.1939858794212341
-0.1940825581550598
-0.1941868811845779
-0.1943005919456482
-0.1944247633218765
-0.1945598423480988
-0.1947055459022522
-0.1948610097169876
-0.1950248032808304
-0.1951949745416641
-0.1953693330287933
-0.195545420050621
-0.1957207024097443
-0.1958926618099213
-0.1960590332746506
-0.1962178200483322
-0.1963673532009125
-0.1965064704418182
-0.1966344714164734
-0.1967510879039764
-0.1968565136194229
-0.1969513297080994
-0.197036400437355
-0.1971127688884735
-0.1971816271543503
-0.1972441673278809
-0.1973014175891876
-0.1973542124032974
-0.1974030882120132
-0.1974481791257858
-0.1974891722202301
-0.1975253522396088
-0.1975554227828979
-0.1975777000188828
-0.1975901275873184
-0.1975902020931244
-0.1975751221179962
-0.1975418776273727
-0.1974873393774033
-0.1974083185195923
-0.1973015964031219
-0.1971640735864639
-0.1969927400350571
-0.1967847496271133
-0.1965374350547791
-0.1962483078241348
-0.1959150731563568
-0.1955355852842331
-0.1951078623533249
-0.194630041718483
-0.1941003054380417
-0.1935169249773026
-0.1928782314062119
-0.1921825706958771
-0.1914283782243729
-0.1906141638755798
-0.189738541841507
-0.1888003498315811
-0.1877986490726471
-0.1867328286170959
-0.1856026947498322
-0.1844085156917572
-0.1831511855125427
-0.1818322241306305
-0.1804538667201996
-0.1790192127227783
-0.1775321513414383
-0.1759974509477615
-0.1744207143783569
-0.172808364033699
-0.1711676716804504
-0.1695065647363663
-0.1678336560726166
-0.166158065199852
-0.164489284157753
-0.1628371328115463
-0.1612115800380707
-0.1596224904060364
-0.158079594373703
-0.1565922349691391
-0.1551692336797714
-0.1538187712430954
-0.1525481790304184
-0.1513638198375702
-0.1502709984779358
-0.1492737680673599
-0.1483749002218246
-0.1475757956504822
-0.1468763649463654
-0.14627505838871
-0.145768865942955
-0.145353227853775
-0.1450222432613373
-0.1447685956954956
-0.1445837765932083
-0.1444581300020218
-0.1443810909986496
-0.1443413496017456
-0.1443270742893219
-0.1443261504173279
-0.144326463341713
-0.1443161815404892
-0.1442839205265045
-0.1442191749811172
-0.1441124826669693
-0.1439556777477264
-0.143742099404335
-0.1434668004512787
-0.1431266218423843
-0.1427203565835953
-0.14224873483181
-0.1417143642902374
-0.1411217600107193
-0.1404771059751511
-0.1397880911827087
-0.1390637308359146
-0.138313964009285
-0.1375495046377182
-0.1367813795804977
-0.1360205709934235
-0.1352777481079102
-0.1345628648996353
-0.1338848918676376
-0.1332513988018036
-0.1326685547828674
-0.1321406960487366
-0.1316703706979752
-0.1312581896781921
-0.1309028714895248
-0.1306013017892838
-0.1303486675024033
-0.1301386654376984
-0.129963755607605
-0.1298155188560486
-0.1296848356723785
-0.1295624077320099
-0.1294389814138412
-0.1293058097362518
-0.1291548758745193
-0.128979280591011
-0.1287733912467957
-0.1285331100225449
-0.1282559782266617
-0.1279412060976028
-0.1275896579027176
-0.1272038221359253
-0.1267876327037811
-0.1263462454080582
-0.1258858293294907
-0.1254132390022278
-0.1249356642365456
-0.124460369348526
-0.1239943504333496
-0.1235440000891685
-0.1231148838996887
-0.1227114498615265
-0.1223369315266609
-0.1219931915402412
-0.1216806843876839
-0.1213984861969948
-0.1211443692445755
-0.1209149584174156
-0.1207059398293495
-0.1205122843384743
-0.1203285232186317
-0.1201490461826324
-0.1199683621525764
-0.119781382381916
-0.1195836216211319
-0.1193714737892151
-0.1191423013806343
-0.1188945397734642
-0.1186277717351913
-0.1183426752686501
-0.1180409342050552
-0.1177251189947128
-0.1173985376954079
-0.1170649975538254
-0.1167285516858101
-0.1163933500647545
-0.116063304245472
-0.1157419756054878
-0.1154323220252991
-0.115136593580246
-0.1148562133312225
-0.1145917773246765
-0.1143430322408676
-0.1141088828444481
-0.1138875633478165
-0.1136767342686653
-0.1134736314415932
-0.1132752895355225
-0.1130786761641502
-0.1128809303045273
-0.1126794591546059
-0.1124721467494965
-0.1122574135661125
-0.112034298479557
-0.1118024960160255
-0.1115622967481613
-0.111314594745636
-0.1110607534646988
-0.1108025386929512
-0.1105419620871544
-0.1102811321616173
-0.1100221052765846
-0.109766811132431
-0.1095168888568878
-0.1092736124992371
-0.109037809073925
-0.1088098734617233
-0.1085897088050842
-0.1083767935633659
-0.1081702411174774
-0.107968844473362
-0.1077712178230286
-0.1075758785009384
-0.1073813363909721
-0.1071862280368805
-0.1069893762469292
-0.1067898720502853
-0.1065871268510818
-0.106380857527256
-0.1061711236834526
-0.1059582829475403
-0.1057429537177086
-0.1055259704589844
-0.1053082793951035
-0.1050909087061882
-0.1048748269677162
-0.1046609506011009
-0.1044500172138214
-0.1042425706982613
-0.1040389314293861
-0.1038391962647438
-0.1036432161927223
-0.1034506559371948
-0.1032610237598419
-0.1030736938118935
-0.1028879806399345
-0.1027031913399696
-0.1025186628103256
-0.1023338437080383
-0.1021482944488525
-0.1019617468118668
-0.1017740443348885
-0.10158521682024
-0.1013954430818558
-0.1012050285935402
-0.1010143458843231
-0.1008238345384598
-0.100633941590786
-0.1004451066255569
-0.1002577170729637
-0.1000720635056496
-0.09988834708929062
-0.09970665723085403
-0.09952696412801743
-0.09934914112091064
-0.09917300194501877
-0.09899826347827911
-0.098824642598629
-0.09865180402994156
-0.09847946465015411
-0.09830737113952637
-0.0981353372335434
-0.09796322137117386
-0.09779096394777298
-0.09761858731508255
-0.09744615852832794
-0.0972738191485405
-0.09710173308849335
-0.09693010896444321
-0.0967591255903244
-0.09658895432949066
-0.09641975909471512
-0.09625164419412613
-0.09608467668294907
-0.09591887891292572
-0.09575421363115311
-0.09559059888124466
-0.09542793780565262
-0.09526608884334564
-0.09510495513677597
-0.09494438022375107
-0.09478425234556198
-0.09462448209524155
-0.09446500241756439
-0.09430577605962753
-0.09414679557085037
-0.09398809820413589
-0.09382973611354828
-0.0936717763543129
-0.09351429343223572
-0.09335737675428391
-0.09320109337568283
-0.09304551035165787
-0.0928906574845314
-0.09273656457662582
-0.09258323907852173
-0.09243065863847733
-0.09227877855300903
-0.09212756901979446
-0.09197696298360825
-0.0918269082903862
-0.09167734533548355
-0.09152822941541672
-0.09137952327728271
-0.09123119711875916
-0.09108323603868484
-0.09093566983938217
-0.09078849107027054
-0.09064172953367233
-0.09049542993307114
-0.09034962207078934
-0.09020431339740753
-0.0900595635175705
-0.08991536498069763
-0.08977174758911133
-0.08962869644165039
-0.08948620408773422
-0.08934425562620163
-0.08920284360647202
-0.0890619233250618
-0.08892147243022919
-0.08878146857023239
-0.08864190429449081
-0.08850274980068207
-0.08836400508880615
-0.08822567015886307
-0.08808773756027222
-0.08795022964477539
-0.08781313896179199
-0.08767648041248322
-0.08754023909568787
-0.08740445226430893
-0.0872691348195076
-0.08713427186012268
-0.08699987083673477
-0.08686591684818268
-0.0867324098944664
-0.08659934252500534
-0.0864667072892189
-0.08633449673652649
-0.0862027108669281
-0.08607131242752075
-0.08594030886888504
-0.08580970019102097
-0.08567948639392853
-0.08554966002702713
-0.08542022109031677
-0.08529117703437805
-0.08516255021095276
-0.0850343257188797
-0.08490650355815887
-0.08477909117937088
-0.08465208113193512
-0.08452548086643219
-0.0843992680311203
-0.08427345007658005
-0.08414802700281143
-0.08402297645807266
-0.08389829844236374
-0.08377397805452347
-0.08365003019571304
-0.08352646231651306
-0.08340325206518173
-0.08328040689229965
-0.08315792679786682
-0.08303581178188324
-0.08291404694318771
-0.08279264718294144
-0.08267161250114441
-0.08255093544721603
-0.08243062347173691
-0.08231066912412643
-0.08219107240438461
-0.08207182586193085
-0.08195292204618454
-0.08183436095714569
-0.0817161425948143
-0.08159825205802917
-0.08148069679737091
-0.08136346936225891
-0.08124657720327377
-0.08113002777099609
-0.08101382106542587
-0.08089794218540192
-0.08078239113092422
-0.08066718280315399
-0.08055228739976883
-0.08043772727251053
-0.0803234875202179
-0.08020957559347153
-0.08009599149227142
-0.07998273521661758
-0.07986979186534882
-0.07975717633962631
-0.07964487373828888
-0.07953289151191711
-0.07942122220993042
-0.0793098583817482
-0.07919880002737045
-0.07908805459737778
-0.07897760719060898
-0.07886745780706406
-0.07875761389732361
-0.07864806801080704
-0.07853882759809494
-0.07842988520860672
-0.07832124084234238
-0.07821289449930191
-0.07810484617948532
-0.07799709588289261
-0.07788965106010437
-0.07778248190879822
-0.07767561823129654
-0.07756903767585754
-0.07746274024248123
-0.0773567259311676
-0.07725100219249725
-0.07714555412530899
-0.07704038172960281
-0.07693547755479813
-0.07683084160089493
-0.07672648876905441
-0.07662240415811539
-0.07651859521865845
-0.07641506195068359
-0.07631180435419083
-0.07620882987976074
-0.07610612362623215
-0.07600369304418564
-0.07590153813362122
-0.07579965144395828
-0.07569803297519684
-0.07559668272733688
-0.07549558579921722
-0.07539474219083786
-0.07529415935277939
-0.07519384473562241
-0.07509379833936691
-0.07499402761459351
-0.07489451766014099
-0.07479526102542877
-0.07469626516103745
-0.07459752261638641
-0.07449903339147568
-0.07440078258514404
-0.07430277764797211
-0.07420503348112106
-0.07410752773284912
-0.07401026785373688
-0.07391325384378433
-0.07381648570299149
-0.07371994853019714
-0.0736236572265625
-0.07352759689092636
-0.07343178242444992
-0.07333620637655258
-0.07324086874723434
-0.07314576953649521
-0.07305089384317398
-0.07295624911785126
-0.07286183536052704
-0.07276765257120132
-0.07267369329929352
-0.07257997244596481
-0.07248648256063461
-0.07239321619272232
-0.07230017334222794
-0.07220736145973206
-0.07211478054523468
-0.07202243804931641
-0.07193032652139664
-0.07183844596147537
-0.07174679636955261
-0.07165538519620895
-0.0715641975402832
-0.07147324085235596
-0.07138250023126602
-0.07129199057817459
-0.07120169699192047
-0.07111159712076187
-0.07102172076702118
-0.0709320530295372
-0.07084259390830994
-0.07075335830450058
-0.07066433131694794
-0.0705755203962326
-0.07048694044351578
-0.07039857655763626
-0.07031042873859406
-0.07022248953580856
-0.07013475894927979
-0.07004722207784653
-0.06995989382266998
-0.06987277418375015
-0.06978584825992584
-0.06969911605119705
-0.06961257755756378
-0.06952623277902603
-0.0694400817155838
-0.06935413181781769
-0.06926837563514709
-0.06918282061815262
-0.06909745931625366
-0.06901229918003082
-0.0689273402094841
-0.0688425749540329
-0.06875802576541901
-0.06867367774248123
-0.06858952343463898
-0.06850557774305344
-0.06842182576656342
-0.06833826750516891
-0.06825490295886993
-0.06817172467708588
-0.06808874011039734
-0.06800594180822372
-0.06792332977056503
-0.06784091144800186
-0.06775867193937302
-0.06767661869525909
-0.0675947517156601
-0.06751307100057602
-0.06743156164884567
-0.06735024601221085
-0.06726910918951035
-0.06718814373016357
-0.06710736453533173
-0.06702675670385361
-0.06694633513689041
-0.06686609238386154
-0.066786028444767
-0.06670613586902618
-0.0666264221072197
-0.06654688715934753
-0.0664675384759903
-0.06638836860656738
-0.06630938500165939
-0.06623058766126633
-0.06615195423364639
-0.06607349961996078
-0.06599520146846771
-0.06591708213090897
-0.06583913415670395
-0.06576135754585266
-0.0656837597489357
-0.06560632586479187
-0.06552906334400177
-0.065451979637146
-0.06537507474422455
-0.06529831141233444
-0.06522172689437866
-0.06514530628919601
-0.0650690421462059
-0.06499294191598892
-0.06491699814796448
-0.06484121829271317
-0.06476557999849319
-0.06469010561704636
-0.06461480259895325
-0.06453966349363327
-0.06446469575166702
-0.06438989192247391
-0.06431524455547333
-0.06424076855182648
-0.06416645646095276
-0.06409229338169098
-0.06401830166578293
-0.06394446641206741
-0.06387078762054443
-0.0637972503900528
-0.06372386962175369
-0.06365063786506653
-0.0635775551199913
-0.06350462138652802
-0.06343183666467667
-0.06335920095443726
-0.06328672915697098
-0.06321439146995544
-0.06314222514629364
-0.06307020783424377
-0.06299833953380585
-0.06292662769556046
-0.0628550797700882
-0.06278368830680847
-0.06271243840456009
-0.06264133006334305
-0.06257037818431854
-0.06249957531690598
-0.06242892518639565
-0.06235843151807785
-0.06228808686137199
-0.06221788376569748
-0.06214781478047371
-0.06207788735628128
-0.0620080977678299
-0.06193844228982925
-0.06186893209815025
-0.061799556016922
-0.06173032522201538
-0.06166123226284981
-0.06159228459000587
-0.06152348592877388
-0.06145483255386353
-0.06138632073998451
-0.06131795048713684
-0.06124971807003021
-0.06118162348866463
-0.06111365929245949
-0.06104583665728569
-0.06097814813256264
-0.06091059744358063
-0.06084317713975906
-0.06077588722109795
-0.06070873513817787
-0.06064171344041824
-0.06057482585310936
-0.06050806865096092
-0.06044144183397293
-0.06037496030330658
-0.06030860915780067
-0.06024239584803581
-0.0601763129234314
-0.06011036410927773
-0.0600445456802845
-0.05997885391116142
-0.05991328507661819
-0.05984784662723541
-0.05978253856301308
-0.05971734970808029
-0.05965228378772736
-0.05958734825253487
-0.05952254310250282
-0.05945786833763123
-0.05939332395792007
-0.05932890623807907
-0.05926462262868881
-0.0592004731297493
-0.05913645774126053
-0.0590725764632225
-0.05900882557034492
-0.0589451976120472
-0.05888170003890991
-0.05881831794977188
-0.058755062520504
-0.05869192630052567
-0.05862891301512718
-0.05856601521372795
-0.05850323289632797
-0.05844057351350784
-0.05837802961468697
-0.05831560492515564
-0.05825329944491386
-0.05819111689925194
-0.05812904983758926
-0.05806710198521614
-0.05800527334213257
-0.05794355645775795
-0.05788195878267288
-0.05782048404216766
-0.057759128510952
-0.05769789218902588
-0.05763676762580872
-0.05757575854659081
-0.05751486495137215
-0.05745408311486244
-0.05739342048764229
-0.05733286589384079
-0.05727243050932884
-0.05721211433410645
-0.057151909917593
-0.05709181353449821
-0.05703182518482208
-0.0569719560444355
-0.05691219866275787
-0.0568525567650795
-0.05679303035140038
-0.0567336194217205
-0.05667432025074959
-0.05661513656377792
-0.05655606091022491
-0.05649709329009056
-0.05643823742866516
-0.05637948960065842
-0.05632084608078003
-0.0562623143196106
-0.05620388686656952
-0.0561455674469471
-0.05608734488487244
-0.05602922290563583
-0.05597120523452759
-0.0559132881462574
-0.05585547909140587
-0.05579777434468269
-0.05574018508195877
-0.0556827038526535
-0.05562533438205719
-0.05556808412075043
-0.05551094189286232
-0.05545391142368317
-0.05539699643850327
-0.05534019321203232
-0.05528349429368973
-0.05522689968347549
-0.05517040938138962
-0.0551140196621418
-0.05505771934986115
-0.05500151589512825
-0.05494540184736252
-0.05488938465714455
-0.05483346059918404
-0.05477763339877129
-0.05472190678119659
-0.05466627702116966
-0.05461075156927109
-0.05455533415079117
-0.0545000247657299
-0.0544448159635067
-0.05438971146941185
-0.05433471128344536
-0.05427981540560722
-0.05422502383589745
-0.05417033284902573
-0.05411573871970177
-0.05406123772263527
-0.05400683358311653
-0.05395252257585526
-0.05389830470085144
-0.05384417623281479
-0.0537901371717453
-0.05373619124293327
-0.05368233472108841
-0.05362857133150101
-0.05357489734888077
-0.05352132022380829
-0.05346783623099327
-0.05341445282101631
-0.05336116626858711
-0.05330797657370567
-0.0532548800110817
-0.05320188030600548
-0.05314898118376732
-0.05309618264436722
-0.05304348096251488
-0.0529908761382103
-0.05293836444616318
-0.05288594588637352
-0.05283361673355103
-0.05278137698769569
-0.05272923782467842
-0.05267718434333801
-0.05262522399425507
-0.05257335677742958
-0.05252158269286156
-0.0524698980152607
-0.0524183064699173
-0.05236681550741196
-0.05231541767716408
-0.05226411297917366
-0.05221289768815041
-0.05216176807880402
-0.05211072415113449
-0.05205975845456123
-0.05200887098908424
-0.05195806175470352
-0.05190733820199966
-0.05185668915510178
-0.05180612578988075
-0.0517556443810463
-0.0517052449285984
-0.05165492743253708
-0.05160469189286232
-0.05155453458428383
-0.0515044704079628
-0.05145449191331863
-0.05140460282564163
-0.0513547956943512
-0.05130507424473763
-0.05125544220209122
-0.05120590329170227
-0.05115645006299019
-0.05110707506537437
-0.05105778947472572
-0.05100858584046364
-0.05095947533845901
-0.05091045051813126
-0.05086151137948036
-0.05081265419721603
-0.05076388642191887
-0.05071520432829857
-0.05066659674048424
-0.05061807483434677
-0.05056963488459587
-0.05052127316594124
-0.05047298967838287
-0.05042479187250137
-0.05037666857242584
-0.05032862350344658
-0.05028066411614418
-0.05023278295993805
-0.05018496885895729
-0.0501372367143631
-0.05008957535028458
-0.05004199594259262
-0.04999449104070663
-0.04994706064462662
-0.04989970847964287
-0.04985243827104568
-0.04980524256825447
-0.04975812882184982
-0.04971110075712204
-0.04966415837407112
-0.04961729422211647
-0.04957051575183868
-0.04952382296323776
-0.04947720840573311
-0.04943066835403442
-0.04938420280814171
-0.04933781176805496
-0.04929148405790329
-0.04924522712826729
-0.04919903725385666
-0.0491529181599617
-0.04910686239600182
-0.0490608811378479
-0.04901497438549995
-0.04896913841366768
-0.04892337694764137
-0.04887768998742104
-0.04883208125829697
-0.04878655076026917
-0.04874109476804733
-0.04869572445750237
-0.04865042492747307
-0.04860519990324974
-0.04856004565954208
-0.0485149621963501
-0.04846994578838348
-0.04842498525977135
-0.04838009178638458
-0.04833526164293289
-0.04829048737883568
-0.04824577271938324
-0.04820112511515617
-0.04815654084086418
-0.04811201989650726
-0.04806755855679512
-0.04802316427230835
-0.04797882959246635
-0.04793455824255943
-0.04789034277200699
-0.04784617573022842
-0.04780206829309464
-0.04775801301002502
-0.047714002430439
-0.04767003655433655
-0.04762611165642738
-0.04758222028613091
-0.04753835871815681
-0.04749452322721481
-0.0474507138133049
-0.04740693047642708
-0.04736317694187164
-0.0473194494843483
-0.04727575182914734
-0.04723208397626877
-0.04718844592571259
-0.04714484512805939
-0.04710128530859947
-0.04705776274204254
-0.04701428115367889
-0.04697084054350853
-0.04692743718624115
-0.04688407108187675
-0.04684074595570564
-0.04679745435714722
-0.04675420373678207
-0.04671099781990051
-0.04666783660650253
-0.04662472754716873
-0.04658167064189911
-0.04653868079185486
-0.04649576544761658
-0.04645293578505516
-0.0464102067053318
-0.0463675856590271
-0.04632509872317314
-0.04628275334835052
-0.04624057561159134
-0.04619858786463737
-0.04615680128335953
-0.04611523449420929
-0.04607391729950905
-0.0460328608751297
-0.04599209129810333
-0.04595163464546204
-0.0459115132689476
-0.04587175324559212
-0.04583238437771797
-0.04579344019293785
-0.04575493559241295
-0.04571691155433655
-0.04567938297986984
-0.04564237967133522
-0.04560593143105507
-0.04557006806135178
-0.04553480818867683
-0.04550017416477203
-0.04546618461608887
-0.04543285071849823
-0.04540019109845161
-0.04536820948123932
-0.04533690959215164
-0.04530628770589828
-0.04527633637189865
-0.04524704813957214
-0.04521840065717697
-0.04519036784768105
-0.04516292363405228
-0.04513603076338768
-0.04510964825749397
-0.04508372768759727
-0.04505821689963341
-0.0450330451130867
-0.04500815644860268
-0.04498347267508507
-0.04495891556143761
-0.04493439942598343
-0.04490984231233597
-0.04488515108823776
-0.04486022889614105
-0.04483498632907867
-0.04480932280421257
-0.04478314146399498
-0.04475635662674904
-0.04472886770963669
-0.04470059648156166
-0.04467146098613739
-0.04464138299226761
-0.04461029544472694
-0.04457814618945122
-0.04454488679766655
-0.04451047629117966
-0.04447489231824875
-0.04443812742829323
-0.04440018907189369
-0.04436108097434044
-0.04432084411382675
-0.04427952319383621
-0.04423718154430389
-0.04419388994574547
-0.0441497340798378
-0.04410480707883835
-0.04405922442674637
-0.04401310160756111
-0.04396657645702362
-0.04391977563500404
-0.04387284442782402
-0.04382592439651489
-0.0437791496515274
-0.0437326654791832
-0.04368662089109421
-0.04364113509654999
-0.04359632730484009
-0.04355230927467346
-0.04350917786359787
-0.04346701875329018
-0.04342589154839516
-0.04338583722710609
-0.04334688931703568
-0.04330905899405479
-0.04327232390642166
-0.04323665052652359
-0.04320197924971581
-0.04316824674606323
-0.04313534498214722
-0.0431031696498394
-0.04307160526514053
-0.04304051026701927
-0.04300975427031517
-0.04297918453812599
-0.0429486371576786
-0.04291797801852226
-0.04288706183433533
-0.04285573959350586
-0.04282388836145401
-0.04279139637947083
-0.04275815933942795
-0.04272409901022911
-0.04268914088606834
-0.04265324398875237
-0.04261637851595879
-0.0425785556435585
-0.04253978282213211
-0.04250010102987289
-0.04245956614613533
-0.04241826385259628
-0.04237629100680351
-0.04233375564217567
-0.04229078069329262
-0.04224749282002449
-0.04220402613282204
-0.0421605259180069
-0.04211713001132011
-0.04207396507263184
-0.04203115776181221
-0.04198881983757019
-0.04194704443216324
-0.04190590977668762
-0.04186546802520752
-0.04182576760649681
-0.04178681597113609
-0.04174861311912537
-0.04171112552285194
-0.04167430102825165
-0.0416380763053894
-0.04160235449671745
-0.04156704246997833
-0.04153202474117279
-0.04149716347455978
-0.04146232083439827
-0.0414273664355278
-0.04139215126633644
-0.04135653749108315
-0.04132039472460747
-0.04128358885645866
-0.04124601185321808
-0.04120756685733795
-0.04116816818714142
-0.04112774878740311
-0.04108626395463943
-0.04104368388652802
-0.04100000113248825
-0.04095523059368134
-0.04090939834713936
-0.0408625528216362
-0.04081473499536514
-0.04076601192355156
-0.04071645066142082
-0.0406661368906498
-0.04061514139175415
-0.04056352749466896
-0.04051137715578079
-0.04045873880386353
-0.04040567204356194
-0.04035221040248871
-0.04029838740825653
-0.0402442030608654
-0.04018966481089592
-0.04013476893305779
-0.04007949680089951
-0.0400238111615181
-0.03996767103672028
-0.03991104289889336
-0.03985387831926346
-0.039796132594347
-0.0397377647459507
-0.03967874497175217
-0.03961905092000961
-0.03955867886543274
-0.03949763253331184
-0.03943593427538872
-0.03937363252043724
-0.03931079432368279
-0.03924749419093132
-0.0391838513314724
-0.03911998495459557
-0.03905603662133217
-0.03899217024445534
-0.0389285497367382
-0.0388653539121151
-0.03880276158452034
-0.03874096274375916
-0.03868013620376587
-0.03862046450376511
-0.0385621078312397
-0.03850522264838219
-0.03844994679093361
-0.03839639201760292
-0.03834465518593788
-0.03829480335116386
-0.03824688494205475
-0.03820092231035233
-0.0381569117307663
-0.03811481222510338
-0.0380745567381382
-0.03803607448935509
-0.03799925744533539
-0.03796398267149925
-0.03793010860681534
-0.03789747506380081
-0.03786592185497284
-0.03783527761697769
-0.03780537098646164
-0.03777601942420006
-0.03774704784154892
-0.03771828860044479
-0.03768957778811455
-0.03766075521707535
-0.03763167560100555
-0.03760221228003502
-0.03757223859429359
-0.03754164651036263
-0.03751033917069435
-0.0374782383441925
-0.03744527697563171
-0.0374114066362381
-0.03737659007310867
-0.03734080865979195
-0.03730405867099762
-0.03726635128259659
-0.03722770512104034
-0.03718816488981247
-0.03714776411652565
-0.03710658103227615
-0.03706468641757965
-0.0370221734046936
-0.03697914630174637
-0.0369357168674469
-0.03689201176166534
-0.03684815391898155
-0.03680428862571716
-0.03676055744290352
-0.03671710938215256
-0.03667407855391502
-0.03663161396980286
-0.0365898460149765
-0.03654889017343521
-0.03650886192917824
-0.03646985441446304
-0.03643194586038589
-0.03639517351984978
-0.03635957464575768
-0.03632515296339989
-0.03629188984632492
-0.0362597368657589
-0.03622862696647644
-0.03619846701622009
-0.0361691415309906
-0.03614050894975662
-0.03611243143677711
-0.03608475252985954
-0.03605730086565018
-0.03602990508079529
-0.03600240498781204
-0.03597464039921761
-0.03594645112752914
-0.03591771051287651
-0.03588830679655075
-0.03585813567042351
-0.0358271412551403
-0.03579528257250786
-0.03576254472136497
-0.03572894632816315
-0.03569453209638596
-0.03565937653183937
-0.03562357649207115
-0.03558725118637085
-0.03555052727460861
-0.03551355376839638
-0.03547647967934608
-0.03543945774435997
-0.03540264442563057
-0.03536618500947952
-0.03533020615577698
-0.03529483452439308
-0.0352601632475853
-0.03522627428174019
-0.03519321605563164
-0.03516101837158203
-0.03512968495488167
-0.03509918600320816
-0.03506948053836823
-0.03504049777984619
-0.0350121483206749
-0.03498433157801628
-0.03495693206787109
-0.03492983430624008
-0.0349029041826725
-0.03487600758671761
-0.03484903275966644
-0.03482186049222946
-0.0347943939268589
-0.0347665511071682
-0.03473826497793198
-0.03470948338508606
-0.03468019142746925
-0.03465037792921066
-0.03462005779147148
-0.03458927199244499
-0.03455807641148567
-0.03452653810381889
-0.03449474647641182
-0.03446279466152191
-0.03443077206611633
-0.03439877927303314
-0.0343669168651104
-0.03433527424931526
-0.034303929656744
-0.03427296876907349
-0.03424244374036789
-0.03421239927411079
-0.03418286517262459
-0.03415384143590927
-0.03412532433867455
-0.03409728780388832
-0.03406969085335732
-0.03404248505830765
-0.03401559963822365
-0.03398897498846054
-0.03396254032850266
-0.03393621370196342
-0.03390991687774658
-0.03388358652591705
-0.03385714814066887
-0.03383054584264755
-0.03380373492836952
-0.03377668187022209
-0.03374936431646347
-0.03372178599238396
-0.03369394689798355
-0.03366586938500404
-0.03363757953047752
-0.03360912203788757
-0.03358054533600807
-0.0335519090294838
-0.03352327272295952
-0.03349469974637032
-0.03346624970436096
-0.03343797475099564
-0.03340993076562881
-0.03338215872645378
-0.03335468471050262
-0.03332753106951714
-0.03330071642994881
-0.03327422216534615
-0.03324803337454796
-0.03322212398052216
-0.03319645300507545
-0.03317099064588547
-0.03314568847417831
-0.03312050178647041
-0.03309537842869759
-0.03307027742266655
-0.03304515779018402
-0.03301997855305672
-0.03299471735954285
-0.03296934813261032
-0.03294386342167854
-0.03291826322674751
-0.03289255127310753
-0.03286673873662949
-0.03284085541963577
-0.03281491994857788
-0.0327889695763588
-0.0327630490064621
-0.03273718431591988
-0.03271140903234482
-0.03268576413393021
-0.03266027197241783
-0.03263495489954948
-0.03260982781648636
-0.03258490562438965
-0.03256018459796906
-0.03253566473722458
-0.03251133486628532
-0.0324871726334095
-0.03246314823627472
-0.03243923187255859
-0.03241539001464844
-0.03239159286022186
-0.03236781060695648
-0.03234400227665901
-0.03232013806700706
-0.03229619562625885
-0.03227216005325317
-0.03224801644682884
-0.03222375735640526
-0.03219937533140182
-0.03217487782239914
-0.0321502722799778
-0.0321255624294281
-0.03210076317191124
-0.03207588568329811
-0.03205094486474991
-0.03202594444155693
-0.03200089558959007
-0.03197580575942993
-0.0319506824016571
-0.03192552179098129
-0.0319003239274025
-0.03187507763504982
-0.03184977918863297
-0.03182441368699074
-0.03179896995425224
-0.03177343308925629
-0.03174777701497078
-0.03172199428081512
-0.03169607371091843
-0.03167000412940979
-0.03164378553628922
-0.03161740303039551
-0.03159086406230927
-0.03156417235732079
-0.03153733164072037
-0.03151035308837891
-0.03148325532674789
-0.03145606070756912
-0.03142879158258438
-0.03140148520469666
-0.03137416020035744
-0.03134685382246971
-0.03131959587335587
-0.03129241988062859
-0.03126535937190056
-0.03123844042420387
-0.03121169470250607
-0.03118514642119408
-0.0311588179320097
-0.03113272599875927
-0.03110688738524914
-0.0310813169926405
-0.03105602785944939
-0.03103103116154671
-0.03100633807480335
-0.03098195418715477
-0.030957892537117
-0.0309341587126255
-0.03091076202690601
-0.03088770993053913
-0.0308650080114603
-0.03084266372025013
-0.03082067891955376
-0.03079905360937119
-0.03077778965234756
-0.03075687773525715
-0.03073631599545479
-0.03071608766913414
-0.03069617599248886
-0.03067656047642231
-0.0306572187691927
-0.03063811920583248
-0.03061923198401928
-0.0306005235761404
-0.03058195859193802
-0.03056349605321884
-0.03054509870707989
-0.03052672371268272
-0.03050833567976952
-0.03048989921808243
-0.03047138080000877
-0.03045274131000042
-0.03043395280838013
-0.0304149966686964
-0.03039584681391716
-0.0303764920681715
-0.03035691194236279
-0.03033710271120071
-0.03031705506145954
-0.03029676899313927
-0.03027624823153019
-0.0302555039525032
-0.03023454733192921
-0.03021339327096939
-0.03019206412136555
-0.03017058223485947
-0.03014897182583809
-0.03012726455926895
-0.03010549396276474
-0.03008369542658329
-0.03006190061569214
-0.03004014864563942
-0.03001847304403782
-0.02999690733850002
-0.02997548691928387
-0.02995424345135689
-0.02993320673704147
-0.02991239912807941
-0.02989184483885765
-0.02987156622111797
-0.02985157817602158
-0.02983188629150391
-0.02981250174343586
-0.02979342080652714
-0.02977464534342289
-0.02975616417825222
-0.02973796986043453
-0.02972003631293774
-0.02970234677195549
-0.02968487329781055
-0.02966758981347084
-0.02965046092867851
-0.02963346056640148
-0.02961655147373676
-0.02959969826042652
-0.02958287298679352
-0.02956604771316051
-0.02954918518662453
-0.02953226119279861
-0.02951525151729584
-0.0294981449842453
-0.02948092855513096
-0.02946359664201736
-0.02944613993167877
-0.02942856773734093
-0.02941089123487473
-0.02939312532544136
-0.02937529608607292
-0.0293574258685112
-0.02933954633772373
-0.0293216984719038
-0.02930391207337379
-0.02928623370826244
-0.02926870249211788
-0.02925136871635914
-0.02923427149653435
-0.02921745553612709
-0.02920096181333065
-0.02918482758104801
-0.02916908636689186
-0.02915377356112003
-0.02913891151547432
-0.02912452630698681
-0.0291106328368187
-0.02909724414348602
-0.02908436395227909
-0.02907199412584305
-0.0290601309388876
-0.02904876321554184
-0.02903787977993488
-0.02902745828032494
-0.02901747822761536
-0.02900790981948376
-0.0289987251162529
-0.0289898943156004
-0.02898138202726841
-0.02897315658628941
-0.02896518260240555
-0.02895742282271385
-0.02894984558224678
-0.02894241735339165
-0.02893510274589062
-0.02892787754535675
-0.02892071008682251
-0.0289135780185461
-0.02890645898878574
-0.02889932692050934
-0.02889216132462025
-0.02888493798673153
-0.02887763269245625
-0.0288702305406332
-0.02886270359158516
-0.02885503508150578
-0.02884719520807266
-0.02883915603160858
-0.02883088961243629
-0.02882236428558826
-0.0288135502487421
-0.02880441583693027
-0.02879492193460464
-0.02878503687679768
-0.02877472899854183
-0.02876396290957928
-0.02875270694494247
-0.02874093130230904
-0.02872861362993717
-0.02871572971343994
-0.0287022665143013
-0.02868820913136005
-0.02867355570197105
-0.0286583062261343
-0.02864247001707554
-0.02862606570124626
-0.02860911935567856
-0.02859167009592056
-0.02857375703752041
-0.02855543233454227
-0.02853675559163094
-0.02851779758930206
-0.02849862724542618
-0.0284793172031641
-0.0284599531441927
-0.02844060957431793
-0.02842137776315212
-0.02840233594179153
-0.02838356420397758
-0.02836513333022594
-0.02834711223840714
-0.02832956239581108
-0.02831253595650196
-0.02829607017338276
-0.02828019671142101
-0.02826493419706821
-0.02825029008090496
-0.02823626063764095
-0.02822282910346985
-0.02820996567606926
-0.02819763869047165
-0.02818579412996769
-0.02817437797784805
-0.02816332690417767
-0.02815256267786026
-0.02814200520515442
-0.02813157998025417
-0.02812119945883751
-0.02811078168451786
-0.02810024470090866
-0.02808951027691364
-0.02807850576937199
-0.02806716598570347
-0.02805543318390846
-0.02804325893521309
-0.02803060598671436
-0.02801745012402534
-0.02800377830862999
-0.0279895905405283
-0.02797489054501057
-0.02795970253646374
-0.0279440563172102
-0.02792798914015293
-0.02791154570877552
-0.02789478376507759
-0.02787776477634907
-0.02786054648458958
-0.02784319408237934
-0.02782577462494373
-0.02780835330486298
-0.02779099717736244
-0.02777376025915146
-0.02775670774281025
-0.02773988805711269
-0.02772334590554237
-0.02770711667835712
-0.02769122831523418
-0.0276757013052702
-0.02766054682433605
-0.02764576114714146
-0.02763133496046066
-0.02761724777519703
-0.02760346792638302
-0.02758995816111565
-0.02757667936384678
-0.02756357565522194
-0.0275505930185318
-0.02753767929971218
-0.02752477489411831
-0.02751182019710541
-0.027498759329319
-0.02748554013669491
-0.0274721086025238
-0.02745842561125755
-0.02744445018470287
-0.02743015438318253
-0.02741550840437412
-0.02740049548447132
-0.02738511562347412
-0.02736936509609222
-0.02735325507819653
-0.02733680978417397
-0.02732005156576633
-0.02730301953852177
-0.02728574723005295
-0.02726828306913376
-0.02725067362189293
-0.02723297104239464
-0.02721522375941277
-0.02719748578965664
-0.02717980183660984
-0.0271622184664011
-0.02714477479457855
-0.02712750807404518
-0.02711044438183308
-0.02709360793232918
-0.02707701176404953
-0.02706065960228443
-0.02704455330967903
-0.02702868357300758
-0.02701303735375404
-0.02699759975075722
-0.02698234282433987
-0.02696723863482475
-0.02695226483047009
-0.02693738788366318
-0.02692258171737194
-0.02690782025456429
-0.02689308673143387
-0.0268783587962389
-0.02686362713575363
-0.02684888616204262
-0.02683413773775101
-0.02681939117610455
-0.02680465951561928
-0.02678996883332729
-0.02677534706890583
-0.02676083147525787
-0.02674645557999611
-0.02673226408660412
-0.02671830169856548
-0.02670460566878319
-0.02669122256338596
-0.02667819149792194
-0.02666554227471352
-0.02665330655872822
-0.02664150297641754
-0.02663014642894268
-0.02661923877894878
-0.02660878002643585
-0.02659875527024269
-0.02658914215862751
-0.02657991461455822
-0.02657103165984154
-0.02656244859099388
-0.02655411511659622
-0.02654597535729408
-0.02653796970844269
-0.02653003297746181
-0.02652210555970669
-0.02651412226259708
-0.02650602161884308
-0.0264977440237999
-0.02648923173546791
-0.02648044191300869
-0.0264713242650032
-0.02646184712648392
-0.02645197510719299
-0.02644168585538864
-0.02643095701932907
-0.02641978114843369
-0.02640815265476704
-0.02639606781303883
-0.0263835284858942
-0.02637054212391376
-0.02635711617767811
-0.02634326554834843
-0.02632900513708591
-0.02631434611976147
