0
0
0
0
0
0
0
0
0
0
0
0
0
0
0
0
0
0
0
0
0
0
0
0
0
0
0
0
0
0
0
0
0
0
0
0
0
0
0
0
0
0
0
0
0
0
0
0
0
0
0
0
0
0
0
0
0
0
0
0
0
0
0
0
0
0
0
0
0
0
0
0
0
0
0
0
0
0
0
0
0
0
0
0
0
0
0
0
0
0
0
0
0
0
0
0
0
0
0
0
0
0
0
0
0
0
0
0
0
0
0
0
0
0
0
0
0
0
0
0
0
0
0
0
0
0
0
0
0
0
0
0
0
0
0
0
0
0
0
0
0
0
0
0
0
0
0
0
0
0
0
0
0
0
0
0
0
0
0
0
0
0
0
0
0
0
0
0
0
0
0
0
0
0
0
0
0
0
0
0
0
0
0
0
0
0
0
0
0
0
0
0
0
0
0
0
0
0
0
0
0
0
0
0
0
0
0
0
0
0
0
0
0
0
0
0
0
0
0
0
0
0
0
0
0
0
0
0
0
0
0
0
0
0
0
0
0
0
0
0
0
0
0
0
0
0
0
0
0
0
0
0
0
0
0
0
0
0
0
0
0
0
0
0
0
0
0
0
0
0
0
0
0
0
0
0
0
0
0
0
0
0
0
0
0
0
0
0
0
0
0
0
0
0
0
0
0
0
0
0
0
0
0
0
0
0
0
0
0
0
0
0
0
0
0
0
0
0
0
0
0
0
0
0
0
0
0
0
0
0
0
0
0
0
0
0
0
0
0
0
0
0
0
0
0
0
0
0
0
0
0
0
0
0
0
0
0
0
0
0
0
0
0
0
0
0
0
0
0
0
0
0
0
0
0
0
0
0
0
0
0
0
0
0
0
0
0
0
0
0
0
0
0
0
0
0
0
0
0
0
0
0
0
0
0
0
0
0
0
0
0
0
0
0
0
0
0
0
0
0
0
0
0
0
0
0
0
0
0
0
0
0
0
0
0
0
0
0
0
0
0
0
0
0
0
0
0
0
0
0
0
0
0
0
0
0
0
0
0
0
0
0
0
0
0
0
0
0
0
0
0
0
0
0
0
0
0
0
0
0
0
0
0
0
0
0
0
0
0
0
0
0
0
0
0
0
0
0
0
0
0
0
0
0
0
0
0
0
0
0
0
0
0
0
0
0
0
0
0
0
0
0
0
0
0
0
0
0
0
0
0
0
0
0
0
0
0
0
0
0
0
0
0
0
0
0
0
0
0
0
0
0
0
0
0
0
0
0
0
0
0
0
0
0
0
0
0
0
0
0
0
0
0
0
0
0
0
0
0
0
0
0
0
0
0
0
0
0
0
0
0
0
0
0
0
0
0
0
0
0
0
0
0
0
0
0
0
0
0
0
0
0
0
0
0
0
0
0
0
0
0
0
0
0
0
0
0
0
0
0
0
0
0
0
0
0
0
0
0
0
0
0
0
0
0
0
0
0
0
0
0
0
0
0
0
0
0
0
0
0
0
0
0
0
0
0
0
0
0
0
0
0
0
0
0
0
0
0
0
0
0
0
0
0
0
0
0
0
0
0
0
0
0
0
0
0
0
0
0
0
0
0
0
0
0
0
0
0
0
0
0
0
0
0
0
0
0
0
0
0
0
0
0
0
0
0
0
0
0
0
0
0
0
0
0
0
0
0
0
0
0
0
0
0
0
0
0
0
0
0
0
0
0
0
0
0
0
0
0
0
0
0
0
0
0
0
0
0
0
0
0
0
0
0
0
0
0
0
0
0
0
0
0
0
0
0
0
0
0
0
0
0
0
0
0
0
0
0
0
0
0
0
0
0
0
0
0
0
0
0
0
0
0
0
0
0
0
0
0
0
0
0
0
0
0
0
0
0
0
0
0
0
0
0
0
0
0
0
0
0
0
0
0
0
0
0
0
0
0
0
0
0
0
0
0
0
0
0
0
0
0
0
0
0
0
0
0
0
0
0
0
0
0
0
0
0
0
0
0
0
0
0
0
0
0
0
0
0
0
0
0
0
0
0
0
0
0
0
0
0
0
0
0
0
0
0
0
0
0
0
0
0
0
0
0
0
0
0
0
0
0
0
0
0
0
0
0
0
0
0
0
0
0
0
0
0
0
0
0
0
0
0
0
0
0
0
0
0
0
0
0
0
0
0
0
0
0
0
0
0
0
0
0
0
0
0
0
0
0
0
0
0
0
0
0
0
0
0
0
0
0
0
0
0
0
0
0
0
0
0
0
0
0
0
0
0
0
0
0
0
0
0
0
0
0
0
0
0
0
0
0
0
0
0
0
0
0
0
0
0
0
0
0
0
0
0
0
0
0
0
0
0
0
0
0
0
0
0
0
0
0
0
0
0
0
0
0
0
0
0
0
0
0
0
0
0
0
0
0
0
0
0
0
0
0
0
0
0
0
0
0
0
0
0
0
0
0
0
0
0
0
0
0
0
0
0
0
0
0
0
0
0
0
0
0
0
0
0
0
0
0
0
0
0
0
0
0
0
0
0
0
0
0
0
0
0
0
0
0
0
0
0
0
0
0
0
0
0
0
0
0
0
0
0
0
0
0
0
0
0
0
0
0
0
0
0
0
0
0
0
0
0
0
0
0
0
0
0
0
0
0
0
0
0
0
0
0
0
0
0
0
0
0
0
0
0
0
0
0
0
0
0
0
0
0
0
0
0
0
0
0
0
0
0
0
0
0
0
0
0
0
0
0
0
0
0
0
0
0
0
0
0
0
0
0
0
0
0
0
0
0
0
0
0
0
0
0
0
0
0
0
0
0
0
0
0
0
0
0
0
0
0
0
0
0
0
0
0
0
0
0
0
0
0
0
0
0
0
0
0
0
0
0
0
0
0
0
0
0
0
0
0
0
0
0
0
0
0
0
0
0
0
0
0
0
0
0
0
0
0
0
0
0
0
0
0
0
0
0
0
0
0
0
0
0
0
0
0
0
0
0
0
0
0
0
0
0
0
0
0
0
0
0
0
0
0
0
0
0
0
0
0
0
0
0
0
0
0
0
0
0
0
0
0
0
0
0
0
0
0
0
0
0
0
0
0
0
0
0
0
0
0
0
0
0
0
0
0
0
0
0
0
0
0
0
0
0
0
0
0
0
0
0
0
0
0
0
0
0
0
0
0
0
0
0
0
0
0
0
0
0
0
0
0
0
0
0
0
0
0
0
0
0
0
0
0
0
0
0
0
0
0
0
0
0
0
0
0
0
0
0
0
0
0
0
0
0
0
0
0
0
0
0
0
0
0
0
0
0
0
0
0
0
0
0
0
0
0
0
0
0
0
0
0
0
0
0
0
0
0
0
0
0
0
0
0
0
0
0
0
0
0
0
0
0
0
0
0
0
0
0
0
0
0
0
0
0
0
0
0
0
0
0
0
0
0
0
0
0
0
0
0
0
0
0
0
0
0
0
0
0
0
0
0
0
0
0
0
0
0
0
0
0
0
0
0
0
0
0
0
0
0
0
0
0
0
0
0
0
0
0
0
0
0
0
0
0
0
0
0
0
0
0
0
0
0
0
0
0
0
0
0
0
0
0
0
0
0
0
0
0
0
0
0
0
0
0
0
0
0
0
0
0
0
0
0
0
0
0
0
0
0
0
0
0
0
0
0
0
0
0
0
0
0
0
0
0
0
0
0
0
0
0
0
0
0
0
0
0
0
0
0
0
0
0
0
0
0
0
0
0
0
0
0
0
0
0
0
0
0
0
0
0
0
0
0
0
0
0
0
0
0
0
0
0
0
0
0
0
0
0
0
0
0
0
0
0
0
0
0
0
0
0
0
0
0
0
0
0
0
0
0
0
0
0
0
0
0
0
0
0
0
0
0
0
0
0
0
0
0
0
0
0
0
0
0
0
0
0
0
0
0
0
0
0
0
0
0
0
0
0
0
0
0
0
0
0
0
0
0
0
0
0
0
0
0
0
0
0
0
0
0
0
0
0
0
0
0
0
0
0
0
0
0
0
0
0
0
0
0
0
0
0
0
0
0
0
0
0
0
0
0
0
0
0
0
0
0
0
0
0
0
0
0
0
0
0
0
0
0
0
0
0
0
0
0
0
0
0
0
0
0
0
0
0
0
0
0
0
0
0
0
0
0
0
0
0
0
0
0
0
0
0
0
0
0
0
0
0
0
0
0
0
0
0
0
0
0
0
0
0
0
0
0
0
0
0
0
0
0
0
0
0
0
0
0
0
0
0
0
0
0
0
0
0
0
0
0
0
0
0
0
0
0
0
0
0
0
0
0
0
0
0
0
0
0
0
0
0
0
0
0
0
0
0
0
0
0
0
0
0
0
0
0
0
0
0
0
0
0
0
0
0
0
0
0
0
0
0
0
0
0
0
0
0
0
0
0
0
0
0
0
0
0
0
0
0
0
0
0
0
0
0
0
0
0
0
0
0
0
0
0
0
0
0
0
0
0
0
0
0
0
0
0
0
0
0
0
0
0
0
0
0
0
0
0
0
0
0
0
0
0
0
0
0
0
0
0
0
0
0
0
0
0
0
0
0
0
0
0
0
0
0
0
0
0
0
0
0
0
0
0
0
0
0
0
0
0
0
0
0
0
0
0
0
0
0
0
0
0
0
0
0
0
0
0
0
0
0
0
0
0
0
0
0
0
0
0
0
0
0
0
0
0
0
0
0
0
0
0
0
0
0
0
0
0
0
0
0
0
0
0
0
0
0
0
0
0
0
0
0
0
0
0
0
0
0
0
0
0
0
0
0
0
0
0
0
0
0
0
0
0
0
0
0
0
0
0
0
0
0
0
0
0
0
0
0
0
0
0
0
0
0
0
0
0
0
0
0
0
0
0
0
0
0
0
0
0
0
0
0
0
0
0
0
0
0
0
0
0
0
0
0
0
0
0
0
0
0
0
0
0
0
0
0
0
0
0
0
0
0
0
0
0
0
0
0
0
0
0
0
0
0
0
0
0
0
0
0
0
0
0
0
0
0
0
0
0
2.802596928649634e-45
2.382207389352189e-44
6.58610278232664e-44
1.429324433611313e-43
2.76055797471989e-43
5.184804318001823e-43
9.528829557408756e-43
1.744616588084397e-42
3.183750110945984e-42
5.825197716198265e-42
1.062464495651076e-41
1.935193179232572e-41
3.517259145455291e-41
6.377029051449378e-41
1.153632973740049e-40
2.082805959464549e-40
3.752845443277579e-40
6.748751495080822e-40
1.211231945817656e-39
2.169572959077077e-39
3.878505481767443e-39
6.919855642768739e-39
1.232177714483305e-38
2.189746612288883e-38
3.883825931776791e-38
6.874991671134916e-38
1.214596519482439e-37
2.141609599805967e-37
3.768753880275612e-37
6.619199434184204e-37
1.160283827721815e-36
2.029901494187857e-36
3.544366580414004e-36
6.176692607073771e-36
1.074305839859493e-35
1.864899259184408e-35
3.231016118902949e-35
5.587017316722198e-35
9.642259883502373e-35
1.66087330222671e-34
2.855313201112021e-34
4.899270813927728e-34
8.390160723971157e-34
1.434072618618466e-33
2.44644086331226e-33
4.165449088137226e-33
7.078695472221317e-33
1.200631195488668e-32
2.032505992767745e-32
3.434160313900455e-32
5.791305079460287e-32
9.747657012068053e-32
1.637542859014692e-31
2.745708184806061e-31
4.595006947166582e-31
7.67518065550194e-31
1.2795650034407e-30
2.129158811712199e-30
3.536115711454337e-30
5.861626090262353e-30
9.698032272024079e-30
1.601487936419039e-29
2.639604651065247e-29
4.342399361361315e-29
7.130121867771416e-29
1.168533197408921e-28
1.911448395652902e-28
3.120772307801459e-28
5.085576425892422e-28
8.271749703486626e-28
1.342870831535533e-27
2.175961488301375e-27
3.51924023179913e-27
5.681038046103493e-27
9.153520550712789e-27
1.472077619644584e-26
2.362957653284512e-26
3.785857191059552e-26
6.054188821721266e-26
9.663437620582927e-26
1.539542668262557e-25
2.448141812058671e-25
3.885676876667099e-25
6.155770563746092e-25
9.733837539917113e-25
1.536286299749611e-24
2.420176150626714e-24
3.805474867547476e-24
5.972527444578888e-24
9.356108061531041e-24
1.462919513993934e-23
2.283147579844887e-23
3.556610314536416e-23
5.530031065924541e-23
8.582386974803031e-23
1.329468924399654e-22
2.055597338518084e-22
3.172400217596209e-22
4.886840584372917e-22
7.513786273824296e-22
1.153135111312865e-21
1.76641390584823e-21
2.700821238426104e-21
4.121833722209634e-21
6.278797642321152e-21
9.546718439466804e-21
1.448850140621816e-20
2.194747817970578e-20
3.318468641156031e-20
5.00821380943375e-20
7.544320810070349e-20
1.134356588717038e-19
1.702437996283403e-19
2.550265036925754e-19
3.813218613338495e-19
5.69102432785591e-19
8.477768411189269e-19
1.26056431691217e-18
1.870858172853794e-18
2.771462438504325e-18
4.09797600449897e-18
6.048141979737663e-18
8.909774963226087e-18
1.310097091403733e-17
1.922791425482986e-17
2.816778287592124e-17
4.118744359010583e-17
6.011301505924144e-17
8.757165268729851e-17
1.27335587926372e-16
1.848106247505084e-16
2.67728665190702e-16
3.871269323614806e-16
5.587301958819263e-16
8.048981932656416e-16
1.157362525722226e-15
1.661068031982415e-15
2.379548482897825e-15
3.402440293078695e-15
4.85595772441302e-15
6.917472017154693e-15
9.835754206813461e-15
1.395902927888446e-14
1.977377578354662e-14
2.795828245836813e-14
3.945639049317794e-14
5.55788732094567e-14
7.814247567159566e-14
1.096602192732221e-13
1.536013341258552e-13
2.147456339271145e-13
2.996653489586998e-13
4.17379265914633e-13
5.802388734418851e-13
8.051259312025216e-13
1.115067348352039e-12
1.541409361260904e-12
2.126737371280218e-12
2.928787637759833e-12
4.025680830355149e-12
5.52290418259771e-12
7.562606790800785e-12
1.033595431465528e-11
1.409950108055558e-11
1.919686458407011e-11
2.608730419184635e-11
3.538340107023252e-11
4.790054464187676e-11
6.472184593819819e-11
8.728303496630119e-11
1.174833286210486e-10
1.57829832536649e-10
2.11625175716712e-10
2.832107326433686e-10
3.782815727326749e-10
5.042924966502937e-10
6.709813815675147e-10
8.910412407914237e-10
1.180981978876616e-09
1.562232010421383e-09
2.06254413548379e-09
2.717785108075077e-09
3.574206264289614e-09
4.691321997540854e-09
6.145548514524535e-09
8.034784393373684e-09
1.048418152294062e-08
1.365336821379515e-08
1.774550817401632e-08
2.301859680642337e-08
2.97995175202459e-08
3.850151841788829e-08
4.964584476851996e-08
6.388847850757884e-08
8.20530843270717e-08
1.051714733080189e-07
1.345332947266797e-07
1.717466773243359e-07
2.188122323332209e-07
2.782129797651578e-07
3.530234096160711e-07
4.470413728085987e-07
5.649471859214827e-07
7.124943408598483e-07
8.967390954239818e-07
1.126313918575761e-06
1.411753942193172e-06
1.765884007909335e-06
2.204277961936896e-06
2.745799292824813e-06
3.413239483052166e-06
4.234064363117795e-06
5.241287908575032e-06
6.474489055108279e-06
7.980992450029589e-06
9.817233149078675e-06
1.205033004225697e-05
1.475989483878948e-05
1.804008934414014e-05
2.200198650825769e-05
2.677622615010478e-05
3.25160326610785e-05
3.940060196327977e-05
4.763887045555748e-05
5.74737750866916e-05
6.9186877226457e-05
8.31035285955295e-05
9.959850285667926e-05
0.0001191021656268276
0.0001421070919604972
0.000169175211340189
0.0002009454183280468
0.0002381415833951905
0.0002815811021719128
0.0003321835247334093
0.0003909796068910509
0.0004591203469317406
0.0005378859932534397
0.0006286948337219656
0.0007331118686124682
0.0008528559701517224
0.0009898070711642504
0.001146011869423091
0.001323687611147761
0.00152522383723408
0.001753183081746101
0.002010297030210495
0.002299460582435131
0.002623722422868013
0.002986271400004625
0.003390418132767081
0.003839571960270405
0.004337213467806578
0.004886858630925417
0.005492024589329958
0.006156180053949356
0.006882695015519857
0.007674788124859333
0.008535461500287056
0.009467433206737041
0.01047307346016169
0.01155432406812906
0.01271262764930725
0.01394884660840034
0.01526318769901991
0.01665513217449188
0.01812336780130863
0.01966571621596813
0.02127908915281296
0.02295943908393383
0.02470173873007298
0.02649995498359203
0.02834706008434296
0.03023505583405495
0.03215501457452774
0.03409714251756668
0.03605088964104652
0.0380050428211689
0.03994788601994514
0.04186734557151794
0.04375118017196655
0.04558718949556351
0.04736341908574104
0.04906840622425079
0.0506913959980011
0.052222590893507
0.05365337058901787
0.05497651547193527
0.05618642270565033
0.05727925524115562
0.05825310572981834
0.05910808965563774
0.059846431016922
0.06047243997454643
0.0609925165772438
0.06141502782702446
0.06175017729401588
0.06200980022549629
0.06220711022615433
0.06235640496015549
0.06247274205088615
0.06257155537605286
0.06266827881336212
0.06277791410684586
0.0629146620631218
0.06309150159358978
0.0633198544383049
0.06360926479101181
0.06396711617708206
0.0643983781337738
0.0649055540561676
0.06548852473497391
0.06614463776350021
0.06686875969171524
0.06765349954366684
0.0684894472360611
0.06936551630496979
0.07026933878660202
0.07118774205446243
0.07210716605186462
0.07301418483257294
0.07389599829912186
0.07474087923765182
0.07553863525390625
0.07628091424703598
0.07696154713630676
0.07757672667503357
0.07812514156103134
0.0786079540848732
0.07902873307466507
0.07939324527978897
0.07970922440290451
0.07998593896627426
0.08023381978273392
0.08046399056911469
0.08068773150444031
0.08091605454683304
0.08115915209054947
0.08142603933811188
0.0817241445183754
0.08205901086330414
0.08243412524461746
0.08285079896450043
0.08330818265676498
0.08380337059497833
0.08433160930871964
0.0848865807056427
0.08546078950166702
0.08604593575000763
0.08663338422775269
0.08721461147069931
0.08778161555528641
0.08832735568284988
0.08884604275226593
0.08933341503143311
0.08978687971830368
0.09020563960075378
0.09059063345193863
0.09094443172216415
0.09127101302146912
0.09157552570104599
0.09186393767595291
0.09214265644550323
0.09241817146539688
0.09269672632217407
0.09298387914896011
0.09328425675630569
0.09360137581825256
0.09393742680549622
0.09429323673248291
0.09466828405857086
0.09506078064441681
0.09546783566474915
0.09588572382926941
0.09631011635065079
0.09673639386892319
0.09715995192527771
0.09757646173238754
0.09798216819763184
0.09837410598993301
0.09875018149614334
0.09910935908555984
0.09945157915353775
0.09977781027555466
0.1000898331403732
0.1003901585936546
0.1006817743182182
0.1009679585695267
0.101252019405365
0.1015370860695839
0.1018258854746819
0.1021206080913544
0.1024227812886238
0.1027331650257111
0.1030518114566803
0.1033780574798584
0.1037106364965439
0.1040478125214577
0.104387491941452
0.1047274395823479
0.1050653830170631
0.1053992882370949
0.1057274267077446
0.1060484796762466
0.1063616126775742
0.1066665276885033
0.1069634482264519
0.1072530597448349
0.1075364574790001
0.1078149899840355
0.1080901846289635
0.1083635836839676
0.1086366698145866
0.1089107170701027
0.1091867536306381
0.1094654351472855
0.1097470670938492
0.1100315824151039
0.110318586230278
0.110607422888279
0.1108972206711769
0.1111869961023331
0.1114757210016251
0.1117624416947365
0.1120463162660599
0.1123267039656639
0.1126031950116158
0.1128756329417229
0.1131440922617912
0.1134088784456253
0.1136704757809639
0.1139294877648354
0.1141866073012352
0.1144425049424171
0.1146978214383125
0.1149530932307243
0.1152087226510048
0.1154649332165718
0.1157217770814896
0.1159791797399521
0.1162369027733803
0.1164946183562279
0.1167519018054008
0.1170083284378052
0.117263488471508
0.1175170093774796
0.1177686154842377
0.1180180981755257
0.1182653903961182
0.1185105293989182
0.1187536492943764
0.1189949363470078
0.119234673678875
0.1194731444120407
0.1197106391191483
0.1199473962187767
0.1201836168766022
0.120419479906559
0.1206550076603889
0.1208902150392532
0.1211250349879265
0.1213593259453773
0.1215929239988327
0.1218256056308746
0.1220571920275688
0.1222874820232391
0.1225163266062737
0.122743584215641
0.1229691505432129
0.1231929659843445
0.1234149783849716
0.1236351653933525
0.123853512108326
0.1240700110793114
0.1242846101522446
0.1244972199201584
0.1247076988220215
0.1249158456921577
0.1251213550567627
0.1253238767385483
0.1255229562520981
0.1257180422544479
0.1259085834026337
0.1260938793420792
0.1262731850147247
0.1264456212520599
0.1266102343797684
0.1267659813165665
0.1269117444753647
0.1270462423563004
0.1271680891513824
0.1272758096456528
0.1273677349090576
0.1274420320987701
0.1274967193603516
0.1275296360254288
0.1275384575128555
0.1275206506252289
0.1274735033512115
0.1273941397666931
0.1272795796394348
0.1271266639232635
0.1269321292638779
0.1266926229000092
0.1264047920703888
0.1260652840137482
0.1256707310676575
0.1252178996801376
0.1247037053108215
0.1241252720355988
0.1234800145030022
0.1227656677365303
0.1219803765416145
0.1211227774620056
0.1201920881867409
0.1191881448030472
0.1181114763021469
0.1169634237885475
0.1157461404800415
0.114462673664093
0.1131170019507408
0.1117140725255013
0.1102598160505295
0.1087610870599747
0.107225701212883
0.1056623384356499
0.1040804833173752
0.1024903655052185
0.1009027436375618
0.09932885318994522
0.09778018295764923
0.09626825898885727
0.09480453282594681
0.09340007603168488
0.09206538647413254
0.0908101499080658
0.08964299410581589
0.08857129514217377
0.0876009538769722
0.08673618733882904
0.0859793946146965
0.08533106744289398
0.08478966355323792
0.08435159921646118
0.0840112715959549
0.08376111835241318
0.08359174430370331
0.08349216729402542
0.08344998955726624
0.08345173299312592
0.08348316699266434
0.08352965861558914
0.08357658237218857
0.08360973000526428
0.08361569792032242
0.08358225971460342
0.08349880576133728
0.08335656672716141
0.08314893394708633
0.08287167549133301
0.08252301812171936
0.08210368454456329
0.0816168338060379
0.08106796443462372
0.08046465367078781
0.07981625199317932
0.07913350313901901
0.07842813432216644
0.07771234959363937
0.07699835300445557
0.07629780471324921
0.07562139630317688
0.07497833669185638
0.07437603175640106
0.07381970435380936
0.0733121857047081
0.07285381108522415
0.07244236022233963
0.07207318395376205
0.07173934578895569
0.07143193483352661
0.07114042341709137
0.07085312157869339
0.07055764645338058
0.07024141401052475
0.06989213824272156
0.06949833035469055
0.06904971599578857
0.06853757798671722
0.06795502454042435
0.06729719042778015
0.06656128168106079
0.06574652343988419
0.06485405564308167
0.06388665735721588
0.06284844130277634
0.06174447387456894
0.06058038026094437
0.05936193093657494
0.05809464305639267
0.05678340420126915
0.05543219670653343
0.05404388904571533
0.05262008309364319
0.05116110667586327
0.04966610297560692
0.04813316464424133
0.0465596430003643
0.04494243115186691
0.04327835142612457
0.04156455025076866
0.03979890048503876
0.03798035159707069
0.03610926121473312
0.03418762609362602
0.03221925720572472
0.03020983375608921
0.0281668845564127
0.02609965018928051
0.02401886135339737
0.0219364408403635
0.01986515335738659
0.01781819574534893
0.01580879837274551
0.01384981628507376
0.01195334084331989
0.01013036817312241
0.008390522561967373
0.006741845980286598
0.005190656054764986
0.003741485066711903
0.002397081814706326
0.00115847762208432
2.509787009330466e-05
-0.001005093683488667
-0.001935426495037973
-0.002770355902612209
-0.003515297546982765
-0.004176480229943991
-0.004760821349918842
-0.005275825504213572
-0.005729509517550468
-0.006130343768745661
-0.006487209815531969
-0.006809356156736612
-0.007106354925781488
-0.007388035301119089
-0.007664395961910486
-0.007945488207042217
-0.008241263218224049
-0.008561386726796627
-0.00891501922160387
-0.009310584515333176
-0.009755514562129974
-0.01025601010769606
-0.01081680133938789
-0.0114409551024437
-0.01212972030043602
-0.01288242544978857
-0.01369645167142153
-0.01456726901233196
-0.01548855658620596
-0.01645238138735294
-0.01744945719838142
-0.01846943795681
-0.01950128749012947
-0.02053364366292953
-0.02155519835650921
-0.02255509234964848
-0.02352327294647694
-0.02445080131292343
-0.02533015049993992
-0.02615541778504848
-0.02692246995866299
-0.02762903459370136
-0.02827472612261772
-0.02886099554598331
-0.02939102053642273
-0.02986955270171165
-0.03030271269381046
-0.03069773688912392
-0.03106272034347057
-0.03140631690621376
-0.03173744678497314
-0.03206497803330421
-0.03239746764302254
-0.03274286538362503
-0.03310826793313026
-0.03349971771240234
-0.0339219942688942
-0.03437849506735802
-0.03487114235758781
-0.03540034592151642
-0.03596501424908638
-0.03656264394521713
-0.03718940541148186
-0.037840336561203
-0.0385095477104187
-0.03919047489762306
-0.03987614437937737
-0.04055946320295334
-0.04123352468013763
-0.04189187288284302
-0.04252878203988075
-0.04313947632908821
-0.04372031986713409
-0.04426893964409828
-0.04478432610630989
-0.04526681080460548
-0.04571804031729698
-0.04614085331559181
-0.04653914272785187
-0.0469176210463047
-0.04728158563375473
-0.04763667657971382
-0.04798857122659683
-0.0483427383005619
-0.04870418459177017
-0.04907723516225815
-0.0494653582572937
-0.04987101629376411
-0.05029560253024101
-0.05073940753936768
-0.05120164155960083
-0.0516805462539196
-0.05217349156737328
-0.05267715454101562
-0.05318772047758102
-0.05370107665657997
-0.05421305447816849
-0.05471961200237274
-0.05521707981824875
-0.05570229515433311
-0.05617276951670647
-0.05662675946950912
-0.05706335976719856
-0.05748250707983971
-0.05788493156433105
-0.05827208608388901
-0.05864607915282249
-0.05900948494672775
-0.05936521291732788
-0.05971632897853851
-0.06006589531898499
-0.06041679158806801
-0.06077156215906143
-0.06113230809569359
-0.06150056421756744
-0.06187726557254791
-0.06226271763443947
-0.06265659630298615
-0.06305801123380661
-0.06346556544303894
-0.06387749314308167
-0.06429172307252884
-0.06470607221126556
-0.06511836498975754
-0.06552655249834061
-0.06592881679534912
-0.06632370501756668
-0.06671018898487091
-0.06708766520023346
-0.06745601445436478
-0.06781558692455292
-0.06816712766885757
-0.06851173937320709
-0.06885077804327011
-0.06918575614690781
-0.06951827555894852
-0.06984985619783401
-0.07018189132213593
-0.07051556557416916
-0.07085176557302475
-0.07119107246398926
-0.07153370231389999
-0.0718795508146286
-0.07222817093133926
-0.07257886230945587
-0.07293069362640381
-0.07328259199857712
-0.07363341003656387
-0.07398201525211334
-0.07432732731103897
-0.07466839253902435
-0.0750044584274292
-0.07533495128154755
-0.07565953582525253
-0.07597807794809341
-0.07629064470529556
-0.07659745961427689
-0.07689885795116425
-0.07719523459672928
-0.07748697698116302
-0.07777442783117294
-0.07805778831243515
-0.07833711057901382
-0.07861222326755524
-0.07888273149728775
-0.07914800196886063
-0.07940712571144104
-0.07965896278619766
-0.07990217208862305
-0.08013518154621124
-0.08035626262426376
-0.08056355267763138
-0.0807550847530365
-0.08092883974313736
-0.08108274638652802
-0.08121471107006073
-0.08132263273000717
-0.08140437304973602
-0.08145782351493835
-0.08148083090782166
-0.08147122710943222
-0.08142678439617157
-0.08134520798921585
-0.08122416585683823
-0.0810612365603447
-0.08085391670465469
-0.08059967309236526
-0.08029593527317047
-0.07994011789560318
-0.07952969521284103
-0.07906224578619003
-0.07853551954030991
-0.07794748246669769
-0.07729639858007431
-0.07658090442419052
-0.0758000910282135
-0.07495356351137161
-0.07404151558876038
-0.07306477427482605
-0.07202485948801041
-0.07092399895191193
-0.06976520270109177
-0.06855221837759018
-0.06728959828615189
-0.0659826397895813
-0.06463739275932312
-0.06326059997081757
-0.06185968220233917
-0.06044262275099754
-0.05901794508099556
-0.05759459733963013
-0.05618184059858322
-0.05478916689753532
-0.05342614650726318
-0.05210230126976967
-0.05082694068551064
-0.04960903152823448
-0.04845699667930603
-0.04737859219312668
-0.04638072848320007
-0.04546929523348808
-0.04464904591441154
-0.04392343387007713
-0.0432945117354393
-0.04276284947991371
-0.04232744127511978
-0.04198569059371948
-0.04173340648412704
-0.04156485199928284
-0.04147281497716904
-0.04144872725009918
-0.0414828285574913
-0.04156434535980225
-0.04168172180652618
-0.0418228842318058
-0.04197550565004349
-0.04212729632854462
-0.04226632043719292
-0.04238127171993256
-0.04246176406741142
-0.04249861463904381
-0.04248405620455742
-0.04241198673844337
-0.04227809607982635
-0.04207998886704445
-0.04181726276874542
-0.04149147868156433
-0.04110613837838173
-0.04066655412316322
-0.04017966240644455
-0.03965381160378456
-0.03909848630428314
-0.03852400556206703
-0.03794116154313087
-0.03736089542508125
-0.03679390251636505
-0.03625030070543289
-0.03573927283287048
-0.03526876121759415
-0.03484523296356201
-0.03447343409061432
-0.03415627405047417
-0.03389472141861916
-0.03368781879544258
-0.03353272750973701
-0.03342487290501595
-0.03335814923048019
-0.0333251841366291
-0.03331763297319412
-0.03332652896642685
-0.03334265202283859
-0.03335690870881081
-0.03336067497730255
-0.03334616497159004
-0.03330671042203903
-0.03323701396584511
-0.03313335403800011
-0.03299367800354958
-0.03281765803694725
-0.03260666131973267
-0.0323636382818222
-0.03209293633699417
-0.03180007264018059
-0.03149144351482391
-0.03117400407791138
-0.03085492551326752
-0.03054125234484673
-0.03023957274854183
-0.02995572797954082
-0.02969453856348991
-0.02945961430668831
-0.02925321459770203
-0.02907618880271912
-0.02892796695232391
-0.02880665846168995
-0.02870916947722435
-0.02863141894340515
-0.02856858819723129
-0.02851538360118866
-0.02846633642911911
-0.0284160953015089
-0.02835970930755138
-0.02829286269843578
-0.02821209281682968
-0.02811492420732975
-0.02799998223781586
-0.02786701172590256
-0.02771683409810066
-0.02755127102136612
-0.02737298235297203
-0.02718528918921947
-0.026991942897439
-0.02679689601063728
-0.0266040600836277
-0.0264170840382576
-0.02623914740979671
-0.02607279270887375
-0.02591980621218681
-0.02578114718198776
-0.0256569292396307
-0.02554644644260406
-0.02544826455414295
-0.02536034397780895
-0.0252801850438118
-0.02520501799881458
-0.02513197995722294
-0.02505830489099026
-0.02498149313032627
-0.02489944733679295
-0.02481059543788433
-0.02471396140754223
-0.02460918948054314
-0.0244965385645628
-0.02437682822346687
-0.02425134927034378
-0.02412175759673119
-0.02398994192481041
-0.02385788410902023
-0.02372750639915466
-0.02360056526958942
-0.02347851917147636
-0.02336246147751808
-0.023253059014678
-0.02315052971243858
-0.02305465005338192
-0.02296480536460876
-0.02288004755973816
-0.02279918827116489
-0.02272089011967182
-0.02264377661049366
-0.02256653271615505
-0.02248799614608288
-0.02240722812712193
-0.02232356369495392
-0.02223665080964565
-0.02214644849300385
-0.02205321751534939
-0.02195747755467892
-0.02185994386672974
-0.02176147513091564
-0.02166298404335976
-0.02156536467373371
-0.02146944217383862
-0.02137588895857334
-0.02128520235419273
-0.02119767107069492
-0.02111336775124073
-0.02103214524686337
-0.02095368131995201
-0.02087750472128391
-0.02080304361879826
-0.02072968333959579
-0.02065680734813213
-0.0205838531255722
-0.02051035314798355
-0.02043596282601357
-0.02036048471927643
-0.02028386294841766
-0.02020618319511414
-0.02012766152620316
-0.0200486034154892
-0.01996937952935696
-0.01989039033651352
-0.01981202512979507
-0.01973463781177998
-0.01965850777924061
-0.01958383060991764
-0.01951070874929428
-0.01943914219737053
-0.01936903409659863
-0.01930021867156029
-0.01923246867954731
-0.01916552521288395
-0.01909912005066872
-0.01903300173580647
-0.01896694861352444
-0.01890079490840435
-0.01883443631231785
-0.0187678299844265
-0.01870100013911724
-0.01863402687013149
-0.0185670331120491
-0.01850017160177231
-0.01843360438942909
-0.01836749725043774
-0.01830199174582958
-0.01823720335960388
-0.0181732065975666
-0.01811003312468529
-0.01804767176508904
-0.01798607409000397
-0.01792516000568867
-0.01786483451724052
-0.01780498400330544
-0.01774550043046474
-0.0176862794905901
-0.01762724481523037
-0.01756833866238594
-0.01750953122973442
-0.01745082065463066
-0.017392223700881
-0.01733378879725933
-0.01727557182312012
-0.01721763797104359
-0.01716004870831966
-0.01710286363959312
-0.01704613119363785
-0.01698987931013107
-0.01693412289023399
-0.01687885448336601
-0.01682405360043049
-0.01676969043910503
-0.01671572029590607
-0.01666209846735001
-0.01660878397524357
-0.01655573211610317
-0.01650291495025158
-0.016450310125947
-0.01639790832996368
-0.01634570583701134
-0.01629371754825115
-0.01624195650219917
-0.01619044691324234
-0.01613920927047729
-0.01608826778829098
-0.01603764668107033
-0.01598735712468624
-0.01593740843236446
-0.0158877968788147
-0.01583851873874664
-0.01578956097364426
-0.01574091240763664
-0.01569254882633686
-0.01564445905387402
-0.01559661887586117
-0.01554901897907257
-0.01550164725631475
-0.01545449625700712
-0.0154075650498271
-0.01536085363477468
-0.01531436946243048
-0.01526812184602022
-0.01522211264818907
-0.01517635304480791
-0.0151308486238122
-0.01508560311049223
-0.01504061836749315
-0.01499589439481497
-0.01495142746716738
-0.01490721292793751
-0.01486324425786734
-0.01481951307505369
-0.0147760109975934
-0.01473273243755102
-0.01468966994434595
-0.01464682072401047
-0.01460417825728655
-0.01456174161285162
-0.01451951079070568
-0.01447748765349388
-0.01443567499518394
-0.01439407467842102
-0.01435268949717283
-0.01431152038276196
-0.01427056826651096
-0.01422983221709728
-0.01418931130319834
-0.01414900179952383
-0.01410890091210604
-0.01406900398433208
-0.01402930729091167
-0.01398980710655451
-0.01395049970597029
-0.01391138322651386
-0.01387245580554008
-0.01383371651172638
-0.01379516534507275
-0.01375680230557919
-0.01371862553060055
-0.01368063781410456
-0.01364283543080091
-0.0136052193120122
-0.01356778759509325
-0.0135305393487215
-0.01349347271025181
-0.01345658674836159
-0.01341987866908312
-0.0133833484724164
-0.01334699429571629
-0.01331081334501505
-0.01327480562031269
-0.01323896832764149
-0.01320330053567886
-0.01316780038177967
-0.01313246786594391
-0.01309730298817158
-0.01306230202317238
-0.01302746497094631
-0.0129927909001708
-0.01295827981084585
-0.01292393077164888
-0.01288974471390247
-0.0128557188436389
-0.01282185316085815
-0.01278814394026995
-0.01275459118187428
-0.01272119395434856
-0.01268794946372509
-0.01265485771000385
-0.01262191589921713
-0.01258912403136492
-0.01255648024380207
-0.01252398639917374
-0.01249163970351219
-0.01245943922549486
-0.01242738496512175
-0.0123954750597477
-0.01236370857805014
-0.01233208458870649
-0.01230060402303934
-0.01226926501840353
-0.01223806384950876
-0.01220700144767761
-0.01217607781291008
-0.01214529108256102
-0.012114642187953
-0.01208412833511829
-0.01205375045537949
-0.01202350575476885
-0.01199339330196381
-0.01196341216564178
-0.01193356420844793
-0.0119038475677371
-0.01187426038086414
-0.01184480357915163
-0.01181547436863184
-0.0117862718179822
-0.01175719685852528
-0.01172824762761593
-0.01169942133128643
-0.01167072076350451
-0.01164214126765728
-0.01161368377506733
-0.01158534735441208
-0.01155713107436895
-0.01152903586626053
-0.01150105986744165
-0.01147320400923491
-0.01144546642899513
-0.01141784619539976
-0.01139034237712622
-0.0113629549741745
-0.01133568305522203
-0.01130852475762367
-0.01128147821873426
-0.01125454436987638
-0.01122772134840488
-0.01120101008564234
-0.01117441058158875
-0.01114792004227638
-0.01112153939902782
-0.0110952677205205
-0.0110691050067544
-0.01104304660111666
-0.01101709716022015
-0.01099125482141972
-0.01096551865339279
-0.0109398877248168
-0.01091435924172401
-0.01088893599808216
-0.01086361426860094
-0.0108383959159255
-0.01081328187137842
-0.0107882684096694
-0.01076335646212101
-0.01073854509741068
-0.01071383431553841
-0.01068922411650419
-0.01066471077501774
-0.01064029522240162
-0.01061597652733326
-0.01059175375849009
-0.01056762784719467
-0.01054359506815672
-0.0105196600779891
-0.01049581915140152
-0.01047207321971655
-0.01044842321425676
-0.01042486634105444
-0.01040140353143215
-0.01037803199142218
-0.01035475172102451
-0.01033156178891659
-0.01030846033245325
-0.0102854473516345
-0.01026252191513777
-0.01023968309164047
-0.01021693181246519
-0.0101942652836442
-0.0101716872304678
-0.01014919392764568
-0.01012678723782301
-0.01010446809232235
-0.01008223462849855
-0.01006008591502905
-0.01003802381455898
-0.01001604646444321
-0.009994152933359146
-0.009972344152629375
-0.00995061919093132
-0.009928976185619831
-0.009907416068017483
-0.009885936975479126
-0.009864537976682186
-0.009843222796916962
-0.009821985848248005
-0.009800828993320465
-0.009779752232134342
-0.009758753702044487
-0.009737835265696049
-0.009716993197798729
-0.009696227498352528
-0.009675538167357445
-0.00965492520481348
-0.009634385816752911
-0.009613923728466034
-0.009593535214662552
-0.009573221206665039
-0.009552981704473495
-0.009532815776765347
-0.009512723423540592
-0.009492704644799232
-0.009472761303186417
-0.009452888742089272
-0.009433089755475521
-0.009413363412022591
-0.009393706917762756
-0.009374122135341167
-0.009354609996080399
-0.009335165843367577
-0.009315791539847851
-0.009296485222876072
-0.009277247823774815
-0.009258080273866653
-0.009238980710506439
-0.009219947271049023
-0.009200982749462128
-0.00918208621442318
-0.009163256734609604
-0.009144492447376251
-0.009125796146690845
-0.009107166901230812
-0.009088603779673576
-0.009070106782019138
-0.009051674976944923
-0.009033307433128357
-0.009015005081892014
-0.008996768854558468
-0.008978595957159996
-0.008960486389696598
-0.008942439220845699
-0.008924455381929874
-0.008906533941626549
-0.008888674899935722
-0.008870877325534821
-0.008853142149746418
-0.00883546844124794
-0.008817856200039387
-0.008800302632153034
-0.008782810531556606
-0.008765377104282379
-0.008748003281652927
-0.008730688132345676
-0.008713432587683201
-0.008696236647665501
-0.008679098449647427
-0.008662019856274128
-0.008644999004900455
-0.008628035895526409
-0.008611130528151989
-0.008594281040132046
-0.008577488362789154
-0.008560753427445889
-0.008544072508811951
-0.008527449332177639
-0.008510880172252655
-0.008494366891682148
-0.008477908559143543
-0.008461506105959415
-0.008445159532129765
-0.008428866975009441
-0.008412630297243595
-0.008396447636187077
-0.008380317129194736
-0.008364239707589149
-0.008348215371370316
-0.008332244120538235
-0.008316325023770332
-0.008300459943711758
-0.008284646086394787
-0.008268886245787144
-0.00825317669659853
-0.00823751837015152
-0.008221911266446114
-0.008206355385482311
-0.008190850727260113
-0.008175396360456944
-0.008159992285072803
-0.008144638501107693
-0.008129333145916462
-0.008114076219499111
-0.00809886772185564
-0.008083708584308624
-0.008068597875535488
-0.008053534664213657
-0.008038520812988281
-0.008023554459214211
-0.00800863653421402
-0.007993767037987709
-0.007978945970535278
-0.007964174263179302
-0.007949450053274632
-0.007934772409498692
-0.007920141331851482
-0.007905555889010429
-0.007891017943620682
-0.007876524701714516
-0.007862078957259655
-0.00784767884761095
-0.007833324372768402
-0.007819013670086861
-0.007804747205227613
-0.007790525443851948
-0.007776348385959864
-0.007762214168906212
-0.007748122792690992
-0.007734075654298067
-0.007720073219388723
-0.007706113625317812
-0.007692196872085333
-0.007678323425352573
-0.007664493285119534
-0.007650705985724926
-0.007636960130184889
-0.007623257115483284
-0.007609596941620111
-0.007595979142934084
-0.007582403253763914
-0.007568869739770889
-0.007555378600955009
-0.007541930302977562
-0.007528522983193398
-0.007515156641602516
-0.007501831278204918
-0.007488546427339315
-0.007475303020328283
-0.007462098728865385
-0.007448934484273195
-0.007435810286551714
-0.007422725670039654
-0.007409681100398302
-0.007396675180643797
-0.007383707910776138
-0.007370780687779188
-0.007357892114669085
-0.00734504172578454
-0.00733222858980298
-0.007319454569369555
-0.007306718733161688
-0.00729402108117938
-0.007281361613422632
-0.007268739864230156
-0.007256154902279377
-0.007243607193231583
-0.007231098134070635
-0.007218625396490097
-0.007206188980489969
-0.007193789351731539
-0.007181426510214806
-0.00716910045593977
-0.007156810723245144
-0.007144556846469641
-0.007132339291274548
-0.00712015712633729
-0.007108011748641729
-0.007095901295542717
-0.007083826698362827
-0.007071787491440773
-0.007059783674776554
-0.007047815714031458
-0.00703588267788291
-0.00702398456633091
-0.007012120448052883
-0.00700029032304883
-0.006988493725657463
-0.006976729724556208
-0.006964998319745064
-0.006953299976885319
-0.00694163516163826
-0.006930004805326462
-0.00691840797662735
-0.006906844675540924
-0.006895314902067184
-0.006883818190544844
-0.006872354075312614
-0.006860923022031784
-0.006849524099379778
-0.006838157773017883
-0.0068268240429461
-0.006815522909164429
-0.006804254371672869
-0.006793017964810133
-0.006781812757253647
-0.00677063874900341
-0.006759496405720711
-0.006748385727405548
-0.00673730717971921
-0.006726258434355259
-0.006715240888297558
-0.006704253144562244
-0.006693295668810606
-0.006682368461042643
-0.006671471521258354
-0.006660605315119028
-0.006649769376963377
-0.006638963706791401
-0.006628188770264387
-0.006617445033043623
-0.006606731098145247
-0.006596047896891832
-0.006585394497960806
-0.006574770901352167
-0.006564178038388491
-0.00655361358076334
-0.006543077994138002
-0.006532570347189903
-0.006522090639919043
-0.006511639803647995
-0.006501217372715473
-0.006490823347121477
-0.006480456329882145
-0.006470117252320051
-0.006459807045757771
-0.006449524313211441
-0.006439269986003637
-0.006429044529795647
-0.00641884608194232
-0.006408675573766232
-0.006398533005267382
-0.00638841837644577
-0.006378331687301397
-0.006368272006511688
-0.006358238868415356
-0.006348233204334974
-0.006338254548609257
-0.006328302435576916
-0.006318376865237951
-0.006308478303253651
-0.006298606283962727
-0.006288759876042604
-0.006278940010815859
-0.006269146222621202
-0.006259378511458635
-0.00624963641166687
-0.006239920388907194
-0.006230230443179607
-0.006220566108822823
-0.00621092738583684
-0.006201314739882946
-0.006191728170961142
-0.006182167213410139
-0.006172632332891226
-0.006163122598081827
-0.006153637077659369
-0.006144177168607712
-0.006134742870926857
-0.006125332787632942
-0.00611594645306468
-0.006106583867222071
-0.006097245495766401
-0.006087931338697672
-0.006078640930354595
-0.006069375667721033
-0.006060133222490549
-0.00605091406032443
-0.006041719112545252
-0.006032548379153013
-0.006023401394486427
-0.006014278624206781
-0.006005180533975363
-0.005996106192469597
-0.005987055134028196
-0.005978026892989874
-0.00596902146935463
-0.005960039328783751
-0.00595108000561595
-0.005942143499851227
-0.005933229345828295
-0.005924338009208441
-0.00591547042131424
-0.005906625185161829
-0.005897802766412497
-0.00588900363072753
-0.005880226846784353
-0.005871472414582968
-0.005862738937139511
-0.005854026414453983
-0.005845334380865097
-0.00583666330203414
-0.005828013643622398
-0.005819384008646011
-0.005810774862766266
-0.005802187602967024
-0.005793621763586998
-0.00578507874161005
-0.005776557140052319
-0.005768056958913803
-0.005759578198194504
-0.005751120392233133
-0.005742683075368404
-0.00573426578193903
-0.005725868977606297
-0.005717492662370205
-0.005709135439246893
-0.005700798239558935
-0.005692479200661182
-0.005684179719537497
-0.005675899796187878
-0.005667639430612326
-0.005659398622810841
-0.005651177372783422
-0.005642975680530071
-0.0056347930803895
-0.00562662910670042
-0.005618483293801546
-0.00561035517603159
-0.005602244287729263
-0.00559415016323328
-0.005586073733866215
-0.005578016862273216
-0.00556997861713171
-0.005561958532780409
-0.005553957540541887
-0.005545976106077433
-0.005538015626370907
-0.00553007610142231
-0.005522158462554216
-0.005514263175427914
-0.005506391171365976
-0.005498543381690979
-0.005490720272064209
-0.005482922773808241
-0.005475152283906937
-0.005467410665005445
-0.005459698382765055
-0.005452017299830914
-0.005444367881864309
-0.005436752922832966
-0.00542917288839817
-0.005421631038188934
-0.005414129234850407
-0.005406670738011599
-0.005399258341640234
-0.005391893908381462
-0.005384580232203007
-0.005377321038395166
-0.005370119586586952
-0.005362978670746088
-0.00535590248182416
-0.005348894745111465
-0.005341958720237017
-0.005335097201168537
-0.005328312981873751
-0.005321609787642956
-0.005314991343766451
-0.00530846044421196
-0.005302021279931068
-0.005295675713568926
-0.005289427004754543
-0.005283278413116932
-0.005277230869978666
-0.005271285772323608
-0.00526544451713562
-0.005259708501398563
-0.005254076793789864
-0.005248548928648233
-0.005243123974651098
-0.005237800069153309
-0.005232574418187141
-0.005227443762123585
-0.005222403444349766
-0.005217448808252811
-0.005212572868913412
-0.00520777003839612
-0.005203032866120338
-0.005198352504521608
-0.005193719640374184
-0.005189125426113605
-0.005184558220207691
-0.005180006381124258
-0.005175458732992411
-0.005170903168618679
-0.005166327115148306
-0.005161717534065247
-0.005157061386853456
-0.005152346566319466
-0.005147560033947229
-0.005142689682543278
-0.005137723404914141
-0.005132649093866348
-0.00512745650485158
-0.005122134927660227
-0.00511667737737298
-0.005111075937747955
-0.005105325020849705
-0.005099420435726643
-0.005093359388411045
-0.005087140947580338
-0.00508076511323452
-0.005074234679341316
-0.005067553836852312
-0.005060727708041668
-0.005053766071796417
-0.005046678707003593
-0.005039476789534092
-0.005032173357903957
-0.005024782847613096
-0.005017322488129139
-0.005009807646274567
-0.005002256482839584
-0.004994687624275684
-0.004987120628356934
-0.004979571793228388
-0.004972061607986689
-0.004964607302099466
-0.004957225639373064
-0.004949933849275112
-0.004942745435982943
-0.004935673903673887
-0.004928729962557554
-0.00492192106321454
-0.004915254656225443
-0.004908734932541847
-0.004902361892163754
-0.004896135535091162
-0.004890052601695061
-0.004884105175733566
-0.004878284875303507
-0.004872581455856562
-0.004866982344537973
-0.004861471708863974
-0.004856034182012081
-0.004850652534514666
-0.004845308139920235
-0.004839982371777296
-0.00483465613797307
-0.004829309415072203
-0.004823924042284489
-0.004818483721464872
-0.004812971688807011
-0.004807374905794859
-0.004801681265234947
-0.00479587959125638
-0.004789964761584997
-0.004783930722624063
-0.004777777008712292
-0.004771504551172256
-0.004765118006616831
-0.004758623894304037
-0.004752031527459621
-0.004745352547615767
-0.004738600924611092
-0.004731791093945503
-0.004724940285086632
-0.00471806526184082
-0.004711185116320848
-0.004704317077994347
-0.004697479773312807
-0.004690689500421286
-0.004683961160480976
-0.00467730825766921
-0.004670743830502033
-0.004664278123527765
-0.00465791579335928
-0.004651661496609449
-0.004645516630262136
-0.004639479331672192
-0.004633544012904167
-0.004627704154700041
-0.004621951375156641
-0.00461627310141921
-0.004610657226294279
-0.004605088848620653
-0.00459955120459199
-0.004594029858708382
-0.004588508047163486
-0.004582970403134823
-0.004577402025461197
-0.004571789409965277
-0.004566119983792305
-0.004560383968055248
-0.004554571583867073
-0.004548678640276194
-0.004542701411992311
-0.00453663757070899
-0.004530488047748804
-0.004524257965385914
-0.004517953377217054
-0.00451158219948411
-0.004505152814090252
-0.004498675465583801
-0.004492161795496941
-0.004485622979700565
-0.004479070194065571
-0.004472512751817703
-0.004465960431843996
-0.004459420684725046
-0.004452899564057589
-0.004446400329470634
-0.004439924843609333
-0.00443347217515111
-0.004427039064466953
-0.004420620389282703
-0.004414207302033901
-0.004407789558172226
-0.004401355516165495
-0.004394890274852514
-0.004388379398733377
-0.004381807055324316
-0.0043751560151577
-0.004368409514427185
-0.004361551254987717
-0.004354564938694239
-0.004347436595708132
-0.004340153653174639
-0.004332704935222864
-0.004325082059949636
-0.004317278042435646
-0.004309288691729307
-0.004301111213862896
-0.0042927460744977
-0.00428419653326273
-0.004275466315448284
-0.004266561940312386
-0.004257490858435631
-0.004248262383043766
-0.004238886293023825
-0.004229372832924128
-0.004219733644276857
-0.004209979902952909
-0.004200123250484467
-0.004190174862742424
-0.004180146381258965
-0.004170048981904984
-0.004159894306212664
-0.004149692133069038
-0.00413945410400629
-0.004129190929234028
-0.004118913318961859
-0.00410863384604454
-0.004098362755030394
-0.00408811355009675
-0.004077899735420942
-0.004067735280841589
-0.004057636484503746
-0.004047620110213757
-0.004037703387439251
-0.004027905408293009
-0.004018247127532959
-0.004008747171610594
-0.003999427892267704
-0.003990309778600931
-0.003981411922723055
-0.003972753882408142
-0.00396435335278511
-0.003956226166337729
-0.003948386292904615
-0.003940844442695379
-0.003933608066290617
-0.003926680888980627
-0.003920063376426697
-0.003913752734661102
-0.003907740581780672
-0.003902016440406442
-0.003896564012393355
-0.003891364671289921
-0.003886394901201129
-0.003881628625094891
-0.003877036506310105
-0.003872587345540524
-0.003868247149512172
-0.003863981692120433
-0.003859755583107471
-0.003855534363538027
-0.003851283807307482
-0.003846971318125725
-0.003842566860839725
-0.003838043194264174
-0.003833375638350844
-0.003828543704003096
-0.003823531093075871
-0.003818325232714415
-0.003812918439507484
-0.003807306755334139
-0.003801490645855665
-0.00379547500051558
-0.003789269365370274
-0.003782886546105146
-0.003776343073695898
-0.003769658971577883
-0.003762857057154179
-0.003755962243303657
-0.00374900153838098
-0.003742002416402102
-0.003734994679689407
-0.003728007432073355
-0.003721069544553757
-0.003714209189638495
-0.003707451745867729
-0.003700821893289685
-0.003694340353831649
-0.0036880262196064
-0.003681893926113844
-0.003675954649224877
-0.003670216538012028
-0.003664681687951088
-0.003659349633380771
-0.003654215019196272
-0.003649269230663776
-0.003644498530775309
-0.003639886155724525
-0.003635412082076073
-0.003631054656580091
-0.003626788267865777
-0.00362258730456233
-0.003618424059823155
-0.003614271059632301
-0.003610101062804461
-0.003605889389291406
-0.003601611591875553
-0.003597247647121549
-0.003592779161408544
-0.003588191699236631
-0.003583475714549422
-0.003578625153750181
-0.003573638619855046
-0.003568519605323672
-0.003563274862244725
-0.003557916264981031
-0.003552458714693785
-0.003546921303495765
-0.003541324753314257
-0.00353569258004427
-0.0035300487652421
-0.003524417988955975
-0.003518824465572834
-0.003513290779665112
-0.003507839282974601
-0.003502488136291504
-0.00349725317209959
-0.00349214649759233
-0.003487176727503538
-0.003482346888631582
-0.003477657213807106
-0.00347310327924788
-0.003468676237389445
-0.003464364213868976
-0.003460151376202703
-0.003456020262092352
-0.003451950382441282
-0.003447921480983496
-0.003443911904469132
-0.003439900698140264
-0.003435867838561535
-0.003431795863434672
-0.003427669405937195
-0.003423475427553058
-0.003419205546379089
-0.003414854407310486
-0.003410419914871454
-0.003405904164537787
-0.003401312511414289
-0.003396654035896063
-0.003391939913854003
-0.003387183882296085
-0.003382401075214148
-0.003377607325091958
-0.003372820094227791
-0.003368055215105414
-0.003363328753039241
-0.003358654677867889
-0.003354045329615474
-0.003349510254338384
-0.00334505713544786
-0.003340690163895488
-0.003336410503834486
-0.003332216991111636
-0.003328104969114065
-0.003324066987261176
-0.003320093499496579
-0.003316173562780023
-0.003312294138595462
-0.003308441722765565
-0.003304602578282356
-0.003300763899460435
-0.003296913811936975
-0.003293041605502367
-0.003289138898253441
-0.003285199403762817
-0.003281219629570842
-0.003277198178693652
-0.003273135749623179
-0.003269036300480366
-0.003264905652031302
-0.003260751254856586
-0.003256581490859389
-0.003252406371757388
-0.003248235676437616
-0.003244079882279038
-0.003239948069676757
-0.00323584908619523
-0.0032317906152457
-0.003227778011932969
-0.003223815467208624
-0.003219905309379101
-0.003216047305613756
-0.003212239593267441
-0.0032084786798805
-0.003204758744686842
-0.003201074199751019
-0.003197416663169861
-0.003193778218701482
-0.003190150018781424
-0.003186523215845227
-0.003182889660820365
-0.003179241670295596
-0.003175572957843542
-0.003171877702698112
-0.00316815241239965
-0.00316439475864172
-0.00316060334444046
-0.003156778402626514
-0.003152922028675675
-0.003149035619571805
-0.003145122202113271
-0.003141185734421015
-0.003137229010462761
-0.003133255988359451
-0.003129268996417522
-0.003125270595774055
-0.003121262416243553
-0.003117243992164731
-0.00311321415938437
-0.00310917105525732
-0.003105111652985215
-0.003101031994447112
-0.003096926724538207
-0.003092790953814983
-0.003088618395850062
-0.00308440369553864
-0.003080141032114625
-0.003075825050473213
-0.003071451559662819
-0.0030670166015625
-0.003062517615035176
-0.003057952737435699
-0.003053321735933423
-0.003048625774681568
-0.00304386718198657
-0.003039049450308084
-0.00303417700342834
-0.003029255662113428
-0.003024292178452015
-0.003019293770194054
-0.003014268120750785
-0.003009223379194736
-0.003004167461767793
-0.002999108517542481
-0.002994054695591331
-0.002989013679325581
-0.002983992919325829
-0.002979000099003315
-0.002974041970446706
-0.002969125052914023
-0.002964255167171359
-0.002959439298138022
-0.002954683266580105
-0.002949992893263698
-0.002945374697446823
-0.00294083496555686
-0.0029363795183599
-0.00293201464228332
-0.002927746158093214
-0.002923579653725028
-0.002919521182775497
-0.002915575634688139
-0.002911747666075826
-0.002908041002228856
-0.002904458437114954
-0.002901002299040556
-0.002897673053666949
-0.002894470002502203
-0.002891391515731812
-0.002888433868065476
-0.002885592635720968
-0.002882861299440265
-0.002880232175812125
-0.002877695951610804
-0.002875242149457335
-0.002872859826311469
-0.002870537107810378
-0.002868260722607374
-0.002866017632186413
-0.002863794099539518
-0.002861576853320003
-0.002859352855011821
-0.002857109531760216
-0.002854834776371717
-0.00285251741297543
-0.002850147429853678
-0.002847715513780713
-0.00284521421417594
-0.002842637710273266
-0.002839980879798532
-0.002837240928784013
-0.002834415528923273
-0.002831504913046956
-0.002828510012477636
-0.002825433621183038
-0.002822279697284102
-0.002819053363054991
-0.002815761137753725
-0.002812411403283477
-0.002809012774378061
-0.002805575262755156
-0.002802110044285655
-0.002798628527671099
-0.002795142587274313
-0.002791664795950055
-0.002788207726553082
-0.002784783486276865
-0.002781404415145516
-0.002778081689029932
-0.002774826250970364
-0.00277164694853127
-0.002768553094938397
-0.002765550976619124
-0.002762645715847611
-0.00275984057225287
-0.002757137408480048
-0.002754536224529147
-0.00275203469209373
-0.002749629085883498
-0.002747312886640429
-0.002745079342275858
-0.002742919838055968
-0.002740823896601796
-0.002738780342042446
-0.002736777765676379
-0.002734803594648838
-0.002732845721766353
-0.002730891341343522
-0.00272892857901752
-0.002726945793256164
-0.002724932739511132
-0.002722880337387323
-0.002720781369134784
-0.002718629548326135
-0.00271642068400979
-0.002714152680709958
-0.002711824607104063
-0.002709437860175967
-0.002706995932385325
-0.002704503713175654
-0.002701967721804976
-0.002699397038668394
-0.00269680074416101
-0.002694189548492432
-0.002691575093194842
-0.002688969252631068
-0.002686385298147798
-0.0026838353369385
-0.002681331941857934
-0.002678886754438281
-0.002676510717719793
-0.002674214309081435
-0.002672006376087666
-0.002669894602149725
-0.002667885506525636
-0.002665983978658915
-0.002664193045347929
-0.002662514569237828
-0.0026609490159899
-0.002659495221450925
-0.002658150624483824
-0.002656911499798298
-0.002655774122104049
-0.002654732903465629
-0.002653782488778234
-0.002652917290106416
-0.002652131486684084
-0.00265141949057579
-0.002650776412338018
-0.002650198759511113
-0.002649683272466063
-0.002649227855727077
-0.002648832276463509
-0.002648496767506003
-0.002648222958669066
-0.002648013411089778
-0.002647872315719724
-0.002647803397849202
-0.002647812478244305
-0.002647905144840479
-0.00264808745123446
-0.002648365683853626
-0.002648744732141495
-0.002649229718372226
-0.002649824600666761
-0.002650531707331538
-0.002651352901011705
-0.002652287483215332
-0.002653332194313407
-0.002654482610523701
-0.002655732212588191
-0.002657071687281132
-0.00265848939307034
-0.002659972291439772
-0.002661505481228232
-0.002663071267306805
-0.00266465125605464
-0.002666225889697671
-0.002667774446308613
-0.002669275738298893
-0.002670708578079939
-0.002672052243724465
-0.002673286246135831
-0.002674391260370612
-0.002675348892807961
-0.002676142379641533
-0.002676757052540779
-0.002677180105820298
-0.002677401294931769
-0.002677412237972021
-0.002677207812666893
-0.00267678452655673
-0.002676142146810889
-0.00267528323456645
-0.00267421267926693
-0.002672937698662281
-0.002671467605978251
-0.002669813809916377
-0.00266799028031528
-0.002666011219844222
-0.00266389362514019
-0.002661654492840171
-0.002659312449395657
-0.002656886819750071
-0.002654396928846836
-0.00265186233446002
-0.002649302361533046
-0.002646736335009336
-0.002644182881340384
-0.002641660394147038
-0.002639185404404998
-0.002636775141581893
-0.002634443342685699
-0.002632204676046968
-0.002630071481689811
-0.002628054236993194
-0.002626162022352219
-0.002624402288347483
-0.002622780622914433
-0.002621300285682082
-0.002619962906464934
-0.002618767321109772
-0.00261771073564887
-0.002616788260638714
-0.002615991979837418
-0.002615311881527305
-0.002614737255498767
-0.002614254364743829
-0.002613847609609365
-0.002613500459119678
-0.00261319475248456
-0.002612911630421877
-0.002612631069496274
-0.002612333279103041
-0.002611998235806823
-0.002611607080325484
-0.002611140953376889
-0.002610583091154695
-0.002609918126836419
-0.002609132323414087
-0.002608215436339378
-0.002607159316539764
-0.002605958608910441
-0.002604610985144973
-0.002603118075057864
-0.002601484768092632
-0.002599718514829874
-0.002597830025479198
-0.002595832804217935
-0.002593742916360497
-0.002591578988358378
-0.002589360345155001
-0.002587108640000224
-0.002584845293313265
-0.002582591492682695
-0.002580368658527732
-0.002578197047114372
-0.002576094819232821
-0.002574077574536204
-0.002572158817201853
-0.00257035018876195
-0.002568658674135804
-0.002567089162766933
-0.002565641654655337
-0.002564313821494579
-0.002563099842518568
-0.002561990637332201
-0.002560974098742008
-0.002560036024078727
-0.002559160348027945
-0.002558329608291388
-0.002557524247094989
-0.0025567258708179
-0.002555915154516697
-0.002555074403062463
-0.00255418592132628
-0.002553235040977597
-0.002552208490669727
-0.002551095793023705
-0.002549889264628291
-0.002548584248870611
-0.002547178883105516
-0.002545675029978156
-0.002544076880440116
-0.002542391419410706
-0.002540627960115671
