0
0
0
0
0
0
0
0
0
0
0
0
0
0
0
0
0
0
0
0
0
0
0
0
0
0
0
0
0
0
0
0
0
0
0
0
0
0
0
0
0
0
0
0
0
0
0
0
0
0
0
0
0
0
0
0
0
0
0
0
0
0
0
0
0
0
0
0
0
0
0
0
0
0
0
0
0
0
0
0
0
0
0
0
0
0
0
0
0
0
0
0
0
0
0
0
0
0
0
0
0
0
0
0
0
0
0
0
0
0
0
0
0
0
0
0
0
0
0
0
0
0
0
0
0
0
0
0
0
0
0
0
0
0
0
0
0
0
0
0
0
0
0
0
0
0
0
0
0
0
0
0
0
0
0
0
0
0
0
0
0
0
0
0
0
0
0
0
0
0
0
0
0
0
0
0
0
0
0
0
0
0
0
0
0
0
0
0
0
0
0
0
0
0
0
0
0
0
0
0
0
0
0
0
0
0
0
0
0
0
0
0
0
0
0
0
0
0
0
0
0
0
0
0
0
0
0
0
0
0
0
0
0
0
0
0
0
0
0
0
0
0
0
0
0
0
0
0
0
0
0
0
0
0
0
0
0
0
0
0
0
0
0
0
0
0
0
0
0
0
0
0
0
0
0
0
0
0
0
0
0
0
0
0
0
0
0
0
0
0
0
0
0
0
0
0
0
0
0
0
0
0
0
0
0
0
0
0
0
0
0
0
0
0
0
0
0
0
0
0
0
0
0
0
0
0
0
0
0
0
0
0
0
0
0
0
0
0
0
0
0
0
0
0
0
0
0
0
0
0
0
0
0
0
0
0
0
0
0
0
0
0
0
0
0
0
0
0
0
0
0
0
0
0
0
0
0
0
0
0
0
0
0
0
0
0
0
0
0
0
0
0
0
0
0
0
0
0
0
0
0
0
0
0
0
0
0
0
0
0
0
0
0
0
0
0
0
0
0
0
0
0
0
0
0
0
0
0
0
0
0
0
0
0
0
0
0
0
0
0
0
0
0
0
0
0
0
0
0
0
0
0
0
0
0
0
0
0
0
0
0
0
0
0
0
0
0
0
0
0
0
0
0
0
0
0
0
0
0
0
0
0
0
0
0
0
0
0
0
0
0
0
0
0
0
0
0
0
0
0
0
0
0
0
0
0
0
0
0
0
0
0
0
0
0
0
0
0
0
0
0
0
0
0
0
0
0
0
0
0
0
0
0
0
0
0
0
0
0
0
0
0
0
0
0
0
0
0
0
0
0
0
0
0
0
0
0
0
0
0
0
0
0
0
0
0
0
0
0
0
0
0
0
0
0
0
0
0
0
0
0
0
0
0
0
0
0
0
0
0
0
0
0
0
0
0
0
0
0
0
0
0
0
0
0
0
0
0
0
0
0
0
0
0
0
0
0
0
0
0
0
0
0
0
0
0
0
0
0
0
0
0
0
0
0
0
0
0
0
0
0
0
0
0
0
0
0
0
0
0
0
0
0
0
0
0
0
0
0
0
0
0
0
0
0
0
0
0
0
0
0
0
0
0
0
0
0
0
0
0
0
0
0
0
0
0
0
0
0
0
0
0
0
0
0
0
0
0
0
0
0
0
0
0
0
0
0
0
0
0
0
0
0
0
0
0
0
0
0
0
0
0
0
0
0
0
0
0
0
0
0
0
0
0
0
0
0
0
0
0
0
0
0
0
0
0
0
0
0
0
0
0
0
0
0
0
0
0
0
0
0
0
0
0
0
0
0
0
0
0
0
0
0
0
0
0
0
0
0
0
0
0
0
0
0
0
0
0
0
0
0
0
0
0
0
0
0
0
0
0
0
0
0
0
0
0
0
0
0
0
0
0
0
0
0
0
0
0
0
0
0
0
0
0
0
0
0
0
0
0
0
0
0
0
0
0
0
0
0
0
0
0
0
0
0
0
0
0
0
0
0
0
0
0
0
0
0
0
0
0
0
0
0
0
0
0
0
0
0
0
0
0
0
0
0
0
0
0
0
0
0
0
0
0
0
0
0
0
0
0
0
0
0
0
0
0
0
0
0
0
0
0
0
0
0
0
0
0
0
0
0
0
0
0
0
0
0
0
0
0
0
0
0
0
0
0
0
0
0
0
0
0
0
0
0
0
0
0
0
0
0
0
0
0
0
0
0
0
0
0
0
0
0
0
0
0
0
0
0
0
0
0
0
0
0
0
0
0
0
1.401298464324817e-44
8.407790785948902e-44
2.662467082217152e-43
7.777206477002735e-43
2.10895418880885e-42
5.521115949439779e-42
1.41671274743239e-41
3.595031210225318e-41
9.050286131841831e-41
2.264147993732823e-40
5.632308982583953e-40
1.393304056585844e-39
3.427674134631005e-39
8.386336906460089e-39
2.04068152632848e-38
4.938776104542772e-38
1.188819802386999e-37
2.846271702354693e-37
6.778149727927462e-37
1.605576839753283e-36
3.783090441549854e-36
8.866829796029808e-36
2.067313445787348e-35
4.794801278974542e-35
1.10629550090665e-34
2.539321722923018e-34
5.798558430617837e-34
1.317308468863885e-33
2.977347927744354e-33
6.695075094882371e-33
1.497870296989041e-32
3.334224486170948e-32
7.384587167232902e-32
1.627335101171021e-31
3.568254479322203e-31
7.785224794253038e-31
1.690173361623606e-30
3.651273532750157e-30
7.849076330836032e-30
1.679042878330359e-29
3.574225652082007e-29
7.571585937036289e-29
1.596187626748808e-28
3.348734764927611e-28
6.991730440128204e-28
1.452790394216518e-27
3.004296446255543e-27
6.183169582692044e-27
1.266528432246781e-26
2.582028948896253e-26
5.239094593616163e-26
1.05805180051863e-25
2.12676579572842e-25
4.255012677806393e-25
8.473379808336876e-25
1.679551328746799e-24
3.313728167086191e-24
6.507786923711259e-24
1.272179415770916e-23
2.475527719889859e-23
4.795095745551352e-23
9.245752100689139e-23
1.774631842240265e-22
3.390787208420146e-22
6.449473820726342e-22
1.221194142708793e-21
2.301901473067293e-21
4.319517771706304e-21
8.069285008154733e-21
1.500689808104456e-20
2.778480936754867e-20
5.121404105856255e-20
9.398103002400722e-20
1.716979702205115e-19
3.122972322820851e-19
5.655267377926774e-19
1.019587062333501e-18
1.830144963489393e-18
3.270697991428814e-18
5.819596112392324e-18
1.030970618525879e-17
1.818462278108e-17
3.193523984152056e-17
5.584023676615592e-17
9.721622128764219e-17
1.685185018754435e-16
2.908552322193657e-16
4.998381655812621e-16
8.552792365122946e-16
1.457186566303594e-15
2.47202944590318e-15
4.175665753924571e-15
7.023180034906136e-15
1.176196980930784e-14
1.961402198156267e-14
3.25683388948967e-14
5.384790378350213e-14
8.865187094619573e-14
1.453298202266917e-13
2.372306181792211e-13
3.856004057722906e-13
6.241028744150001e-13
1.00583809944238e-12
1.614188600493338e-12
2.579501065871903e-12
4.104622024214688e-12
6.503803138407926e-12
1.026169340473393e-11
1.612236212589213e-11
2.522298168938786e-11
3.929366901300746e-11
6.095471349887305e-11
9.415652285627019e-11
1.448277470172954e-10
2.218252803665166e-10
3.383200941620146e-10
5.138086067724146e-10
7.77017949982195e-10
1.170080921042427e-09
1.754505762896486e-09
2.619670036452248e-09
3.894842226515038e-09
5.766112920468913e-09
8.500112613774036e-09
1.247707182017166e-08
1.823664952382842e-08
2.654113728794982e-08
3.846217211389558e-08
5.549902937218576e-08
7.973909532665857e-08
1.140745524708109e-07
1.624929808485831e-07
2.30465261097379e-07
3.254601494973031e-07
4.576230026032135e-07
6.406659167623729e-07
8.930277886065596e-07
1.239376956618798e-06
1.712546463750186e-06
2.356008735659998e-06
3.227021352358861e-06
4.400599209475331e-06
5.974495252303313e-06
8.075401638052426e-06
1.08666163214366e-05
1.455744950362714e-05
1.941468690347392e-05
2.577640952949878e-05
3.406858377275057e-05
4.482472650124691e-05
5.870906170457602e-05
7.654349610675126e-05
9.933867841027677e-05
0.0001283294550376013
0.0001650147751206532
0.0002112019719788805
0.0002690553956199437
0.0003411485231481493
0.000430518965004012
0.0005407254211604595
0.000675904331728816
0.000840824272017926
0.00104093668051064
0.001282416749745607
0.001572194625623524
0.001917969086207449
0.002328201895579696
0.002812083810567856
0.003379473928362131
0.004040798172354698
0.004806910175830126
0.005688908044248819
0.006697898264974356
0.007844717241823673
0.009139600209891796
0.01059180684387684
0.0122092068195343
0.01399783510714769
0.01596143469214439
0.01810098811984062
0.02041428536176682
0.02289551496505737
0.02553492784500122
0.02831860072910786
0.03122831881046295
0.03424158319830894
0.03733182698488235
0.04046875610947609
0.04361894354224205
0.04674658551812172
0.04981444776058197
0.0527849867939949
0.05562158301472664
0.05828990042209625
0.06075924634933472
0.06300387531518936
0.06500428915023804
0.06674822419881821
0.0682314932346344
0.06945844739675522
0.07044211775064468
0.07120392471551895
0.07177294045686722
0.07218478620052338
0.07248011976480484
0.07270282506942749
0.07289789617061615
0.07310928404331207
0.07337769120931625
0.07373850792646408
0.0742199569940567
0.0748416855931282
0.07561378180980682
0.07653643190860748
0.07760008424520493
0.07878626883029938
0.08006899058818817
0.08141658455133438
0.0827939510345459
0.08416499197483063
0.08549511432647705
0.08675354719161987
0.08791538327932358
0.08896317332983017
0.08988788723945618
0.09068924188613892
0.09137540310621262
0.09196195751428604
0.09247040748596191
0.09292618930339813
0.09335647523403168
0.09378787130117416
0.0942443311214447
0.09474526345729828
0.09530419856309891
0.09592800587415695
0.09661667793989182
0.09736382216215134
0.09815763682126999
0.09898235648870468
0.09981997311115265
0.1006521210074425
0.101461797952652
0.1022349298000336
0.102961540222168
0.1036364138126373
0.1042592599987984
0.1048344150185585
0.1053700000047684
0.1058768033981323
0.1063669845461845
0.1068526804447174
0.10734473913908
0.1078516915440559
0.1083790361881256
0.1089289411902428
0.1095002740621567
0.1100890710949898
0.1106892377138138
0.1112934648990631
0.1118941605091095
0.1124844178557396
0.1130587086081505
0.1136134415864944
0.1141471490263939
0.1146605610847473
0.1151562258601189
0.1156380176544189
0.1161105334758759
0.1165785118937492
0.1170461773872375
0.1175167560577393
0.1179922372102737
0.1184732541441917
0.1189591288566589
0.1194481328129768
0.1199378445744514
0.1204255446791649
0.1209086403250694
0.1213849931955338
0.1218531429767609
0.1223124638199806
0.1227631419897079
0.1232060566544533
0.1236425712704659
0.1240742951631546
0.1245028525590897
0.1249296292662621
0.1253556460142136
0.1257814317941666
0.1262070089578629
0.1266320198774338
0.1270557641983032
0.1274773627519608
0.1278959810733795
0.128310889005661
0.1287215799093246
0.1291278302669525
0.1295296996831894
0.1299274563789368
0.1303215771913528
0.1307126432657242
0.1311011165380478
0.1314874440431595
0.1318719387054443
0.1322547048330307
0.1326357275247574
0.1330148726701736
0.133391946554184
0.1337666660547256
0.134138822555542
0.1345082521438599
0.1348749250173569
0.1352387815713882
0.1355999112129211
0.1359584331512451
0.1363145411014557
0.1366684138774872
0.1370201855897903
0.1373699605464935
0.1377177983522415
0.1380637288093567
0.1384077221155167
0.1387496888637543
0.1390895843505859
0.1394273638725281
0.1397630274295807
0.1400965452194214
0.1404279321432114
0.1407572478055954
0.1410845518112183
0.1414099037647247
0.1417333781719208
0.1420550048351288
0.1423748135566711
0.142692819237709
0.1430090069770813
0.1433233916759491
0.1436360031366348
0.1439468115568161
0.1442558020353317
0.1445630192756653
0.1448684483766556
0.1451721340417862
0.1454741209745407
0.1457744240760803
0.1460730582475662
0.1463700085878372
0.1466653645038605
0.1469590812921524
0.1472512036561966
0.1475417464971542
0.1478307098150253
0.1481181085109711
0.1484039574861526
0.1486882567405701
0.1489710211753845
0.1492522209882736
0.1495319455862045
0.1498101353645325
0.1500868946313858
0.1503622233867645
0.1506361216306686
0.150908574461937
0.1511796414852142
0.1514492630958557
0.1517174988985062
0.1519843339920044
0.1522497832775116
0.1525138765573502
0.1527765989303589
0.1530379951000214
0.1532980501651764
0.1535568088293076
0.1538142561912537
0.1540704071521759
0.1543252766132355
0.1545788794755936
0.1548312157392502
0.1550822854042053
0.1553321331739426
0.1555807292461395
0.1558281034231186
0.156074270606041
0.1563192158937454
0.1565629690885544
0.156805545091629
0.1570469439029694
0.1572871655225754
0.1575262397527695
0.1577641665935516
0.1580009758472443
0.1582366526126862
0.1584711968898773
0.1587046533823013
0.1589369773864746
0.1591682136058807
0.1593983620405197
0.1596274077892303
0.1598553657531738
0.1600822806358337
0.1603081673383713
0.1605329960584641
0.1607567965984344
0.1609795540571213
0.1612012684345245
0.1614219844341278
0.1616417020559311
0.161860391497612
0.1620780974626541
0.1622948199510574
0.1625105291604996
0.1627252697944641
0.1629390567541122
0.163151890039444
0.1633637845516205
0.163574755191803
0.1637847721576691
0.1639938652515411
0.1642020344734192
0.164409264922142
0.164615586400032
0.164820984005928
0.1650254875421524
0.1652290970087051
0.1654318124055862
0.1656336933374405
0.1658346951007843
0.1660348027944565
0.1662340462207794
0.1664324253797531
0.1666299253702164
0.1668265610933304
0.1670223623514175
0.1672173291444778
0.1674114465713501
0.1676047146320343
0.1677971333265305
0.1679887026548386
0.1681794375181198
0.1683692783117294
0.1685582250356674
0.1687463074922562
0.1689334809780121
0.1691196858882904
0.1693048775196075
0.1694889962673187
0.1696719825267792
0.1698537319898605
0.1700341254472733
0.1702130138874054
0.1703902184963226
0.1705654859542847
0.1707385033369064
0.1709089428186417
0.1710763573646545
0.1712402552366257
0.1713999956846237
0.1715548038482666
0.1717037260532379
0.1718457043170929
0.1719794273376465
0.1721033304929733
0.172215610742569
0.1723141223192215
0.1723964214324951
0.172459602355957
0.1725003272294998
0.1725148260593414
0.1724987328052521
0.1724471002817154
0.1723543703556061
0.1722142845392227
0.1720199137926102
0.1717635095119476
0.1714365929365158
0.1710298955440521
0.1705333739519119
0.1699362546205521
0.1692270040512085
0.168393462896347
0.1674229353666306
0.1663023084402084
0.1650181412696838
0.1635569781064987
0.161905512213707
0.1600507646799088
0.1579805016517639
0.1556834876537323
0.1531498432159424
0.1503714919090271
0.1473423838615417
0.1440589874982834
0.140520766377449
0.1367302983999252
0.132693812251091
0.128421425819397
0.1239272877573967
0.1192298531532288
0.114351898431778
0.1093204542994499
0.1041666567325592
0.09892547130584717
0.09363531321287155
0.08833745867013931
0.08307533711194992
0.07789374887943268
0.07283800095319748
0.06795278936624527
0.06328120827674866
0.0588635727763176
0.05473627522587776
0.05093071982264519
0.04747224971652031
0.04437922686338425
0.04166227951645851
0.03932369872927666
0.03735709935426712
0.03574731945991516
0.03447060659527779
0.03349512442946434
0.03278171643614769
0.03228498995304108
0.03195465728640556
0.03173708915710449
0.03157703951001167
0.0314195342361927
0.03121175989508629
0.03090491890907288
0.03045601397752762
0.02982942201197147
0.02899819985032082
0.02794505842030048
0.02666294761002064
0.02515523321926594
0.02343540079891682
0.02152633108198643
0.01945914886891842
0.01727170310914516
0.01500675361603498
0.01270988211035728
0.01042731758207083
0.00820372998714447
0.0060801119543612
0.00409184955060482
0.00226710457354784
0.0006255634361878037
-0.0008223508484661579
-0.002075768541544676
-0.003143172012642026
-0.004041679669171572
-0.004795881919562817
-0.005436287727206945
-0.00599746173247695
-0.006515989080071449
-0.007028352469205856
-0.007568870671093464
-0.008167815394699574
-0.008849809877574444
-0.009632606990635395
-0.01052632089704275
-0.01153314020484686
-0.0126475477591157
-0.01385700516402721
-0.01514306198805571
-0.01648280024528503
-0.01785051822662354
-0.0192195288836956
-0.02056396752595901
-0.02186045795679092
-0.0230895671993494
-0.02423691377043724
-0.02529390342533588
-0.02625802718102932
-0.02713272161781788
-0.02792682498693466
-0.02865367941558361
-0.0293299425393343
-0.02997422218322754
-0.03060563281178474
-0.03124238364398479
-0.03190050646662712
-0.03259280696511269
-0.0333281010389328
-0.03411081060767174
-0.03494090586900711
-0.03581417351961136
-0.03672283887863159
-0.03765639290213585
-0.03860257565975189
-0.03954849764704704
-0.04048169776797295
-0.04139109700918198
-0.04226785153150558
-0.04310588911175728
-0.04390224441885948
-0.04465708509087563
-0.04537351056933403
-0.0460570715367794
-0.0467151552438736
-0.04735621809959412
-0.04798903316259384
-0.04862188920378685
-0.04926193505525589
-0.0499146357178688
-0.05058345943689346
-0.05126968026161194
-0.05197248980402946
-0.05268918722867966
-0.05341560021042824
-0.05414656549692154
-0.05487649887800217
-0.05559990927577019
-0.05631193518638611
-0.05700872465968132
-0.05768772214651108
-0.05834780260920525
-0.05898928642272949
-0.05961375683546066
-0.06022385880351067
-0.06082293018698692
-0.06141463667154312
-0.06200262159109116
-0.06259013712406158
-0.06317976117134094
-0.0637732520699501
-0.06437139958143234
-0.06497406214475632
-0.06558026373386383
-0.06618835777044296
-0.06679626554250717
-0.06740172952413559
-0.06800257414579391
-0.06859688460826874
-0.06918320804834366
-0.06976065784692764
-0.0703289732336998
-0.07088848203420639
-0.07143998891115189
-0.07198472321033478
-0.07252410054206848
-0.07305960357189178
-0.07359260320663452
-0.07412424683570862
-0.07465532422065735
-0.07518627494573593
-0.07571715116500854
-0.07624763250350952
-0.0767771378159523
-0.07730488479137421
-0.07783003896474838
-0.07835178077220917
-0.07886938750743866
-0.07938234508037567
-0.07989034801721573
-0.08039333671331406
-0.08089151233434677
-0.08138521760702133
-0.08187495172023773
-0.08236128836870193
-0.0828448012471199
-0.08332596719264984
-0.08380518853664398
-0.08428269624710083
-0.08475862443447113
-0.08523291349411011
-0.08570541441440582
-0.08617586642503738
-0.08664397150278091
-0.08710943907499313
-0.08757199347019196
-0.08803144842386246
-0.08848768472671509
-0.08894068002700806
-0.08939049392938614
-0.08983726799488068
-0.09028119593858719
-0.09072250127792358
-0.09116137772798538
-0.0915980339050293
-0.09203261882066727
-0.09246522188186646
-0.09289588034152985
-0.09332459419965744
-0.09375129640102386
-0.09417591243982315
-0.09459835290908813
-0.09501853585243225
-0.09543637931346893
-0.09585181623697281
-0.09626483917236328
-0.09667546302080154
-0.09708372503519058
-0.09748969227075577
-0.09789344668388367
-0.09829507023096085
-0.09869464486837387
-0.09909222275018692
-0.09948787093162537
-0.0998816192150116
-0.100273460149765
-0.1006633788347244
-0.101051352918148
-0.1014373376965523
-0.1018212884664536
-0.1022031605243683
-0.1025829166173935
-0.1029605120420456
-0.103335902094841
-0.1037090346217155
-0.104079894721508
-0.1044483929872513
-0.1048144623637199
-0.1051779612898827
-0.1055387556552887
-0.1058966442942619
-0.1062513664364815
-0.1066025942564011
-0.1069499105215073
-0.1072928458452225
-0.1076308116316795
-0.1079631298780441
-0.1082889884710312
-0.1086074113845825
-0.1089172959327698
-0.1092173531651497
-0.1095060259103775
-0.1097816228866577
-0.1100421249866486
-0.1102852672338486
-0.11050845682621
-0.1107087805867195
-0.1108829826116562
-0.1110274195671082
-0.1111380606889725
-0.1112105026841164
-0.1112399622797966
-0.1112212687730789
-0.1111489236354828
-0.1110170930624008
-0.1108196824789047
-0.1105503961443901
-0.110202819108963
-0.1097705364227295
-0.1092472299933434
-0.1086268499493599
-0.1079036965966225
-0.1070726588368416
-0.1061294004321098
-0.1050705388188362
-0.1038938164710999
-0.1025983691215515
-0.1011849120259285
-0.099655881524086
-0.09801565110683441
-0.09627062082290649
-0.0944293811917305
-0.09250269830226898
-0.09050353616476059
-0.0884469747543335
-0.08635004609823227
-0.08423153311014175
-0.08211167901754379
-0.08001180738210678
-0.07795387506484985
-0.0759599506855011
-0.07405167818069458
-0.0722496435046196
-0.07057274878025055
-0.06903766095638275
-0.06765814125537872
-0.06644456088542938
-0.06540340185165405
-0.06453691422939301
-0.06384290754795074
-0.06331463158130646
-0.06294085830450058
-0.06270617246627808
-0.06259133666753769
-0.06257393956184387
-0.06262907385826111
-0.06273023784160614
-0.06285028904676437
-0.06296245008707047
-0.06304137408733368
-0.06306410580873489
-0.0630110502243042
-0.06286673992872238
-0.06262051314115524
-0.06226687133312225
-0.06180569902062416
-0.06124218553304672
-0.06058651581406593
-0.05985328927636147
-0.0590607114136219
-0.05822964012622833
-0.05738244205713272
-0.0565418154001236
-0.05572957172989845
-0.05496545881032944
-0.05426616594195366
-0.05364444479346275
-0.05310848727822304
-0.05266160145401955
-0.05230217054486275
-0.05202385783195496
-0.05181616172194481
-0.05166518315672874
-0.0515545941889286
-0.05146674811840057
-0.05138380452990532
-0.05128892511129379
-0.05116726830601692
-0.05100691691040993
-0.05079951137304306
-0.05054066330194473
-0.05023005604743958
-0.04987126216292381
-0.04947131127119064
-0.04903999716043472
-0.04858903959393501
-0.04813112318515778
-0.04767889529466629
-0.04724402353167534
-0.04683636873960495
-0.04646334424614906
-0.04612944275140762
-0.04583607614040375
-0.0455816388130188
-0.04536180570721626
-0.04517005011439323
-0.04499829933047295
-0.04483770206570625
-0.04467940330505371
-0.04451527073979378
-0.04433853551745415
-0.04414426162838936
-0.04392965137958527
-0.04369412362575531
-0.04343922063708305
-0.04316829890012741
-0.04288610816001892
-0.04259824380278587
-0.04231057688593864
-0.04202868789434433
-0.04175737872719765
-0.0415002778172493
-0.04125957936048508
-0.04103595390915871
-0.04082859680056572
-0.04063542559742928
-0.04045337438583374
-0.04027878865599632
-0.04010781273245811
-0.03993678838014603
-0.03976261615753174
-0.03958300873637199
-0.03939665853977203
-0.03920324146747589
-0.0390034057199955
-0.03879860788583755
-0.03859085962176323
-0.03838248178362846
-0.03817582875490189
-0.03797301650047302
-0.03777571767568588
-0.03758503869175911
-0.03740141913294792
-0.03722467646002769
-0.03705405443906784
-0.03688837960362434
-0.03672623261809349
-0.0365661196410656
-0.03640663996338844
-0.0362466536462307
-0.03608538955450058
-0.03592246025800705
-0.0357578843832016
-0.03559204936027527
-0.03542560711503029
-0.03525937348604202
-0.03509422391653061
-0.03493095189332962
-0.03477020189166069
-0.03461240977048874
-0.0344577431678772
-0.03430613502860069
-0.03415730223059654
-0.03401080891489983
-0.03386612981557846
-0.03372273594141006
-0.03358015045523643
-0.03343799337744713
-0.03329603746533394
-0.0331541933119297
-0.03301253169775009
-0.03287122026085854
-0.03273051604628563
-0.03259070962667465
-0.0324520654976368
-0.03231482952833176
-0.03217915445566177
-0.03204510360956192
-0.0319126583635807
-0.03178172558546066
-0.03165216371417046
-0.03152377903461456
-0.03139639645814896
-0.0312698557972908
-0.0311440248042345
-0.03101883083581924
-0.03089425340294838
-0.03077031672000885
-0.03064708784222603
-0.03052464686334133
-0.03040307573974133
-0.03028245642781258
-0.03016284480690956
-0.03004426695406437
-0.0299267265945673
-0.02981019206345081
-0.02969462238252163
-0.02957995235919952
-0.02946612052619457
-0.02935306914150715
-0.02924075350165367
-0.0291291456669569
-0.0290182251483202
-0.02890799567103386
-0.02879847586154938
-0.02868968062102795
-0.0285816378891468
-0.02847435884177685
-0.02836785838007927
-0.02826213650405407
-0.0281571876257658
-0.02805299870669842
-0.02794954553246498
-0.027846809476614
-0.02774476818740368
-0.02764339745044708
-0.02754267863929272
-0.02744259871542454
-0.02734315022826195
-0.0272443350404501
-0.02714615315198898
-0.02704861015081406
-0.02695170789957047
-0.02685544453561306
-0.02675982192158699
-0.02666483446955681
-0.02657047659158707
-0.02647673338651657
-0.02638359926640987
-0.02629106119275093
-0.026199109852314
-0.02610773593187332
-0.02601693198084831
-0.02592669241130352
-0.0258370153605938
-0.02574789896607399
-0.02565933205187321
-0.0255713164806366
-0.02548385225236416
-0.02539693564176559
-0.02531055919826031
-0.02522471733391285
-0.02513940632343292
-0.02505462244153023
-0.02497035451233387
-0.024886604398489
-0.02480335906147957
-0.02472061477601528
-0.02463836595416069
-0.0245566051453352
-0.02447533048689365
-0.02439453639090061
-0.02431422285735607
-0.02423437871038914
-0.02415500581264496
-0.02407609857618809
-0.02399765513837337
-0.02391966804862022
-0.02384213544428349
-0.02376505360007286
-0.02368841879069805
-0.02361222729086876
-0.02353647723793983
-0.02346117049455643
-0.02338629588484764
-0.02331185340881348
-0.02323783934116364
-0.02316424623131752
-0.02309107407927513
-0.02301831170916557
-0.0229459572583437
-0.0228740070015192
-0.02280245907604694
-0.02273130603134632
-0.02266054786741734
-0.02259018458425999
-0.02252020873129368
-0.02245062217116356
-0.02238141745328903
-0.0223125945776701
-0.02224414795637131
-0.02217607945203781
-0.02210838347673416
-0.02204105257987976
-0.02197408676147461
-0.02190747857093811
-0.02184122987091541
-0.02177533693611622
-0.02170980162918568
-0.02164461649954319
-0.02157978340983391
-0.02151529677212238
-0.02145115099847317
-0.02138734795153141
-0.02132388018071651
-0.02126074954867363
-0.02119795233011246
-0.0211354810744524
-0.02107333578169346
-0.02101151086390018
-0.02095000632107258
-0.02088881470263004
-0.02082794532179832
-0.02076739072799683
-0.02070714719593525
-0.02064721472561359
-0.02058759145438671
-0.02052827551960945
-0.02046926692128181
-0.0204105582088232
-0.02035214379429817
-0.02029402554035187
-0.02023619599640369
-0.0201786570250988
-0.02012140490114689
-0.02006443776190281
-0.02000775560736656
-0.0199513528496027
-0.01989523135125637
-0.01983938738703728
-0.01978382281959057
-0.01972853392362595
-0.01967351883649826
-0.01961877755820751
-0.01956430450081825
-0.01951010338962078
-0.01945616491138935
-0.01940248720347881
-0.01934907585382462
-0.01929591968655586
-0.019243024289608
-0.01919038034975529
-0.01913798786699772
-0.019085843116045
-0.01903394795954227
-0.01898229867219925
-0.01893089525401592
-0.01887973770499229
-0.01882882229983807
-0.01877814903855324
-0.01872771605849266
-0.01867752149701118
-0.01862756349146366
-0.01857784017920494
-0.01852835156023502
-0.01847909390926361
-0.0184300635010004
-0.0183812640607357
-0.01833269000053406
-0.01828433759510517
-0.01823620684444904
-0.01818829774856567
-0.01814060285687447
-0.01809313148260117
-0.01804588176310062
-0.01799884997308254
-0.01795203797519207
-0.01790544204413891
-0.01785906217992306
-0.01781289093196392
-0.0177669283002615
-0.01772117242217064
-0.01767562329769135
-0.01763027533888817
-0.01758512854576111
-0.01754017919301987
-0.01749543100595474
-0.01745087839663029
-0.0174065250903368
-0.01736237108707428
-0.01731841638684273
-0.01727465353906155
-0.01723108440637589
-0.01718771085143089
-0.01714452728629112
-0.01710153371095657
-0.01705872640013695
-0.01701610535383224
-0.01697366684675217
-0.01693141274154186
-0.01688934117555618
-0.01684745401144028
-0.01680574752390385
-0.01676422171294689
-0.01672287471592426
-0.01668170839548111
-0.01664071716368198
-0.01659990102052689
-0.01655926182866096
-0.01651879400014877
-0.01647849939763546
-0.01643837615847588
-0.01639841869473457
-0.0163586288690567
-0.01631900668144226
-0.01627954840660095
-0.01624025218188763
-0.01620112173259258
-0.01616215519607067
-0.01612335257232189
-0.01608471013605595
-0.01604623347520828
-0.0160079151391983
-0.01596976257860661
-0.01593176834285259
-0.01589393243193626
-0.01585625298321247
-0.01581872813403606
-0.01578135974705219
-0.01574414409697056
-0.01570707932114601
-0.0156701635569334
-0.01563339866697788
-0.01559678185731173
-0.01556031312793493
-0.01552399061620235
-0.01548781525343657
-0.01545178610831499
-0.01541590318083763
-0.01538016553968191
-0.01534457132220268
-0.01530912052839994
-0.01527381129562855
-0.01523864455521107
-0.01520361937582493
-0.01516873203217983
-0.01513398252427578
-0.0150993699207902
-0.01506489049643278
-0.01503054611384869
-0.01499633677303791
-0.01496225968003273
-0.01492831669747829
-0.0148945078253746
-0.01486083306372166
-0.01482729148119688
-0.01479388307780027
-0.01476060599088669
-0.01472745928913355
-0.01469443924725056
-0.01466154772788286
-0.01462878286838531
-0.01459614373743534
-0.01456362847238779
-0.01453123893588781
-0.01449897233396769
-0.01446682959794998
-0.01443480886518955
-0.01440291106700897
-0.01437113620340824
-0.01433948148041964
-0.0143079487606883
-0.01427653711289167
-0.01424524653702974
-0.01421407423913479
-0.01418302208185196
-0.01415208540856838
-0.01412126515060663
-0.01409055758267641
-0.01405996363610029
-0.01402948144823313
-0.01399911381304264
-0.01396885793656111
-0.01393871661275625
-0.01390868611633778
-0.01387877017259598
-0.01384896505624056
-0.01381927262991667
-0.01378969009965658
-0.01376021467149258
-0.01373084727674723
-0.01370158977806568
-0.01367243658751249
-0.01364339143037796
-0.01361445151269436
-0.01358561683446169
-0.01355688739567995
-0.01352826319634914
-0.01349974330514669
-0.01347132679075003
-0.01344301551580429
-0.01341480482369661
-0.01338669471442699
-0.01335868239402771
-0.01333076972514391
-0.01330295391380787
-0.01327523402869701
-0.01324761379510164
-0.01322009041905403
-0.0131926666945219
-0.01316533982753754
-0.01313811261206865
-0.01311098504811525
-0.01308395713567734
-0.01305702701210976
-0.01303019560873508
-0.01300346106290817
-0.01297682151198387
-0.01295027695596218
-0.01292382646352053
-0.01289746724069118
-0.01287119928747416
-0.01284502353519201
-0.01281893905252218
-0.01279294397681952
-0.01276703737676144
-0.01274121925234795
-0.01271548867225647
-0.01268984377384186
-0.01266428735107183
-0.0126388194039464
-0.01261343620717525
-0.0125881414860487
-0.01256293337792158
-0.01253781281411648
-0.01251277793198824
-0.01248782966285944
-0.01246296893805265
-0.01243819296360016
-0.01241350267082453
-0.01238889619708061
-0.01236437354236841
-0.01233993284404278
-0.01231557223945856
-0.01229129452258348
-0.01226709689944983
-0.01224298030138016
-0.01221894659101963
-0.01219499111175537
-0.01217111572623253
-0.01214732229709625
-0.01212360709905624
-0.0120999738574028
-0.01207641698420048
-0.01205294113606215
-0.01202954445034266
-0.01200622692704201
-0.0119829885661602
-0.01195982471108437
-0.01193673722445965
-0.01191372610628605
-0.01189078763127327
-0.01186792366206646
-0.01184513512998819
-0.01182242017239332
-0.01179977972060442
-0.01177721377462149
-0.01175472047179937
-0.01173229888081551
-0.01170994993299246
-0.01168767269700766
-0.01166546903550625
-0.01164333615452051
-0.01162127591669559
-0.0115992883220315
-0.01157737337052822
-0.01155553106218576
-0.01153376139700413
-0.01151206251233816
-0.01149043627083302
-0.01146887987852097
-0.01144739333540201
-0.01142597384750843
-0.01140462141484022
-0.01138333417475224
-0.01136211305856705
-0.01134095527231693
-0.01131986360996962
-0.01129883620887995
-0.0112778740003705
-0.01125697884708643
-0.01123614981770515
-0.0112153859809041
-0.011194690130651
-0.01117405947297812
-0.01115349493920803
-0.01113299746066332
-0.01111256331205368
-0.01109219435602427
-0.0110718896612525
-0.01105164829641581
-0.01103147026151419
-0.01101135369390249
-0.01099129766225815
-0.01097130216658115
-0.01095136813819408
-0.01093149557709694
-0.01091168262064457
-0.01089193113148212
-0.01087224017828703
-0.01085260976105928
-0.01083304174244404
-0.01081353519111872
-0.01079408917576075
-0.01077470369637012
-0.01075537782162428
-0.01073610968887806
-0.01071689929813147
-0.01069774758070707
-0.01067865267395973
-0.01065961364656687
-0.01064063236117363
-0.01062170881778002
-0.01060284115374088
-0.01058403216302395
-0.01056527998298407
-0.01054658554494381
-0.01052795071154833
-0.01050937082618475
-0.01049084682017565
-0.0104723796248436
-0.01045396830886602
-0.01043561100959778
-0.01041730865836143
-0.0103990575298667
-0.01038086041808128
-0.01036271639168262
-0.01034462451934814
-0.01032658386975527
-0.01030859630554914
-0.01029066182672977
-0.01027278136461973
-0.01025495585054159
-0.01023718155920506
-0.01021946128457785
-0.01020179223269224
-0.01018417626619339
-0.01016661152243614
-0.0101491017267108
-0.01013164222240448
-0.01011423207819462
-0.01009687315672636
-0.01007956266403198
-0.01006230339407921
-0.01004509255290031
-0.0100279301404953
-0.01001081708818674
-0.009993754327297211
-0.009976740926504135
-0.00995977595448494
-0.009942860342562199
-0.009925993159413338
-0.009909175336360931
-0.00989240687340498
-0.009875686839222908
-0.009859014302492142
-0.009842390194535255
-0.009825813584029675
-0.009809283539652824
-0.009792800061404705
-0.009776361286640167
-0.009759968146681786
-0.009743622504174709
-0.009727321565151215
-0.009711067192256451
-0.009694859385490417
-0.00967869907617569
-0.009662584401667118
-0.009646515361964703
-0.009630493819713593
-0.009614517912268639
-0.009598586708307266
-0.009582699276506901
-0.009566853754222393
-0.009551053866744041
-0.009535295888781548
-0.009519578889012337
-0.009503905661404133
-0.009488276205956936
-0.009472689591348171
-0.009457144886255264
-0.009441644884645939
-0.009426187723875046
-0.00941077433526516
-0.009395403787493706
-0.009380078874528408
-0.009364798665046692
-0.009349561296403408
-0.009334366768598557
-0.009319215081632137
-0.00930410623550415
-0.009289039298892021
-0.009274013340473175
-0.009259026497602463
-0.009244079701602459
-0.009229171089828014
-0.009214301593601704
-0.009199471212923527
-0.009184679016470909
-0.009169925935566425
-0.009155210107564926
-0.009140534326434135
-0.009125898592174053
-0.009111302904784679
-0.009096746332943439
-0.009082227945327759
-0.009067749604582787
-0.009053312242031097
-0.009038913063704967
-0.009024553000926971
-0.009010232053697109
-0.008995951153337955
-0.008981707505881786
-0.008967502973973751
-0.008953338488936424
-0.008939213119447231
-0.008925125002861023
-0.008911073207855225
-0.008897058665752411
-0.008883081376552582
-0.008869141340255737
-0.008855237625539303
-0.008841368369758129
-0.008827534504234791
-0.008813737891614437
-0.008799975737929344
-0.008786248974502087
-0.008772557601332664
-0.008758902549743652
-0.008745282888412476
-0.008731698617339134
-0.008718150667846203
-0.008704638108611107
-0.008691162802278996
-0.008677723817527294
-0.008664320223033428
-0.008650952018797398
-0.008637619204819202
-0.008624322712421417
-0.008611059747636318
-0.008597830310463905
-0.008584632538259029
-0.00857146829366684
-0.008558336645364761
-0.008545237593352795
-0.008532173000276089
-0.008519142866134644
-0.008506148122251034
-0.008493187837302685
-0.008480262011289597
-0.008467369712889194
-0.008454511873424053
-0.008441686630249023
-0.008428893983364105
-0.008416133001446724
-0.00840340182185173
-0.008390704169869423
-0.008378035388886929
-0.008365399204194546
-0.008352791890501976
-0.008340217173099518
-0.008327672258019447
-0.008315157145261765
-0.008302674628794193
-0.008290224708616734
-0.008277805522084236
-0.008265419863164425
-0.008253064937889576
-0.008240743540227413
-0.008228453807532787
-0.008216194808483124
-0.008203967474400997
-0.008191770873963833
-0.008179605007171631
-0.008167468942701817
-0.008155364543199539
-0.00814328994601965
-0.008131245151162148
-0.008119230158627033
-0.008107243105769157
-0.008095285855233669
-0.00808335654437542
-0.008071457035839558
-0.008059586398303509
-0.008047744631767273
-0.008035932667553425
-0.008024150505661964
-0.008012396283447742
-0.008000670000910759
-0.007988972589373589
-0.007977303117513657
-0.007965661585330963
-0.007954049855470657
-0.00794246606528759
-0.007930911146104336
-0.00791938416659832
-0.007907885126769543
-0.007896414957940578
-0.007884972728788853
-0.007873557507991791
-0.007862171158194542
-0.007850811816751957
-0.00783948041498661
-0.007828177884221077
-0.007816902361810207
-0.007805655244737864
-0.007794434670358896
-0.00778324156999588
-0.007772075943648815
-0.007760936859995127
-0.007749823853373528
-0.007738737389445305
-0.007727676536887884
-0.007716641295701265
-0.007705632131546736
-0.007694647647440434
-0.007683688774704933
-0.007672755047678947
-0.007661846932023764
-0.007650965359061956
-0.007640109397470951
-0.007629279047250748
-0.007618475239723921
-0.007607698440551758
-0.007596948649734259
-0.007586224470287561
-0.007575525902211666
-0.007564852945506573
-0.007554205600172281
-0.007543583866208792
-0.007532987743616104
-0.007522415369749069
-0.007511867675930262
-0.007501344662159681
-0.007490846328437328
-0.007480373606085777
-0.007469925563782454
-0.007459501270204782
-0.007449101656675339
-0.007438726723194122
-0.007428375072777271
-0.007418046705424786
-0.007407742086797953
-0.007397460285574198
-0.007387201301753521
-0.007376965135335922
-0.007366751786321402
-0.007356561254709959
-0.007346394937485456
-0.007336251437664032
-0.007326132152229548
-0.00731603754684329
-0.007305967155843973
-0.007295920979231596
-0.007285898085683584
-0.007275897543877363
-0.00726591981947422
-0.007255963515490294
-0.007246029563248158
-0.007236117497086525
-0.007226227317005396
-0.007216358557343483
-0.007206511218100786
-0.007196686696261168
-0.007186884991824627
-0.007177106570452452
-0.007167352363467216
-0.007157622370868921
-0.007147915195673704
-0.007138231303542852
-0.007128570228815079
-0.007118931505829096
-0.007109314668923616
-0.007099717389792204
-0.007090140599757433
-0.007080583833158016
-0.007071047555655241
-0.00706153130158782
-0.007052036002278328
-0.007042562123388052
-0.007033109199255705
-0.007023678626865149
-0.007014269940555096
-0.007004883140325546
-0.006995516363531351
-0.006986171472817659
-0.006976847071200609
-0.006967544090002775
-0.006958262529224157
-0.006949002388864756
-0.006939763203263283
-0.006930545438081026
-0.006921348627656698
-0.006912171375006437
-0.006903014145791531
-0.006893876008689404
-0.006884757895022631
-0.006875659339129925
-0.00686658127233386
-0.006857523694634438
-0.00684848427772522
-0.006839464418590069
-0.00683046318590641
-0.006821481045335531
-0.006812517996877432
-0.006803574040532112
-0.006794649176299572
-0.006785742938518524
-0.006776857655495405
-0.006767992861568928
-0.00675914715975523
-0.006750321947038174
-0.006741516292095184
-0.006732729729264975
-0.006723962258547544
-0.006715213414281607
-0.006706481799483299
-0.00669776787981391
-0.006689071655273438
-0.006680392660200596
-0.006671730894595385
-0.006663087755441666
-0.006654463242739439
-0.006645857822149992
-0.006637271028012037
-0.006628704722970724
-0.00662015937268734
-0.006611633580178022
-0.006603128276765347
-0.00659464206546545
-0.006586176343262196
-0.006577728781849146
-0.006569300312548876
-0.006560890469700098
-0.006552497390657663
-0.006544120609760284
-0.006535759661346674
-0.006527415476739407
-0.006519088055938482
-0.006510776933282614
-0.006502482574433088
-0.006494204513728619
-0.006485942751169205
-0.006477697286754847
-0.006469469051808119
-0.006461257115006447
-0.006453062873333693
-0.006444885861128569
-0.006436726544052362
-0.006428584456443787
-0.006420460995286703
-0.006412356160581112
-0.006404269021004438
-0.006396200507879257
-0.006388149689882994
-0.006380116101354361
-0.006372099276632071
-0.006364099215716124
-0.00635611591860652
-0.006348149850964546
-0.00634020147845149
-0.006332269869744778
-0.006324354559183121
-0.006316456012427807
-0.006308573298156261
-0.006300707347691059
-0.006292856764048338
-0.00628502294421196
-0.006277204025536776
-0.006269400008022785
-0.006261611357331276
-0.006253837142139673
-0.006246077362447977
-0.006238332018256187
-0.006230600643903017
-0.00622288417071104
-0.006215183530002832
-0.006207498721778393
-0.006199829280376434
-0.006192176137119532
-0.006184540223330259
-0.006176920142024755
-0.006169316824525595
-0.00616172980517149
-0.006154159549623728
-0.006146606057882309
-0.006139068864285946
-0.006131548434495926
-0.006124043371528387
-0.006116553675383329
-0.00610907981172204
-0.006101620849221945
-0.006094176787883043
-0.006086748093366623
-0.006079334765672684
-0.006071937270462513
-0.006064554676413536
-0.006057186983525753
-0.006049833726137877
-0.006042494904249907
-0.006035169586539268
-0.006027858704328537
-0.006020562257617712
-0.006013277918100357
-0.006006007548421621
-0.005998751148581505
-0.005991507321596146
-0.005984277930110693
-0.005977062974125147
-0.005969863384962082
-0.005962678696960211
-0.005955509841442108
-0.005948356352746487
-0.005941217765212059
-0.005934094078838825
-0.005926985293626785
-0.005919890478253365
-0.005912811029702425
-0.005905745550990105
-0.005898693110793829
-0.005891654640436172
-0.005884630605578423
-0.00587761914357543
-0.005870620720088482
-0.005863636266440153
-0.005856664851307869
-0.005849706474691629
-0.005842761136591434
-0.005835828837007284
-0.005828908644616604
-0.005822001956403255
-0.00581510690972209
-0.005808224901556969
-0.005801355931907892
-0.005794499535113573
-0.005787656642496586
-0.005780827719718218
-0.005774012766778469
-0.00576721178367734
-0.005760424770414829
-0.005753652192652225
-0.005746894050389528
-0.005740151274949312
-0.005733422469347715
-0.005726707633584738
-0.005720005836337805
-0.005713317543268204
-0.005706641357392073
-0.005699977278709412
-0.005693325307220221
-0.0056866854429245
-0.005680057220160961
-0.005673441104590893
-0.005666837561875582
-0.005660245660692453
-0.00565366679802537
-0.005647100973874331
-0.005640548188239336
-0.005634008441120386
-0.005627481266856194
-0.005620966665446758
-0.005614465102553368
-0.005607974715530872
-0.005601497367024422
-0.005595032591372728
-0.00558858085423708
-0.005582141689956188
-0.005575713701546192
-0.005569297354668379
-0.00556289404630661
-0.005556502845138311
-0.005550123285502195
-0.005543756298720837
-0.005537401884794235
-0.005531060043722391
-0.005524730775505304
-0.005518414080142975
-0.005512109026312828
-0.005505815614014864
-0.005499533843249083
-0.005493263714015484
-0.005487004760652781
-0.005480756983160973
-0.005474519450217485
-0.005468292161822319
-0.005462075583636761
-0.005455868318676949
-0.005449672229588032
-0.005443486850708723
-0.005437312182039022
-0.005431149620562792
-0.005424999631941319
-0.005418861284852028
-0.005412735044956207
-0.005406621377915144
-0.005400519352406263
-0.00539442989975214
-0.005388352554291487
-0.005382287316024303
-0.005376234650611877
-0.005370193626731634
-0.005364164244383574
-0.005358146037906408
-0.005352139472961426
-0.005346144549548626
-0.005340160802006721
-0.005334188230335712
-0.005328227300196886
-0.00532227847725153
-0.005316340364515781
-0.005310413427650928
-0.005304497666656971
-0.005298592615872622
-0.005292697809636593
-0.005286812782287598
-0.005280937999486923
-0.005275072529911995
-0.005269215442240238
-0.005263368133455515
-0.005257530603557825
-0.005251702386885881
-0.005245883017778397
-0.005240073893219233
-0.005234274547547102
-0.005228486377745867
-0.005222709849476814
-0.005216944962739944
-0.005211191717535257
-0.005205450113862753
-0.005199720151722431
-0.005194002296775579
-0.005188294686377048
-0.005182598251849413
-0.005176912527531385
-0.005171237979084253
-0.005165573675185442
-0.005159919150173664
-0.00515427440404892
-0.005148639436811209
-0.005143014714121819
-0.005137399770319462
-0.005131794605404139
-0.005126199219375849
-0.00512061407789588
-0.005115038715302944
-0.005109472665935755
-0.005103916861116886
-0.005098369903862476
-0.005092833191156387
-0.005087305791676044
-0.005081787705421448
-0.005076279398053885
-0.005070780869573355
-0.005065292119979858
-0.005059811752289534
-0.005054341163486242
-0.00504887942224741
-0.005043427459895611
-0.005037984345108271
-0.005032550543546677
-0.005027126055210829
-0.005021710880100727
-0.005016305483877659
-0.005010910332202911
-0.005005524959415197
-0.00500014889985323
-0.004994782619178295
-0.004989426583051682
-0.004984080791473389
-0.004978745710104704
-0.004973421338945627
-0.004968107677996159
-0.004962803330272436
-0.00495750829577446
-0.004952223505824804
-0.00494694709777832
-0.004941679071635008
-0.004936420358717442
-0.004931170959025621
-0.00492593040689826
-0.004920697771012783
-0.004915474914014339
-0.004910261835902929
-0.004905058071017265
-0.004899863619357347
-0.00489467941224575
-0.004889504052698612
-0.004884337075054646
-0.004879179410636425
-0.004874031059443951
-0.004868891555815935
-0.004863759968429804
-0.004858636297285557
-0.004853521008044481
-0.00484841363504529
-0.00484331464394927
-0.004838224500417709
-0.004833144135773182
-0.004828072153031826
-0.004823009483516216
-0.004817954730242491
-0.004812907893210649
-0.00480786943808198
-0.004802838433533907
-0.004797815345227718
-0.004792799241840839
-0.004787792451679707
-0.004782794043421745
-0.004777805414050817
-0.004772825632244349
-0.004767855163663626
-0.004762893542647362
-0.004757940769195557
-0.004752997774630785
-0.004748063627630472
-0.004743138328194618
-0.004738220945000648
-0.00473331194370985
-0.004728410858660936
-0.004723517689853907
-0.004718631505966187
-0.004713753703981638
-0.004708883818238974
-0.004704021383076906
-0.004699168261140585
-0.004694322589784861
-0.004689484834671021
-0.004684655927121639
-0.004679835867136717
-0.004675023723393679
-0.004670219961553812
-0.004665425512939692
-0.004660638980567455
-0.004655859898775816
-0.004651089198887348
-0.004646326880902052
-0.00464157247915864
-0.004636826924979687
-0.004632089752703905
-0.004627360496670008
-0.004622639622539282
-0.00461792666465044
-0.004613222554326057
-0.004608526360243559
-0.004603838548064232
-0.004599158652126789
-0.004594486206769943
-0.004589821211993694
-0.004585162736475468
-0.004580511245876551
-0.004575866740196943
-0.004571229219436646
-0.004566598683595657
-0.004561975132673979
-0.004557358101010323
-0.004552747588604689
-0.004548144061118364
-0.004543547052890062
-0.00453895702958107
-0.004534374922513962
-0.004529800266027451
-0.004525233525782824
-0.004520673770457506
-0.00451612239703536
-0.004511579405516386
-0.004507044795900583
-0.004502518102526665
-0.004497999791055918
-0.004493489861488342
-0.004488988313823938
-0.004484495148062706
-0.004480009898543358
-0.004475532099604607
-0.004471061751246452
-0.004466598853468895
-0.004462142940610647
-0.004457694478332996
-0.004453253000974655
-0.004448818974196911
-0.004444392397999763
-0.004439973272383213
-0.004435560666024685
-0.004431155510246754
-0.004426757339388132
-0.004422366619110107
-0.004417982883751392
-0.004413606598973274
-0.004409237764775753
-0.004404875915497541
-0.004400521516799927
-0.004396174103021622
-0.004391833208501339
-0.004387497901916504
-0.004383168648928404
-0.004378845449537039
-0.004374528303742409
-0.004370217677205801
-0.004365913569927216
-0.00436161644756794
-0.004357326310127974
-0.004353043623268604
-0.004348767455667257
-0.004344498738646507
-0.004340237937867641
-0.004335983190685511
-0.004331735894083977
-0.004327495582401752
-0.004323262721300125
-0.004319035913795233
-0.004314815625548363
-0.004310601390898228
-0.004306393675506115
-0.004302192479372025
-0.004297996871173382
-0.004293807782232761
-0.004289625678211451
-0.004285450093448162
-0.004281281493604183
-0.004277118481695652
-0.004272962920367718
-0.004268813412636518
-0.004264670889824629
-0.004260534886270761
-0.004256406333297491
-0.004252283368259668
-0.004248167388141155
-0.004244056530296803
-0.004239951726049185
-0.004235852044075727
-0.004231759812682867
-0.004227674566209316
-0.004223595838993788
-0.004219524562358856
-0.004215460270643234
-0.004211403429508209
-0.004207354504615068
-0.004203313495963812
-0.00419928040355444
-0.004195254296064377
-0.004191233776509762
-0.004187219310551882
-0.004183210432529449
-0.004179207608103752
-0.004175209905952215
-0.004171217791736126
-0.004167230799794197
-0.004163247998803854
-0.004159271251410246
-0.004155300091952085
-0.004151335451751947
-0.004147376399487257
-0.004143424332141876
-0.00413948018103838
-0.004135543014854193
-0.004131612367928028
-0.004127688705921173
-0.004123772028833628
-0.004119862336665392
-0.004115958232432604
-0.004112059716135263
-0.004108167253434658
-0.004104279913008213
-0.004100396763533354
-0.004096519201993942
-0.004092647228389978
-0.004088780842721462
-0.004084920976310968
-0.00408106716349721
-0.004077219869941473
-0.004073379561305046
-0.004069545306265354
-0.004065717570483685
-0.004061896353960037
-0.004058080725371838
-0.004054270219057798
-0.004050465766340494
-0.00404666643589735
-0.004042872227728367
-0.004039083607494831
-0.004035299643874168
-0.004031520802527666
-0.004027747549116611
-0.004023979417979717
-0.004020216409116983
-0.004016459453850985
-0.004012707620859146
-0.004008960444480181
-0.004005218390375376
-0.004001482389867306
-0.003997751977294683
-0.003994027618318796
-0.003990309312939644
-0.003986597526818514
-0.003982892259955406
-0.003979193512350321
-0.003975501284003258
-0.003971814643591642
-0.003968134988099337
-0.003964460454881191
-0.003960791975259781
-0.003957129083573818
-0.003953470848500729
-0.003949816804379225
-0.003946167416870594
-0.003942522685974836
-0.003938882611691952
-0.003935247659683228
-0.003931617364287376
-0.003927992656826973
-0.003924374468624592
-0.00392076326534152
-0.003917158115655184
-0.003913560416549444
-0.003909969702363014
-0.003906385041773319
-0.003902806434780359
-0.003899233881384134
-0.003895666915923357
-0.00389210507273674
-0.003888547886162996
-0.003884995589032769
-0.003881447250023484
-0.003877902869135141
-0.00387436174787581
-0.003870824817568064
-0.00386729184538126
-0.003863763064146042
-0.003860239172354341
-0.003856720635667443
-0.003853207919746637
-0.003849700791761279
-0.003846199717372656
-0.003842704463750124
-0.00383921479806304
-0.003835731185972691
-0.003832252696156502
-0.003828779561445117
-0.003825311316177249
-0.003821848193183541
-0.00381838995963335
-0.003814937081187963
-0.003811489325016737
-0.003808046458289027
-0.003804608248174191
-0.003801175160333514
-0.003797746961936355
-0.003794323885813355
-0.003790905699133873
-0.003787492401897907
-0.003784084692597389
-0.003780681872740388
-0.003777284175157547
-0.003773891599848866
-0.003770503913983703
-0.003767121583223343
-0.0037637441419065
-0.003760371590033174
-0.003757003461942077
-0.003753639757633209
-0.003750280942767859
-0.003746926318854094
-0.003743576118722558
-0.003740230109542608
-0.003736888756975532
-0.003733551828190684
-0.003730219788849354
-0.003726892173290253
-0.003723569214344025
-0.003720251610502601
-0.003716938896104693
-0.003713631303980947
-0.003710329299792647
-0.003707032185047865
-0.003703739959746599
-0.003700453322380781
-0.00369717157445848
-0.003693894715979695
-0.003690623212605715
-0.003687356598675251
-0.00368409464135766
-0.003680837107822299
-0.003677584230899811
-0.003674335544928908
-0.003671090817078948
-0.003667850280180573
-0.003664613934233785
-0.003661382244899869
-0.003658155212178826
-0.003654933534562588
-0.003651716280728579
-0.003648503683507442
-0.003645295742899179
-0.003642092226073146
-0.003638893133029342
-0.003635698463767767
-0.003632507985457778
-0.003629321930930018
-0.003626140067353845
-0.0036229626275599
-0.003619789844378829
-0.003616622183471918
-0.003613459877669811
-0.003610302228480577
-0.003607150632888079
-0.003604004625231028
-0.003600863739848137
-0.003597727743908763
-0.003594596171751618
-0.003591469023376703
-0.00358834583312273
-0.003585226135328412
-0.003582109464332461
-0.003578996285796165
-0.003575885901227593
-0.003572778543457389
-0.003569674445316195
-0.003566573839634657
-0.003563476726412773
-0.003560383804142475
-0.003557295305654407
-0.003554211463779211
-0.003551132744178176
-0.003548059146851301
-0.00354499090462923
-0.003541927551850677
-0.003538869321346283
-0.00353581621311605
-0.003532767994329333
-0.00352972443215549
-0.003526685293763876
-0.003523650579154491
-0.003520620288327336
-0.003517594421282411
-0.003514572745189071
-0.003511555027216673
-0.003508541733026505
-0.003505532862618566
-0.003502527484670281
-0.003499526297673583
-0.003496529534459114
-0.003493536962196231
-0.003490548580884933
-0.003487564623355865
-0.003484584391117096
-0.003481608349829912
-0.003478636732324958
-0.003475669305771589
-0.003472705837339163
-0.003469746327027678
-0.003466790542006493
-0.003463838482275605
-0.003460890147835016
-0.003457946004346013
-0.003455005353316665
-0.003452068427577615
-0.003449135459959507
-0.003446206450462341
-0.003443281399086118
-0.003440360305830836
-0.003437442937865853
-0.003434529295191169
-0.003431619610637426
-0.00342871411703527
-0.003425812348723412
-0.003422914538532495
-0.003420020453631878
-0.003417130559682846
-0.003414243925362825
-0.00341136078350246
-0.003408481134101748
-0.003405604511499405
-0.003402730915695429
-0.00339986034668982
-0.003396993270143867
-0.003394129918888211
-0.003391270758584142
-0.003388416254892945
-0.003385566407814622
-0.003382721915841103
-0.003379882778972387
-0.003377049462869763
-0.003374221501871943
-0.003371398663148284
-0.00336858001537621
-0.003365765791386366
-0.00336295529268682
-0.003360148053616285
-0.003357343375682831
-0.003354541957378387
-0.003351742867380381
-0.003348946571350098
-0.003346153069287539
-0.003343363059684634
-0.003340576775372028
-0.003337794682011008
-0.003335016779601574
-0.003332243533805013
-0.003329475410282612
-0.003326711943373084
-0.003323952900245786
-0.003321198048070073
-0.003318447154015303
-0.003315700218081474
-0.003312956541776657
-0.003310215892270207
-0.003307477803900838
-0.003304741811007261
-0.003302008146420121
-0.00329927634447813
-0.003296546870842576
-0.003293819492682815
-0.003291094908490777
-0.003288373351097107
-0.003285655518993735
-0.003282941412180662
-0.003280231496319175
-0.003277526004239917
-0.003274824703112245
-0.003272128291428089
-0.003269436303526163
-0.003266748739406466
-0.003264065831899643
-0.003261387348175049
-0.00325871235691011
-0.003256041556596756
-0.003253374248743057
-0.003250710666179657
-0.003248050110414624
-0.003245393512770534
-0.003242740407586098
-0.003240091493353248
-0.003237446071580052
-0.003234804607927799
-0.003232167102396488
-0.003229534020647407
-0.00322690443135798
-0.003224278800189495
-0.003221656428650022
-0.003219037549570203
-0.003216421231627464
-0.00321380770765245
-0.003211196511983871
-0.003208587178960443
-0.003205979475751519
-0.003203373635187745
-0.00320076965726912
-0.003198167774826288
-0.003195568453520536
-0.003192972159013152
-0.00319037982262671
-0.003187790745869279
-0.003185206325724721
-0.003182626096531749
-0.00318005052395165
-0.003177479840815067
-0.003174913581460714
-0.003172351745888591
-0.003169794101268053
-0.003167240414768457
-0.003164690686389804
-0.003162144450470805
-0.00315960100851953
-0.003157060826197267
-0.00315452367067337
-0.003151989309117198
-0.00314945844002068
-0.003146931063383818
-0.00314440717920661
-0.003141886787489057
-0.003139369422569871
-0.003136855317279696
-0.003134344471618533
-0.003131837118417025
-0.003129332326352596
-0.003126830793917179
-0.003124332055449486
-0.00312183634378016
-0.003119342727586627
-0.003116851905360818
-0.003114363411441445
-0.003111877012997866
-0.003109392942860723
-0.00310691143386066
-0.003104432951658964
-0.003101957030594349
-0.003099483670666814
-0.003097012871876359
-0.003094545099884272
-0.003092081053182483
-0.00308962119743228
-0.003087165765464306
-0.003084714757278562
-0.00308226840570569
-0.003079826943576336
-0.003077389905229211
-0.003074957756325603
-0.003072530031204224
-0.003070106264203787
-0.003067686222493649
-0.003065269906073809
-0.003062856383621693
-0.003060445189476013
-0.00305803632363677
-0.003055628854781389
-0.003053223015740514
-0.0030508185736835
-0.003048415528610349
-0.003046013880521059
-0.003043613862246275
-0.00304121570661664
-0.003038819413632154
-0.003036425681784749
-0.003034034511074424
-0.003031646367162466
-0.003029261715710163
-0.003026880789548159
-0.003024503355845809
-0.00302212918177247
-0.003019758500158787
-0.003017391311004758
-0.003015027847141027
-0.003012667642906308
-0.003010311629623175
-0.003007958643138409
-0.003005608916282654
-0.003003262681886554
-0.003000920172780752
-0.002998580923303962
-0.002996245631948113
-0.00299391383305192
-0.002991585293784738
-0.002989260014146566
-0.00298693822696805
-0.002984619932249188
-0.002982305362820625
-0.00297999382019043
-0.002977685537189245
-0.002975380048155785
-0.002973076887428761
-0.002970776287838817
-0.002968477550894022
-0.002966181375086308
-0.002963887061923742
-0.002961594145745039
-0.002959303092211485
-0.002957013668492436
-0.002954725874587893
-0.002952439710497856
-0.002950155641883612
-0.002947873901575804
-0.002945594256743789
-0.00294331694021821
-0.002941042417660356
-0.002938770921900868
-0.002936502452939749
-0.002934237476438284
-0.002931975992396474
-0.002929718000814319
-0.002927463967353106
-0.002925214124843478
-0.002922968473285437
-0.002920726547017694
-0.002918488578870893
-0.002916254103183746
-0.002914022654294968
-0.0029117944650352
-0.002909568604081869
-0.002907345071434975
-0.002905123168602586
-0.002902903128415346
-0.002900684950873256
-0.002898468635976315
-0.002896254183724523
-0.002894042059779167
-0.002891832264140248
-0.00288962502963841
-0.002887420589104295
-0.002885218942537904
-0.002883020089939237
-0.002880824264138937
-0.002878631697967649
-0.002876442391425371
-0.002874255878850818
-0.002872072625905275
-0.002869892166927457
-0.00286771496757865
-0.002865540329366922
-0.002863368950784206
-0.002861199667677283
-0.002859033644199371
-0.002856870414689183
-0.002854709979146719
-0.002852551871910691
-0.002850397024303675
-0.002848244737833738
-0.002846095245331526
-0.00284394808113575
-0.002841803012415767
-0.00283966027200222
-0.002837519394233823
-0.002835380379110575
-0.002833242993801832
-0.002831107238307595
-0.002828973345458508
-0.002826840849593282
-0.002824709983542562
-0.002822581445798278
-0.002820455469191074
-0.002818331820890307
-0.002816211665049195
-0.002814094536006451
-0.002811981132254004
-0.002809871919453144
-0.002807766664773226
-0.002805664902552962
-0.002803566865622997
-0.002801472321152687
-0.002799380570650101
-0.002797291846945882
-0.0027952054515481
-0.00279312115162611
-0.00279103871434927
-0.002788958139717579
-0.002786879427731037
-0.002784802345559001
-0.002782727358862758
-0.002780654700472951
-0.002778584137558937
-0.002776515670120716
-0.002774449763819575
-0.002772386418655515
-0.002770325401797891
-0.002768266713246703
-0.002766210818663239
-0.002764157252386212
-0.002762106014415622
-0.002760057570412755
-0.002758010989055037
-0.002755967201665044
-0.002753925509750843
-0.002751886146143079
-0.002749849343672395
-0.002747814636677504
-0.002745782257989049
-0.002743752207607031
-0.002741724485531449
-0.002739698626101017
-0.002737674629315734
-0.002735652728006244
-0.002733632456511259
-0.002731614513322711
-0.002729598199948668
-0.002727584447711706
-0.002725573489442468
-0.002723565092310309
-0.002721559256315231
-0.002719556214287877
-0.002717556431889534
-0.002715560374781489
-0.002713567577302456
-0.002711578039452434
-0.002709591761231422
-0.002707608044147491
-0.002705626888200641
-0.002703647827729583
-0.002701670862734318
-0.002699695993214846
-0.002697722520679235
-0.002695750445127487
-0.00269377906806767
-0.002691809320822358
-0.002689840970560908
-0.002687874250113964
-0.002685909392312169
-0.002683946862816811
-0.00268198736011982
-0.002680030651390553
-0.002678076503798366
-0.002676125848665833
-0.002674178685992956
-0.002672235481441021
-0.002670295303687453
-0.002668358152732253
-0.00266642402857542
-0.002664491999894381
-0.00266256183385849
-0.002660633064806461
-0.002658705692738295
-0.002656780183315277
-0.002654856303706765
-0.002652933821082115
-0.002651012735441327
-0.002649093046784401
-0.00264717498794198
-0.002645259024575353
-0.002643345389515162
-0.002641434315592051
-0.002639525337144732
-0.002637618687003851
-0.002635714365169406
-0.002633812604472041
-0.002631913172081113
-0.002630016300827265
-0.002628121757879853
-0.002626229310408235
-0.00262433965690434
-0.002622452331706882
-0.002620567800477147
-0.002618685597553849
-0.002616805722936988
-0.002614928176626563
-0.002613052725791931
-0.002611179603263736
-0.002609308110550046
-0.002607438247650862
-0.002605570713058114
-0.002603704109787941
-0.00260183890350163
-0.002599974861368537
-0.002598111983388662
-0.002596250735223293
-0.002594390884041786
-0.002592533128336072
-0.002590677700936794
-0.002588824601843953
-0.002586974296718836
-0.002585127018392086
-0.00258328253403306
-0.002581441542133689
-0.002579603344202042
-0.002577768173068762
-0.002575935563072562
-0.002574105514213443
-0.002572277560830116
-0.002570451470091939
-0.002568627009168267
-0.002566804410889745
-0.002564983675256371
-0.002563164569437504
-0.002561347093433142
-0.002559531945735216
-0.002557719359174371
-0.002555908868089318
-0.002554100472480059
-0.002552294405177236
-0.002550490666180849
-0.002548688789829612
-0.002546888776123524
-0.002545090625062585
-0.002543294103816152
-0.002541499445214868
-0.002539706416428089
-0.002537915483117104
-0.002536126645281911
-0.002534339902922511
-0.002532555256038904
-0.002530772937461734
-0.002528992947191
-0.00252721575088799
-0.002525441348552704
-0.002523669274523854
-0.002521899295970798
-0.002520131645724177
-0.002518365858122706
-0.00251660100184381
-0.002514837775379419
-0.00251307524740696
-0.002511313185095787
-0.002509551821276546
-0.002507791388779879
-0.002506031654775143
-0.002504273084923625
-0.002502516144886613
-0.002500761300325394
-0.002499008784070611
-0.002497259294614196
-0.002495512599125504
-0.002493769163265824
-0.002492028521373868
-0.002490290673449636
-0.002488555619493127
-0.002486823126673698
-0.002485092729330063
-0.002483364194631577
-0.002481637755408883
-0.002479913178831339
-0.002478190464898944
-0.002476469380781054
-0.002474749926477671
-0.002473031869158149
-0.00247131590731442
-0.00246960180811584
-0.002467889571562409
-0.002466179197654128
-0.00246447091922164
-0.0024627645034343
-0.00246105995029211
-0.00245935725979507
-0.002457656199112535
-0.002455957001075149
-0.002454259665682912
-0.002452564192935824
-0.002450870350003242
-0.002449178136885166
-0.002447487320750952
-0.002445798367261887
-0.002444111276417971
-0.002442426048219204
-0.002440742449834943
-0.002439060481265187
-0.002437379909679294
-0.002435701433569193
-0.002434024354442954
-0.002432348672300577
-0.002430674387142062
-0.002429001731798053
-0.002427330240607262
-0.002425659913569689
-0.002423991449177265
-0.002422324847429991
-0.002420660108327866
-0.002418997464701533
-0.002417337382212281
-0.002415680093690753
-0.002414026064798236
-0.002412374829873443
-0.002410726388916373
-0.002409080509096384
-0.002407436724752188
-0.002405794803053141
-0.002404154743999243
-0.002402516314759851
-0.00240087928250432
-0.002399243647232652
-0.002397609408944845
-0.00239597586914897
-0.002394343493506312
-0.002392712282016873
-0.002391082933172584
-0.002389454981312156
-0.002387829124927521
-0.002386205364018679
-0.002384583698585629
-0.002382963895797729
-0.002381345722824335
-0.002379728946834803
-0.002378113800659776
-0.002376500051468611
-0.002374887699261308
-0.002373276511207223
-0.002371666254475713
-0.002370057860389352
-0.002368450863286853
-0.002366845728829503
-0.002365242224186659
-0.002363641047850251
-0.002362042432650924
-0.002360446145758033
-0.002358852420002222
-0.002357261022552848
-0.002355672186240554
-0.002354084979742765
-0.002352499635890126
-0.002350916154682636
-0.002349334303289652
-0.002347754081711173
-0.0023461754899472
-0.002344598527997732
-0.002343023428693414
-0.002341449959203601
-0.002339878119528294
-0.002338307909667492
-0.002336739562451839
-0.002335172845050693
-0.002333607291802764
-0.002332042902708054
-0.002330479677766562
-0.002328917849808931
-0.002327356953173876
-0.002325796987861395
-0.002324238186702132
-0.002322680316865444
-0.002321123611181974
-0.002319568069651723
-0.002318014623597264
-0.002316462574526668
-0.00231491238810122
-0.002313364529982209
-0.002311819233000278
-0.002310276031494141
-0.002308735158294439
-0.002307196380570531
-0.002305660396814346
-0.002304126508533955
-0.002302594948559999
-0.00230106501840055
-0.002299536485224962
-0.002298009349033237
-0.002296483842656016
-0.002294959733262658
-0.002293436322361231
-0.002291914075613022
-0.002290392527356744
-0.002288871444761753
-0.002287351060658693
-0.002285831607878208
-0.002284313552081585
-0.002282796893268824
-0.002281282097101212
-0.002279769163578749
-0.002278258325532079
-0.002276750048622489
-0.002275243867188692
-0.002273740014061332
-0.002272238489240408
-0.002270739292725921
-0.002269242191687226
-0.002267747186124325
-0.00226625450886786
-0.002264763228595257
-0.002263273810967803
-0.002261785557493567
-0.002260298701003194
-0.002258813008666039
-0.002257328480482101
-0.00225584558211267
-0.002254363847896457
-0.002252883277833462
-0.002251404104754329
-0.002249926561489701
-0.002248450880870223
-0.002246976597234607
-0.002245503943413496
-0.002244032686576247
-0.002242563059553504
-0.002241095062345266
-0.002239628229290247
-0.00223816279321909
-0.002236698754131794
-0.002235235646367073
-0.00223377370275557
-0.002232312923297286
-0.002230852842330933
-0.00222939345985651
-0.002227935008704662
-0.002226477488875389
-0.00222502090036869
-0.002223565708845854
-0.002222112147137523
-0.002220660215243697
-0.002219210145995021
-0.002217762172222137
-0.002216316293925047
-0.002214872976765037
-0.002213431987911463
-0.002211993327364326
-0.002210556995123625
-0.002209123456850648
-0.002207692014053464
-0.002206262201070786
-0.002204834017902613
-0.002203406998887658
-0.002201981144025922
-0.002200555987656116
-0.002199131995439529
-0.002197708701714873
-0.002196286106482148
-0.002194864442571998
-0.002193443709984422
-0.002192024374380708
-0.002190606668591499
-0.002189190592616796
-0.002187776379287243
-0.002186364028602839
-0.002184953540563583
-0.002183545148000121
-0.002182139083743095
-0.002180734649300575
-0.002179331611841917
-0.002177930204197764
-0.002176530193537474
-0.002175131347030401
-0.00217373319901526
-0.002172335982322693
-0.002170939696952701
-0.002169544110074639
-0.002168149221688509
-0.002166755264624953
-0.002165362238883972
-0.002163970377296209
-0.002162579447031021
-0.002161189913749695
-0.002159802243113518
-0.002158415969461203
-0.002157031558454037
-0.002155649242922664
-0.00215426879003644
-0.002152890199795365
-0.002151513705030084
-0.002150139072909951
-0.002148766303434968
-0.002147395862266421
-0.00214602705091238
-0.002144659636542201
-0.002143293619155884
-0.002141928300261497
-0.002140563679859042
-0.002139199990779161
-0.002137836534529924
-0.002136473078280687
-0.002135110320523381
-0.002133747562766075
-0.002132385270670056
-0.002131024142727256
-0.00212966394610703
-0.002128305612131953
-0.002126948907971382
-0.002125594532117248
-0.002124242251738906
-0.002122892532497644
-0.002121545141562819
-0.002120200078934431
-0.002118857111781836
-0.002117516240105033
-0.002116176765412092
-0.002114838687703013
-0.002113502006977797
-0.002112166024744511
-0.002110830973833799
-0.002109496621415019
-0.002108163665980101
-0.002106831641867757
-0.002105500781908631
-0.00210417085327208
-0.002102842321619391
-0.002101515419781208
-0.002100189914926887
-0.002098865807056427
-0.002097543561831117
-0.002096222480759025
-0.002094902796670794
-0.002093584509566426
-0.002092267386615276
-0.002090951427817345
-0.002089637098833919
-0.002088323934003711
-0.002087011700496078
-0.002085700631141663
-0.002084391191601753
-0.002083082916215062
-0.002081776037812233
-0.002080470556393266
-0.00207916647195816
-0.002077863784506917
-0.002076562726870179
-0.002075263066217303
-0.002073965035378933
-0.002072668401524425
-0.002071372931823134
-0.002070078626275063
-0.002068785950541496
-0.002067494206130505
-0.002066204324364662
-0.002064915606752038
-0.002063628286123276
-0.002062342129647732
-0.002061056904494762
-0.002059772610664368
-0.002058489015325904
-0.002057205885648727
-0.002055923221632838
-0.002054641023278236
-0.002053359523415565
-0.002052078722044826
-0.00205079885199666
-0.002049520146101713
-0.002048242371529341
-0.002046966226771474
-0.002045691944658756
-0.002044419059529901
-0.002043148502707481
-0.002041880041360855
-0.002040613908320665
-0.002039349870756269
-0.002038087695837021
-0.002036827383562922
-0.002035568235442042
-0.002034310484305024
-0.002033053431659937
-0.002031797077506781
-0.002030541654676199
-0.002029286930337548
-0.002028032438829541
-0.002026778645813465
-0.002025525784119964
-0.002024274319410324
-0.002023024018853903
-0.002021775115281343
-0.002020528074353933
-0.002019282663241029
-0.002018039114773273
-0.002016797196120024
-0.00201555690728128
-0.002014318015426397
-0.002013080753386021
-0.002011844655498862
-0.002010609023272991
-0.002009374322369695
-0.002008140319958329
-0.002006906550377607
-0.002005673479288816
-0.0020044413395226
-0.002003210131078959
-0.002001979621127248
-0.002000750042498112
-0.001999522326514125
-0.001998296240344644
-0.001997072016820312
-0.001995850121602416
-0.00199463008902967
-0.001993411919102073
-0.001992194913327694
-0.001990979770198464
-0.001989765558391809
-0.001988552510738373
-0.001987340627238154
-0.001986129675060511
-0.001984919421374798
-0.001983709633350372
-0.001982500543817878
-0.001981292152777314
-0.001980084460228682
-0.001978877931833267
-0.001977672101929784
-0.001976467203348875
-0.001975263468921185
-0.001974060898646712
-0.001972859492525458
-0.001971659017726779
-0.001970459474250674
-0.001969260862097144
-0.001968063414096832
-0.001966866664588451
-0.001965671079233289
-0.001964476425200701
-0.001963282935321331
-0.001962090376764536
-0.001960898982360959
-0.0019597087521106
-0.001958519918844104
-0.001957332482561469
-0.001956146210432053
-0.001954961568117142
-0.001953778089955449
-0.001952595892362297
-0.001951414858922362
-0.001950234523974359
-0.001949054771102965
-0.001947875134646893
-0.001946695614606142
-0.00194551597815007
-0.00194433587603271
-0.001943155191838741
-0.001941974158398807
-0.001940792892128229
-0.001939611276611686
-0.001938429428264499
-0.001937247230671346
-0.001936064567416906
-0.001934881787747145
-0.001933698309585452
-0.001932514016516507
-0.001931328326463699
-0.001930141006596386
-0.001928951358422637
-0.001927758567035198
-0.001926562166772783
-0.001925361575558782
-0.001924155745655298
-0.001922944560647011
-0.001921727205626667
-0.001920503098517656
-0.001919271773658693
-0.001918032881803811
-0.0019167858408764
-0.00191552983596921
-0.001914264052174985
-0.001912987325340509
-0.001911698491312563
-0.001910396036691964
-0.001909078331664205
-0.001907743280753493
-0.001906388904899359
-0.001905013108626008
-0.001903613447211683
-0.001902187243103981
-0.001900732284411788
-0.001899246009998024
-0.001897725858725607
-0.001896169036626816
-0.001894572749733925
-0.001892934204079211
-0.001891249907203019
-0.001889516599476337
-0.00188773067202419
-0.001885888399556279
-0.001883985591121018
-0.001882017822936177
-0.001879980904050171
-0.001877869595773518
-0.001875679008662701
-0.001873403554782271
-0.001871037995442748
-0.001868576160632074
-0.001866012229584157
-0.001863340032286942
-0.001860553398728371
-0.001857645693235099
-0.001854610163718462
-0.001851440290920436
-0.001848129206337035
-0.001844669808633626
-0.001841055229306221
-0.001837278134189546
-0.001833331538364291
-0.001829208573326468
-0.001824902021326125
-0.001820405013859272
-0.001815711031667888
-0.001810813555493951
-0.001805706415325403
-0.001800384023226798
-0.001794840791262686
-0.001789071829989552
-0.001783072948455811
-0.001776840421371162
-0.001770370872691274
-0.001763661741279066
-0.00175671128090471
-0.001749518443830311
-0.001742083113640547
-0.00173440610524267
-0.001726489048451185
-0.001718334853649139
-0.001709947362542152
-0.001701331813819706
-0.00169249449390918
-0.001683442969806492
-0.001674186438322067
-0.001664735027588904
-0.001655100379139185
-0.001645295647904277
-0.001635335036553442
-0.001625234144739807
-0.001615009736269712
-0.001604679855518043
-0.001594263478182256
-0.001583780744113028
-0.001573253073729575
-0.001562702469527721
-0.001552151632495224
-0.001541624427773058
-0.001531145302578807
-0.001520739053376019
-0.001510430709458888
-0.001500245998613536
-0.001490209833718836
-0.001480347360484302
-0.001470683142542839
-0.001461241045035422
-0.001452044351026416
-0.001443114946596324
-0.001434473553672433
-0.001426139380782843
-0.00141813000664115
-0.001410461263731122
-0.001403147005476058
-0.001396198873408139
-0.001389626413583755
-0.001383436727337539
-0.001377634471282363
-0.001372221624478698
-0.001367197604849935
-0.001362559269182384
-0.001358300680294633
-0.001354412990622222
-0.001350884791463614
-0.001347701880149543
-0.001344847725704312
-0.001342303119599819
-0.001340046874247491
-0.001338055822998285
-0.001336304703727365
-0.001334766857326031
-0.001333414460532367
-0.001332218991592526
-0.001331151346676052
-0.001330182421952486
-0.001329282997176051
-0.001328425132669508
-0.001327581703662872
-0.001326727098785341
-0.001325837569311261
-0.001324891578406096
-0.001323870150372386
-0.001322757685557008
-0.001321541261859238
-0.001320211449638009
-0.001318762893788517
-0.001317194080911577
-0.001315507106482983
-0.001313708489760756
-0.001311808940954506
-0.001309823244810104
-0.001307770027779043
-0.0013056721072644
-0.001303555793128908
-0.001301450771279633
-0.001299389870837331
-0.00129740871489048
-0.001295545022003353
-0.001293838955461979
-0.001292331260628998
-0.001291064079850912
-0.001290079904720187
-0.001289420528337359
-0.001289127161726356
-0.001289239851757884
-0.001289796433411539
-0.001290832064114511
-0.001292379107326269
-0.001294466201215982
-0.0012971181422472
-0.001300354953855276
-0.001304192119278014
-0.001308639999479055
-0.001313703367486596
-0.001319382106885314
-0.001325669814832509
-0.001332554966211319
-0.001340020331554115
-0.001348043791949749
-0.00135659787338227
-0.001365649863146245
-0.001375162973999977
-0.001385096460580826
-0.001395405852235854
-0.001406043884344399
-0.00141696073114872
-0.001428104238584638
-0.001439421670511365
-0.001450859243050218
-0.001462362939491868
-0.001473879558034241
-0.001485356595367193
-0.001496743061579764
-0.00150799029506743
-0.001519052078947425
-0.001529884524643421
-0.001540447352454066
-0.001550703542307019
-0.001560619915835559
-0.001570166670717299
-0.001579317962750793
-0.001588051673024893
-0.001596349757164717
-0.001604197430424392
-0.001611583516933024
-0.001618500333279371
-0.001624943222850561
-0.001630910323001444
-0.001636402797885239
-0.001641423790715635
-0.001645978889428079
-0.001650075544603169
-0.001653722720220685
-0.001656931242905557
-0.001659713219851255
-0.001662082155235112
-0.001664052484557033
-0.001665639458224177
-0.001666859956458211
-0.001667731557972729
-0.001668272889219224
-0.001668503973633051
-0.001668445765972137
-0.001668120734393597
-0.001667552627623081
-0.001666766591370106
-0.001665789517574012
-0.001664649811573327
-0.001663377392105758
-0.001662004156969488
-0.001660563168115914
-0.001659088768064976
-0.00165761646348983
-0.001656183041632175
-0.001654825056903064
-0.001653579529374838
-0.001652482780627906
-0.001651570666581392
-0.001650876947678626
-0.001650433521717787
-0.001650269725359976
-0.001650411519221961
-0.001650880789384246
-0.001651695114560425
-0.001652867067605257
-0.001654404099099338
-0.001656307838857174
-0.001658573979511857
-0.001661192043684423
-0.001664145849645138
-0.001667412812821567
-0.001670964993536472
-0.001674768514931202
-0.001678784610703588
-0.001682970207184553
-0.001687278738245368
-0.001691660610958934
-0.001696064020507038
-0.001700436347164214
-0.001704725087620318
-0.001708878669887781
-0.001712847501039505
-0.001716585014946759
-0.001720049069263041
-0.001723202178254724
-0.001726012793369591
-0.001728456234559417
-0.001730514690279961
-0.00173217779956758
-0.001733443001285195
-0.001734315883368254
-0.001734809717163444
-0.00173494522459805
-0.001734750578179955
-0.001734260004013777
-0.001733513665385544
-0.001732556731440127
-0.001731438213028014
-0.001730209682136774
-0.001728924456983805
-0.001727635855786502
-0.00172639696393162
-0.001725258072838187
-0.001724266214296222
-0.001723464578390121
-0.001722890534438193
-0.001722575281746686
-0.001722543383948505
-0.001722811837680638
-0.00172338995616883
-0.001724279136396945
-0.001725473208352923
-0.00172695831861347
-0.001728713512420654
-0.001730711781419814
-0.001732920296490192
-0.001735301688313484
-0.001737814862281084
-0.001740416162647307
-0.001743060769513249
-0.001745703397318721
-0.001748300041072071
-0.001750808209180832
-0.001753189135342836
-0.001755408011376858
-0.001757434918545187
-0.001759245526045561
-0.001760821556672454
-0.001762150903232396
-0.001763228327035904
-0.001764055225066841
-0.001764639280736446
-0.001764994347468019
-0.001765139400959015
-0.001765098655596375
-0.001764900283887982
-0.001764575717970729
-0.001764158485457301
-0.001763683860190213
-0.001763187232427299
-0.001762703293934464
-0.00176226522307843
-0.001761903404258192
-0.001761645311489701
-0.001761514111422002
-0.001761528546921909
-0.001761702704243362
-0.001762044848874211
-0.001762558589689434
-0.001763241831213236
-0.001764087937772274
-0.001765085035003722
-0.001766217639669776
-0.001767466426827013
-0.001768809044733644
-0.001770221162587404
-0.001771677052602172
-0.001773150637745857
-0.001774615840986371
-0.001776047982275486
-0.001777423545718193
-0.001778721809387207
-0.001779924728907645
-0.001781017635948956
-0.001781989471055567
-0.001782833365723491
-0.001783545827493072
-0.001784127904102206
-0.001784584252163768
-0.001784923020750284
-0.001785155734978616
-0.00178529683034867
-0.001785362721420825
-0.001785371452569962
-0.001785342232324183
-0.001785294618457556
-0.001785248052328825
-0.001785221043974161
-0.001785230357199907
-0.001785291358828545
-0.001785416505299509
-0.00178561604116112
-0.001785896834917367
-0.001786262961104512
-0.001786715467460454
-0.001787252142094076
-0.001787867862731218
-0.001788555295206606
-0.001789304660633206
-0.001790104317478836
-0.001790941576473415
-0.001791802584193647
-0.001792672905139625
-0.001793538453057408
-0.001794385607354343
-0.001795201329514384
-0.001795974327251315
-0.001796695054508746
-0.001797355827875435
-0.00179795129224658
-0.001798478304408491
-0.001798936282284558
-0.001799327088519931
-0.001799654681235552
-0.001799924997612834
-0.001800145721063018
-0.001800326397642493
-0.001800476922653615
-0.001800608239136636
-0.001800731406547129
-0.00180085701867938
-0.001800995203666389
-0.001801155391149223
-0.001801345380954444
-0.001801571692340076
-0.001801839098334312
-0.001802150509320199
-0.001802507438696921
-0.001802909537218511
-0.00180335424374789
-0.001803837832994759
-0.00180435529910028
-0.001804900588467717
-0.00180546659976244
-0.001806045765988529
-0.001806630403734744
-0.001807212713174522
-0.001807785243727267
-0.001808341592550278
-0.001808876055292785
-0.001809383742511272
-0.001809861627407372
-0.001810307730920613
-0.001810721587389708
-0.001811104826629162
-0.001811460009776056
-0.001811791094951332
-0.001812103437259793
-0.001812403090298176
-0.001812696806155145
-0.001812991802580655
-0.001813295646570623
-0.00181361532304436
-0.001813957816921175
-0.00181432964745909
-0.001814736286178231
-0.001815182622522116
-0.001815672381781042
-0.001816208474338055
-0.001816792762838304
-0.001817426178604364
-0.001818109070882201
-0.001818840391933918
-0.00181961921043694
-0.001820443314500153
-0.001821311190724373
-0.001822220627218485
-0.001823169994167984
-0.001824158127419651
-0.001825184095650911
-0.00182624813169241
-0.001827351399697363
-0.001828495529480278
-0.00182968401350081
-0.001830920809879899
-0.001832211273722351
-0.001833561924286187
-0.001834979746490717
-0.001836472889408469
-0.001838049502111971
-0.001839718664996326
-0.001841488876380026
-0.001843369216658175
-0.001845368184149265
