0
0
0
0
0
0
0
0
0
0
0
0
0
0
0
0
0
0
0
0
0
0
0
0
0
0
0
0
0
0
0
0
0
0
0
0
0
0
0
0
0
0
0
0
0
0
0
0
0
0
0
0
0
0
0
0
0
0
0
0
0
0
0
0
0
0
0
0
0
0
0
0
0
0
0
0
0
0
0
0
0
0
0
0
0
0
0
0
0
0
0
0
0
0
0
0
0
0
0
0
0
0
0
0
0
0
0
0
0
0
0
0
0
0
0
0
0
0
0
0
0
0
0
0
0
0
0
0
0
0
0
0
0
0
0
0
0
0
0
0
0
0
0
0
0
0
0
0
0
0
0
0
0
0
0
0
0
0
0
0
0
0
0
0
0
0
0
0
0
0
0
0
0
0
0
0
0
0
0
0
0
0
0
0
0
0
0
0
0
0
0
0
0
0
0
0
0
0
0
0
0
0
0
0
0
0
0
0
0
0
0
0
0
0
0
0
0
0
0
0
0
0
0
0
0
0
0
0
0
0
0
0
0
0
0
0
0
0
0
0
0
0
0
0
0
0
0
0
0
0
0
0
0
0
0
0
0
0
0
0
0
0
0
0
0
0
0
0
0
0
0
0
0
0
0
0
0
0
0
0
0
0
0
0
0
0
0
0
0
0
0
0
0
0
0
0
0
0
0
0
0
0
0
0
0
0
0
0
0
0
0
0
0
0
0
0
0
0
0
0
0
0
0
0
0
0
0
0
0
0
0
0
0
0
0
0
0
0
0
0
0
0
0
0
0
0
0
0
0
0
0
0
0
0
0
0
0
0
0
0
0
0
0
0
0
0
0
0
0
0
0
0
0
0
0
0
0
0
0
0
0
0
0
0
0
0
0
0
0
0
0
0
0
0
0
0
0
0
0
0
0
0
0
0
0
0
0
0
0
0
0
0
0
0
0
0
0
0
0
0
0
0
0
0
0
0
0
0
0
0
0
0
0
0
0
0
0
0
0
0
0
0
0
0
0
0
0
0
0
0
0
0
0
0
0
0
0
0
0
0
0
0
0
0
0
0
0
0
0
0
0
0
0
0
0
0
0
0
0
0
0
0
0
0
0
0
0
0
0
0
0
0
0
0
0
0
0
0
0
0
0
0
0
0
0
0
0
0
0
0
0
0
0
0
0
0
0
0
0
0
0
0
0
0
0
0
0
0
0
0
0
0
0
0
0
0
0
0
0
0
0
0
0
0
0
0
0
0
0
0
0
0
0
0
0
0
0
0
0
0
0
0
0
0
0
0
0
0
0
0
0
0
0
0
0
0
0
0
0
0
0
7.006492321624085e-45
2.101947696487226e-44
5.605193857299268e-44
1.401298464324817e-43
3.29305139116332e-43
7.35681693770529e-43
1.600282846258941e-42
3.48502928077582e-42
7.558603916568063e-42
1.633073230324142e-41
3.513615769448046e-41
7.528616129431512e-41
1.606812897102695e-40
3.41535672112959e-40
7.230139556530326e-40
1.524405337012681e-39
3.201168250857542e-39
6.69549935083955e-39
1.394874351644966e-38
2.894504171288999e-38
5.982871258884707e-38
1.231828566957934e-37
2.526414902211979e-37
5.161569668424546e-37
1.050485882487172e-36
2.129798245626764e-36
4.301649256380937e-36
8.65542017908523e-36
1.735026648461479e-35
3.46495126113953e-35
6.893965570716885e-35
1.366564069886238e-34
2.698905182951721e-34
5.310676387971259e-34
1.041176029648098e-33
2.033846754277453e-33
3.958580449491735e-33
7.677066912511987e-33
1.483518833396646e-32
2.856536789712181e-32
5.480784728505545e-32
1.047873750339954e-31
1.996389545973264e-31
3.790169710144448e-31
7.170606288179837e-31
1.351896932428717e-30
2.539969448962996e-30
4.755727775856206e-30
8.873923087238858e-30
1.650178153752133e-29
3.058221172658611e-29
5.648537063475234e-29
1.039772502823239e-28
1.907576313499712e-28
3.487971073963302e-28
6.356486040613893e-28
1.15457034975686e-27
2.090203487144706e-27
3.771614862083611e-27
6.78332247935815e-27
1.216016297223359e-26
2.172819834338893e-26
3.869910320510851e-26
6.870307336407993e-26
1.215780101174979e-25
2.144581726234771e-25
3.77089145198162e-25
6.609438553881907e-25
1.154806280797279e-24
2.011327490036258e-24
3.492130638523733e-24
6.044174553004228e-24
1.042862599332961e-23
1.79376525328873e-23
3.075793913005692e-23
5.257829246323876e-23
8.960204647838306e-23
1.52228533607965e-22
2.578370537916e-22
4.353816989481432e-22
7.329507861493688e-22
1.230165397089103e-21
2.05845066734493e-21
3.43407585593084e-21
5.711836418249943e-21
9.472009651427774e-21
1.566076496822212e-20
2.581619544226776e-20
4.24310470079973e-20
6.953305432280039e-20
1.136105558724705e-19
1.850842728475483e-19
3.006405255418054e-19
4.869184200132678e-19
7.863195446541332e-19
1.266133827374066e-18
2.03283089013964e-18
3.254373168449773e-18
5.194948604871374e-18
8.268870461536326e-18
1.312397315251121e-17
2.077025702702276e-17
3.277772991285072e-17
5.15797669205852e-17
8.093686346379028e-17
1.266434825991265e-16
1.976021192732488e-16
3.07450698768666e-16
4.770208449876849e-16
7.3803987103561e-16
1.138690425553834e-15
1.751932644366173e-15
2.687928403279408e-15
4.112529188585656e-15
6.274712076559082e-15
9.547166693552132e-15
1.448616413998217e-14
2.191961178267098e-14
3.307616563996175e-14
4.97739971797289e-14
7.469594604306296e-14
1.117894229333942e-13
1.668459749699924e-13
2.483384591717153e-13
3.686272749721387e-13
5.456925601492191e-13
8.056149063823126e-13
1.186117285119359e-12
1.741606858729483e-12
2.550331907463788e-12
3.724507681435174e-12
5.424606944193222e-12
7.879459237858377e-12
1.141444144064918e-11
1.64909041283634e-11
2.376112848145873e-11
3.414473218055214e-11
4.893456473364921e-11
6.994298890061756e-11
9.970346770415972e-11
1.417473222131704e-10
2.00982883113987e-10
2.842128754565465e-10
4.008388065912527e-10
5.638166600263617e-10
7.909497501401574e-10
1.106632452341216e-09
1.544194550007205e-09
2.14904405382299e-09
2.982866176282073e-09
4.129217412440767e-09
5.700955263421292e-09
7.850070815607069e-09
1.078067501936175e-08
1.476606925621127e-08
2.017113764907208e-08
2.748162586385661e-08
3.734228570806408e-08
5.06064345984214e-08
6.840009802999703e-08
9.220480023941491e-08
1.239640425865218e-07
1.662198769736278e-07
2.222872836910028e-07
2.96476343919494e-07
3.943743251966225e-07
5.232021749179694e-07
6.922642796780565e-07
9.135132472692931e-07
1.202256839860638e-06
1.57803970068926e-06
2.065740318357712e-06
2.696927595025045e-06
3.511536533551407e-06
4.559927674563369e-06
5.905408215767238e-06
7.627309059898835e-06
9.82472556643188e-06
1.262103978660889e-05
1.616938607185148e-05
2.065919761662371e-05
2.63240399362985e-05
3.345094592077658e-05
4.239147165208124e-05
5.357475674827583e-05
6.752285116817802e-05
8.486863953294232e-05
0.0001063767049345188
0.0001329674851149321
0.0001657451066421345
0.0002060291881207377
0.0002553912054281682
0.0003156955935992301
0.0003891459782607853
0.0004783367912750691
0.0005863108090125024
0.0007166224531829357
0.0008734069997444749
0.001061455579474568
0.001286295242607594
0.001554275513626635
0.001872657099738717
0.00224970537237823
0.002694786060601473
0.003218458034098148
0.003832567716017365
0.004550336860120296
0.005386441480368376
0.006357079371809959
0.007480024825781584
0.008774656802415848
0.0102619668468833
0.01196453534066677
0.01390646677464247
0.0161132849752903
0.01861177943646908
0.02142979390919209
0.024595957249403
0.02813934907317162
0.03208908438682556
0.0364738330245018
0.0413212850689888
0.04665748402476311
0.05250616744160652
0.05888796225190163
0.06581959128379822
0.07331298291683197
0.08137436956167221
0.09000340104103088
0.09919217973947525
0.1089244484901428
0.1191747710108757
0.1299078464508057
0.1410779356956482
0.1526284217834473
0.1644916087388992
0.1765888333320618
0.1888307482004166
0.2011179327964783
0.2133418321609497
0.2253859788179398
0.2371277660131454
0.248440220952034
0.2591944336891174
0.2692620158195496
0.2785180509090424
0.2868439555168152
0.2941307127475739
0.3002818822860718
0.3052168786525726
0.3088738322257996
0.3112119436264038
0.3122142255306244
0.3118888735771179
0.3102706372737885
0.3074213862419128
0.3034296333789825
0.2984098494052887
0.2925004363059998
0.2858610153198242
0.2786692976951599
0.2711166143417358
0.2634033560752869
0.2557337284088135
0.2483100891113281
0.2413271814584732
0.2349663078784943
0.2293897569179535
0.2247355878353119
0.2211131602525711
0.2185992747545242
0.2172354459762573
0.2170262336730957
0.2179388552904129
0.2199040204286575
0.2228182256221771
0.2265472412109375
0.23093082010746
0.2357885241508484
0.2409263998270035
0.2461442649364471
0.2512432634830475
0.2560337781906128
0.260342538356781
0.2640195786952972
0.2669439315795898
0.26902836561203
0.2702225744724274
0.2705147862434387
0.2699315845966339
0.2685362696647644
0.2664253115653992
0.2637233734130859
0.2605771720409393
0.2571482360363007
0.2536051273345947
0.250115305185318
0.2468371093273163
0.2439124286174774
0.2414600551128387
0.2395705133676529
0.2383020669221878
0.237678661942482
0.2376895546913147
0.2382905334234238
0.2394071966409683
0.2409394085407257
0.2427670955657959
0.2447570711374283
0.2467701882123947
0.2486687451601028
0.2503235936164856
0.2516205012798309
0.252465546131134
0.2527891099452972
0.2525483965873718
0.2517282962799072
0.2503405511379242
0.2484215795993805
0.24602872133255
0.2432354688644409
0.2401260137557983
0.236789345741272
0.2333133369684219
0.2297793477773666
0.2262574583292007
0.2228028178215027
0.2194531559944153
0.2162277549505234
0.2131277471780777
0.2101379036903381
0.2072293609380722
0.2043635100126266
0.201496422290802
0.1985835880041122
0.195584625005722
0.1924675554037094
0.1892123967409134
0.1858138144016266
0.1822825372219086
0.1786456257104874
0.1749453395605087
0.1712370067834854
0.1675857156515121
0.1640622913837433
0.1607388257980347
0.1576839536428452
0.1549583375453949
0.152610570192337
0.1506738662719727
0.1491637527942657
0.1480767279863358
0.147390216588974
0.1470637768507004
0.1470412611961365
0.1472539454698563
0.1476244181394577
0.1480709761381149
0.148512065410614
0.1488706469535828
0.1490783095359802
0.1490786075592041
0.1488296538591385
0.1483057737350464
0.1474981606006622
0.1464145481586456
0.1450779289007187
0.1435243487358093
0.1418003290891647
0.1399595588445663
0.1380594968795776
0.1361578702926636
0.1343094259500504
0.132563054561615
0.1309593468904495
0.129528820514679
0.1282909363508224
0.1272535920143127
0.126413494348526
0.1257570683956146
0.1252618432044983
0.1248984038829803
0.1246325001120567
0.1244272664189339
0.1242455765604973
0.1240521743893623
0.1238155961036682
0.1235097646713257
0.1231151595711708
0.1226195842027664
0.1220183670520782
0.1213142275810242
0.1205166652798653
0.1196409240365028
0.1187067329883575
0.1177368089556694
0.1167552396655083
0.1157858446240425
0.114850677549839
0.1139686480164528
0.1131544411182404
0.1124177128076553
0.111762709915638
0.1111882254481316
0.1106879711151123
0.1102512329816818
0.1098638325929642
0.1095093488693237
0.1091703772544861
0.1088298335671425
0.1084722429513931
0.1080847904086113
0.1076581552624702
0.1071870550513268
0.1066704392433167
0.1061113327741623
0.1055164262652397
0.1048952713608742
0.1042594313621521
0.1036213487386703
0.1029933020472527
0.1023863777518272
0.101809598505497
0.1012692227959633
0.1007684245705605
0.1003071293234825
0.09988222271203995
0.0994880199432373
0.09911686927080154
0.0987599790096283
0.09840825200080872
0.09805312752723694
0.09768733382225037
0.09730547666549683
0.09690437465906143
0.09648323804140091
0.09604356437921524
0.09558886289596558
0.09512416273355484
0.09465542435646057
0.09418891370296478
0.09373055398464203
0.09328534454107285
0.0928569957613945
0.09244757890701294
0.09205745905637741
0.09168541431427002
0.09132879972457886
0.09098401665687561
0.09064680337905884
0.09031285345554352
0.0899781659245491
0.08963949233293533
0.08929454535245895
0.08894218504428864
0.08858247846364975
0.08821654319763184
0.08784635365009308
0.08747449517250061
0.08710375428199768
0.08673689514398575
0.08637628704309464
0.08602371066808701
0.08568018674850464
0.08534596115350723
0.08502054214477539
0.0847027525305748
0.08439098298549652
0.08408337086439133
0.08377805352210999
0.0834733247756958
0.08316785097122192
0.08286078274250031
0.08255177736282349
0.08224102109670639
0.08192913979291916
0.0816170871257782
0.08130596578121185
0.08099694550037384
0.08069107681512833
0.08038920909166336
0.08009186387062073
0.07979922741651535
0.07951118797063828
0.07922730594873428
0.07894696295261383
0.07866940647363663
0.0783938467502594
0.07811959832906723
0.07784610986709595
0.0775730088353157
0.07730016112327576
0.07702764868736267
0.07675568014383316
0.07648465037345886
0.076214998960495
0.07594716548919678
0.07568153738975525
0.07541839778423309
0.07515791803598404
0.07490012049674988
0.07464491575956345
0.07439209520816803
0.07414139807224274
0.0738924965262413
0.07364512234926224
0.07339900732040405
0.07315398752689362
0.07290995121002197
0.07266686856746674
0.07242480665445328
0.07218388468027115
0.07194424420595169
0.07170606404542923
0.07146947085857391
0.0712345764040947
0.07100144773721695
0.07077011466026306
0.07054052501916885
0.07031259685754776
0.07008624821901321
0.06986134499311447
0.06963777542114258
0.06941544264554977
0.06919427216053009
0.06897421926259995
0.06875527650117874
0.06853743642568588
0.06832075864076614
0.06810528039932251
0.06789107620716095
0.06767816841602325
0.06746657937765121
0.06725633889436722
0.06704743206501007
0.06683982163667679
0.06663348525762558
0.06642839312553406
0.06622448563575745
0.06602173298597336
0.06582008302211761
0.06561950594186783
0.06541997939348221
0.06522151082754135
0.06502409279346466
0.06482774019241333
0.06463246792554855
0.06443827599287033
0.06424517929553986
0.06405315548181534
0.06386222690343857
0.06367238610982895
0.06348361819982529
0.06329589337110519
0.06310918927192688
0.06292348355054855
0.06273876130580902
0.06255500018596649
0.06237218528985977
0.06219029426574707
0.06200931966304779
0.06182925775647163
0.06165009737014771
0.06147183477878571
0.06129444763064384
0.06111792474985123
0.06094224750995636
0.06076737865805626
0.06059328094124794
0.06041992083191872
0.0602472610771656
0.06007522717118263
0.05990375578403473
0.05973276495933533
0.05956216156482697
0.05939183756709099
0.05922166630625725
0.0590515024960041
0.05888117104768753
0.05871046707034111
0.05853914469480515
0.05836691334843636
0.05819343030452728
0.0580182820558548
0.0578409880399704
0.05766098946332932
0.05747763812541962
0.05729016289114952
0.05709768459200859
0.05689917877316475
0.05669345334172249
0.05647913366556168
0.05625464767217636
0.05601818114519119
0.05576765537261963
0.05550070479512215
0.05521465092897415
0.0549064464867115
0.05457263812422752
0.05420932918787003
0.05381216481328011
0.05337624624371529
0.05289610847830772
0.05236567556858063
0.05177820473909378
0.05112626776099205
0.05040168017148972
0.04959548637270927
0.04869792610406876
0.04769838601350784
0.04658540338277817
0.04534662887454033
0.04396884143352509
0.04243795946240425
0.04073907062411308
0.03885646164417267
0.0367736853659153
0.03447366505861282
0.03193875774741173
0.02915094047784805
0.0260919239372015
0.02274336293339729
0.0190870501101017
0.01510517857968807
0.01078060269355774
0.006097139324992895
0.001039900118485093
-0.004404356703162193
-0.01024684682488441
-0.01649636961519718
-0.02315890043973923
-0.03023717738687992
-0.03773028403520584
-0.04563324898481369
-0.05393663793802261
-0.06262621283531189
-0.07168257236480713
-0.08108087629079819
-0.09079062193632126
-0.1007755100727081
-0.1109933257102966
-0.1213959753513336
-0.1319295912981033
-0.1425347477197647
-0.1531468331813812
-0.1636965274810791
-0.1741103529930115
-0.1843114793300629
-0.1942204982042313
-0.2037564516067505
-0.2128379940986633
-0.2213844805955887
-0.2293174564838409
-0.2365618944168091
-0.2430476397275925
-0.248711034655571
-0.2534961998462677
-0.257356584072113
-0.260256290435791
-0.2621714174747467
-0.2630909085273743
-0.2630178332328796
-0.2619698345661163
-0.259979635477066
-0.2570952177047729
-0.2533797323703766
-0.2489107251167297
-0.2437795251607895
-0.2380897998809814
-0.2319560199975967
-0.2255014926195145
-0.2188560515642166
-0.2121535241603851
-0.2055288255214691
-0.1991151124238968
-0.1930405795574188
-0.1874253749847412
-0.1823785454034805
-0.1779952049255371
-0.1743538081645966
-0.1715139746665955
-0.1695144027471542
-0.1683717221021652
-0.1680795550346375
-0.1686082929372787
-0.1699055731296539
-0.1718974262475967
-0.1744899153709412
-0.1775715500116348
-0.1810162514448166
-0.1846867650747299
-0.1884383708238602
-0.1921230852603912
-0.1955938786268234
-0.1987090706825256
-0.201336458325386
-0.2033573240041733
-0.2046699970960617
-0.2051929980516434
-0.2048676013946533
-0.2036594450473785
-0.2015597820281982
-0.1985854208469391
-0.1947783082723618
-0.1902038902044296
-0.1849489510059357
-0.1791185438632965
-0.1728324592113495
-0.1662210673093796
-0.1594208925962448
-0.1525700092315674
-0.1458034068346024
-0.1392485052347183
-0.1330210566520691
-0.1272214651107788
-0.1219318956136703
-0.1172139868140221
-0.1131074950098991
-0.1096298098564148
-0.1067763566970825
-0.1045219004154205
-0.1028225868940353
-0.1016187742352486
-0.1008383631706238
-0.1004005372524261
-0.100219763815403
-0.1002098172903061
-0.1002876237034798
-0.1003768742084503
-0.100411057472229
-0.1003359332680702
-0.100111298263073
-0.09971195459365845
-0.09912779182195663
-0.0983632504940033
-0.0974358543753624
-0.09637419879436493
-0.09521542489528656
-0.09400227665901184
-0.09278000891208649
-0.09159324318170547
-0.09048295021057129
-0.0894838348031044
-0.08862213045358658
-0.08791396766901016
-0.08736445009708405
-0.08696739375591278
-0.08670587837696075
-0.08655336499214172
-0.08647548407316208
-0.08643224090337753
-0.08638066053390503
-0.08627752959728241
-0.08608221262693405
-0.085759237408638
-0.08528062701225281
-0.08462773263454437
-0.08379253000020981
-0.08277823030948639
-0.08159922063350677
-0.08028028905391693
-0.07885527610778809
-0.07736510783433914
-0.07585541903972626
-0.07437389343976974
-0.07296743243932724
-0.07167945057153702
-0.07054729759693146
-0.06960007548332214
-0.06885698437690735
-0.0683261975646019
-0.06800445914268494
-0.06787735223770142
-0.06792017817497253
-0.06809954345226288
-0.06837533414363861
-0.06870316714048386
-0.06903699785470963
-0.06933183968067169
-0.06954632699489594
-0.06964507699012756
-0.06960063427686691
-0.06939490139484406
-0.06901997327804565
-0.0684783086180687
-0.06778234243392944
-0.06695345044136047
-0.06602037698030472
-0.06501732766628265
-0.06398171186447144
-0.06295175850391388
-0.06196416169404984
-0.06105189397931099
-0.06024232879281044
-0.05955571681261063
-0.05900422483682632
-0.05859150364995003
-0.05831276997923851
-0.05815546587109566
-0.05810035020112991
-0.05812299624085426
-0.0581955760717392
-0.05828877165913582
-0.05837369337677956
-0.0584237352013588
-0.05841616913676262
-0.05833342671394348
-0.05816399306058884
-0.05790282413363457
-0.05755140259861946
-0.05711724981665611
-0.05661313980817795
-0.0560559555888176
-0.05546534806489944
-0.05486224964261055
-0.05426741018891335
-0.05369998142123222
-0.05317630991339684
-0.05270896852016449
-0.05230613425374031
-0.05197124555706978
-0.05170305445790291
-0.0514959879219532
-0.05134078487753868
-0.05122537165880203
-0.05113587900996208
-0.05105771869421005
-0.05097668245434761
-0.05087990313768387
-0.05075668916106224
-0.05059916526079178
-0.05040265247225761
-0.05016577616333961
-0.04989036545157433
-0.04958110675215721
-0.04924499616026878
-0.04889067262411118
-0.04852766543626785
-0.04816563427448273
-0.04781362041831017
-0.04747944325208664
-0.04716915637254715
-0.04688674956560135
-0.04663396626710892
-0.04641033709049225
-0.04621336236596107
-0.04603886976838112
-0.04588142037391663
-0.04573484510183334
-0.04559275135397911
-0.04544904828071594
-0.04529839381575584
-0.04513654112815857
-0.04496060684323311
-0.04476919025182724
-0.04456235095858574
-0.04434150829911232
-0.04410923644900322
-0.04386894032359123
-0.04362452775239944
-0.04338005930185318
-0.04313942044973373
-0.04290598630905151
-0.04268240556120872
-0.04247044399380684
-0.04227089136838913
-0.04208359867334366
-0.04190753027796745
-0.04174094274640083
-0.04158157855272293
-0.0414268933236599
-0.0412742905318737
-0.04112133756279945
-0.04096595570445061
-0.04080657288432121
-0.04064220562577248
-0.04047248885035515
-0.04029767215251923
-0.04011852294206619
-0.03993622958660126
-0.03975226730108261
-0.039568230509758
-0.03938569873571396
-0.03920609131455421
-0.03903055936098099
-0.03885990008711815
-0.03869453445076942
-0.03853446990251541
-0.03837936744093895
-0.03822857514023781
-0.03808122873306274
-0.03793631866574287
-0.03779282793402672
-0.03764979913830757
-0.03750643134117126
-0.03736211359500885
-0.03721648082137108
-0.03706942498683929
-0.03692106157541275
-0.03677172586321831
-0.03662189468741417
-0.0364721491932869
-0.03632310032844543
-0.03617532551288605
-0.03602933511137962
-0.0358855240046978
-0.03574413061141968
-0.03560522943735123
-0.03546875715255737
-0.0353345088660717
-0.03520218282938004
-0.03507140278816223
-0.03494178131222725
-0.03481294587254524
-0.03468456491827965
-0.03455637767910957
-0.03442822396755219
-0.03430002555251122
-0.03417181223630905
-0.03404369577765465
-0.03391584008932114
-0.03378845006227493
-0.03366175666451454
-0.03353597596287727
-0.03341129049658775
-0.03328784182667732
-0.03316571190953255
-0.03304493427276611
-0.03292546421289444
-0.03280721977353096
-0.03269008174538612
-0.03257391229271889
-0.03245855122804642
-0.03234386444091797
-0.03222973272204399
-0.03211605921387672
-0.03200279548764229
-0.03188991919159889
-0.03177745267748833
-0.03166543692350388
-0.03155393898487091
-0.031443040817976
-0.03133282065391541
-0.03122334741055965
-0.03111468069255352
-0.03100685589015484
-0.03089988604187965
-0.03079376369714737
-0.03068846091628075
-0.0305839367210865
-0.03048013709485531
-0.03037700802087784
-0.03027449175715446
-0.03017253801226616
-0.03007110953330994
-0.02997018210589886
-0.02986974082887173
-0.0297697875648737
-0.02967033721506596
-0.02957141026854515
-0.02947302907705307
-0.0293752234429121
-0.02927801385521889
-0.02918141521513462
-0.0290854386985302
-0.02899008616805077
-0.02889534831047058
-0.02880121394991875
-0.02870767004787922
-0.02861469425261021
-0.02852226607501507
-0.02843036316335201
-0.0283389613032341
-0.02824804931879044
-0.02815761975944042
-0.02806766144931316
-0.02797817625105381
-0.02788916416466236
-0.02780063264071941
-0.02771259285509586
-0.02762504294514656
-0.0275379903614521
-0.02745143510401249
-0.02736538089811802
-0.02727982215583324
-0.02719475887715816
-0.02711017988622189
-0.02702607773244381
-0.02694244496524334
-0.02685927227139473
-0.02677654847502708
-0.02669426612555981
-0.0266124177724123
-0.02653099596500397
-0.02645000070333481
-0.02636942826211452
-0.02628927677869797
-0.02620954811573029
-0.02613024041056633
-0.02605135552585125
-0.02597289346158504
-0.02589485049247742
-0.02581722661852837
-0.02574001625180244
-0.02566321566700935
-0.02558681927621365
-0.02551082335412502
-0.02543522231280804
-0.02536001615226269
-0.02528519742190838
-0.02521076425909996
-0.02513671107590199
-0.0250630360096693
-0.02498973533511162
-0.02491680905222893
-0.02484425716102123
-0.02477207407355309
-0.02470025606453419
-0.02462880499660969
-0.02455771900713444
-0.02448699437081814
-0.02441662922501564
-0.02434661984443665
-0.02427695877850056
-0.02420764788985252
-0.0241386815905571
-0.02407005801796913
-0.02400177344679832
-0.02393382787704468
-0.02386621572077274
-0.02379893511533737
-0.02373198233544827
-0.02366535924375057
-0.02359906025230885
-0.02353308722376823
-0.02346743457019329
-0.02340210042893887
-0.02333708666265011
-0.02327238582074642
-0.02320799976587296
-0.02314392663538456
-0.02308015897870064
-0.02301669679582119
-0.02295353636145592
-0.02289067767560482
-0.02282811515033245
-0.02276585064828396
-0.0227038785815239
-0.02264220081269741
-0.02258081547915936
-0.02251972258090973
-0.02245891653001308
-0.02239839546382427
-0.02233815565705299
-0.0222781989723444
-0.02221851982176304
-0.02215911634266376
-0.02209998853504658
-0.02204113267362118
-0.02198254875838757
-0.02192423492670059
-0.02186618931591511
-0.02180841192603111
-0.02175089903175831
-0.02169364877045155
-0.02163665927946568
-0.02157993242144585
-0.02152346447110176
-0.02146725170314312
-0.02141129411756992
-0.02135558612644672
-0.02130012959241867
-0.02124492079019547
-0.02118995785713196
-0.02113524079322815
-0.02108076587319374
-0.02102653682231903
-0.02097254619002342
-0.02091879583895206
-0.02086528763175011
-0.02081201411783695
-0.0207589752972126
-0.02070617116987705
-0.02065359801054001
-0.02060125581920147
-0.02054914087057114
-0.02049725502729416
-0.02044559270143509
-0.02039415575563908
-0.02034294418990612
-0.02029195427894592
-0.02024118788540363
-0.02019064128398895
-0.02014030702412128
-0.02009019255638123
-0.02004029043018818
-0.01999060064554214
-0.01994112320244312
-0.01989185437560081
-0.01984279602766037
-0.01979394815862179
-0.01974530890583992
-0.01969687454402447
-0.01964864321053028
-0.01960061118006706
-0.01955278217792511
-0.01950515247881413
-0.01945772394537926
-0.01941049285233021
-0.01936346106231213
-0.01931662857532501
-0.01926998980343342
-0.0192235428839922
-0.01917728409171104
-0.01913121901452541
-0.01908534206449986
-0.01903965324163437
-0.01899415627121925
-0.01894884370267391
-0.01890371553599834
-0.0188587736338377
-0.01881401799619198
-0.01876944489777088
-0.01872505433857441
-0.01868084818124771
-0.01863682083785534
-0.01859297044575214
-0.01854929327964783
-0.01850579306483269
-0.01846246607601643
-0.01841931231319904
-0.01837632805109024
-0.01833351515233517
-0.01829087361693382
-0.01824840158224106
-0.01820609904825687
-0.01816396042704582
-0.01812199130654335
-0.01808018982410431
-0.01803855039179325
-0.01799707673490047
-0.01795576699078083
-0.01791462115943432
-0.01787363737821579
-0.01783280819654465
-0.01779213920235634
-0.01775163039565086
-0.01771127805113792
-0.01767108030617237
-0.0176310371607542
-0.01759114861488342
-0.01755141653120518
-0.01751183718442917
-0.01747241243720055
-0.01743314042687416
-0.01739402115345001
-0.01735505275428295
-0.01731623336672783
-0.0172775611281395
-0.0172390379011631
-0.01720066368579865
-0.01716243475675583
-0.01712435111403465
-0.01708641462028027
-0.01704861782491207
-0.01701096445322037
-0.01697345077991486
-0.01693607680499554
-0.01689884066581726
-0.01686174608767033
-0.01682478934526443
-0.01678796857595444
-0.01675128564238548
-0.01671473868191242
-0.0166783295571804
-0.01664205454289913
-0.01660591550171375
-0.01656991057097912
-0.01653403975069523
-0.01649830304086208
-0.01646269671618938
-0.01642721891403198
-0.01639186963438988
-0.01635664887726307
-0.01632155478000641
-0.01628658547997475
-0.01625174283981323
-0.01621702685952187
-0.0161824356764555
-0.01614796929061413
-0.01611362770199776
-0.01607941277325153
-0.01604532450437546
-0.01601136103272438
-0.01597752049565315
-0.01594380475580692
-0.01591020636260509
-0.01587673090398312
-0.01584337651729584
-0.01581013761460781
-0.01577701605856419
-0.01574401184916496
-0.01571112312376499
-0.01567834801971912
-0.01564568653702736
-0.01561314240098
-0.01558071374893188
-0.0155484015122056
-0.0155162001028657
-0.01548411324620247
-0.01545213907957077
-0.0154202776029706
-0.01538852881640196
-0.0153568908572197
-0.01532536558806896
-0.01529395021498203
-0.01526264380663633
-0.01523144543170929
-0.01520035415887833
-0.01516936998814344
-0.01513849198818207
-0.01510772109031677
-0.01507705543190241
-0.0150464940816164
-0.0150160389021039
-0.01498568896204233
-0.01495544333010912
-0.01492530200630426
-0.01489526312798262
-0.01486532762646675
-0.01483549457043409
-0.01480576302856207
-0.01477613020688295
-0.0147465979680419
-0.01471716538071632
-0.01468783058226109
-0.01465859357267618
-0.01462945435196161
-0.01460041105747223
-0.01457146368920803
-0.01454261410981417
-0.01451385952532291
-0.01448520366102457
-0.01445664279162884
-0.01442817691713572
-0.01439980510622263
-0.01437152922153473
-0.01434334740042686
-0.01431525871157646
-0.0142872640863061
-0.01425936073064804
-0.01423154957592487
-0.01420382782816887
-0.01417619735002518
-0.0141486581414938
-0.01412120740860701
-0.0140938451513648
-0.01406657230108976
-0.01403938978910446
-0.01401229668408632
-0.01398529205471277
-0.01395837683230639
-0.01393155101686716
-0.0139048108831048
-0.01387815736234188
-0.0138515904545784
-0.01382510736584663
-0.01379870995879173
-0.01377239637076855
-0.01374616473913193
-0.01372001692652702
-0.01369395386427641
-0.01366797368973494
-0.0136420764029026
-0.01361626200377941
-0.01359053049236536
-0.01356488186866045
-0.01353931427001953
-0.01351382955908775
-0.01348842587321997
-0.01346310321241617
-0.01343785971403122
-0.01341269537806511
-0.01338761206716299
-0.01336260605603456
-0.01333767827600241
-0.01331282872706652
-0.01328805647790432
-0.01326335966587067
-0.01323873922228813
-0.01321419514715672
-0.01318972744047642
-0.01316533423960209
-0.0131410164758563
-0.01311677508056164
-0.01309261005371809
-0.01306851860135794
-0.0130445035174489
-0.01302056387066841
-0.01299669872969389
-0.01297290716320276
-0.0129491901025176
-0.01292554754763842
-0.01290197670459747
-0.01287847757339478
-0.01285505015403032
-0.01283169258385897
-0.01280840486288071
-0.01278518885374069
-0.0127620417624712
-0.01273896545171738
-0.01271595899015665
-0.01269301865249872
-0.01267014816403389
-0.01264734752476215
-0.01262461487203836
-0.01260195206850767
-0.0125793581828475
-0.01255683228373528
-0.01253437343984842
-0.01251198165118694
-0.01248965691775084
-0.0124673992395401
-0.01244520675390959
-0.01242308039218187
-0.01240102015435696
-0.01237902510911226
-0.01235709432512522
-0.0123352287337184
-0.0123134283348918
-0.01229169126600027
-0.01227001845836639
-0.01224840991199017
-0.01222686655819416
-0.0122053874656558
-0.01218397449702024
-0.01216262578964233
-0.01214133854955435
-0.01212011463940144
-0.0120989540591836
-0.01207785401493311
-0.01205681543797255
-0.01203583739697933
-0.01201491896063089
-0.01199406199157238
-0.01197326276451349
-0.01195252221077681
-0.01193184219300747
-0.01191122177988291
-0.01189066004008055
-0.01187015883624554
-0.01184971816837788
-0.01182933524250984
-0.01180901005864143
-0.01178874261677265
-0.01176853198558092
-0.01174837909638882
-0.01172828394919634
-0.01170824654400349
-0.01168826688081026
-0.01166834402829409
-0.01164847798645496
-0.01162866968661547
-0.01160891819745302
-0.01158922351896763
-0.01156958378851414
-0.01154999993741512
-0.01153047103434801
-0.01151099521666765
-0.01149157155305147
-0.01147220097482204
-0.01145288534462452
-0.0114336246624589
-0.01141441892832518
-0.01139526721090078
-0.01137617044150829
-0.01135712862014771
-0.01133814267814159
-0.01131920982152224
-0.01130033098161221
-0.01128150522708893
-0.01126273162662983
-0.01124401111155748
-0.01122534181922674
-0.0112067237496376
-0.01118815690279007
-0.01116963848471642
-0.01115117035806179
-0.01113275252282619
-0.01111438404768705
-0.01109606493264437
-0.01107779517769814
-0.01105957571417093
-0.01104140747338533
-0.01102328952401876
-0.01100522186607122
-0.01098720449954271
-0.01096923649311066
-0.01095131691545248
-0.01093344576656818
-0.01091562118381262
-0.01089784409850836
-0.01088011544197798
-0.01086243335157633
-0.01084479875862598
-0.01082721073180437
-0.01080966833978891
-0.01079217437654734
-0.01077472791075706
-0.01075732801109552
-0.01073997560888529
-0.01072267070412636
-0.01070540957152843
-0.01068819686770439
-0.01067103073000908
-0.0106539111584425
-0.01063683815300465
-0.01061981171369553
-0.01060282997786999
-0.01058589480817318
-0.0105690062046051
-0.01055216230452061
-0.01053536310791969
-0.01051860861480236
-0.01050189696252346
-0.01048522908240557
-0.01046860404312611
-0.01045201998203993
-0.01043547876179218
-0.0104189794510603
-0.01040252298116684
-0.01038611121475697
-0.01036974135786295
-0.01035341341048479
-0.01033713016659021
-0.01032088883221149
-0.01030469220131636
-0.01028853747993708
-0.01027242559939623
-0.01025635469704866
-0.01024032570421696
-0.01022433955222368
-0.01020839530974627
-0.01019249111413956
-0.01017662789672613
-0.01016080472618341
-0.01014502160251141
-0.01012927852571011
-0.01011357549577951
-0.01009791344404221
-0.01008229143917561
-0.01006671041250229
-0.01005117036402225
-0.01003567036241293
-0.01002020854502916
-0.01000478491187096
-0.009989401325583458
-0.009974056854844093
-0.009958751499652863
-0.009943483397364616
-0.009928253479301929
-0.009913062676787376
-0.009897910058498383
-0.009882796555757523
-0.009867720305919647
-0.009852683171629906
-0.009837684221565723
-0.009822724387049675
-0.009807800874114037
-0.009792916476726532
-0.009778069332242012
-0.009763260371983051
-0.00974848959594965
-0.009733756072819233
-0.009719057939946651
-0.009704397059977055
-0.009689772501587868
-0.009675183333456516
-0.009660629555583
-0.009646112099289894
-0.009631629101932049
-0.009617181494832039
-0.009602769277989864
-0.009588392451405525
-0.009574051015079021
-0.009559745900332928
-0.009545476175844669
-0.009531241841614246
-0.009517042897641659
-0.009502877481281757
-0.009488749317824841
-0.00947465468198061
-0.00946059450507164
-0.009446569718420506
-0.009432579390704632
-0.009418623521924019
-0.009404701180756092
-0.009390814229846001
-0.009376958943903446
-0.009363139048218727
-0.009349350817501545
-0.009335597045719624
-0.009321874007582664
-0.009308185428380966
-0.009294529445469379
-0.009280906058847904
-0.009267315268516541
-0.009253758005797863
-0.009240233339369297
-0.009226744063198566
-0.009213287383317947
-0.009199865162372589
-0.009186475537717342
-0.009173117578029633
-0.00915979128330946
-0.009146496653556824
-0.009133231826126575
-0.009119998663663864
-0.00910679530352354
-0.009093623608350754
-0.009080482646822929
-0.009067372418940067
-0.009054292924702168
-0.00904124416410923
-0.00902822520583868
-0.009015238843858242
-0.009002284146845341
-0.008989360183477402
-0.008976468816399574
-0.008963608182966709
-0.008950779214501381
-0.00893798004835844
-0.008925212547183037
-0.008912474848330021
-0.008899766020476818
-0.008887086994946003
-0.008874436840415001
-0.008861814625561237
-0.008849221281707287
-0.008836656808853149
-0.0088241221383214
-0.008811617270112038
-0.008799140341579914
-0.008786693215370178
-0.00877427589148283
-0.008761887438595295
-0.008749527856707573
-0.008737196214497089
-0.008724892511963844
-0.008712616749107838
-0.00870036892592907
-0.008688149973750114
-0.008675958961248398
-0.00866379588842392
-0.008651661686599255
-0.008639556355774403
-0.008627478033304214
-0.008615428581833839
-0.008603407070040703
-0.008591411635279655
-0.008579446002840996
-0.008567506447434425
-0.008555595763027668
-0.008543712086975574
-0.008531855419278145
-0.008520024828612804
-0.008508221246302128
-0.00849644374102354
-0.008484694175422192
-0.008472971618175507
-0.008461274206638336
-0.008449604734778404
-0.008437960408627987
-0.008426343090832233
-0.008414751850068569
-0.008403187617659569
-0.008391649462282658
-0.008380136452615261
-0.008368648588657379
-0.008357185870409012
-0.008345748297870159
-0.008334335871040821
-0.008322948589920998
-0.00831158459186554
-0.008300244808197021
-0.008288930170238018
-0.008277640677988529
-0.00826637726277113
-0.008255140855908394
-0.008243929594755173
-0.008232745341956615
-0.008221586234867573
-0.008210454136133194
-0.008199349045753479
-0.008188268169760704
-0.008177213370800018
-0.008166182786226273
-0.008155177347362041
-0.008144195191562176
-0.008133236318826675
-0.008122299797832966
-0.008111386559903622
-0.008100495673716068
-0.008089629933238029
-0.008078788407146931
-0.008067969232797623
-0.008057174272835255
-0.008046402595937252
-0.008035654202103615
-0.008024930022656918
-0.008014229126274586
-0.008003550581634045
-0.007992895320057869
-0.007982264272868633
-0.007971657440066338
-0.007961073890328407
-0.007950512692332268
-0.007939973846077919
-0.007929457351565361
-0.007918965071439743
-0.007908497005701065
-0.007898050360381603
-0.007887625135481358
-0.007877222262322903
-0.007866842672228813
-0.007856486365199089
-0.007846152409911156
-0.007835840806365013
-0.007825551554560661
-0.007815282791852951
-0.00780503498390317
-0.007794808596372604
-0.007784603629261255
-0.007774420082569122
-0.007764257956296206
-0.007754117250442505
-0.007743997499346733
-0.007733899168670177
-0.007723822724074125
-0.007713768631219864
-0.007703735958784819
-0.007693725638091564
-0.007683736737817526
-0.007673768792301416
-0.007663823198527098
-0.007653899490833282
-0.007643997203558683
-0.0076341163367033
-0.007624256424605846
-0.007614417932927608
-0.007604600396007299
-0.007594802416861057
-0.007585025858134031
-0.00757526932284236
-0.007565533276647329
-0.007555818185210228
-0.007546123117208481
-0.007536448538303375
-0.007526793517172337
-0.007517157588154078
-0.007507541216909885
-0.007497943937778473
-0.00748836575075984
-0.007478807587176561
-0.007469268515706062
-0.00745974900200963
-0.00745024997740984
-0.007440770976245403
-0.007431311998516321
-0.007421873975545168
-0.007412455976009369
-0.007403057999908924
-0.007393679581582546
-0.007384320721030235
-0.007374981883913279
-0.007365662138909101
-0.007356361020356417
-0.007347078993916512
-0.007337816059589386
-0.007328571751713753
-0.007319346535950899
-0.007310139946639538
-0.007300951518118382
-0.007291780784726143
-0.007282628677785397
-0.007273494731634855
-0.007264378480613232
-0.007255280390381813
-0.007246200926601887
-0.007237140089273453
-0.007228098344057798
-0.007219075225293636
-0.007210070267319679
-0.007201084401458502
-0.007192118093371391
-0.00718317087739706
-0.007174242287874222
-0.00716533325612545
-0.007156442850828171
-0.007147571071982384
-0.007138716522604227
-0.007129879202693701
-0.00712105818092823
-0.007112253922969103
-0.007103466428816319
-0.007094694767147303
-0.007085940334945917
-0.007077203597873449
-0.007068484555929899
-0.007059784140437841
-0.007051101420074701
-0.007042436394840479
-0.007033790461719036
-0.007025162223726511
-0.007016551680862904
-0.007007959298789501
-0.006999385077506304
-0.006990828085690737
-0.006982287392020226
-0.00697376299649477
-0.00696525489911437
-0.006956762168556452
-0.006948285270482302
-0.006939824670553207
-0.006931379437446594
-0.00692295003682375
-0.006914536468684673
-0.006906138733029366
-0.006897757295519114
-0.006889392621815205
-0.006881044711917639
-0.006872713565826416
-0.006864400580525398
-0.006856104824692011
-0.006847826763987541
-0.006839565932750702
-0.006831322330981493
-0.006823095493018627
-0.006814885884523392
-0.006806692108511925
-0.006798514630645514
-0.006790353450924158
-0.006782208569347858
-0.00677407905459404
-0.006765966303646564
-0.006757869385182858
-0.006749786902219057
-0.006741719786077738
-0.006733667105436325
-0.006725629791617393
-0.006717607844620943
-0.006709599867463112
-0.006701607257127762
-0.006693629082292318
-0.006685665808618069
-0.006677717436105013
-0.006669784430414438
-0.006661866791546345
-0.006653964519500732
-0.006646078079938889
-0.006638207472860813
-0.006630353163927794
-0.006622513756155968
-0.006614689715206623
-0.00660688104107976
-0.006599087733775377
-0.006591309327632189
-0.006583545356988907
-0.006575795821845531
-0.00656806118786335
-0.006560340523719788
-0.006552633829414845
-0.006544941570609808
-0.006537262815982103
-0.006529598496854305
-0.006521949078887701
-0.006514313630759716
-0.006506692618131638
-0.00649908697232604
-0.006491496227681637
-0.006483920384198427
-0.006476358976215124
-0.00646881153807044
-0.006461278535425663
-0.006453759968280792
-0.006446255370974541
-0.006438764743506908
-0.006431287620216608
-0.006423825398087502
-0.006416377145797014
-0.006408943329006433
-0.006401523482054472
-0.006394118070602417
-0.006386726628988981
-0.006379350554198027
-0.006371988914906979
-0.006364640779793262
-0.006357306148856878
-0.006349985022097826
-0.006342676933854818
-0.006335381884127855
-0.006328099872916937
-0.006320830900222063
-0.006313574500381947
-0.006306330673396587
-0.006299099419265985
-0.006291880737990141
-0.006284676026552916
-0.006277484819293022
-0.006270307116210461
-0.006263143382966518
-0.006255994085222483
-0.006248858291655779
-0.006241736002266407
-0.006234627682715654
-0.006227532867342234
-0.006220451090484858
-0.006213381886482239
-0.00620632478967309
-0.006199279334396124
-0.006192246451973915
-0.006185226142406464
-0.006178218871355057
-0.006171224173158407
-0.006164243444800377
-0.006157274823635817
-0.006150319706648588
-0.006143378093838692
-0.006136449053883553
-0.006129533518105745
-0.006122631020843983
-0.006115741096436977
-0.006108865141868591
-0.006102000828832388
-0.006095149554312229
-0.00608831038698554
-0.006081483792513609
-0.006074669305235147
-0.006067867390811443
-0.006061077583581209
-0.006054299883544445
-0.006047533359378576
-0.006040778942406178
-0.006034036632627249
-0.006027305498719215
-0.006020586472004652
-0.006013879552483559
-0.006007184274494648
-0.006000501103699207
-0.005993829574435949
-0.005987169686704874
-0.005980521906167269
-0.005973886698484421
-0.005967263132333755
-0.005960652139037848
-0.00595405325293541
-0.005947466474026442
-0.005940891802310944
-0.005934329703450203
-0.005927778780460358
-0.005921239964663982
-0.005914712324738503
-0.005908195860683918
-0.005901691038161516
-0.005895198322832584
-0.005888716783374548
-0.005882246419787407
-0.005875788163393736
-0.00586934108287096
-0.005862905643880367
-0.00585648138076067
-0.00585006782785058
-0.005843665450811386
-0.005837273318320513
-0.005830892827361822
-0.005824523512274027
-0.00581816490739584
-0.005811817012727261
-0.005805480293929577
-0.005799154751002789
-0.005792839918285608
-0.005786536261439323
-0.005780242849141359
-0.005773961544036865
-0.005767691414803267
-0.005761432927101851
-0.00575518561527133
-0.005748949944972992
-0.005742724519222975
-0.005736511200666428
-0.005730308592319489
-0.005724116694182158
-0.005717936903238297
-0.005711767822504044
-0.005705609917640686
-0.005699463188648224
-0.005693327635526657
-0.005687202792614698
-0.005681088659912348
-0.005674984771758318
-0.005668891593813896
-0.005662808194756508
-0.005656734108924866
-0.00565066933631897
-0.00564461387693882
-0.005638566333800554
-0.005632529035210609
-0.005626500584185123
-0.005620482377707958
-0.005614473950117826
-0.005608476232737303
-0.005602489691227674
-0.005596515256911516
-0.005590551998466253
-0.00558460084721446
-0.005578660871833563
-0.005572732072323561
-0.005566813051700592
-0.005560904275625944
-0.005555005744099617
-0.005549117457121611
-0.005543239414691925
-0.005537371151149273
-0.005531512200832367
-0.005525663029402494
-0.00551982456818223
-0.005513996351510286
-0.005508177448064089
-0.005502367857843637
-0.005496567580848932
-0.005490777548402548
-0.00548499682918191
-0.005479225423187017
-0.005473463796079159
-0.005467711016535759
-0.005461968947201967
-0.005456236191093922
-0.005450513679534197
-0.005444800946861506
-0.005439097993075848
-0.005433405283838511
-0.00542772188782692
-0.005422047339379787
-0.005416382104158401
-0.005410726647824049
-0.00540508097037673
-0.005399443674832582
-0.005393815692514181
-0.005388195626437664
-0.005382584873586893
-0.005376982968300581
-0.005371389910578728
-0.005365806631743908
-0.005360232666134834
-0.005354668013751507
-0.0053491136059165
-0.005343568976968527
-0.005338034592568874
-0.005332510452717543
-0.005326996091753244
-0.005321492440998554
-0.00531599810346961
-0.0053105135448277
-0.005305038299411535
-0.005299572832882404
-0.00529411667957902
-0.005288669373840094
-0.005283230915665627
-0.005277801770716906
-0.005272381007671356
-0.005266968160867691
-0.00526156323030591
-0.005256166215986013
-0.005250777117908001
-0.00524539640173316
-0.005240024067461491
-0.005234659649431705
-0.005229303613305092
-0.005223956890404224
-0.005218617618083954
-0.005213288124650717
-0.005207967013120651
-0.005202655680477619
-0.005197352264076471
-0.005192057695239782
-0.005186771508306265
-0.005181493237614632
-0.005176223814487457
-0.005170962307602167
-0.005165709182620049
-0.005160464905202389
-0.005155229475349188
-0.005150002893060446
-0.00514478562399745
-0.0051395776681602
-0.005134378094226122
-0.005129187367856503
-0.005124004557728767
-0.005118830595165491
-0.005113664548844099
-0.005108506418764591
-0.005103356204926968
-0.005098214838653803
-0.005093081388622522
-0.005087955854833126
-0.005082840565592051
-0.005077733192592859
-0.005072634667158127
-0.005067545454949141
-0.005062465090304613
-0.005057393573224545
-0.005052330438047647
-0.005047276150435209
-0.005042230244725943
-0.005037191789597273
-0.005032161250710487
-0.005027138628065586
-0.005022122524678707
-0.00501711294054985
-0.005012111272662878
-0.005007118452340364
-0.00500213261693716
-0.004997155163437128
-0.004992185160517693
-0.004987222608178854
-0.004982268437743187
-0.004977322183549404
-0.004972383845597506
-0.004967453889548779
-0.004962532315403223
-0.004957618191838264
-0.00495271198451519
-0.004947812762111425
-0.004942921921610832
-0.004938038066029549
-0.004933161661028862
-0.004928292706608772
-0.004923430737107992
-0.004918576218187809
-0.004913728684186935
-0.004908888600766659
-0.004904055967926979
-0.004899230785667896
-0.004894413985311985
-0.004889605566859245
-0.00488480506464839
-0.004880012944340706
-0.004875229671597481
-0.00487045431509614
-0.004865686409175396
-0.004860926419496536
-0.004856173414736986
-0.004851427394896746
-0.004846688825637102
-0.004841957241296768
-0.004837233107537031
-0.004832516424357891
-0.004827807657420635
-0.004823106341063976
-0.004818412475287914
-0.004813726525753736
-0.004809048026800156
-0.004804376512765884
-0.00479971244931221
-0.00479505630210042
-0.00479040713980794
-0.004785764962434769
-0.00478112930431962
-0.004776500165462494
-0.004771877080202103
-0.004767260048538446
-0.0047626500017941
-0.00475804740563035
-0.004753451328724623
-0.004748862236738205
-0.004744279664009809
-0.004739705007523298
-0.004735137335956097
-0.004730576649308205
-0.004726022481918335
-0.004721475299447775
-0.004716936033219099
-0.00471240421757102
-0.004707879386842251
-0.004703361541032791
-0.004698851145803928
-0.004694347269833088
-0.00468984991312027
-0.004685360006988049
-0.004680877551436424
-0.004676401149481535
-0.004671931732445955
-0.004667468834668398
-0.004663013387471437
-0.004658564925193787
-0.00465412437915802
-0.004649690352380276
-0.004645263776183128
-0.004640843253582716
-0.004636429715901613
-0.004632022231817245
-0.004627620801329613
-0.004623225424438715
-0.00461883656680584
-0.004614453297108412
-0.004610076081007719
-0.004605704918503761
-0.004601339809596539
-0.004596981685608625
-0.004592630080878735
-0.004588284995406866
-0.004583946894854307
-0.004579615779221058
-0.004575291648507118
-0.004570973571389914
-0.004566662944853306
-0.00456235883757472
-0.004558062180876732
-0.004553771577775478
-0.00454948702827096
-0.004545209463685751
-0.004540938884019852
-0.004536674823611975
-0.004532416816800833
-0.004528164863586426
-0.004523919429630041
-0.004519680049270391
-0.004515448119491339
-0.004511222243309021
-0.004507003352046013
-0.004502791445702314
-0.004498586058616638
-0.004494387190788984
-0.004490194842219353
-0.004486009012907743
-0.004481829702854156
-0.004477656446397305
-0.004473490174859762
-0.004469329491257668
-0.004465174861252308
-0.004461026284843683
-0.004456884227693081
-0.004452748224139214
-0.004448617342859507
-0.004444492049515247
-0.004440372809767723
-0.004436258692294359
-0.004432149697095156
-0.004428045824170113
-0.004423947539180517
-0.004419853910803795
-0.004415766336023808
-0.004411684349179268
-0.004407608415931463
-0.004403539001941681
-0.004399476107209921
-0.004395419731736183
-0.004391369875520468
-0.004387327469885349
-0.004383290652185678
-0.004379259888082743
-0.004375236108899117
-0.004371218383312225
-0.004367207176983356
-0.004363202024251223
-0.004359202925115824
-0.004355209413915873
-0.004351220559328794
-0.004347236361354589
-0.004343257751315832
-0.004339284729212523
-0.004335316829383373
-0.004331353586167097
-0.004327395930886269
-0.004323443397879601
-0.00431949645280838
-0.004315555561333895
-0.004311620257794857
-0.004307691473513842
-0.004303769674152136
-0.004299853928387165
-0.004295943770557642
-0.004292040131986141
-0.004288141615688801
-0.004284249152988195
-0.00428036181256175
-0.00427648052573204
-0.004272605758160353
-0.004268735647201538
-0.004264872055500746
-0.004261014051735401
-0.004257162101566792
-0.004253316204994917
-0.004249476827681065
-0.00424564303830266
-0.00424181530252099
-0.004237993154674768
-0.004234176594763994
-0.00423036515712738
-0.004226558841764927
-0.004222757183015347
-0.004218959715217352
-0.00421516690403223
-0.004211378749459982
-0.004207595251500607
-0.004203816875815392
-0.004200044088065624
-0.004196276422590017
-0.004192513879388571
-0.004188757389783859
-0.004185006022453308
-0.004181260708719492
-0.004177520982921124
-0.004173787776380777
-0.004170060157775879
-0.004166338127106428
-0.004162621684372425
-0.004158910363912582
-0.004155203700065613
-0.004151502624154091
-0.004147807601839304
-0.004144116770476103
-0.004140431061387062
-0.004136750008910894
-0.004133074544370174
-0.00412940327078104
-0.004125736653804779
-0.004122075159102678
-0.004118418321013451
-0.004114765673875809
-0.00411111768335104
-0.004107474349439144
-0.004103835672140121
-0.004100202582776546
-0.004096575081348419
-0.004092953633517027
-0.004089337773621082
-0.004085727035999298
-0.004082121886312962
-0.00407852279022336
-0.004074928816407919
-0.004071340896189213
-0.00406775763258338
-0.004064179956912994
-0.004060607403516769
-0.004057039506733418
-0.004053476732224226
-0.004049919079989195
-0.004046366084367037
-0.004042818211019039
-0.004039274994283915
-0.004035736434161663
-0.004032202996313572
-0.004028674680739641
-0.004025150556117296
-0.004021630622446537
-0.004018115811049938
-0.0040146061219275
-0.004011102020740509
-0.004007603041827679
-0.004004107788205147
-0.004000617656856775
-0.00399713171645999
-0.00399364996701479
-0.00399017333984375
-0.003986701369285583
-0.003983234521001577
-0.003979772329330444
-0.003976315725594759
-0.003972863778471947
-0.003969417419284582
-0.003965975251048803
-0.003962538670748472
-0.003959106747061014
-0.003955679945647717
-0.003952257800847292
-0.003948841243982315
-0.003945428878068924
-0.003942020703107119
-0.003938615787774324
-0.003935215063393116
-0.003931818529963493
-0.003928425721824169
-0.003925037104636431
-0.003921653144061565
-0.003918272908776999
-0.003914895933121443
-0.003911522682756186
-0.003908153157681227
-0.003904786659404635
-0.003901423886418343
-0.003898065071552992
-0.003894710214808583
-0.003891359316185117
-0.003888011910021305
-0.003884668229147792
-0.00388132780790329
-0.003877989947795868
-0.003874654648825526
-0.003871320746839046
-0.003867988241836429
-0.003864656435325742
-0.003861324861645699
-0.003857992589473724
-0.003854658687487245
-0.003851322922855616
-0.003847984597086906
-0.003844643011689186
-0.00384129723533988
-0.003837946569547057
-0.003834589617326856
-0.003831225447356701
-0.003827852196991444
-0.003824468236416578
-0.003821071004495025
-0.00381765840575099
-0.003814227413386106
-0.003810775000602007
-0.003807298373430967
-0.003803794039413333
-0.003800258273258805
-0.003796687116846442
-0.003793076612055302
-0.003789422800764441
-0.003785720560699701
-0.003781964769586921
-0.003778149839490652
-0.003774269483983517
-0.003770317416638136
-0.003766286186873913
-0.003762168111279607
-0.00375795504078269
-0.00375363789498806
-0.003749206895008683
-0.003744652727618814
-0.003739963984116912
-0.003735129721462727
-0.0037301373668015
-0.003724973881617188
-0.003719626227393746
-0.003714080667123199
-0.003708322532474995
-0.003702337155118585
-0.0036961087025702
-0.00368962180800736
-0.003682859241962433
-0.003675805637612939
-0.003668443066999316
-0.003660755231976509
-0.0036527244374156
-0.003644333919510245
-0.003635567147284746
-0.003626407822594047
-0.003616839181631804
-0.003606846090406179
-0.003596414346247911
-0.003585529746487737
-0.003574180183932185
-0.003562355181202292
-0.003550044959411025
-0.00353724230080843
-0.003523941384628415
-0.003510138485580683
-0.003495833603665233
-0.003481027204543352
-0.003465723711997271
-0.003449929878115654
-0.003433656180277467
-0.00341691542416811
-0.003399724140763283
-0.003382102819159627
-0.003364074742421508
-0.003345667384564877
-0.003326911479234695
-0.003307841485366225
-0.003288495354354382
-0.003268914530053735
-0.003249144647270441
-0.003229233436286449
-0.003209231421351433
-0.003189192619174719
-0.003169172210618854
-0.003149227239191532
-0.003129416611045599
-0.003109799232333899
-0.003090435173362494
-0.003071383805945516
-0.003052703337743878
-0.003034450113773346
-0.003016679314896464
-0.002999443095177412
-0.002982789883390069
-0.002966763451695442
-0.00295140384696424
-0.00293674529530108
-0.002922816667705774
-0.002909639617428184
-0.002897229976952076
-0.002885595429688692
-0.002874736674129963
-0.002864647191017866
-0.002855312079191208
-0.00284670852124691
-0.00283880578354001
-0.002831566147506237
-0.002824943978339434
-0.002818887354806066
-0.002813337603583932
-0.002808231161907315
-0.00280349887907505
-0.002799067879095674
-0.002794862957671285
-0.002790806815028191
-0.00278682098723948
-0.002782827941700816
-0.002778751775622368
-0.002774519613012671
-0.002770061837509274
-0.002765314886346459
-0.002760220319032669
-0.002754727378487587
-0.002748792991042137
-0.002742381999269128
-0.002735469723120332
-0.002728041028603911
-0.002720089862123132
-0.002711621811613441
-0.002702651778236032
-0.002693204442039132
-0.002683314494788647
-0.00267302431166172
-0.002662384882569313
-0.002651453483849764
-0.002640294143930078
-0.002628974616527557
-0.002617566147819161
-0.002606140915304422
-0.002594771794974804
-0.002583530265837908
-0.002572484780102968
-0.002561699599027634
-0.002551233395934105
-0.002541138557717204
-0.002531459555029869
-0.002522231312468648
-0.002513480139896274
-0.002505222335457802
-0.002497463952749968
-0.002490200800821185
-0.002483418444171548
-0.002477093832567334
-0.002471194602549076
-0.002465680474415421
-0.002460504416376352
-0.002455614972859621
-0.00245095556601882
-0.002446469385176897
-0.002442097524181008
-0.002437783172354102
-0.002433471847325563
-0.002429112792015076
-0.002424662699922919
-0.00242008431814611
-0.002415348775684834
-0.002410436980426311
-0.00240533915348351
-0.002400056924670935
-0.002394601702690125
-0.002388996304944158
-0.002383273094892502
-0.002377474680542946
-0.002371652284637094
-0.002365864347666502
-0.002360176062211394
-0.002354657975956798
-0.002349383663386106
-0.002344428794458508
-0.002339869039133191
-0.002335779136046767
-0.002332230331376195
-0.002329290611669421
-0.002327021211385727
-0.002325477777048945
-0.002324708504602313
-0.00232475227676332
-0.002325640758499503
-0.00232739606872201
-0.002330032410100102
-0.002333555370569229
-0.002337962621822953
-0.002343245316296816
-0.002349387854337692
-0.002356370212510228
-0.002364167245104909
-0.002372750546783209
-0.002382091013714671
-0.002392157213762403
-0.00240291771478951
-0.002414342248812318
-0.00242640171200037
-0.002439068164676428
-0.002452315064147115
-0.002466118428856134
-0.00248045427724719
-0.002495300024747849
-0.002510633552446961
-0.002526431810110807
-0.002542669884860516
-0.002559319837018847
-0.002576351165771484
-0.002593727316707373
-0.002611406845971942
-0.002629341091960669
-0.002647474873811007
-0.002665745094418526
-0.002684080507606268
-0.002702402649447322
-0.002720625605434179
-0.00273865694180131
-0.002756398171186447
-0.002773746615275741
-0.002790597267448902
-0.002806843956932425
-0.002822381444275379
-0.002837107516825199
-0.002850925549864769
-0.002863745903596282
-0.002875488484278321
-0.002886085538193583
-0.002895482117310166
-0.002903637941926718
-0.002910529263317585
-0.002916150027886033
-0.002920511644333601
-0.002923643914982677
-0.002925594570115209
-0.002926428569480777
-0.002926227869465947
-0.002925088861957192
-0.002923121210187674
-0.002920446451753378
-0.002917195437476039
-0.002913505770266056
-0.002909519011154771
-0.002905378118157387
-0.002901224885135889
-0.002897197147831321
-0.00289342668838799
-0.002890035975724459
-0.002887137467041612
-0.002884829882532358
-0.002883197041228414
-0.002882307395339012
-0.002882211469113827
-0.002882943255826831
-0.002884518820792437
-0.00288693537004292
-0.002890173112973571
-0.002894196193665266
-0.00289895199239254
-0.002904374618083239
-0.00291038490831852
-0.002916892990469933
-0.002923799445852637
-0.002930999035015702
-0.002938381861895323
-0.002945835702121258
-0.00295324856415391
-0.002960511017590761
-0.002967518288642168
-0.002974173286929727
-0.002980387536808848
-0.002986082807183266
-0.002991194371134043
-0.002995670074597001
-0.002999473595991731
-0.003002583747729659
-0.003004994941875339
-0.003006719052791595
-0.003007782623171806
-0.003008227562531829
-0.003008109051734209
-0.003007495310157537
-0.003006465500220656
-0.003005106933414936
-0.003003513673320413
-0.003001783043146133
-0.003000014228746295
-0.002998305484652519
-0.002996750641614199
-0.002995436545461416
-0.002994441660121083
-0.002993832807987928
-0.002993664471432567
-0.002993976231664419
-0.002994792768731713
-0.002996121533215046
-0.002997954608872533
-0.00300026754848659
-0.003003021236509085
-0.003006162587553263
-0.00300962757319212
-0.003013341687619686
-0.003017223440110683
-0.003021186916157603
-0.003025145037099719
-0.003029011189937592
-0.003032704582437873
-0.003036150243133307
-0.003039282979443669
-0.003042049240320921
-0.003044409211724997
-0.003046336583793163
-0.003047820879146457
-0.003048867220059037
-0.003049494931474328
-0.003049736842513084
-0.003049639286473393
-0.003049257909879088
-0.003048657905310392
-0.003047908889129758
-0.00304708443582058
-0.003046257887035608
-0.003045499557629228
-0.003044874873012304
-0.003044441808015108
-0.003044248325750232
-0.003044331446290016
-0.003044715616852045
-0.003045412711799145
-0.003046420868486166
-0.003047725418582559
-0.003049299586564302
-0.003051107050850987
-0.003053101943805814
-0.003055232344195247
-0.003057442139834166
-0.003059673123061657
-0.003061868250370026
-0.003063973505049944
-0.00306593906134367
-0.003067723009735346
-0.003069292288273573
-0.003070623148232698
-0.003071702318266034
-0.003072527935728431
-0.003073108615353703
-0.00307346205227077
-0.003073615254834294
-0.003073602449148893
-0.003073462750762701
-0.003073239233344793
-0.003072976600378752
-0.003072719322517514
-0.003072509774938226
-0.003072385210543871
-0.003072377294301987
-0.0030725107062608
-0.003072802908718586
-0.003073262516409159
-0.003073889529332519
-0.003074676264077425
-0.003075607120990753
-0.003076660446822643
-0.003077809000387788
-0.003079022048041224
-0.003080266527831554
-0.003081509144976735
-0.003082717070356011
-0.003083861200138927
-0.003084915457293391
-0.003085859818384051
-0.003086679149419069
-0.003087365999817848
-0.003087917808443308
-0.003088339930400252
-0.003088642610237002
-0.003088840981945395
-0.003088954603299499
-0.003089007223024964
-0.003089022589847445
-0.003089025849476457
-0.003089041216298938
-0.003089090576395392
-0.003089193720370531
-0.00308936508372426
-0.003089615842327476
-0.003089952282607555
-0.003090375568717718
-0.00309088290669024
-0.003091466147452593
-0.003092113882303238
-0.003092811908572912
-0.003093544160947204
-0.003094293642789125
-0.00309504265896976
-0.003095775144174695
-0.003096476662904024
-0.003097135340794921
-0.00309774256311357
-0.003098293673247099
-0.003098787739872932
-0.003099227091297507
-0.003099618013948202
-0.003099970053881407
-0.003100295085459948
-0.003100607078522444
-0.003100920934230089
-0.003101252717897296
-0.003101617796346545
-0.003102030605077744
-0.003102503949776292
-0.003103048773482442
-0.003103673690930009
-0.003104385454207659
-0.003105187555775046
-0.003106081392616034
-0.00310706696473062
-0.003108142642304301
-0.00310930609703064
-0.003110553836449981
-0.003111883066594601
-0.003113292157649994
-0.003114780178293586
-0.003116348059847951
-0.00311799836345017
-0.003119736677035689
-0.003121570684015751
-0.003123510396108031
-0.003125568153336644
-0.003127757925540209
-0.003130095079541206
-0.00313259637914598
-0.003135280217975378
-0.003138163825497031
-0.003141264664009213
-0.003144600195810199
-0.003148186486214399
-0.003152038203552365
-0.003156168852001429
-0.003160590305924416
-0.003165313042700291
-0.0031703463755548
-0.003175697987899184
-0.003181374864652753
-0.003187383059412241
-0.003193726995959878
-0.003200411330908537
-0.003207439556717873
-0.003214814933016896
-0.003222540719434619
-0.003230619942769408
-0.003239054931327701
-0.003247847082093358
-0.003256997093558311
-0.003266505198553205
-0.003276370465755463
-0.003286590101197362
-0.003297159215435386
-0.003308071754872799
-0.003319317707791924
-0.003330886363983154
-0.003342762589454651
-0.00335492892190814
-0.003367364406585693
-0.003380045760422945
-0.003392945509403944
-0.003406034549698234
-0.003419279586523771
-0.003432646626606584
-0.00344609864987433
-0.003459597006440163
-0.003473101649433374
-0.003486572531983256
-0.003499967744573951
-0.003513246541842818
-0.003526367014274001
-0.003539288649335504
-0.003551971632987261
-0.003564376849681139
-0.003576466348022223
-0.003588204039260745
-0.003599554998800159
-0.003610487561672926
-0.003620971459895372
-0.003630978753790259
-0.003640484996140003
-0.003649469232186675
-0.003657913999632001
-0.003665805561468005
-0.003673134371638298
-0.00367989600636065
-0.003686090698465705
-0.003691723803058267
-0.003696806030347943
-0.003701352747157216
-0.003705384908244014
-0.003708927659317851
-0.003712012199684978
-0.003714674152433872
-0.003716952865943313
-0.003718891879543662
-0.003720537526533008
-0.003721939865499735
-0.003723150817677379
-0.003724223235622048
-0.003725211601704359
-0.003726169466972351
-0.003727150382474065
-0.003728205803781748
-0.003729385556653142
-0.003730736440047622
-0.003732301527634263
-0.003734119003638625
-0.003736223559826612
-0.003738643368706107
-0.003741401946172118
-0.003744515823200345
-0.003747995477169752
-0.003751844866201282
-0.003756060963496566
-0.003760634688660502
-0.003765550209209323
-0.003770785173401237
-0.003776311641559005
-0.003782096086069942
-0.003788099624216557
-0.003794279182329774
-0.003800587961450219
-0.003806975437328219
-0.003813388990238309
-0.003819775069132447
-0.003826078958809376
-0.003832247108221054
-0.003838225966319442
-0.003843964776024222
-0.003849415574222803
-0.003854535054415464
-0.003859283169731498
-0.003863626159727573
-0.003867534920573235
-0.003870986634865403
-0.003873964538797736
-0.003876458154991269
-0.003878463059663773
-0.003879980649799109
-0.00388101814314723
-0.003881587879732251
-0.003881706390529871
-0.003881394397467375
-0.003880675882101059
-0.003879575990140438
-0.003878122661262751
-0.003876342670992017
-0.003874262794852257
-0.003871908178552985
-0.003869301406666636
-0.00386646157130599
-0.00386340357363224
-0.003860137891024351
-0.003856668714433908
-0.003852995578199625
-0.003849111497402191
-0.003845003433525562
-0.003840652294456959
-0.003836034098640084
-0.003831118810921907
-0.003825871972367167
-0.003820255398750305
-0.003814228111878037
-0.003807746805250645
-0.003800767939537764
-0.003793247044086456
-0.003785142907872796
-0.003776415949687362
-0.003767030546441674
-0.003756956895813346
-0.00374617101624608
-0.003734656143933535
-0.003722404362633824
-0.003709415439516306
-0.0036956996191293
-0.003681276692077518
-0.003666175995022058
-0.003650437807664275
-0.003634110558778048
-0.003617253387346864
-0.003599933348596096
-0.003582225181162357
-0.003564210841432214
-0.003545977175235748
-0.003527616383507848
-0.003509223461151123
-0.00349089503288269
-0.00347272795625031
-0.003454818623140454
-0.003437260631471872
-0.003420143853873014
-0.003403553972020745
-0.003387569915503263
-0.003372263861820102
-0.003357700305059552
-0.003343935124576092
-0.003331015119329095
-0.003318978473544121
-0.003307852195575833
-0.003297654446214437
-0.003288393840193748
-0.003280069213360548
-0.003272669855505228
-0.003266176441684365
-0.003260561963543296
-0.003255791962146759
-0.00325182406231761
-0.003248610068112612
-0.003246096195653081
-0.003244223305955529
-0.00324292853474617
-0.003242145292460918
-0.003241803264245391
-0.003241830738261342
-0.00324215367436409
-0.003242697101086378
-0.003243386279791594
-0.003244146006181836
-0.003244902472943068
-0.003245583036914468
-0.00324611715041101
-0.003246437525376678
-0.003246479667723179
-0.003246184671297669
-0.00324549782089889
-0.003244370222091675
-0.003242760198190808
-0.003240633057430387
-0.003237962024286389
-0.003234728472307324
-0.003230923321098089
-0.003226546104997396
-0.003221607534214854
-0.003216126933693886
-0.003210133174434304
-0.003203666070476174
-0.003196773119270802
-0.00318951066583395
-0.003181943437084556
-0.003174141980707645
-0.003166182665154338
-0.003158145816996694
-0.00315011409111321
-0.003142170840874314
-0.00313439778983593
-0.003126873634755611
-0.003119673347100616
-0.003112864680588245
-0.00310650747269392
-0.003100652247667313
-0.003095337655395269
-0.003090591635555029
-0.003086429089307785
-0.0030828514136374
-0.003079846501350403
-0.003077389905229211
-0.003075444372370839
-0.003073960775509477
-0.003072879510000348
-0.003072132356464863
-0.003071644110605121
-0.003071334445849061
-0.003071119775995612
-0.003070915583521128
-0.00307063851505518
-0.0030702103395015
-0.003069557482376695
-0.003068614983931184
-0.003067327197641134
-0.003065649187192321
-0.003063548356294632
-0.003061004681512713
-0.003058012342080474
-0.003054578090086579
-0.003050722181797028
-0.003046476747840643
-0.003041884396225214
-0.003036998212337494
-0.003031878266483545
-0.003026591148227453
-0.003021206939592957
-0.003015797585248947
-0.003010434098541737
-0.00300518493168056
-0.003000113647431135
-0.00299527682363987
-0.002990723354741931
-0.002986492123454809
-0.00298261153511703
-0.002979098353534937
-0.00297595770098269
-0.002973183989524841
-0.00297075929120183
-0.002968656131997705
-0.002966837957501411
-0.002965260529890656
-0.00296387355774641
-0.002962622558698058
-0.002961450489237905
-0.002960300073027611
-0.0029591154307127
-0.00295784417539835
-0.002956439275294542
-0.002954859286546707
-0.002953071845695376
-0.002951051807031035
-0.00294878426939249
-0.002946262713521719
-0.002943491097539663
-0.002940481528639793
-0.002937254495918751
-0.002933838171884418
-0.002930265851318836
-0.002926576416939497
-0.002922811079770327
-0.002919013611972332
-0.002915226854383945
-0.002911492483690381
-0.002907849382609129
-0.002904330845922232
-0.002900966443121433
-0.002897778525948524
-0.002894782461225986
-0.002891986630856991
-0.002889391733333468
-0.002886991715058684
-0.00288477330468595
-0.002882717177271843
-0.002880800049751997
-0.002878993051126599
-0.002877265214920044
-0.002875583712011576
-0.002873915946111083
-0.002872229553759098
-0.002870494732633233
-0.002868685172870755
-0.002866778522729874
-0.002864757785573602
-0.002862611087039113
-0.00286033283919096
-0.002857922809198499
-0.002855386817827821
-0.002852735575288534
-0.00284998444840312
-0.002847152994945645
-0.002844263100996614
-0.002841338515281677
-0.00283840368501842
-0.002835483523085713
-0.002832600846886635
-0.002829777076840401
-0.002827030373737216
-0.002824375405907631
-0.002821821952238679
-0.002819376299157739
-0.002817039377987385
-0.00281480816192925
-0.002812674967572093
-0.00281062931753695
-0.002808656776323915
-0.002806741278618574
-0.00280486443080008
-0.002803007140755653
-0.002801151014864445
-0.00279927859082818
-0.002797373337671161
-0.002795421751216054
-0.002793413121253252
-0.002791340230032802
-0.002789199119433761
-0.002786989789456129
-0.002784715266898274
-0.002782382071018219
-0.002779999515041709
-0.002777579007670283
-0.002775132888928056
-0.002772675128653646
-0.002770220162346959
-0.002767781261354685
-0.002765371231362224
-0.002763000782579184
-0.002760678995400667
-0.002758411923423409
-0.002756203059107065
-0.002754053799435496
-0.00275196204893291
-0.00274992361664772
-0.002747932216152549
-0.002745979698374867
-0.002744056517258286
-0.002742152661085129
-0.002740257419645786
-0.002738360548391938
-0.002736452501267195
-0.002734525129199028
-0.002732571680098772
-0.002730588195845485
-0.002728571416810155
-0.002726521342992783
-0.002724438905715942
-0.002722327364608645
-0.002720191841945052
-0.002718038158491254
-0.00271587329916656
-0.002713704481720924
-0.002711539855226874
-0.00270938640460372
-0.00270725111477077
-0.002705139108002186
-0.00270305504091084
-0.002701001241803169
-0.002698979573324323
-0.002696989569813013
-0.002695029368624091
-0.002693096408620477
-0.00269118626601994
-0.002689294284209609
-0.002687415108084679
-0.002685542451217771
-0.002683671424165368
-0.00268179620616138
-0.00267991260625422
-0.002678017364814878
-0.002676107687875628
-0.002674182411283255
-0.0026722417678684
-0.002670286223292351
-0.002668317873030901
-0.002666339976713061
-0.002664355561137199
-0.002662369282916188
-0.002660384634509683
-0.002658405806869268
-0.002656436525285244
-0.002654479583725333
-0.002652538008987904
-0.002650613198056817
-0.002648705616593361
-0.002646815730258822
-0.002644942374899983
-0.002643083687871695
-0.00264123803935945
-0.002639402402564883
-0.002637574449181557
-0.00263575091958046
-0.002633929019793868
-0.002632106654345989
-0.00263028172776103
-0.002628452610224485
-0.00262661837041378
-0.002624778309836984
-0.002622932661324739
-0.002621082123368979
-0.002619227627292275
-0.002617370570078492
-0.002615513047203422
-0.002613656688481569
-0.002611803589388728
-0.002609955379739404
-0.002608113689348102
-0.002606279915198684
-0.002604455221444368
-0.002602640073746443
-0.00260083400644362
-0.002599037485197186
-0.002597249345853925
-0.002595468889921904
-0.002593694953247905
-0.002591926138848066
-0.002590161049738526
-0.002588398288935423
-0.002586636692285538
-0.002584875328466296
-0.00258311303332448
-0.002581349574029446
-0.002579584950581193
-0.002577819162979722
-0.002576052211225033
-0.002574285492300987
-0.002572519239038229
-0.002570754615589976
-0.00256899232044816
-0.002567232819274068
-0.002565477741882205
-0.002563726855441928
-0.002561981324106455
-0.002560241613537073
-0.002558507723733783
-0.002556779654696584
-0.002555056940764189
-0.002553339581936598
-0.002551627112552524
-0.002549918601289392
-0.002548213582485914
-0.002546511357650161
-0.002544810995459557
-0.002543112728744745
-0.002541415160521865
-0.002539718290790915
-0.002538021886721253
-0.002536325482651591
-0.002534629544243217
-0.002532934304326773
-0.002531240461394191
-0.002529548015445471
-0.002527857897803187
-0.00252617010846734
-0.002524485578760505
-0.002522804774343967
-0.002521127695217729
-0.002519455272704363
-0.002517787739634514
-0.002516124863177538
-0.002514466410502791
-0.002512812148779631
-0.002511161146685481
-0.002509513637050986
-0.002507868921384215
-0.002506226068362594
-0.002504585077986121
-0.002502945950254798
-0.002501307753846049
-0.002499670255929232
-0.002498034154996276
-0.002496398985385895
-0.002494765445590019
-0.002493133535608649
-0.002491503255441785
-0.002489875769242644
-0.002488250844180584
-0.002486628480255604
-0.002485009143128991
-0.002483392832800746
-0.002481779549270868
-0.002480169292539358
-0.002478562062606215
-0.002476957160979509
-0.002475354820489883
-0.002473755041137338
-0.002472157124429941
-0.002470561536028981
-0.00246896781027317
-0.002467375947162509
-0.00246578617952764
-0.002464198507368565
-0.002462612930685282
-0.002461028983816504
-0.00245944713242352
-0.002457867376506329
-0.002456289483234286
-0.002454713918268681
-0.002453140448778868
-0.002451568841934204
-0.00244999909773469
-0.002448431216180325
-0.002446865197271109
-0.002445301273837686
-0.002443739678710699
-0.002442179946228862
-0.002440622309222817
-0.002439067466184497
-0.002437514718621969
-0.002435964765027165
-0.002434417372569442
-0.002432872774079442
-0.002431330736726522
-0.002429791027680039
-0.002428253646939993
-0.002426718594506383
-0.00242518587037921
-0.002423654776066542
-0.00242212601006031
-0.002420598641037941
-0.002419072668999434
-0.002417548559606075
-0.002416026080027223
-0.002414505230262876
-0.002412986243143678
-0.002411469118669629
-0.00240995385684073
-0.002408440690487623
-0.002406929386779666
-0.002405420644208789
-0.002403913997113705
-0.002402409678325057
-0.00240090792067349
-0.002399408491328359
-0.002397911157459021
-0.002396416151896119
-0.002394923241809011
-0.002393431961536407
-0.002391942078247666
-0.002390454057604074
-0.002388967899605632
-0.002387482905760407
-0.002385999774560332
-0.002384518040344119
-0.002383037703111768
-0.002381559228524566
-0.002380082616582513
-0.002378607401624322
-0.002377134282141924
-0.002375662792474031
-0.002374192466959357
-0.002372724004089832
-0.002371256938204169
-0.002369791967794299
-0.002368328627198935
-0.002366867149248719
-0.002365407766774297
-0.002363950246945024
-0.002362494822591543
-0.002361041726544499
-0.002359590958803892
-0.002358142752200365
-0.002356696641072631
-0.00235525262542069
-0.002353810705244541
-0.002352370414882898
-0.002350931754335761
-0.002349494723603129
-0.00234805908985436
-0.002346624620258808
-0.002345191547647119
-0.002343759872019291
-0.002342329127714038
-0.002340899314731359
-0.002339470898732543
-0.002338043646886945
-0.002336617792025208
-0.002335193334147334
-0.002333770506083965
-0.002332349540665746
-0.002330930437892675
-0.002329513430595398
-0.002328098518773913
-0.002326685935258865
-0.002325275214388967
-0.002323866356164217
-0.00232245959341526
-0.002321054693311453
-0.002319651655852795
-0.002318250248208642
-0.002316850703209639
-0.002315452788025141
-0.002314056269824505
-0.002312661148607731
-0.002311267424374819
-0.002309875097125769
-0.002308483934029937
-0.00230709440074861
-0.00230570649728179
-0.002304319990798831
-0.002302934881299734
-0.002301551401615143
-0.002300169551745057
-0.002298789331689477
-0.002297410741448402
-0.002296034013852477
-0.002294658683240414
-0.002293284749612212
-0.00229191267862916
-0.002290542237460613
-0.002289173426106572
-0.002287806244567037
-0.002286440227180719
-0.002285076072439551
-0.002283713780343533
-0.002282352885231376
-0.002280993387103081
-0.002279635984450579
-0.002278279745951295
-0.002276925137266517
-0.002275571692734957
-0.002274219645187259
-0.002272868761792779
-0.002271519042551517
-0.002270170487463474
-0.002268822863698006
-0.002267476171255112
-0.002266130410134792
-0.002264786045998335
-0.002263443078845739
-0.002262101741507649
-0.002260762033984065
-0.00225942418910563
-0.002258088206872344
-0.002256754087284207
-0.002255422296002507
-0.002254092367365956
-0.002252763835713267
-0.002251436933875084
-0.00225011189468205
-0.002248788485303521
-0.002247466472908854
-0.00224614585749805
-0.002244826406240463
-0.002243508584797382
-0.002242192160338163
-0.002240876667201519
-0.00223956280387938
-0.002238249871879816
-0.002236938336864114
-0.00223562796600163
-0.002234318759292364
-0.002233010716736317
-0.002231703605502844
-0.002230397891253233
-0.002229093573987484
-0.002227790886536241
-0.002226489363238215
-0.002225189236924052
-0.002223891206085682
-0.00222259433940053
-0.002221299335360527
-0.002220005728304386
-0.002218713751062751
-0.002217422937974334
-0.002216133289039135
-0.002214844571426511
-0.002213557250797749
-0.002212271094322205
-0.002210985869169235
-0.002209701342508197
-0.002208417514339089
-0.002207135083153844
-0.002205853583291173
-0.002204573480412364
-0.002203294774517417
-0.002202017232775688
-0.002200741320848465
-0.002199467038735747
-0.002198194386437535
-0.002196923363953829
-0.002195653971284628
-0.002194385975599289
-0.002193119376897812
-0.002191853942349553
-0.002190589439123869
-0.002189325867220759
-0.002188063459470868
-0.002186802215874195
-0.002185541903600097
-0.002184283221140504
-0.002183025935664773
-0.002181769581511617
-0.002180514391511679
-0.002179261296987534
-0.002178009832277894
-0.00217675999738276
-0.002175511792302132
-0.002174264984205365
-0.002173019340261817
-0.002171775093302131
-0.002170531777665019
-0.002169289626181126
-0.002168048871681094
-0.002166809514164925
-0.002165571320801973
-0.00216433429159224
-0.002163098426535726
-0.002161863492801785
-0.00216062949039042
-0.002159396652132273
-0.002158164978027344
-0.002156934235244989
-0.002155705355107784
-0.00215447717346251
-0.002153250388801098
-0.002152024768292904
-0.002150800311937928
-0.002149577019736171
-0.002148354891687632
-0.002147133462131023
-0.002145913662388921
-0.002144695026800036
-0.00214347755536437
-0.002142261248081923
-0.002141046104952693
-0.002139831660315394
-0.00213861814700067
-0.002137405797839165
-0.002136194845661521
-0.002134984824806452
-0.002133775735273957
-0.002132568042725325
-0.00213136151432991
-0.002130155917257071
-0.002128951251506805
-0.002127747517079115
-0.002126544946804643
-0.002125343773514032
-0.00212414376437664
-0.002122945385053754
-0.002121747937053442
-0.002120551420375705
-0.002119356533512473
-0.00211816281080246
-0.002116970019415021
-0.002115777926519513
-0.002114587230607867
-0.002113397466018796
-0.002112208632752299
-0.002111020730808377
-0.00210983376018703
-0.002108648186549544
-0.002107463777065277
-0.002106280764564872
-0.002105099381878972
-0.002103919629007578
-0.002102741273120046
-0.002101564314216375
-0.002100388985127211
-0.002099215518683195
-0.002098042750731111
-0.002096871379762888
-0.002095701405778527
-0.002094532595947385
-0.002093364484608173
-0.002092197304591537
-0.002091031288728118
-0.00208986597135663
-0.00208870111964643
-0.002087536966428161
-0.002086373046040535
-0.002085209591314197
-0.002084046835079789
-0.002082884311676025
-0.00208172295242548
-0.002080562757328153
-0.002079403260722756
-0.002078244928270578
-0.002077087992802262
-0.002075932221487164
-0.002074777847155929
-0.002073624869808555
-0.002072473289445043
-0.002071323338896036
-0.002070174785330892
-0.002069027628749609
-0.002067882567644119
-0.002066738670691848
-0.002065596170723438
-0.002064454834908247
-0.00206331443041563
-0.002062174957245588
-0.002061036182567477
-0.002059898804873228
-0.002058761660009623
-0.002057625213637948
-0.002056489232927561
-0.002055353950709105
-0.002054218901321292
-0.002053085016086698
-0.002051951829344034
-0.002050819573923945
-0.002049688249826431
-0.002048558089882135
-0.002047428861260414
-0.002046301029622555
-0.002045174594968557
-0.002044049091637135
-0.002042924519628286
-0.002041801577433944
-0.002040679566562176
-0.002039558487012982
-0.002038438338786364
-0.002037319354712963
-0.002036201301962137
-0.002035083947703242
-0.002033967291936278
-0.002032851567491889
-0.002031737007200718
-0.002030623843893409
-0.002029512077569962
-0.002028401242569089
-0.002027291804552078
-0.002026183763518929
-0.002025076653808355
-0.002023970708250999
-0.002022865694016218
-0.002021761611104012
-0.00202065845951438
-0.002019556239247322
-0.002018454717472196
-0.002017353661358356
-0.002016253536567092
-0.002015154110267758
-0.002014055382460356
-0.002012957818806171
-0.002011860953643918
-0.002010764786973596
-0.002009669784456491
-0.002008575946092606
-0.002007482806220651
-0.002006390132009983
-0.002005298156291246
-0.002004206879064441
-0.002003116300329566
-0.00200202688574791
-0.002000938635319471
-0.001999851083382964
-0.001998764695599675
-0.001997679704800248
-0.001996595878154039
-0.001995513448491693
-0.001994432182982564
-0.001993352081626654
-0.001992273144423962
-0.001991195138543844
-0.001990118063986301
-0.001989041920751333
-0.00198796670883894
-0.001986892661079764
-0.001985819544643164
-0.001984747126698494
-0.001983675872907043
-0.001982605550438166
-0.00198153592646122
-0.001980467233806849
-0.001979398773983121
-0.001978331245481968
-0.001977264415472746
-0.001976198516786098
-0.001975133316591382
-0.00197406904771924
-0.001973005943000317
-0.001971943536773324
-0.001970881829038262
-0.001969821518287063
-0.001968762604519725
-0.001967704622074962
-0.001966647803783417
-0.00196559214964509
-0.001964537659659982
-0.001963484333828092
-0.001962431939318776
-0.001961380476132035
-0.001960329944267869
-0.001959280343726277
-0.001958231208845973
-0.0019571827724576
-0.001956135267391801
-0.001955088227987289
-0.001954041654244065
-0.001952996011823416
-0.001951950718648732
-0.001950906007550657
-0.001949861645698547
-0.001948817982338369
-0.001947775366716087
-0.001946733682416379
-0.001945693045854568
-0.001944653573445976
-0.00194361514877528
-0.001942577888257802
-0.001941541791893542
-0.0019405068596825
-0.001939472858794034
-0.001938439672812819
-0.001937407185323536
-0.001936375629156828
-0.001935344655066729
-0.00193431437946856
-0.001933284918777645
-0.001932256040163338
-0.001931227860040963
-0.00193020049482584
-0.001929173711687326
-0.001928147510625422
-0.001927122473716736
-0.001926098251715302
-0.001925075077451766
-0.001924052834510803
-0.001923031290061772
-0.001922010560519993
-0.001920990529470146
-0.001919971313327551
-0.001918953028507531
-0.001917935558594763
-0.001916919252835214
-0.00191590387839824
-0.00191488943528384
-0.001913876389153302
-0.00191286439076066
-0.001911853440105915
-0.00191084377001971
-0.00190983503125608
-0.001908827340230346
-0.001907820231281221
-0.001906813937239349
-0.001905807992443442
-0.001904802746139467
-0.001903797965496778
-0.001902793766930699
-0.001901790150441229
-0.001900787116028368
-0.001899784547276795
-0.001898782793432474
-0.001897781738080084
-0.001896781614050269
-0.001895782304927707
-0.001894783577881753
-0.001893785898573697
-0.001892788917757571
-0.001891792751848698
-0.001890797400847077
-0.001889802981168032
-0.001888809376396239
-0.001887816586531699
-0.00188682449515909
-0.001885833451524377
-0.001884843222796917
-0.001883853692561388
-0.001882865093648434
-0.001881877426058054
-0.001880890806205571
-0.001879905117675662
-0.001878920244053006
-0.001877936418168247
-0.001876953523606062
-0.001875971793197095
-0.001874990644864738
-0.001874010427854955
-0.001873031025752425
-0.001872052322141826
-0.001871074317023158
-0.001870096893981099
-0.001869120053015649
-0.001868143794126809
-0.001867168233729899
-0.001866193255409598
-0.001865219091996551
-0.001864245627075434
-0.00186327297706157
-0.00186230125837028
-0.001861330354586244
-0.00186036026570946
-0.001859391340985894
-0.001858423464000225
-0.001857456983998418
-0.001856491435319185
-0.001855526934377849
-0.001854563597589731
-0.001853601075708866
-0.001852639252319932
-0.001851678243838251
-0.001850717817433178
-0.001849757856689394
-0.001848798361606896
-0.001847839215770364
-0.001846880652010441
-0.001845922321081161
-0.001844964222982526
-0.001844006590545177
-0.001843049540184438
-0.001842093071900308
-0.001841137069277465
-0.001840181648731232
-0.001839227043092251
-0.001838273368775845
-0.001837320276536047
-0.001836367999203503
-0.001835416303947568
-0.001834465423598886
-0.001833515358157456
-0.001832566107623279
-0.001831617671996355
-0.001830669934861362
-0.001829723245464265
-0.001828777370974422
-0.001827832660637796
-0.001826888881623745
-0.00182594615034759
-0.001825004466809332
-0.001824063831008971
-0.001823124242946506
-0.001822185819037259
-0.001821248442865908
-0.001820311998017132
-0.001819376368075609
-0.001818441203795373
-0.001817506738007069
-0.001816572854295373
-0.001815639669075608
-0.001814707065932453
-0.001813774928450584
-0.001812843140214682
-0.00181191205047071
-0.001810981426388025
-0.001810051267966628
-0.001809121808037162
-0.001808192930184305
-0.001807264983654022
-0.001806337619200349
-0.001805410953238606
-0.001804484985768795
-0.001803559716790915
-0.001802635379135609
-0.001801711623556912
-0.001800788566470146
-0.001799866207875311
-0.001798944431357086
-0.001798023120500147
-0.001797102275304496
-0.001796181895770133
-0.001795262098312378
-0.001794342882931232
-0.001793424133211374
-0.001792506081983447
-0.001791588612832129
-0.001790671492926776
-0.001789755304343998
-0.001788839581422508
-0.001787924556992948
-0.001787010231055319
-0.001786096603609622
-0.001785183674655855
-0.001784271677024662
-0.001783360610716045
-0.00178245035931468
-0.00178154103923589
-0.001780632883310318
-0.001779725542291999
-0.00177881948184222
-0.001777914585545659
-0.001777010853402317
-0.001776108168996871
-0.001775206532329321
-0.001774305943399668
-0.001773406052961946
-0.001772506861016154
-0.001771608251146972
-0.001770710339769721
-0.001769812777638435
-0.001768915681168437
-0.00176801870111376
-0.001767122186720371
-0.001766225788742304
-0.001765329856425524
-0.001764434273354709
-0.001763539388775826
-0.001762644969858229
-0.001761751133017242
-0.001760858343914151
-0.001759966253302991
-0.001759075094014406
-0.001758184866048396
-0.001757295336574316
-0.001756406389176846
-0.001755518140271306
-0.001754630589857697
-0.001753743621520698
-0.001752857235260308
-0.001751971314661205
-0.001751085859723389
-0.001750200870446861
-0.001749316463246942
-0.00174843252170831
-0.001747549278661609
-0.001746666850522161
-0.001745785237289965
-0.001744904438965023
-0.001744024571962655
-0.001743145636282861
-0.001742267748340964
-0.00174139067530632
-0.001740514650009573
-0.001739639439620078
-0.001738764927722514
-0.001737891114316881
-0.001737018115818501
-0.001736145466566086
-0.001735273632220924
-0.001734402147121727
-0.00173353124409914
-0.001732660690322518
-0.001731790485791862
-0.001730920746922493
-0.001730051473714411
-0.001729182782582939
-0.001728314557112753
-0.001727446913719177
-0.00172657985240221
-0.001725713489577174
-0.001724847825244069
-0.001723982859402895
-0.001723118708468974
-0.001722255139611661
-0.00172139226924628
-0.001720529980957508
-0.001719668391160667
-0.001718807150609791
-0.001717946375720203
-0.001717085833661258
-0.001716225640848279
-0.001715365797281265
-0.001714506302960217
-0.001713647157885134
-0.001712788594886661
-0.00171193084679544
-0.001711073913611472
-0.001710217795334756
-0.001709362491965294
-0.00170850835274905
-0.001707655377686024
-0.001706803450360894
-0.001705952454358339
-0.001705102506093681
-0.001704253605566919
-0.001703405752778053
-0.001702558598481119
-0.001701712142676115
