0
0
0
0
0
0
0
0
0
0
0
0
0
0
0
0
0
0
0
0
0
0
0
0
0
0
0
0
0
0
0
0
0
0
0
0
0
0
0
0
0
0
0
0
0
0
0
0
0
0
0
0
0
0
0
0
0
0
0
0
0
0
0
0
0
0
0
0
0
0
0
0
0
0
0
0
0
0
0
0
0
0
0
0
0
0
0
0
0
0
0
0
0
0
0
0
0
0
0
0
0
0
0
0
0
0
0
0
0
0
0
0
0
0
0
0
0
0
0
0
0
0
0
0
0
0
0
0
0
0
0
0
0
0
0
0
0
0
0
0
0
0
0
0
0
0
0
0
0
0
0
0
0
0
0
0
0
0
0
0
0
0
0
0
0
0
0
0
0
0
0
0
0
0
0
0
0
0
0
0
0
0
0
0
0
0
0
0
0
0
0
0
0
0
0
0
0
0
0
0
0
0
0
0
0
0
0
0
0
0
0
0
0
0
0
0
0
0
0
0
0
0
0
0
0
0
0
0
0
0
0
0
0
0
0
0
0
0
0
0
0
0
0
0
0
0
0
0
0
0
0
0
0
0
0
0
0
0
0
0
0
0
0
0
0
0
0
0
0
0
0
0
0
0
0
0
0
0
0
0
0
0
0
0
0
0
0
0
0
0
0
0
0
0
0
0
0
0
0
0
0
0
0
0
0
0
0
0
0
0
0
0
0
0
0
0
0
0
0
0
0
0
0
0
0
0
0
0
0
0
0
0
0
0
0
0
0
0
0
0
0
0
0
0
0
0
0
0
0
0
0
0
0
0
0
0
0
0
0
0
0
0
0
0
0
0
0
0
0
0
0
0
0
0
0
0
0
0
0
0
0
0
0
0
0
0
0
0
0
0
0
0
0
0
0
0
0
0
0
0
0
0
0
0
0
0
0
0
0
0
0
0
0
0
0
0
0
0
0
0
0
0
0
0
0
0
0
0
0
0
0
0
0
0
0
0
0
0
0
0
0
0
0
0
0
0
0
0
0
0
0
0
0
0
0
0
0
0
0
0
0
0
0
0
0
0
0
0
0
0
0
0
0
0
0
0
0
0
0
0
0
0
0
0
0
0
0
0
0
0
0
0
0
0
0
0
0
0
0
0
0
0
0
0
0
0
0
0
0
0
0
0
0
0
0
0
0
0
0
0
0
0
0
0
0
0
0
0
0
0
0
0
0
0
0
0
0
0
0
0
0
0
0
0
0
0
0
0
0
0
0
0
0
0
0
0
0
0
0
0
0
0
0
0
0
0
0
0
0
0
0
0
0
0
0
0
0
0
0
0
0
0
0
0
0
0
0
0
0
0
0
0
0
0
0
0
0
0
0
0
0
0
0
0
0
0
0
0
0
0
0
0
0
0
0
0
0
0
0
0
0
0
0
0
0
0
2.802596928649634e-45
1.401298464324817e-44
5.605193857299268e-44
1.68155815718978e-43
4.372051208693429e-43
1.084605011387408e-42
2.661065783752828e-42
6.423552160464961e-42
1.537084285517892e-41
3.654025875573393e-41
8.628915683619359e-41
2.025100488703653e-40
4.723833175177531e-40
1.095365582294959e-39
2.52511040544557e-39
5.787337434289137e-39
1.318801781652472e-38
2.988168642202627e-38
6.732513248476226e-38
1.50840060278418e-37
3.360810786042177e-37
7.44696818521304e-37
1.641129732400666e-36
3.597111006195681e-36
7.842084129615677e-36
1.700571548725591e-35
3.668280789351832e-35
7.871416674074464e-35
1.680289048030062e-34
3.568400216744476e-34
7.539441686956644e-34
1.584885972435073e-33
3.314874232851681e-33
6.898631043510451e-33
1.428572113208984e-32
2.943750242082739e-32
6.036360386776209e-32
1.231801235523286e-31
2.50156976308378e-31
5.055993043564713e-31
1.017037994450087e-30
2.036195640313577e-30
4.057587951128832e-30
8.048162567989602e-30
1.588986394130812e-29
3.122855983445354e-29
6.109501775280136e-29
1.189858297459392e-28
2.306924868964453e-28
4.452803475979246e-28
8.556739187007327e-28
1.637082052815949e-27
3.118404136193592e-27
5.914343273636618e-27
1.116875740736522e-26
2.100096873713227e-26
3.932074100586222e-26
7.331004570247392e-26
1.361056478961448e-25
2.51634845155731e-25
4.632958402688109e-25
8.494738217345735e-25
1.551158891610969e-24
2.8209003327543e-24
5.109221341301716e-24
9.216532534987572e-24
1.655907865796832e-23
2.963265429230811e-23
5.281781587761282e-23
9.377250795968412e-23
1.658308053987057e-22
2.921183486469616e-22
5.1258454962512e-22
8.959717068690007e-22
1.560105852230842e-21
2.70616095585201e-21
4.676291109658082e-21
8.050194422787091e-21
1.380627288690512e-20
2.358956417376852e-20
4.015548283638673e-20
6.810190907846148e-20
1.150723520359136e-19
1.937258933303751e-19
3.249502522207908e-19
5.430829496298527e-19
9.043629743539724e-19
1.500562189645576e-18
2.480886503818788e-18
4.087035300127037e-18
6.709116778220104e-18
1.097449635431664e-17
1.788844745403294e-17
2.905601934384803e-17
4.703069045057227e-17
7.586032369565434e-17
1.219388895565087e-16
1.953305224925006e-16
3.118202241061957e-16
4.960787157239923e-16
7.865291191341296e-16
1.242803586144715e-15
1.957128069904421e-15
3.071641951682131e-15
4.804649550666038e-15
7.490276777185993e-15
1.163815815637473e-14
1.802294851717661e-14
2.781810189372933e-14
4.279510638005232e-14
6.561912065149514e-14
1.002861598560674e-13
1.527672980521436e-13
2.319546193573635e-13
3.510453917571904e-13
5.295601197136124e-13
7.962752093977621e-13
1.193468934790332e-12
1.783047451006659e-12
2.655354451944203e-12
3.941790904099518e-12
5.832835516667023e-12
8.60368633975872e-12
1.265061493060937e-11
1.854232566100844e-11
2.709227980846052e-11
3.946016083333781e-11
5.729374266683074e-11
8.292654757324769e-11
1.196522464441685e-10
1.721043446645254e-10
2.467795412464113e-10
3.527568792627278e-10
5.026819516196213e-10
7.141098268270696e-10
1.011329797684368e-09
1.427838403067483e-09
2.009674870961931e-09
2.819908972995222e-09
3.944652604559451e-09
5.501089805903803e-09
7.648154998207701e-09
1.060069010350162e-08
1.464814580742768e-08
2.017918809826824e-08
2.771395379852493e-08
3.794619729546866e-08
5.179813555855617e-08
7.049155925642481e-08
9.563966330006224e-08
1.293652616141117e-07
1.744522819535632e-07
2.345392857705519e-07
3.143655646908883e-07
4.200829835099285e-07
5.596494929704932e-07
7.433240512000339e-07
9.842858617048478e-07
1.299406903854106e-06
1.710210995042871e-06
2.24405994231347e-06
2.935613792942604e-06
3.828622539003845e-06
4.978110155207105e-06
6.453032256104052e-06
8.339491614606231e-06
1.074460760719376e-05
1.380115554638905e-05
1.767310641298536e-05
2.256219158880413e-05
2.871565993700642e-05
3.643540549091995e-05
4.608861490851268e-05
5.812016024719924e-05
7.306689803954214e-05
9.157413296634331e-05
0.0001144143534475006
0.0001425085356459022
0.0001769501686794683
0.000219031993765384
0.0002702758647501469
0.0003324654826428741
0.0004076820623595268
0.0004983432590961456
0.0006072440883144736
0.000737600727006793
0.0008930960902944207
0.001077926368452609
0.001296848058700562
0.001555223832838237
0.00185906735714525
0.002215082990005612
0.002630701754242182
0.003114108694717288
0.003674261039122939
0.004320894367992878
0.005064514465630054
0.005916366819292307
0.006888394709676504
0.007993165403604507
0.00924377329647541
0.01065371837466955
0.01223674137145281
0.01400664355605841
0.01597705855965614
0.01816119812428951
0.02057156153023243
0.02321961522102356
0.02611544355750084
0.02926738187670708
0.03268161788582802
0.03636180981993675
0.04030868783593178
0.04451965168118477
0.04898843169212341
0.05370475724339485
0.05865409225225449
0.06381742656230927
0.06917116045951843
0.07468709349632263
0.08033251017332077
0.08607036620378494
0.09185969084501266
0.0976560115814209
0.1034120097756386
0.1090782731771469
0.114604189991951
0.1199389770627022
0.1250327229499817
0.1298375725746155
0.1343090236186981
0.1384070366621017
0.1420973241329193
0.1453523933887482
0.1481525599956512
0.1504868716001511
0.1523536294698715
0.1537608504295349
0.1547263711690903
0.1552777588367462
0.1554517149925232
0.1552935093641281
0.1548556983470917
0.1541968286037445
0.153379887342453
0.1524704098701477
0.1515345722436905
0.1506370902061462
0.1498392075300217
0.1491967141628265
0.1487580537796021
0.1485627889633179
0.1486402004957199
0.1490083187818527
0.1496734470129013
0.150629922747612
0.1518605947494507
0.1533375382423401
0.1550233513116837
0.1568727791309357
0.1588347405195236
0.1608544439077377
0.1628758907318115
0.1648442149162292
0.1667080968618393
0.1684220135211945
0.1699481159448624
0.1712577939033508
0.172332838177681
0.1731659770011902
0.1737610548734665
0.1741325259208679
0.1743044406175613
0.1743090748786926
0.1741850823163986
0.1739753037691116
0.173724576830864
0.1734772920608521
0.1732751131057739
0.1731549948453903
0.1731472164392471
0.1732741445302963
0.1735492944717407
0.173976868391037
0.17455193400383
0.175261065363884
0.1760834902524948
0.1769926100969315
0.1779577434062958
0.1789461076259613
0.1799249351024628
0.1808633506298065
0.1817342489957809
0.1825157552957535
0.1831923127174377
0.1837553232908249
0.1842034608125687
0.1845423132181168
0.1847837865352631
0.1849449574947357
0.1850466877222061
0.1851121783256531
0.1851652264595032
0.1852286458015442
0.1853228062391281
0.1854644417762756
0.185665637254715
0.1859333217144012
0.1862690895795822
0.1866693794727325
0.187126025557518
0.1876271367073059
0.1881580948829651
0.1887028962373734
0.1892453134059906
0.1897700875997543
0.1902640610933304
0.190716952085495
0.1911219656467438
0.1914760768413544
0.1917800158262253
0.1920380294322968
0.1922572702169418
0.1924471259117126
0.1926182359457016
0.1927817165851593
0.1929481774568558
0.1931269764900208
0.19332554936409
0.1935489475727081
0.193799614906311
0.1940774321556091
0.1943798214197159
0.1947021186351776
0.1950382441282272
0.1953811645507812
0.1957236975431442
0.196058988571167
0.1963811218738556
0.1966855376958847
0.1969693899154663
0.1972315460443497
0.1974726021289825
0.197694718837738
0.1979013085365295
0.1980966478586197
0.1982854306697845
0.1984722912311554
0.1986614465713501
0.198856309056282
0.199059322476387
0.1992717087268829
0.1994934678077698
0.199723556637764
0.1999599039554596
0.2001997530460358
0.200439915060997
0.2006770372390747
0.2009078711271286
0.2011294662952423
0.2013394385576248
0.2015358656644821
0.2017174065113068
0.2018832415342331
0.2020327299833298
0.202165424823761
0.202280730009079
0.2023776173591614
0.2024544775485992
0.2025087922811508
0.2025370448827744
0.2025345265865326
0.2024953067302704
0.2024123072624207
0.2022771537303925
0.2020804584026337
0.2018119096755981
0.2014603763818741
0.2010142356157303
0.2004614323377609
0.1997898370027542
0.1989874094724655
0.1980425417423248
0.1969442367553711
0.1956824511289597
0.1942484229803085
0.1926349848508835
0.1908370107412338
0.1888517439365387
0.1866792291402817
0.1843226701021194
0.1817888915538788
0.1790885031223297
0.1762363314628601
0.1732514351606369
0.1701571196317673
0.1669807732105255
0.1637535244226456
0.1605097502470016
0.1572862416505814
0.1541213244199753
0.151053786277771
0.148121640086174
0.1453607976436615
0.1428036838769913
0.1404779702425003
0.1384052336215973
0.1365999430418015
0.1350686103105545
0.1338091939687729
0.1328109800815582
0.1320546716451645
0.1315129846334457
0.1311517059803009
0.1309309452772141
0.1308069080114365
0.1307337880134583
0.1306658834218979
0.1305597126483917
0.1303761303424835
0.1300822347402573
0.1296528875827789
0.1290719360113144
0.1283329576253891
0.1274393051862717
0.1264037638902664
0.1252474337816238
0.1239983513951302
0.1226895675063133
0.1213569641113281
0.1200368851423264
0.1187637820839882
0.1175680682063103
0.1164742112159729
0.1154993548989296
0.1146523356437683
0.1139334887266159
0.1133348941802979
0.112841360270977
0.1124317869544029
0.1120809614658356
0.1117616668343544
0.111446775496006
0.1111113354563713
0.1107343435287476
0.1103001609444618
0.1097994223237038
0.1092294380068779
0.1085939928889275
0.1079026088118553
0.107169397175312
0.1064115390181541
0.1056475937366486
0.1048958525061607
0.1041726768016815
0.1034911721944809
0.102860264480114
0.1022841706871986
0.1017623096704483
0.1012897342443466
0.1008578836917877
0.1004556491971016
0.100070632994175
0.09969039261341095
0.09930365532636642
0.09890130907297134
0.09847711026668549
0.09802807867527008
0.09755447506904602
0.09705954790115356
0.09654888510704041
0.09602966159582138
0.09550973773002625
0.09499676525592804
0.09449741244316101
0.09401673078536987
0.09355773031711578
0.09312128275632858
0.09270612895488739
0.09230931103229523
0.09192661195993423
0.09155310690402985
0.09118378907442093
0.09081413596868515
0.09044057875871658
0.09006078541278839
0.08967379480600357
0.08928000926971436
0.08888097852468491
0.08847913891077042
0.08807734400033951
0.08767856657505035
0.08728547394275665
0.08690015971660614
0.08652395009994507
0.08615727722644806
0.08579977601766586
0.08545036613941193
0.0851074755191803
0.08476929366588593
0.08443397283554077
0.08409992605447769
0.0837659165263176
0.08343122899532318
0.08309564739465714
0.08275947719812393
0.08242341876029968
0.08208838105201721
0.0817553922533989
0.08142544329166412
0.08109933882951736
0.08077759295701981
0.08046045154333115
0.08014781028032303
0.07983932644128799
0.07953445613384247
0.07923256605863571
0.07893301546573639
0.07863523811101913
0.07833879441022873
0.07804344594478607
0.07774913311004639
0.07745597511529922
0.07716421037912369
0.07687412947416306
0.07658608257770538
0.07630036771297455
0.07601719349622726
0.07573668658733368
0.07545886188745499
0.07518365234136581
0.07491089403629303
0.07464035600423813
0.07437180727720261
0.07410503923892975
0.07383986562490463
0.0735761895775795
0.07331395894289017
0.07305317372083664
0.07279388606548309
0.0725361704826355
0.0722801610827446
0.07202590256929398
0.07177343964576721
0.07152280211448669
0.07127396762371063
0.07102688401937485
0.07078145444393158
0.07053756713867188
0.07029509544372559
0.07005394250154495
0.06981398910284042
0.06957512348890305
0.06933727115392685
0.06910032778978348
0.06886419653892517
0.06862877309322357
0.06839393079280853
0.06815950572490692
0.06792528927326202
0.06769103556871414
0.0674564465880394
0.06722116470336914
0.06698474287986755
0.06674670428037643
0.06650645285844803
0.066263347864151
0.06601663678884506
0.06576547026634216
0.0655088871717453
0.06524576246738434
0.06497485190629959
0.06469472497701645
0.06440376490354538
0.06410013139247894
0.06378173828125
0.06344623118638992
0.06309100985527039
0.0627131313085556
0.06230933964252472
0.06187602505087852
0.06140919774770737
0.06090448051691055
0.06035708263516426
0.05976177379488945
0.05911289900541306
0.05840432643890381
0.05762948095798492
0.05678129941225052
0.05585227906703949
0.05483446270227432
0.05371949076652527
0.05249860882759094
0.0511627309024334
0.04970249533653259
0.04810832813382149
0.04637052491307259
0.0444793589413166
0.04242519289255142
0.04019860550761223
0.03779051452875137
0.03519237041473389
0.03239628672599792
0.02939526177942753
0.02618332579731941
0.02275576628744602
0.0191093236207962
0.01524239685386419
0.01115523651242256
0.006850159727036953
0.002331716474145651
-0.002393131610006094
-0.007314867805689573
-0.01242130063474178
-0.01769747398793697
-0.02312561683356762
-0.02868514694273472
-0.03435269743204117
-0.04010222852230072
-0.04590516164898872
-0.05173061788082123
-0.05754566192626953
-0.06331563740968704
-0.06900457292795181
-0.07457563281059265
-0.07999161630868912
-0.08521551638841629
-0.09021113067865372
-0.09494365751743317
-0.09938035160303116
-0.1034912094473839
-0.1072495728731155
-0.1106327623128891
-0.1136226877570152
-0.1162063702940941
-0.1183763742446899
-0.1201312094926834
-0.1214756071567535
-0.1224206015467644
-0.1229836419224739
-0.1231883615255356
-0.1230643689632416
-0.12264683842659
-0.1219758987426758
-0.1210959479212761
-0.1200547888875008
-0.118902675807476
-0.1176912561058998
-0.1164723858237267
-0.1152970194816589
-0.1142139434814453
-0.1132686212658882
-0.1125020906329155
-0.1119498535990715
-0.1116410121321678
-0.1115974336862564
-0.1118332371115685
-0.1123543605208397
-0.1131584644317627
-0.1142349764704704
-0.1155654489994049
-0.1171241030097008
-0.1188786551356316
-0.1207913309335709
-0.1228200420737267
-0.1249197199940681
-0.1270437687635422
-0.1291455626487732
-0.1311799734830856
-0.1331048160791397
-0.1348821967840195
-0.1364797502756119
-0.1378716826438904
-0.1390395760536194
-0.1399729400873184
-0.1406693905591965
-0.1411347836256027
-0.1413826942443848
-0.141433909535408
-0.1413155645132065
-0.1410598605871201
-0.1407029330730438
-0.1402833014726639
-0.139840379357338
-0.1394128948450089
-0.1390374004840851
-0.1387468874454498
-0.1385694891214371
-0.1385274976491928
-0.1386365741491318
-0.1389052718877792
-0.1393348425626755
-0.1399193853139877
-0.1406463384628296
-0.1414971351623535
-0.142448216676712
-0.1434721499681473
-0.144539013504982
-0.1456177681684494
-0.1466776579618454
-0.147689625620842
-0.1486275345087051
-0.1494692116975784
-0.1501973122358322
-0.1507999897003174
-0.1512711644172668
-0.1516104936599731
-0.1518232226371765
-0.1519194692373276
-0.1519135981798172
-0.1518231183290482
-0.151667594909668
-0.1514674425125122
-0.151242658495903
-0.151011660695076
-0.1507901698350906
-0.1505903303623199
-0.1504199355840683
-0.1502819657325745
-0.1501743495464325
-0.1500901132822037
-0.1500174999237061
-0.149940699338913
-0.1498404443264008
-0.1496949642896652
-0.149481013417244
-0.1491749733686447
-0.1487538367509842
-0.1481962651014328
-0.1474834680557251
-0.1465999931097031
-0.1455342918634415
-0.1442790329456329
-0.1428313553333282
-0.1411927789449692
-0.139369010925293
-0.1373695433139801
-0.1352071613073349
-0.1328973770141602
-0.130457729101181
-0.1279072314500809
-0.1252656728029251
-0.1225531324744225
-0.1197895333170891
-0.1169942691922188
-0.1141860783100128
-0.1113828271627426
-0.1086016297340393
-0.1058588102459908
-0.1031701117753983
-0.1005508005619049
-0.09801580011844635
-0.09557978063821793
-0.09325721859931946
-0.09106229245662689
-0.08900869637727737
-0.08710940927267075
-0.08537629246711731
-0.08381962031126022
-0.0824475884437561
-0.08126577734947205
-0.08027663081884384
-0.07947898656129837
-0.07886768877506256
-0.07843336462974548
-0.07816234976053238
-0.07803677022457123
-0.07803487777709961
-0.07813152670860291
-0.07829888910055161
-0.07850729674100876
-0.07872620224952698
-0.07892531901597977
-0.0790756493806839
-0.07915062457323074
-0.07912711799144745
-0.07898639887571335
-0.07871481031179428
-0.07830434292554855
-0.07775290310382843
-0.07706435769796371
-0.07624829560518265
-0.0753195583820343
-0.07429753988981247
-0.07320524752140045
-0.07206825166940689
-0.07091350108385086
-0.06976811587810516
-0.06865817308425903
-0.0676075667142868
-0.06663697212934494
-0.06576301157474518
-0.06499762833118439
-0.06434765458106995
-0.0638146698474884
-0.06339510530233383
-0.0630805566906929
-0.06285841017961502
-0.06271256506443024
-0.06262434273958206
-0.06257349997758865
-0.0625392273068428
-0.06250128895044327
-0.0624408945441246
-0.06234165653586388
-0.06219028681516647
-0.06197713315486908
-0.06169650703668594
-0.06134682521224022
-0.06093047186732292
-0.06045352667570114
-0.05992524698376656
-0.05935743078589439
-0.05876364558935165
-0.05815840885043144
-0.05755633488297462
-0.05697131529450417
-0.05641574785113335
-0.05589991807937622
-0.05543148890137672
-0.0550151951611042
-0.05465268343687057
-0.05434257164597511
-0.05408066511154175
-0.05386032909154892
-0.05367304384708405
-0.05350895971059799
-0.05335759744048119
-0.05320850387215614
-0.05305190756917
-0.05287929996848106
-0.05268390476703644
-0.05246100574731827
-0.05220816656947136
-0.05192523449659348
-0.05161426588892937
-0.05127923190593719
-0.05092566832900047
-0.05056022480130196
-0.05019013211131096
-0.04982268065214157
-0.04946472123265266
-0.04912219941616058
-0.04879980534315109
-0.04850069433450699
-0.04822636023163795
-0.04797662422060966
-0.04774972423911095
-0.04754254966974258
-0.04735095053911209
-0.04717007651925087
-0.04699477925896645
-0.0468200258910656
-0.04664126038551331
-0.04645469784736633
-0.04625756666064262
-0.04604826495051384
-0.04582638293504715
-0.04559268802404404
-0.04534896463155746
-0.04509780555963516
-0.04484236612915993
-0.04458607360720634
-0.04433233290910721
-0.04408424347639084
-0.04384439811110497
-0.04361467808485031
-0.04339616373181343
-0.04318908229470253
-0.04299286752939224
-0.0428062379360199
-0.04262736439704895
-0.0424540713429451
-0.04228401184082031
-0.04211489111185074
-0.04194466024637222
-0.04177165776491165
-0.0415947325527668
-0.04141329228878021
-0.0412273146212101
-0.04103730991482735
-0.04084424301981926
-0.04064938798546791
-0.04045420140028
-0.0402601882815361
-0.04006875306367874
-0.03988109529018402
-0.03969809412956238
-0.0395202748477459
-0.03934777155518532
-0.03918035328388214
-0.03901746869087219
-0.0388583242893219
-0.03870197758078575
-0.03854741528630257
-0.03839367255568504
-0.03823991492390633
-0.03808549419045448
-0.03792999684810638
-0.03777326643466949
-0.03761538863182068
-0.03745665401220322
-0.03729754313826561
-0.03713862225413322
-0.03698050230741501
-0.03682378306984901
-0.03666897490620613
-0.03651647642254829
-0.03636652603745461
-0.03621919453144073
-0.03607440739870071
-0.03593195229768753
-0.03579149767756462
-0.03565266355872154
-0.03551504760980606
-0.03537825495004654
-0.03524195030331612
-0.0351058803498745
-0.03496989235281944
-0.03483394160866737
-0.03469808027148247
-0.03456244245171547
-0.0344272293150425
-0.03429267182946205
-0.03415899723768234
-0.03402642905712128
-0.03389514237642288
-0.03376525640487671
-0.03363682329654694
-0.03350983560085297
-0.03338422998785973
-0.03325987979769707
-0.03313664719462395
-0.03301436081528664
-0.03289287537336349
-0.03277204558253288
-0.03265176340937614
-0.03253196552395821
-0.03241261839866638
-0.03229373693466187
-0.03217536583542824
-0.03205757960677147
-0.03194046020507812
-0.03182408958673477
-0.03170854225754738
-0.03159388527274132
-0.03148015588521957
-0.03136736154556274
-0.03125549852848053
-0.0311445277184248
-0.03103440068662167
-0.03092506155371666
-0.03081644512712955
-0.03070849180221558
-0.0306011475622654
-0.03049437701702118
-0.03038815781474113
-0.03028248250484467
-0.03017735667526722
-0.03007279708981514
-0.02996883355081081
-0.02986549213528633
-0.02976279705762863
-0.02966077253222466
-0.0295594297349453
-0.02945877425372601
-0.02935880422592163
-0.02925950475037098
-0.02916085720062256
-0.02906284108757973
-0.0289654303342104
-0.02886859886348248
-0.02877232432365417
-0.028676588088274
-0.02858138270676136
-0.0284866988658905
-0.02839253656566143
-0.02829889953136444
-0.02820579148828983
-0.02811321802437305
-0.028021190315485
-0.02792971208691597
-0.02783878333866596
-0.02774840407073498
-0.02765857055783272
-0.02756927907466888
-0.02748051472008228
-0.02739227190613747
-0.02730453759431839
-0.02721730060875416
-0.02713055163621902
-0.02704427763819695
-0.02695847488939762
-0.02687313966453075
-0.02678826823830605
-0.02670386247336864
-0.02661992236971855
-0.02653644979000092
-0.02645344287157059
-0.02637089788913727
-0.02628881670534611
-0.02620719373226166
-0.02612603083252907
-0.02604531869292259
-0.02596505358815193
-0.02588522806763649
-0.02580583840608597
-0.02572687715291977
-0.02564833872020245
-0.02557021751999855
-0.02549251355230808
-0.02541522122919559
-0.02533833682537079
-0.02526186220347881
-0.02518579363822937
-0.02511012740433216
-0.02503486350178719
-0.0249600000679493
-0.02488553524017334
-0.02481146156787872
-0.02473778091371059
-0.02466448582708836
-0.02459157630801201
-0.02451904490590096
-0.0244468878954649
-0.02437510155141354
-0.02430368587374687
-0.02423263713717461
-0.02416195161640644
-0.02409162931144238
-0.02402166463434696
-0.0239520575851202
-0.02388280257582664
-0.02381389774382114
-0.02374534122645855
-0.02367713302373886
-0.02360926568508148
-0.02354173921048641
-0.0234745517373085
-0.02340769954025745
-0.02334118261933327
-0.02327499724924564
-0.02320914342999458
-0.02314362116158009
-0.02307841926813126
-0.02301354147493839
-0.02294898219406605
-0.02288473956286907
-0.02282081358134747
-0.02275719866156578
-0.02269389480352402
-0.02263089641928673
-0.02256820723414421
-0.02250582166016102
-0.02244373597204685
-0.02238194644451141
-0.0223204530775547
-0.02225924655795097
-0.02219833061099052
-0.02213770523667336
-0.02207736670970917
-0.02201731503009796
-0.02195755019783974
-0.0218980684876442
-0.02183886989951134
-0.02177994884550571
-0.02172130718827248
-0.02166294120252132
-0.02160485275089741
-0.02154703438282013
-0.02148948796093464
-0.02143220789730549
-0.02137519605457783
-0.02131844684481621
-0.02126195840537548
-0.02120572701096535
-0.02114975452423096
-0.02109403721988201
-0.02103857696056366
-0.02098336815834045
-0.02092841453850269
-0.02087371237576008
-0.02081925608217716
-0.02076504565775394
-0.02071107923984528
-0.02065735682845116
-0.02060387283563614
-0.02055063284933567
-0.02049762941896915
-0.02044486254453659
-0.02039233408868313
-0.02034003660082817
-0.02028797194361687
-0.02023613825440407
-0.02018453367054462
-0.02013315632939339
-0.02008200436830521
-0.02003107964992523
-0.01998038031160831
-0.01992990262806416
-0.01987964473664761
-0.01982960663735867
-0.01977978460490704
-0.01973017677664757
-0.01968078501522541
-0.01963160745799541
-0.01958264410495758
-0.01953389309346676
-0.01948535069823265
-0.01943701878190041
-0.01938889548182487
-0.01934097707271576
-0.01929326355457306
-0.01924575120210648
-0.01919844187796116
-0.01915133371949196
-0.01910442113876343
-0.01905770599842072
-0.01901118829846382
-0.01896486431360245
-0.01891873404383659
-0.01887279562652111
-0.0188270527869463
-0.018781503662467
-0.01873614825308323
-0.01869098283350468
-0.01864600740373135
-0.01860121823847294
-0.0185566134750843
-0.01851219311356544
-0.01846795156598091
-0.018423892557621
-0.01838001608848572
-0.01833631843328476
-0.01829279959201813
-0.01824945583939552
-0.01820629090070724
-0.01816329918801785
-0.01812048256397247
-0.01807784102857113
-0.01803537271916866
-0.01799307577311993
-0.01795094646513462
-0.01790898479521275
-0.01786718890070915
-0.01782556064426899
-0.01778410002589226
-0.01774280518293381
-0.01770167797803879
-0.0176607146859169
-0.01761991158127785
-0.01757927238941193
-0.01753879524767399
-0.01749848015606403
-0.01745832525193691
-0.01741833053529263
-0.01737849228084087
-0.01733881048858166
-0.01729928329586983
-0.01725990697741508
-0.01722068153321743
-0.01718160882592201
-0.01714268326759338
-0.01710390672087669
-0.01706528104841709
-0.01702680811285973
-0.01698848232626915
-0.01695030555129051
-0.01691227592527866
-0.01687439158558846
-0.01683665253221989
-0.01679906062781811
-0.01676161587238312
-0.01672431640326977
-0.01668716035783291
-0.01665014587342739
-0.01661327481269836
-0.01657653786242008
-0.01653993874788284
-0.01650347746908665
-0.01646715402603149
-0.01643096841871738
-0.01639491319656372
-0.01635899394750595
-0.01632320880889893
-0.01628755778074265
-0.01625204086303711
-0.01621665433049202
-0.01618140004575253
-0.01614627614617348
-0.01611128076910973
-0.01607641577720642
-0.01604167930781841
-0.0160070713609457
-0.01597259007394314
-0.01593823730945587
-0.01590400747954845
-0.01586990617215633
-0.01583593152463436
-0.01580207981169224
-0.01576835289597511
-0.01573474891483784
-0.01570126600563526
-0.01566790230572224
-0.01563465967774391
-0.01560153905302286
-0.01556853670626879
-0.01553565356880426
-0.01550288964062929
-0.01547024305909872
-0.01543771289288998
-0.01540529821068048
-0.01537299901247025
-0.01534081436693668
-0.01530874334275723
-0.01527678780257702
-0.01524494681507349
-0.01521321851760149
-0.01518160104751587
-0.01515009626746178
-0.01511870138347149
-0.01508741825819016
-0.01505624316632748
-0.01502517890185118
-0.01499422453343868
-0.01496338006108999
-0.01493264082819223
-0.01490200962871313
-0.01487148646265268
-0.01484106946736574
-0.01481075957417488
-0.01478055492043495
-0.01475045271217823
-0.01472045481204987
-0.01469055935740471
-0.01466076634824276
-0.01463107485324144
-0.01460148487240076
-0.01457199547439814
-0.01454260759055614
-0.01451331842690706
-0.01448412798345089
-0.0144550371915102
-0.01442604698240757
-0.01439715549349785
-0.01436836272478104
-0.01433966774493456
-0.01431107148528099
-0.01428257487714291
-0.01425417605787516
-0.01422587502747774
-0.01419766992330551
-0.01416955608874559
-0.01414153818041086
-0.01411361340433359
-0.01408578082919121
-0.01405804045498371
-0.01403039321303368
-0.0140028353780508
-0.01397536974400282
-0.01394799537956715
-0.01392071135342121
-0.01389351766556501
-0.01386641431599855
-0.01383939944207668
-0.01381247397512197
-0.01378563698381186
-0.01375888753682375
-0.01373222563415766
-0.01370564941316843
-0.01367915794253349
-0.01365275215357542
-0.01362643204629421
-0.01360019948333502
-0.01357405167073011
-0.01354799047112465
-0.01352201495319605
-0.01349612325429916
-0.01347031630575657
-0.01344459410756826
-0.01341895572841167
-0.01339340023696423
-0.01336792763322592
-0.01334253791719675
-0.01331723015755415
-0.01329200435429811
-0.01326685957610607
-0.01324179396033287
-0.01321680564433336
-0.01319189555943012
-0.01316706463694572
-0.01314231194555759
-0.01311763841658831
-0.01309304125607014
-0.01306852046400309
-0.01304407697170973
-0.01301971077919006
-0.01299542095512152
-0.01297120656818151
-0.01294706761837006
-0.01292300317436457
-0.0128990150988102
-0.01287510339170694
-0.01285126619040966
-0.01282750442624092
-0.01280381623655558
-0.01278020162135363
-0.01275666058063507
-0.01273319218307734
-0.01270979829132557
-0.01268647704273462
-0.01266322936862707
-0.01264005526900291
-0.012616952881217
-0.01259392313659191
-0.01257096417248249
-0.01254807692021132
-0.01252525951713324
-0.0125025101006031
-0.01247983053326607
-0.01245721895247698
-0.01243467349559069
-0.01241219509392977
-0.01238978374749422
-0.01236744038760662
-0.01234516315162182
-0.01232295203953981
-0.01230080798268318
-0.0122787319123745
-0.01225672196596861
-0.01223477907478809
-0.01221290323883295
-0.01219109352678061
-0.01216934900730848
-0.01214766968041658
-0.01212605554610491
-0.01210450660437346
-0.01208302099257708
-0.01206159964203835
-0.01204024255275726
-0.01201894599944353
-0.01199771463871002
-0.01197654660791159
-0.01195544097572565
-0.01193439774215221
-0.01191341783851385
-0.01189250033348799
-0.0118716461583972
-0.01185085438191891
-0.01183012407273054
-0.0118094552308321
-0.01178884692490101
-0.01176829729229212
-0.011747807264328
-0.01172737497836351
-0.01170700136572123
-0.01168668642640114
-0.01166642922908068
-0.01164622977375984
-0.01162608992308378
-0.01160600781440735
-0.01158598437905312
-0.01156601961702108
-0.01154611352831125
-0.01152626611292362
-0.01150647550821304
-0.01148674171417952
-0.01146706659346819
-0.01144744828343391
-0.01142788678407669
-0.01140838116407394
-0.0113889304921031
-0.01136953569948673
-0.01135019492357969
-0.01133090816438198
-0.01131167449057102
-0.01129249390214682
-0.01127336733043194
-0.01125429291278124
-0.01123527344316244
-0.01121630799025297
-0.01119739655405283
-0.01117854006588459
-0.01115973759442568
-0.01114098727703094
-0.01112229097634554
-0.01110364869236946
-0.01108506042510271
-0.01106652524322271
-0.01104804221540689
-0.01102961041033268
-0.01101122982800007
-0.01099289953708649
-0.01097461860626936
-0.01095638796687126
-0.01093820575624704
-0.01092007383704185
-0.01090199127793312
-0.01088395807892084
-0.01086597424000502
-0.01084803976118565
-0.01083015557378531
-0.01081232167780399
-0.01079453527927399
-0.01077679824084044
-0.01075911149382591
-0.01074147410690784
-0.01072388514876366
-0.01070634461939335
-0.01068885251879692
-0.0106714079156518
-0.01065400987863541
-0.01063665747642517
-0.01061935070902109
-0.01060209143906832
-0.01058487873524427
-0.01056770980358124
-0.01055058650672436
-0.01053350977599621
-0.01051647774875164
-0.0104994922876358
-0.01048255246132612
-0.01046566013246775
-0.01044881250709295
-0.01043201237916946
-0.01041525974869728
-0.01039855368435383
-0.01038189232349396
-0.01036527659744024
-0.01034870557487011
-0.01033217925578356
-0.01031569857150316
-0.01029925979673862
-0.01028286572545767
-0.01026651449501514
-0.01025020517408848
-0.01023393776267767
-0.01021771039813757
-0.01020152401179075
-0.01018537860363722
-0.01016927510499954
-0.0101532144472003
-0.01013719383627176
-0.01012121606618166
-0.01010528113692999
-0.01008938811719418
-0.01007353886961937
-0.010057732462883
-0.01004196796566248
-0.01002624444663525
-0.0100105619058013
-0.009994920343160629
-0.00997932069003582
-0.009963762015104294
-0.009948243387043476
-0.009932764805853367
-0.009917325340211391
-0.00990192499011755
-0.009886563755571842
-0.009871242567896843
-0.009855961427092552
-0.009840718470513821
-0.009825514629483223
-0.009810350835323334
-0.009795226156711578
-0.009780139662325382
-0.00976509228348732
-0.009750083088874817
-0.009735111147165298
-0.009720177389681339
-0.00970527995377779
-0.0096904207020998
-0.009675598703324795
-0.009660814888775349
-0.009646069258451462
-0.009631362743675709
-0.00961669534444809
-0.009602065198123455
-0.009587472304701805
-0.009572915732860565
-0.00955839641392231
-0.009543913416564465
-0.009529465809464455
-0.00951505359262228
-0.009500676766037941
-0.009486334398388863
-0.00947202555835247
-0.009457753039896488
-0.009443514049053192
-0.009429311379790306
-0.009415144100785255
-0.009401011280715466
-0.009386913850903511
-0.009372851811349392
-0.009358825162053108
-0.009344832971692085
-0.009330876171588898
-0.009316953830420971
-0.00930306687951088
-0.009289214387536049
-0.009275397285819054
-0.009261615574359894
-0.009247866459190845
-0.009234152734279633
-0.009220472536981106
-0.00920682679861784
-0.009193215519189835
-0.00917963869869709
-0.009166095405817032
-0.009152584709227085
-0.009139105677604675
-0.009125659242272377
-0.00911224540323019
-0.009098862297832966
-0.009085511788725853
-0.009072192944586277
-0.009058906696736813
-0.009045652113854885
-0.009032429195940495
-0.009019238874316216
-0.009006080217659473
-0.008992953225970268
-0.0089798578992486
-0.008966794237494469
-0.008953760378062725
-0.008940757252275944
-0.008927786722779274
-0.008914846926927567
-0.008901937864720821
-0.008889060467481613
-0.008876214735209942
-0.008863399736583233
-0.008850615471601486
-0.008837862871587276
-0.00882513914257288
-0.008812448009848595
-0.008799784816801548
-0.008787153288722038
-0.008774551562964916
-0.008761979639530182
-0.008749436587095261
-0.008736922405660152
-0.008724438026547432
-0.008711983449757099
-0.008699557743966579
-0.008687161840498447
-0.008674793876707554
-0.008662453852593899
-0.008650142699480057
-0.008637859486043453
-0.008625604212284088
-0.008613376878201962
-0.008601177483797073
-0.008589006029069424
-0.008576862514019012
-0.00856474693864584
-0.00855266023427248
-0.008540603332221508
-0.008528572507202625
-0.00851657148450613
-0.008504600264132023
-0.008492658846080303
-0.008480745367705822
-0.008468859829008579
-0.00845700316131115
-0.008445175364613533
-0.00843337457627058
-0.008421601727604866
-0.008409857749938965
-0.008398139849305153
-0.008386448957026005
-0.008374784141778946
-0.008363146334886551
-0.008351533673703671
-0.00833994522690773
-0.008328382857143879
-0.008316846564412117
-0.00830533541738987
-0.008293849416077137
-0.008282388560473919
-0.00827095378190279
-0.008259546011686325
-0.0082481624558568
-0.008236803114414215
-0.008225469850003719
-0.008214162662625313
-0.008202879689633846
-0.008191622793674469
-0.008180392906069756
-0.008169188164174557
-0.008158010430634022
-0.008146858774125576
-0.00813573319464922
-0.008124633692204952
-0.008113560266792774
-0.008102511055767536
-0.008091488853096962
-0.008080492727458477
-0.008069520816206932
-0.008058572188019753
-0.008047646842896938
-0.008036745712161064
-0.00802586879581213
-0.008015014231204987
-0.008004182018339634
-0.007993374019861221
-0.007982590235769749
-0.007971828803420067
-0.007961093448102474
-0.007950381375849247
-0.007939692586660385
-0.007929027080535889
-0.007918385788798332
-0.007907766848802567
-0.007897171191871166
-0.007886597886681557
-0.007876048795878887
-0.007865522988140583
-0.007855018600821495
-0.007844537496566772
-0.007834079675376415
-0.007823644205927849
-0.007813231088221073
-0.00780284171923995
-0.007792477495968342
-0.007782137487083673
-0.007771822158247232
-0.007761530112475157
-0.007751260884106159
-0.007741014007478952
-0.007730788085609674
-0.007720583584159613
-0.007710400968790054
-0.007700238842517138
-0.00769009767100215
-0.007679978385567665
-0.007669880054891109
-0.007659802678972483
-0.007649746723473072
-0.007639712188392878
-0.007629699539393187
-0.007619709242135286
-0.00760974083095789
-0.007599793374538422
-0.00758986733853817
-0.00757996179163456
-0.007570078130811453
-0.007560214959084988
-0.007550373207777739
-0.007540551945567131
-0.00753075210377574
-0.00752097275108099
-0.007511214353144169
-0.007501476909965277
-0.007491759024560452
-0.007482062559574842
-0.00747238751500845
-0.007462732959538698
-0.007453099358826876
-0.007443486247211695
-0.007433895487338305
-0.007424324750900269
-0.007414774969220161
-0.007405244745314121
-0.007395734544843435
-0.007386244833469391
-0.007376775611191988
-0.007367325015366077
-0.007357894442975521
-0.007348482962697744
-0.007339091505855322
-0.007329719606786966
-0.00732036679983139
-0.007311033550649881
-0.007301719393581152
-0.007292424328625202
-0.007283148821443319
-0.007273892872035503
-0.007264656480401754
-0.007255439180880785
-0.007246240507811308
-0.00723706092685461
-0.007227900438010693
-0.007218757178634405
-0.007209633011370897
-0.007200526539236307
-0.007191438227891922
-0.007182367611676455
-0.007173315621912479
-0.007164282258599997
-0.007155267056077719
-0.007146270480006933
-0.007137293461710215
-0.007128336001187563
-0.007119397632777691
-0.007110478356480598
-0.007101578172296286
-0.007092696148902178
-0.007083832751959562
-0.007074987050145864
-0.007066159509122372
-0.007057349663227797
-0.007048557512462139
-0.007039783056825399
-0.007031026761978865
-0.007022288627922535
-0.00701356865465641
-0.00700486684218049
-0.006996183656156063
-0.006987517699599266
-0.006978869903832674
-0.006970238871872425
-0.006961624603718519
-0.006953027099370956
-0.006944445893168449
-0.006935881450772285
-0.006927332375198603
-0.006918799597769976
-0.006910283118486404
-0.006901783403009176
-0.006893300916999578
-0.006884835660457611
-0.006876388564705849
-0.006867959164083004
-0.006859547458589077
-0.006851152516901493
-0.006842776201665401
-0.00683441711589694
-0.006826075259596109
-0.006817750632762909
-0.006809443235397339
-0.006801152601838112
-0.006792877800762653
-0.006784619297832251
-0.006776377558708191
-0.0067681516520679
-0.006759942509233952
-0.006751749198883772
-0.006743571721017361
-0.006735409144312143
-0.00672726146876812
-0.006719129625707865
-0.006711013615131378
-0.00670291343703866
-0.00669482909142971
-0.006686761043965816
-0.006678708363324404
-0.006670671980828047
-0.006662651430815458
-0.006654647178947926
-0.006646658759564161
-0.006638686172664165
-0.006630729418247938
-0.006622787564992905
-0.006614860612899065
-0.006606948561966419
-0.006599050480872393
-0.006591166835278273
-0.006583298556506634
-0.006575445644557476
-0.006567607633769512
-0.006559784989804029
-0.006551978178322315
-0.006544188130646944
-0.006536414381116629
-0.006528655998408794
-0.006520914379507303
-0.006513187661767006
-0.006505476776510477
-0.006497781258076429
-0.006490100640803576
-0.006482434924691916
-0.006474784109741449
-0.006467147264629602
-0.006459524855017662
-0.006451916880905628
-0.006444323342293501
-0.00643674423918128
-0.006429179105907679
-0.006421628873795271
-0.006414092145860195
-0.006406569853425026
-0.006399061530828476
-0.00639156810939312
-0.006384087260812521
-0.006376620382070541
-0.006369167473167181
-0.006361727137118578
-0.006354300770908594
-0.006346887908875942
-0.006339488085359335
-0.006332102231681347
-0.006324730813503265
-0.006317374296486378
-0.006310031749308109
-0.00630270317196846
-0.006295389495790005
-0.006288090255111456
-0.006280805449932814
-0.006273535080254078
-0.006266278214752674
-0.006259033922106028
-0.006251802667975426
-0.006244584918022156
-0.006237380672246218
-0.006230190396308899
-0.006223013624548912
-0.006215850356966257
-0.006208701059222221
-0.006201565731316805
-0.006194444373250008
-0.006187336519360542
-0.006180241238325834
-0.006173158995807171
-0.006166090257465839
-0.006159034557640553
-0.006151992361992598
-0.006144963204860687
-0.006137947086244822
-0.006130944471806288
-0.006123954430222511
-0.006116977427154779
-0.006110013462603092
-0.006103062070906162
-0.00609612325206399
-0.006089197006076574
-0.006082282401621342
-0.006075379904359579
-0.006068489514291286
-0.006061610765755177
-0.006054745521396399
-0.006047891918569803
-0.006041051354259253
-0.006034223828464746
-0.00602740840986371
-0.006020606495440006
-0.006013817619532347
-0.006007041782140732
-0.006000278983265162
-0.005993528757244349
-0.005986791104078293
-0.005980066023766994
-0.005973353050649166
-0.005966652650386095
-0.005959963891655207
-0.005953287240117788
-0.005946623161435127
-0.005939970724284649
-0.005933329928666353
-0.005926701240241528
-0.005920085124671459
-0.005913481116294861
-0.005906887818127871
-0.00590030662715435
-0.005893735680729151
-0.005887176375836134
-0.005880627315491438
-0.00587408896535635
-0.005867561791092157
-0.00586104579269886
-0.005854541435837746
-0.005848048720508814
-0.005841569043695927
-0.005835102405399084
-0.005828648805618286
-0.005822207778692245
-0.005815779324620962
-0.005809364374727011
-0.005802961066365242
-0.005796568933874369
-0.005790188442915678
-0.005783818196505308
-0.005777459125965834
-0.005771110765635967
-0.005764773115515709
-0.005758446641266346
-0.005752130411565304
-0.00574582489207387
-0.005739531014114618
-0.005733248312026262
-0.005726976785808802
-0.005720715969800949
-0.005714466329663992
-0.00570822786539793
-0.005702000577002764
-0.005695784464478493
-0.005689578596502542
-0.005683382973074913
-0.005677198525518179
-0.00567102525383234
-0.00566486269235611
-0.005658711772412062
-0.005652572028338909
-0.005646442994475365
-0.005640325602144003
-0.005634218454360962
-0.005628122482448816
-0.005622037220746279
-0.005615962669253349
-0.005609898827970028
-0.005603844299912453
-0.005597799550741911
-0.00559176504611969
-0.005585740320384502
-0.00557972677052021
-0.005573722999542952
-0.005567729473114014
-0.005561747588217258
-0.005555775947868824
-0.005549815017729998
-0.005543866194784641
-0.005537927616387606
-0.005532000213861465
-0.005526083521544933
-0.005520177539438009
-0.005514281336218119
-0.005508395843207836
-0.005502520594745874
-0.005496655590832233
-0.005490798968821764
-0.005484952125698328
-0.005479115061461926
-0.005473286844789982
-0.005467467941343784
-0.005461658351123333
-0.005455858074128628
-0.005450067110359669
-0.005444285925477743
-0.005438514519482851
-0.00543275335803628
-0.005427001975476742
-0.005421261303126812
-0.00541553134098649
-0.005409811623394489
-0.005404101684689522
-0.005398402456194162
-0.005392712540924549
-0.005387032870203257
-0.005381362978368998
-0.005375702865421772
-0.005370052065700293
-0.005364410579204559
-0.005358778405934572
-0.005353154614567757
-0.0053475396707654
-0.005341934505850077
-0.005336339585483074
-0.005330753512680531
-0.00532517721876502
-0.005319610703736544
-0.005314054433256388
-0.005308508407324553
-0.005302972160279751
-0.005297445226460695
-0.005291927140206099
-0.005286418832838535
-0.005280919838696718
-0.00527542969211936
-0.005269948393106461
-0.005264475475996733
-0.005259011872112751
-0.005253557115793228
-0.005248111207038164
-0.005242674145847559
-0.0052372463978827
-0.0052318274974823
-0.005226417910307646
-0.005221017170697451
-0.005215626209974289
-0.005210244096815586
-0.005204870365560055
-0.005199505481868982
-0.005194149445742369
-0.005188802257180214
-0.005183463916182518
-0.005178134422749281
-0.00517281424254179
-0.005167502909898758
-0.005162200424820185
-0.00515690678730607
-0.005151621531695127
-0.005146344657987356
-0.005141076166182756
-0.005135816056281328
-0.005130564328283072
-0.005125321447849274
-0.005120087414979935
-0.005114862229675055
-0.005109645426273346
-0.005104437470436096
-0.005099238362163305
-0.005094048101454973
-0.0050888666883111
-0.005083694122731686
-0.005078529939055443
-0.005073374137282372
-0.005068227648735046
-0.005063089542090893
-0.005057959817349911
-0.005052838008850813
-0.005047724582254887
-0.005042619071900845
-0.005037521943449974
-0.005032433196902275
-0.005027351900935173
-0.005022278986871243
-0.005017214454710484
-0.005012158770114183
-0.00500711053609848
-0.005002070218324661
-0.004997037351131439
-0.004992012865841389
-0.004986995831131935
-0.004981986712664366
-0.004976985510438681
-0.00497199222445488
-0.00496700732037425
-0.00496203126385808
-0.004957062657922506
-0.004952103365212679
-0.004947152454406023
-0.004942209925502539
-0.004937275778502226
-0.004932350013405085
-0.004927431233227253
-0.004922519437968731
-0.004917614627629519
-0.004912718199193478
-0.004907828290015459
-0.004902946762740612
-0.004898072220385075
-0.004893205128610134
-0.004888345487415791
-0.004883492831140757
-0.004878648091107607
-0.004873810801655054
-0.004868981894105673
-0.004864161368459463
-0.004859349224716425
-0.004854545928537846
-0.004849751945585012
-0.004844966344535351
-0.004840188659727573
-0.00483541889116168
-0.004830657504498959
-0.004825904499739408
-0.004821158945560455
-0.004816419910639524
-0.004811687860637903
-0.004806963261216879
-0.004802245181053877
-0.00479753315448761
-0.004792827647179365
-0.004788128193467855
-0.004783434793353081
-0.004778747912496328
-0.004774068016558886
-0.004769395105540752
-0.004764729179441929
-0.004760070703923702
-0.00475542014464736
-0.004750777501612902
-0.004746142774820328
-0.004741516429930925
-0.004736898466944695
-0.004732288420200348
-0.004727686755359173
-0.004723093472421169
-0.00471850810572505
-0.004713930655270815
-0.004709359724074602
-0.004704795777797699
-0.004700238816440105
-0.004695688374340534
-0.004691143985837698
-0.004686605650931597
-0.004682072903960943
-0.004677545744925737
-0.004673025570809841
-0.004668512381613255
-0.004664004780352116
-0.004659504629671574
-0.004655010998249054
-0.004650524817407131
-0.004646045621484518
-0.004641574341803789
-0.004637110512703657
-0.004632654599845409
-0.004628206137567759
-0.004623765125870705
-0.004619332030415535
-0.004614906385540962
-0.004610487259924412
-0.004606074653565884
-0.004601668566465378
-0.004597268532961607
-0.004592875018715858
-0.004588487558066845
-0.004584105685353279
-0.004579730331897736
-0.004575361032038927
-0.004570998251438141
-0.004566641990095377
-0.004562292713671923
-0.004557950887829065
-0.004553616512566805
-0.004549288190901279
-0.004544967319816351
-0.004540652967989445
-0.004536345135420561
-0.004532044753432274
-0.004527751356363297
-0.004523464478552341
-0.004519184585660696
-0.004514910280704498
-0.004510642029345036
-0.004506379365921021
-0.004502122290432453
-0.004497871268540621
-0.004493625368922949
-0.004489385057240725
-0.00448515173047781
-0.004480924922972918
-0.00447670416906476
-0.004472490400075912
-0.004468283616006374
-0.004464083816856146
-0.00445989053696394
-0.00445570470765233
-0.004451526328921318
-0.004447354469448328
-0.004443188663572073
-0.00443902937695384
-0.004434877075254917
-0.004430730827152729
-0.004426590166985989
-0.004422456491738558
-0.004418328870087862
-0.004414207767695189
-0.004410092253237963
-0.004405982792377472
-0.004401879850775003
-0.004397782497107983
-0.004393691197037697
-0.004389605484902859
-0.004385525360703468
-0.004381450358778238
-0.004377381410449743
-0.004373318050056696
-0.004369260277599096
-0.004365208558738232
-0.004361162893474102
-0.00435712281614542
-0.004353088792413473
-0.004349061753600836
-0.004345041699707508
-0.004341028165072203
-0.004337021615356207
-0.004333022050559521
-0.004329029005020857
-0.004325042013078928
-0.004321061074733734
-0.004317085724323988
-0.004313115030527115
-0.004309148993343115
-0.004305188544094563
-0.004301232285797596
-0.004297281615436077
-0.004293335136026144
-0.004289392847567797
-0.004285456147044897
-0.004281524568796158
-0.004277598578482866
-0.004273677244782448
-0.004269762430340052
-0.004265852738171816
-0.00426195003092289
-0.004258054308593273
-0.004254164174199104
-0.004250281490385532
-0.00424640579149127
-0.004242536146193743
-0.004238673485815525
-0.004234816879034042
-0.00423096539452672
-0.00422712042927742
-0.004223280120640993
-0.004219445865601301
-0.004215616267174482
-0.004211792256683111
-0.0042079733684659
-0.004204160533845425
-0.004200352355837822
-0.00419654930010438
-0.00419275090098381
-0.004188957158476114
-0.004185169003903866
-0.00418138550594449
-0.004177607130259275
-0.004173833876848221
-0.004170066211372614
-0.004166304599493742
-0.004162548575550318
-0.004158799536526203
-0.004155056085437536
-0.004151318687945604
-0.004147587344050407
-0.004143862053751945
-0.004140142817050219
-0.004136429633945227
-0.004132722038775682
-0.004129020031541586
-0.004125322680920362
-0.004121630452573299
-0.004117942415177822
-0.004114259500056505
-0.004110580775886774
-0.004106906708329916
-0.004103237297385931
-0.004099573008716106
-0.004095913376659155
-0.004092259798198938
-0.004088612273335457
-0.00408497080206871
-0.004081334918737411
-0.004077704157680273
-0.004074078984558582
-0.004070458933711052
-0.004066844005137682
-0.004063233267515898
-0.004059626255184412
-0.004056024365127087
-0.004052425734698772
-0.004048831760883331
-0.004045242443680763
-0.004041657317429781
-0.004038077313452959
-0.004034502897411585
-0.004030933603644371
-0.004027369897812605
-0.004023810848593712
-0.004020258318632841
-0.004016711376607418
-0.004013169556856155
-0.00400963332504034
-0.004006100818514824
-0.00400257296860218
-0.003999049309641123
-0.003995530307292938
-0.003992016427218914
-0.00398850766941905
-0.003985003568232059
-0.003981504589319229
-0.003978011198341846
-0.003974523860961199
-0.003971042111515999
-0.003967565484344959
-0.003964095376431942
-0.003960630390793085
-0.003957170061767101
-0.003953713923692703
-0.003950262907892466
-0.003946816083043814
-0.003943374380469322
-0.003939936403185129
-0.003936502616852522
-0.0039330730214715
-0.003929648082703352
-0.003926227800548077
-0.003922812640666962
-0.003919402603060007
-0.003915997687727213
-0.003912597429007292
-0.003909202758222818
-0.003905812744051218
-0.003902428317815065
-0.003899048781022429
-0.003895673900842667
-0.003892303910106421
-0.00388893811032176
-0.003885576268658042
-0.003882218385115266
-0.003878863761201501
-0.003875512862578034
-0.003872165223583579
-0.003868820844218135
-0.003865479724481702
-0.003862142330035567
-0.003858809126541018
-0.003855480346828699
-0.003852156922221184
-0.003848839085549116
-0.003845526836812496
-0.003842220176011324
-0.003838919335976243
-0.00383562408387661
-0.003832334652543068
-0.003829050110653043
-0.003825770225375891
-0.003822495229542255
-0.003819224657490849
-0.003815958276391029
-0.003812696319073439
-0.00380943831987679
-0.00380618404597044
-0.003802934195846319
-0.003799688769504428
-0.003796447534114122
-0.003793210722506046
-0.0037899783346802
-0.00378675083629787
-0.003783527761697769
-0.003780309110879898
-0.0037770951166749
-0.003773885779082775
-0.00377068086527288
-0.003767479909583926
-0.003764282912015915
-0.003761089872568846
-0.003757901024073362
-0.003754716366529465
-0.003751536132767797
-0.003748359624296427
-0.003745187306776643
-0.003742018947377801
-0.003738854546099901
-0.003735694568604231
-0.003732538549229503
-0.00372938672080636
-0.00372623885050416
-0.003723095636814833
-0.003719956381246448
-0.003716821782290936
-0.003713691141456366
-0.003710565157234669
-0.003707443363964558
-0.003704325761646032
-0.003701212350279093
-0.003698103595525026
-0.003694999031722546
-0.003691898658871651
-0.003688802476972342
-0.003685710718855262
-0.003682622918859124
-0.003679539076983929
-0.003676459193229675
-0.00367338303476572
-0.003670310601592064
-0.003667241893708706
-0.003664176678285003
-0.003661115188151598
-0.003658057656139135
-0.003655003849416971
-0.003651954233646393
-0.003648909274488688
-0.003645868971943855
-0.003642833326011896
-0.00363980233669281
-0.003636776236817241
-0.003633754793554544
-0.003630738006904721
-0.003627725644037127
-0.003624717472121119
-0.00362171302549541
-0.003618712304159999
-0.003615715075284243
-0.003612721106037498
-0.00360973016358912
-0.00360674224793911
-0.003603757126256824
-0.003600775264203548
-0.003597797127440572
-0.00359482248313725
-0.00359185179695487
-0.003588884836062789
-0.003585922066122293
-0.003582963487133384
-0.003580008866265416
-0.003577058436349034
-0.003574112197384238
-0.003571169916540384
-0.003568231826648116
-0.003565296996384859
-0.003562366124242544
-0.003559439210221171
-0.003556516254320741
-0.003553597023710608
-0.003550681751221418
-0.00354777043685317
-0.003544863313436508
-0.003541959915310144
-0.00353906094096601
-0.003536165924742818
-0.003533275332301855
-0.003530388697981834
-0.003527505788952112
-0.003524626605212688
-0.003521751146763563
-0.003518879413604736
-0.003516011405736208
-0.003513146890327334
-0.003510285634547472
-0.003507428336888552
-0.003504574298858643
-0.003501723986119032
-0.003498876700177789
-0.003496033139526844
-0.003493193071335554
-0.003490356495603919
-0.003487522946670651
-0.003484692424535751
-0.003481865394860506
-0.003479041624814272
-0.003476221347227693
-0.003473404562100768
-0.003470591269433498
-0.003467781934887171
-0.003464976558461785
-0.003462175140157342
-0.003459377447143197
-0.003456584410741925
-0.003453795565292239
-0.003451010910794139
-0.003448230680078268
-0.003445453941822052
-0.003442681161686778
-0.003439911641180515
-0.003437145845964551
-0.003434383543208241
-0.003431624267250299
-0.003428868250921369
-0.003426115261390805
-0.003423365298658609
-0.003420618595555425
-0.003417875152081251
-0.003415134735405445
-0.003412397811189294
-0.003409664146602154
-0.003406933974474669
-0.003404207061976194
-0.003401484107598662
-0.003398764645680785
-0.003396048443391919
-0.003393335966393352
-0.003390626749023795
-0.003387920558452606
-0.003385217627510428
-0.003382518189027905
-0.003379822010174394
-0.003377129090949893
-0.003374439431354403
-0.003371753729879856
-0.00336907128803432
-0.003366392105817795
-0.003363716648891568
-0.003361044451594353
-0.003358375979587436
-0.00335571076720953
-0.00335304974578321
-0.003350391983985901
-0.00334773794747889
-0.003345087170600891
-0.003342439653351903
-0.003339795162901282
-0.003337153932079673
-0.003334515960887074
-0.003331881016492844
-0.003329248866066337
-0.003326620208099484
-0.003323994111269712
-0.003321371274068952
-0.003318751230835915
-0.003316134447231889
-0.003313520224764943
-0.003310909494757652
-0.003308302257210016
-0.003305698279291391
-0.003303098026663065
-0.003300501266494393
-0.003297907998785377
-0.003295318223536015
-0.003292732406407595
-0.00329015008173883
-0.003287571249529719
-0.003284996142610908
-0.003282424528151751
-0.003279856406152248
-0.003277291543781757
-0.003274729708209634
-0.003272171132266521
-0.00326961581595242
-0.003267063060775399
-0.003264512866735458
-0.003261965466663241
-0.003259420394897461
-0.003256877651438117
-0.003254337469115853
-0.003251800313591957
-0.003249265952035785
-0.003246734384447336
-0.003244206309318542
-0.003241681726649404
-0.003239160869270563
-0.003236643271520734
-0.003234129399061203
-0.003231619019061327
-0.003229112131521106
-0.003226608503609896
-0.003224108135327697
-0.003221610328182578
-0.003219115547835827
-0.003216623794287443
-0.003214135300368071
-0.003211650066077709
-0.003209167858585715
-0.003206688677892089
-0.00320421252399683
-0.003201739396899939
-0.003199269296601415
-0.003196802455931902
-0.003194338642060757
-0.003191878087818623
-0.003189420327544212
-0.003186965826898813
-0.003184513887390494
-0.003182064741849899
-0.003179618157446384
-0.00317717413417995
-0.003174732672050595
-0.003172294003888965
-0.003169858129695058
-0.003167425049468875
-0.003164994530379772
-0.003162567038089037
-0.003160142106935382
-0.003157719969749451
-0.003155300859361887
-0.003152884542942047
-0.003150470787659287
-0.003148059826344252
-0.003145651891827583
-0.003143246518447995
-0.003140843706205487
-0.003138443687930703
-0.003136046696454287
-0.003133652731776237
-0.003131261793896556
-0.003128874115645885
-0.003126490162685513
-0.00312410993501544
-0.003121732734143734
-0.003119359258562326
-0.003116989275440574
-0.003114622551947832
-0.003112258389592171
-0.003109897254034877
-0.003107538679614663
-0.003105182899162173
-0.003102829679846764
-0.003100478556007147
-0.003098130226135254
-0.003095783991739154
-0.003093440551310778
-0.003091099672019482
-0.003088761819526553
-0.003086427226662636
-0.00308409589342773
-0.003081767819821835
-0.003079443005844951
-0.003077121451497078
-0.003074803156778216
-0.003072488121688366
-0.00307017657905817
-0.003067867597565055
-0.003065560944378376
-0.003063256619498134
-0.003060954390093684
-0.00305865379050374
-0.003056355053558946
-0.0030540581792593
-0.003051763167604804
-0.003049470484256744
-0.003047179896384478
-0.003044891869649291
-0.003042606404051185
-0.003040323732420802
-0.003038044320419431
-0.003035768400877714
-0.003033495973795652
-0.003031227272003889
-0.003028962062671781
-0.003026700345799327
-0.003024442121386528
-0.003022186690941453
-0.003019933588802814
-0.0030176832806319
-0.003015434602275491
-0.003013188485056162
-0.003010943764820695
-0.003008700674399734
-0.003006459213793278
-0.003004219615831971
-0.003001982113346457
-0.002999746473506093
-0.002997513394802809
-0.002995282877236605
-0.002993054920807481
-0.002990829991176724
-0.002988607855513692
-0.002986388746649027
-0.002984172897413373
-0.00298196030780673
-0.002979750744998455
-0.002977544208988547
-0.002975340932607651
-0.002973140915855765
-0.002970944158732891
-0.002968750661239028
-0.002966560190543532
-0.002964373212307692
-0.002962189260870218
-0.002960008103400469
-0.0029578295070678
-0.002955653006210923
-0.00295347860082984
-0.002951305825263262
-0.002949134679511189
-0.002946964930742979
-0.002944796578958631
-0.002942629624158144
-0.002940464066341519
-0.002938300371170044
-0.002936139004305005
-0.002933979965746403
-0.002931823721155524
-0.00292967027053237
-0.002927519381046295
-0.002925371984019876
-0.002923228079453111
-0.002921087434515357
-0.002918949816375971
-0.002916814992204309
-0.002914683194831014
-0.002912553725764155
-0.002910426585003734
-0.002908301772549748
-0.002906179055571556
-0.002904058434069157
-0.002901940140873194
-0.002899823943153024
-0.002897710306569934
-0.002895598765462637
-0.002893489552661777
-0.00289138313382864
-0.002889279276132584
-0.002887177979573607
-0.002885079244151711
-0.002882982837036252
-0.002880888991057873
-0.00287879747338593
-0.002876708284020424
-0.002874621190130711
-0.00287253619171679
-0.002870453288778663
-0.002868372481316328
-0.002866293769329786
-0.002864217152819037
-0.002862142864614725
-0.002860070904716849
-0.002858001505956054
-0.002855934668332338
-0.002853870624676347
-0.002851808909326792
-0.002849750453606248
-0.002847694326192141
-0.002845641225576401
-0.002843590686097741
-0.002841542707756162
-0.002839496592059731
-0.002837453037500381
-0.002835411112755537
-0.002833371516317129
-0.002831334015354514
-0.002829298842698336
-0.002827266231179237
-0.002825235947966576
-0.00282320799306035
-0.002821182366460562
-0.00281915906816721
-0.002817138098180294
-0.002815118990838528
-0.002813102211803198
-0.002811087761074305
-0.002809075172990561
-0.002807064913213253
-0.002805056981742382
-0.002803051145747304
-0.002801047405228019
-0.002799045527353883
-0.002797045977786183
-0.002795048290863633
-0.002793052466586232
-0.002791058970615268
-0.00278906780295074
-0.002787078730762005
-0.002785091986879706
-0.002783107338473201
-0.002781124785542488
-0.002779144793748856
-0.002777166897431016
-0.002775191562250257
-0.00277321832254529
-0.00277124741114676
-0.00276927906088531
-0.002767312806099653
-0.002765348879620433
-0.002763387281447649
-0.002761428011581302
-0.002759471070021391
-0.002757516223937273
-0.002755563473328948
-0.002753612818196416
-0.002751664258539677
-0.00274971779435873
-0.002747773192822933
-0.002745830686762929
-0.002743890276178718
-0.002741951961070299
-0.002740015974268317
-0.002738082315772772
-0.002736150752753019
-0.00273422128520906
-0.002732293680310249
-0.002730368170887232
-0.002728444989770651
-0.002726523904129863
-0.002724604681134224
-0.002722687553614378
-0.002720772521570325
-0.002718859585002065
-0.002716948743909597
-0.002715040231123567
-0.002713134046643972
-0.002711230656132102
-0.002709329593926668
-0.002707430860027671
-0.00270553445443511
-0.00270364060997963
-0.002701748860999942
-0.002699859207496047
-0.002697971882298589
-0.002696086885407567
-0.002694203983992338
-0.002692323410883546
-0.002690444933250546
-0.002688568318262696
-0.002686694031581283
-0.002684821607545018
-0.002682950580492616
-0.002681081183254719
-0.002679213415831327
-0.002677347278222442
-0.002675483003258705
-0.002673620125278831
-0.002671758644282818
-0.002669898793101311
-0.002668040804564953
-0.002666184445843101
-0.002664329949766397
-0.002662477316334844
-0.002660626778379083
-0.002658778568729758
-0.00265693268738687
-0.002655088901519775
-0.002653247211128473
-0.002651407616212964
-0.002649570349603891
-0.002647735178470612
-0.002645902102813125
-0.002644071588292718
-0.002642243634909391
-0.002640418475493789
-0.002638595877215266
-0.00263677560724318
-0.002634957432746887
-0.002633141819387674
-0.002631328534334898
-0.002629517111927271
-0.002627707319334149
-0.00262589892372489
-0.002624091925099492
-0.0026222865562886
-0.00262048258446157
-0.002618679776787758
-0.002616878598928452
-0.002615078818053007
-0.002613280666992068
-0.002611484611406922
-0.002609690884128213
-0.00260789948515594
-0.002606110647320747
-0.002604324370622635
-0.002602540422230959
-0.002600759034976363
-0.002598979976028204
-0.002597203245386481
-0.002595428377389908
-0.002593654673546553
-0.002591882599517703
-0.002590111223980784
-0.002588340546935797
-0.002586570801213384
-0.002584801521152258
-0.002583033172413707
-0.002581265987828374
-0.002579500433057547
-0.002577736275270581
-0.002575974212959409
-0.002574214246124029
-0.00257245684042573
-0.002570702228695154
-0.002568950410932302
-0.002567200921475887
-0.002565453760325909
-0.002563708694651723
-0.00256196572445333
-0.002560224151238799
-0.00255848397500813
-0.002556745195761323
-0.002555007580667734
-0.00255327089689672
-0.002551534911617637
-0.002549799159169197
-0.002548063406720757
-0.002546327887102962
-0.002544592134654522
-0.002542855450883508
-0.002541118301451206
-0.002539379987865686
-0.002537640044465661
-0.002535898704081774
-0.002534155268222094
-0.00253240903839469
-0.002530660014599562
-0.002528907498344779
-0.002527150791138411
-0.002525389194488525
-0.002523622009903193
-0.002521848306059837
-0.002520067384466529
-0.002518278313800693
-0.002516480162739754
-0.002514671767130494
-0.002512851264327765
-0.002511017024517059
-0.002509167650714517
-0.002507301745936275
-0.00250541721470654
-0.002503511495888233
-0.002501583192497492
-0.002499629510566592
-0.002497648121789098
-0.002495635533705354
-0.00249358918517828
-0.002491505816578865
-0.002489381935447454
-0.002487213118001819
-0.002484995406121016
-0.002482724143192172
-0.002480393974110484
-0.002478000009432435
-0.002475537126883864
-0.002472999040037394
-0.002470379928126931
-0.002467673039063811
-0.002464871387928724
-0.002461967989802361
-0.00245895585976541
-0.00245582708157599
-0.002452573506161571
-0.002449186751618981
-0.002445658203214407
-0.002441978780552745
-0.002438139170408249
-0.002434129361063242
-0.002429939573630691
-0.002425560029223561
-0.002420979784801602
-0.002416188362985849
-0.002411175519227982
-0.002405930543318391
-0.002400443190708756
-0.002394702984020114
-0.00238870014436543
-0.002382424892857671
-0.002375867683440447
-0.002369019202888012
-0.002361871302127838
-0.00235441536642611
-0.002346644410863519
-0.002338552381843328
-0.002330132992938161
-0.00232138205319643
-0.002312296302989125
-0.002302873414009809
-0.002293112687766552
-0.002283013658598065
-0.002272579353302717
-0.002261813031509519
-0.002250720281153917
-0.002239308785647154
-0.002227587858214974
-0.002215569373220205
-0.002203266369178891
-0.0021906946785748
-0.002177871763706207
-0.002164816716685891
-0.002151551423594356
-0.002138099633157253
-0.002124486723914742
-0.002110740402713418
-0.002096889307722449
-0.002082964405417442
-0.002068998059257865
-0.002055024029687047
-0.002041076542809606
-0.00202719122171402
-0.002013404853641987
-0.001999754225835204
-0.001986276125535369
-0.001973007572814822
-0.001959985122084618
-0.001947244163602591
-0.001934819272719324
-0.001922743627801538
-0.001911048660986125
-0.001899763126857579
-0.00188891333527863
-0.001878522802144289
-0.001868611667305231
-0.001859197043813765
-0.001850291853770614
-0.001841905410401523
-0.00183404260315001
-0.001826704246923327
-0.001819886500015855
-0.001813581213355064
-0.001807775464840233
-0.001802452025003731
-0.00179758935701102
-0.001793161383830011
-0.001789138070307672
-0.001785486121661961
-0.001782168168574572
-0.001779144513420761
-0.001776372315362096
-0.001773806987330317
-0.001771401730366051
-0.001769109279848635
-0.001766881672665477
-0.001764670829288661
-0.001762429834343493
-0.001760113169439137
-0.001757677178829908
-0.001755081000737846
-0.001752287265844643
-0.001749262330122292
-0.00174597674049437
-0.001742406049743295
-0.001738531049340963
-0.001734338351525366
-0.001729820272885263
-0.001724975532852113
-0.001719809137284756
-0.00171433191280812
-0.001708561438135803
-0.001702520763501525
-0.0016962387599051
-0.001689749886281788
-0.001683093141764402
-0.001676311832852662
-0.001669452874921262
-0.001662566559389234
-0.001655705040320754
-0.001648921985179186
-0.001642271992750466
-0.001635809894651175
-0.001629589009098709
-0.001623661490157247
-0.001618076814338565
-0.001612881431356072
-0.00160811806563288
-0.00160382513422519
-0.001600036397576332
-0.001596779911778867
-0.001594078727066517
-0.001591949840076268
-0.001590404543094337
-0.001589448773302138
-0.001589082414284348
-0.001589300576597452
-0.001590093364939094
-0.001591446693055332
-0.001593342982232571
-0.001595761044882238
-0.001598677830770612
-0.001602068427018821
-0.001605907338671386
-0.00161016930360347
-0.001614829292520881
-0.001619863789528608
-0.001625251257792115
-0.001630972954444587
-0.001637013047002256
-0.001643358846195042
-0.001650001737289131
-0.001656936598010361
-0.001664162147790194
-0.001671680598519742
-0.001679497305303812
-0.001687620999291539
-0.001696062157861888
-0.001704833237454295
-0.001713947742246091
-0.001723418943583965
-0.001733259530737996
-0.001743480446748435
-0.00175408972427249
-0.001765092136338353
-0.00177648791577667
-0.001788272289559245
-0.001800434314645827
-0.001812956528738141
-0.001825814717449248
-0.001838977448642254
-0.001852405723184347
-0.001866053440608084
-0.001879867631942034
-0.001893787994049489
-0.001907748403027654
-0.00192167772911489
-0.001935500069521368
-0.001949136494658887
-0.001962505513802171
-0.001975525403395295
-0.00198811455629766
-0.002000193111598492
-0.002011684700846672
-0.002022517845034599
-0.002032627584412694
-0.002041955711320043
-0.002050452865660191
-0.002058078767731786
-0.002064804546535015
-0.002070610644295812
-0.00207549100741744
-0.002079450059682131
-0.002082504332065582
-0.002084682462736964
-0.002086023101583123
-0.002086576540023088
-0.002086402615532279
-0.002085569314658642
-0.002084152540192008
-0.002082234947010875
-0.002079903613775969
-0.002077249111607671
-0.002074363874271512
-0.002071341034024954
-0.002068272093310952
-0.002065246691927314
-0.00206235027872026
-0.002059662947431207
-0.002057258505374193
-0.002055203774943948
-0.002053556498140097
-0.002052366733551025
-0.002051674295216799
-0.002051509916782379
-0.002051893854513764
-0.002052837051451206
-0.002054340206086636
-0.002056394936516881
-0.002058983081951737
-0.002062079031020403
-0.002065648790448904
-0.002069651382043958
-0.002074039541184902
-0.002078761113807559
-0.002083759754896164
-0.002088975394144654
-0.002094346331432462
-0.002099809003993869
-0.002105299616232514
-0.002110755769535899
-0.002116115996614099
-0.002121322322636843
-0.00212632049806416
-0.002131059998646379
-0.002135495189577341
-0.002139586955308914
-0.00214330293238163
-0.002146616345271468
-0.00214950880035758
-0.002151969354599714
-0.002153994515538216
-0.002155588706955314
-0.002156763570383191
-0.002157538663595915
-0.002157940296456218
-0.002158001065254211
-0.002157760318368673
-0.002157262526452541
-0.002156555885449052
-0.00215569231659174
-0.00215472630225122
-0.002153713256120682
-0.00215270952321589
-0.002151769353076816
-0.002150945365428925
-0.002150286454707384
-0.002149836625903845
-0.002149634994566441
-0.002149713691323996
-0.002150097629055381
-0.002150803571566939
-0.002151839900761843
-0.002153206616640091
-0.002154894871637225
-0.002156887669116259
-0.002159159863367677
-0.002161678858101368
-0.002164405304938555
-0.00216729543171823
-0.002170300576835871
-0.002173369051888585
-0.002176448702812195
-0.002179486211389303
-0.002182430354878306
-0.002185233170166612
-0.002187851117923856
-0.002190245548263192
-0.002192385261878371
-0.002194246277213097
-0.002195812994614244
-0.002197078196331859
-0.002198043745011091
-0.002198720118030906
-0.002199125709012151
-0.002199286594986916
-0.002199235605075955
-0.00219901162199676
-0.002198656788095832
-0.002198216505348682
-0.002197737572714686
-0.002197267254814506
-0.002196850720793009
-0.002196530112996697
-0.002196342451497912
-0.002196320099756122
-0.002196488669142127
-0.002196866320446134
-0.002197464229539037
-0.002198284957557917
-0.002199323615059257
-0.002200567862018943
-0.002201998140662909
-0.002203588373959064
-0.002205308526754379
-0.002207123907282948
-0.002208997029811144
-0.002210889710113406
-0.002212763763964176
-0.002214581938460469
-0.002216310705989599
-0.002217919332906604
-0.002219383139163256
-0.002220682334154844
-0.002221804112195969
-0.002222741721197963
-0.00222349539399147
-0.002224071882665157
-0.002224484225735068
-0.002224750351160765
-0.002224893076345325
-0.002224938711151481
-0.002224915893748403
-0.002224854659289122
-0.002224785508587956
-0.00222473731264472
-0.002224737079814076
-0.002224809257313609
-0.002224973635748029
-0.002225246280431747
-0.00222563766874373
-0.002226152922958136
-0.002226792275905609
-0.00222755060531199
-0.002228418365120888
-0.002229381585493684
-0.00223042257130146
-0.002231521531939507
-0.002232656348496675
-0.002233804436400533
-0.002234943443909287
-0.002236051252111793
-0.00223710760474205
-0.002238096203655005
-0.002239002613350749
-0.00223981705494225
-0.002240533474832773
-0.002241149777546525
-0.002241668291389942
-0.00224209506995976
-0.00224243919365108
-0.002242712769657373
-0.00224293046630919
-0.002243107883259654
-0.00224326248280704
-0.002243411261588335
-0.002243570750579238
-0.002243755850940943
-0.002243979601189494
-0.0022442527115345
-0.002244583331048489
-0.002244976116344333
-0.002245433395728469
-0.002245954005047679
-0.002246534219011664
-0.002247167751193047
-0.00224784598685801
-0.002248558448627591
-0.002249293494969606
-0.002250039484351873
-0.002250784775242209
-0.002251517260447145
-0.002252227393910289
-0.002252906328067183
-0.00225354777649045
-0.002254146849736571
-0.002254701219499111
-0.002255211351439357
-0.002255679341033101
-0.002256109844893217
-0.002256509382277727
-0.002256885869428515
-0.002257248153910041
-0.002257606247439981
-0.002257970860227942
-0.002258352236822248
-0.002258760156109929
-0.002259203465655446
-0.002259690081700683
-0.00226022582501173
-0.002260815817862749
-0.002261463319882751
-0.002262170193716884
-0.002262936672195792
-0.002263762056827545
-0.00226464425213635
-0.002265580696985126
-0.002266568830236793
-0.00226760539226234
-0.002268687821924686
-0.002269814722239971
-0.002270984929054976
-0.002272198908030987
-0.002273457823321223
-0.00227476516738534
-0.002276125829666853
-0.002277545398101211
-0.002279031556099653
-0.002280593616887927
-0.002282240660861135
-0.00228398316539824
-0.002285832772031426
-0.00228780135512352
-0.002289899857714772
-0.00229214015416801
-0.002294532954692841
-0.002297089202329516
-0.002299818675965071
-0.002302730455994606
-0.002305832458660007
-0.002309131668880582
-0.002312634373083711
-0.002316345926374197
-0.00232027075253427
-0.00232441327534616
-0.002328776987269521
-0.00233336491510272
-0.002338180551305413
-0.00234322645701468
-0.002348506357520819
-0.002354023279622197
-0.00235978071577847
-0.002365781692788005
-0.002372029470279813
-0.002378526609390974
-0.0023852763697505
-0.002392280381172895
-0.002399539574980736
-0.002407054416835308
-0.002414823975414038
-0.002422845223918557
-0.002431114902719855
-0.002439626958221197
-0.002448373939841986
-0.002457346301525831
-0.002466532867401838
-0.002475920133292675
-0.002485493663698435
-0.002495236694812775
-0.002505130600184202
-0.002515155356377363
-0.002525289542973042
-0.002535510575398803
-0.002545794472098351
-0.002556116785854101
-0.002566451672464609
-0.002576773054897785
-0.002587054390460253
-0.002597268670797348
-0.002607389120385051
-0.002617388963699341
-0.002627241658046842
-0.002636920427903533
-0.0026464001275599
-0.002655655844137073
-0.00266466336324811
-0.002673399867489934
-0.002681843470782042
-0.002689973916858435
-0.002697771647945046
-0.002705219900235534
-0.002712303306907415
-0.002719008829444647
-0.002725325059145689
-0.00273124361410737
-0.002736758440732956
-0.002741866512224078
-0.002746567595750093
-0.002750864718109369
-0.002754764398559928
-0.002758275251835585
-0.002761410316452384
-0.002764185192063451
-0.002766618505120277
-0.002768732607364655
-0.002770551946014166
-0.002772102830931544
-0.002773414133116603
-0.002774516819044948
-0.002775442088022828
-0.002776223234832287
-0.002776893321424723
-0.002777485409751534
-0.002778033260256052
-0.002778568305075169
-0.002779121743515134
-0.002779723145067692
-0.002780399285256863
-0.002781175076961517
-0.002782072639092803
-0.002783110365271568
-0.002784304553642869
-0.002785666612908244
-0.002787203993648291
-0.002788920653983951
-0.002790815895423293
-0.00279288413003087
-0.002795115811750293
-0.002797497203573585
-0.00280000944621861
-0.002802630420774221
-0.002805332886055112
-0.002808086574077606
-0.002810857491567731
-0.002813608385622501
-0.002816299442201853
-0.002818888751789927
-0.002821331843733788
-0.002823584014549851
-0.002825599862262607
-0.00282733328640461
-0.002828739117830992
-0.002829773584380746
-0.00283039384521544
-0.002830559853464365
-0.002830234589055181
-0.002829383825883269
-0.002827977063134313
-0.002825989155098796
-0.002823398448526859
-0.002820188645273447
-0.002816348569467664
-0.002811871469020844
-0.002806756878271699
-0.002801008988171816
-0.002794636180624366
-0.002787653123959899
-0.002780078211799264
-0.002771934261545539
-0.0027632478158921
-0.002754049841314554
-0.002744373399764299
-0.002734254347160459
-0.002723730634897947
-0.002712841378524899
-0.002701627090573311
-0.002690129214897752
-0.002678388031199574
-0.002666444517672062
-0.00265433918684721
-0.002642109990119934
-0.00262979487888515
-0.002617429243400693
-0.002605047542601824
-0.002592681441456079
-0.002580361673608422
-0.002568116411566734
-0.002555972430855036
-0.002543955110013485
-0.002532087732106447
-0.00252039241604507
-0.002508890349417925
-0.002497601555660367
-0.00248654605820775
-0.002475742483511567
-0.002465209690853953
-0.002454966073855758
-0.002445030957460403
-0.002435423899441957
-0.002426163991913199
-0.002417271491140127
-0.002408766420558095
-0.002400669269263744
-0.002392999362200499
-0.002385777188464999
-0.002379021141678095
-0.002372749149799347
-0.002366977278143167
-0.002361719496548176
-0.00235698651522398
-0.002352786483243108
-0.002349123824387789
-0.002345998305827379
-0.002343405038118362
-0.002341334009543061
-0.002339769620448351
-0.002338690916076303
-0.002338070888072252
-0.002337876008823514
-0.00233806692995131
-0.002338600112125278
-0.002339426195248961
-0.002340490464121103
-0.002341735176742077
-0.002343098167330027
-0.002344516571611166
-0.002345924731343985
-0.002347257221117616
-0.002348448848351836
-0.00234943674877286
-0.002350160619243979
-0.002350564114749432
-0.002350596245378256
-0.002350212540477514
-0.002349375048652291
-0.002348053734749556
-0.002346227644011378
-0.002343883970752358
-0.002341019921004772
-0.002337642712518573
-0.002333768410608172
-0.002329422393813729
-0.002324639353901148
-0.00231946213170886
-0.002313941018655896
-0.00230813305824995
-0.002302099717780948
-0.002295907586812973
-0.002289625816047192
-0.002283324487507343
-0.002277073916047812
-0.002270943019539118
-0.002264997456222773
-0.0022592986933887
-0.002253903076052666
-0.002248859731480479
-0.002244210569187999
-0.002239988651126623
-0.00223621865734458
-0.002232915256172419
-0.002230083802714944
-0.002227719873189926
-0.002225809264928102
-0.002224328927695751
-0.002223246730864048
-0.002222524490207434
-0.002222116338089108
-0.002221971517428756
-0.002222034381702542
-0.002222246257588267
-0.002222547307610512
-0.0022228779271245
-0.002223179209977388
-0.002223394578322768
-0.002223472110927105
-0.002223363611847162
-0.00222302763722837
-0.002222429262474179
-0.00222154101356864
-0.002220343332737684
-0.00221882457844913
-0.002216981491073966
-0.002214818261563778
-0.002212347695603967
-0.002209589118137956
-0.002206568839028478
-0.002203318988904357
-0.00219987565651536
-0.002196279587224126
-0.002192574087530375
-0.002188804093748331
-0.002185014775022864
-0.002181250369176269
-0.002177554182708263
-0.002173966029658914
-0.002170522464439273
-0.002167255384847522
-0.002164191100746393
-0.002161350101232529
-0.002158747287467122
-0.002156391041353345
-0.002154282992705703
-0.002152419183403254
-0.002150789136067033
-0.002149376785382628
-0.002148162107914686
-0.002147119492292404
-0.002146220533177257
-0.00214543379843235
-0.00214472645893693
-0.002144064521417022
-0.002143414225429296
-0.002142742509022355
-0.002142018638551235
-0.002141213975846767
-0.002140303375199437
-0.002139265881851315
-0.002138083800673485
-0.00213674595579505
-0.002135244198143482
-0.002133576665073633
-0.002131745917722583
-0.002129759406670928
-0.002127629471942782
-0.002125371480360627
-0.002123005455359817
-0.002120553515851498
-0.00211803917773068
-0.002115488750860095
-0.00211292807944119
-0.002110383240506053
-0.002107879379764199
-0.002105439314618707
-0.002103083534166217
-0.002100829733535647
-0.002098692115396261
-0.002096681389957666
-0.002094803610816598
-0.002093061106279492
-0.002091451548039913
-0.002089969580993056
-0.002088605426251888
-0.002087346278131008
-0.002086176071316004
-0.002085077576339245
-0.002084031002596021
-0.002083016093820333
-0.002082011895254254
-0.002080998150631785
-0.002079956000670791
-0.002078867284581065
-0.002077717101201415
-0.002076492877677083
-0.002075184369459748
-0.002073785522952676
-0.002072293777018785
-0.002070709131658077
-0.002069035544991493
-0.00206728046759963
-0.002065453445538878
-0.002063566818833351
-0.002061635721474886
-0.00205967528745532
-0.002057702047750354
-0.002055732998996973
-0.002053783740848303
-0.002051869174465537
-0.002050003036856651
-0.002048196503892541
-0.002046458423137665
-0.002044795546680689
-0.002043211134150624
-0.002041705884039402
-0.002040277700871229
-0.002038921695202589
-0.002037630882114172
-0.002036395948380232
-0.002035205252468586
-0.002034047385677695
-0.002032909309491515
-0.002031777985394001
-0.002030640607699752
-0.002029485302045941
-0.002028301125392318
-0.002027078531682491
-0.002025810535997152
-0.002024492481723428
-0.002023121109232306
-0.002021696651354432
-0.002020220272243023
-0.002018696628510952
-0.002017132006585598
-0.002015533391386271
-0.002013910561800003
-0.002012273063883185
-0.002010631142184138
-0.002008995274081826
-0.002007375238463283
-0.002005780348554254
-0.00200421828776598
-0.002002695109695196
-0.002001215238124132
-0.001999781467020512
-0.001998394494876266
-0.001997053390368819
-0.001995754893869162
-0.001994494814425707
-0.00199326709844172
-0.001992064528167248
-0.00199087942019105
-0.001989704091101885
-0.001988530158996582
-0.001987349940463901
-0.001986156683415174
-0.001984944567084312
-0.001983709167689085
-0.001982446759939194
-0.001981155714020133
-0.001979835564270616
-0.001978487242013216
-0.001977113541215658
-0.001975717954337597
-0.001974304905161262
-0.001972880447283387
-0.001971450401470065
-0.001970019889995456
-0.001968595199286938
-0.001967181684449315
-0.001965784467756748
-0.001964407274499536
-0.001963053364306688
-0.001961724599823356
-0.001960421912372112
-0.001959144836291671
-0.001957891741767526
-0.001956660533323884
-0.001955447951331735
-0.001954250270500779
-0.001953063067048788
-0.001951882266439497
-0.001950703444890678
-0.001949522644281387
-0.001948335906490684
-0.001947139855474234
-0.001945932162925601
-0.00194471119903028
-0.001943476032465696
-0.00194222666323185
-0.001940964139066637
-0.001939690089784563
-0.001938406727276742
-0.001937116612680256
-0.001935822889208794
-0.001934528816491365
-0.001933237537741661
-0.00193195219617337
-0.001930675469338894
-0.001929409801959991
-0.001928156823851168
-0.001926917815580964
-0.001925693126395345
-0.001924482407048345
-0.001923285075463355
-0.001922099618241191
-0.001920924405567348
-0.001919757341966033
-0.001918596099130809
-0.00191743834875524
-0.001916282111778855
-0.001915124943479896
-0.001913964981213212
-0.001912800827994943
-0.001911631086841226
-0.001910455524921417
-0.001909273443743587
-0.001908085541799664
-0.00190689240116626
-0.001905694836750627
-0.001904494594782591
-0.001903292955830693
-0.001902091549709439
-0.001900892239063978
-0.00189969630446285
-0.001898505259305239
-0.001897320151329041
-0.001896142144687474
-0.001894971821457148
-0.001893809298053384
-0.001892654341645539
-0.001891506602987647
-0.001890365616418421
-0.001889230450615287
-0.001888100174255669
-0.001886973390355706
-0.001885848818346858
-0.001884725876152515
-0.001883603283204138
-0.001882480224594474
-0.001881356118246913
-0.001880230265669525
-0.001879102317616343
-0.001877972390502691
-0.001876840484328568
-0.001875707064755261
-0.001874572713859379
-0.001873437780886889
-0.001872303197160363
-0.001871169661171734
-0.00187003833707422
-0.001868909457698464
-0.001867783954367042
-0.001866662409156561
-0.001865544938482344
-0.001864431891590357
-0.001863323268480599
-0.001862219185568392
-0.001861119060777128
-0.00186002254486084
-0.001858929055742919
-0.001857838244177401
-0.001856749411672354
-0.00185566209256649
-0.001854575704783201
-0.001853489899076521
-0.001852404209785163
-0.001851318287663162
-0.001850232249125838
-0.001849145977757871
-0.001848059357143939
-0.001846972852945328
-0.001845886814408004
-0.001844801707193255
-0.001843717764131725
-0.0018426354508847
-0.001841555000282824
-0.001840476528741419
-0.001839400385506451
-0.001838327036239207
-0.001837256480939686
-0.001836188836023211
-0.001835124217905104
-0.001834062393754721
-0.001833003130741417
-0.001831946196034551
-0.001830891473218799
-0.001829838729463518
-0.001828787615522742
-0.001827737665735185
-0.001826688647270203
-0.001825640327297151
-0.001824592822231352
-0.001823545899242163
-0.001822499674744904
-0.001821453915908933
-0.001820408971980214
-0.001819364842958748
-0.001818321761675179
-0.001817279728129506
-0.001816239091567695
-0.001815200201235712
-0.001814163057133555
-0.001813128124922514
-0.001812095404602587
-0.001811064779758453
-0.001810036250390112
-0.001809009467251599
-0.001807984546758235
-0.001806961372494698
-0.001805939711630344
-0.001804919098503888
-0.001803899533115327
-0.001802881015464664
-0.001801863429136574
-0.001800846541300416
-0.001799830584786832
-0.00179881532676518
-0.00179780088365078
-0.001796787371858954
-0.001795775024220347
-0.00179476395715028
-0.001793754287064075
-0.001792746013961732
-0.001791739021427929
-0.001790733658708632
-0.001789729809388518
-0.001788727473467588
-0.001787726650945842
-0.00178672734182328
-0.001785729313269258
-0.001784732798114419
-0.001783737679943442
-0.001782743842341006
-0.001781751518137753
-0.001780760590918362
-0.001779771177098155
-0.001778783043846488
-0.001777796074748039
-0.001776810619048774
-0.001775826560333371
-0.001774843665771186
-0.001773861818946898
-0.001772881019860506
-0.001771901501342654
-0.001770923030562699
-0.001769945723935962
-0.001768969348631799
-0.001767994370311499
-0.001767020439729095
-0.00176604778971523
-0.001765076303854585
-0.001764105982147157
-0.001763137057423592
-0.001762169529683888
-0.001761203166097403
-0.001760238199494779
-0.001759274513460696
-0.001758312224410474
-0.001757351099513471
-0.001756391255185008
-0.001755432575009763
-0.001754474942572415
-0.001753518474288285
-0.001752563053742051
-0.001751608680933714
-0.001750655239447951
-0.001749702729284763
-0.00174875115044415
-0.001747800502926111
-0.001746850903145969
-0.001745902118273079
-0.001744954381138086
-0.001744007575325668
-0.001743061584420502
-0.001742116524837911
-0.001741172862239182
-0.001740230363793671
-0.001739289378747344
-0.001738349907100201
-0.001737411832436919
-0.0017364751547575
-0.001735539874061942
