0
0
0
0
0
0
0
0
0
0
0
0
0
0
0
0
0
0
0
0
0
0
0
0
0
0
0
0
0
0
0
0
0
0
0
0
0
0
0
0
0
0
0
0
0
0
0
0
0
0
0
0
0
0
0
0
0
0
0
0
0
0
0
0
0
0
0
0
0
0
0
0
0
0
0
0
0
0
0
0
0
0
0
0
0
0
0
0
0
0
0
0
0
0
0
0
0
0
0
0
0
0
0
0
0
0
0
0
0
0
0
0
0
0
0
0
0
0
0
0
0
0
0
0
0
0
0
0
0
0
0
0
0
0
0
0
0
0
0
0
0
0
0
0
0
0
0
0
0
0
0
0
0
0
0
0
0
0
0
0
0
0
0
0
0
0
0
0
0
0
0
0
0
0
0
0
0
0
0
0
0
0
0
0
0
0
0
0
0
0
0
0
0
0
0
0
0
0
0
0
0
0
0
0
0
0
0
0
0
0
0
0
0
0
0
0
0
0
0
0
0
0
0
0
0
0
0
0
0
0
0
0
0
0
0
0
0
0
0
0
0
0
0
0
0
0
0
0
0
0
0
0
0
0
0
0
0
0
0
0
0
0
0
0
0
0
0
0
0
0
0
0
0
0
0
0
0
0
0
0
0
0
0
0
0
0
0
0
0
0
0
0
0
0
0
0
0
0
0
0
0
0
0
0
0
0
0
0
0
0
0
0
0
0
0
0
0
0
0
0
0
0
0
0
0
0
0
0
0
0
0
0
0
0
0
0
0
0
0
0
0
0
0
0
0
0
0
0
0
0
0
0
0
0
0
0
0
0
0
0
0
0
0
0
0
0
0
0
0
0
0
0
0
0
0
0
0
0
0
0
0
0
0
0
0
0
0
0
0
0
0
0
0
0
0
0
0
0
0
0
0
0
0
0
0
0
0
0
0
0
0
0
0
0
0
0
0
0
0
0
0
0
0
0
0
0
0
0
0
0
0
0
0
0
0
0
0
0
0
0
0
0
0
0
0
0
0
0
0
0
0
0
0
0
0
0
0
0
0
0
0
0
0
0
0
0
0
0
0
0
0
0
0
0
0
0
0
0
0
0
0
0
0
0
0
0
0
0
0
0
0
0
0
0
0
0
0
0
0
0
0
0
0
0
0
0
0
0
0
0
0
0
0
0
0
0
0
0
0
0
0
0
0
0
0
0
0
0
0
0
0
0
0
0
0
0
0
0
0
0
0
0
0
0
0
0
0
0
0
0
0
0
0
0
0
0
0
0
0
0
0
0
0
0
0
0
0
0
0
0
0
0
0
0
0
0
0
0
0
0
0
0
0
0
0
0
0
0
0
0
0
0
0
0
0
0
0
0
0
0
0
0
0
0
0
0
0
0
0
0
0
0
0
0
0
0
0
0
0
0
0
0
0
0
0
0
0
0
0
0
0
0
0
0
0
0
0
0
0
0
0
0
0
0
0
0
0
0
0
0
0
0
0
0
0
0
0
0
0
0
0
0
0
0
0
0
0
0
0
0
0
0
0
0
0
0
0
0
0
0
0
0
0
0
0
0
0
0
0
0
0
0
0
0
0
0
0
0
0
0
0
0
0
0
0
0
0
0
0
0
0
0
0
0
0
0
0
0
0
0
0
0
0
0
0
0
0
0
0
0
0
0
0
0
0
0
0
0
0
0
0
0
0
0
0
0
0
0
0
0
0
0
0
0
0
0
0
0
0
0
0
0
0
0
0
0
0
0
0
0
0
0
0
0
0
0
0
0
0
0
0
0
0
0
0
0
0
0
0
0
0
0
0
0
0
0
0
0
0
0
0
0
0
0
0
0
0
0
0
0
0
0
0
0
0
0
0
0
0
0
0
0
0
0
0
0
0
0
0
0
0
0
0
0
0
0
0
0
0
0
0
0
0
0
0
0
0
0
0
0
0
0
0
0
0
0
0
0
0
0
0
0
0
0
0
0
0
0
0
0
0
0
0
0
0
0
0
0
0
0
0
0
0
0
0
0
0
0
0
0
0
0
0
0
0
0
0
0
0
0
0
0
0
0
0
0
0
0
0
0
0
0
0
0
0
0
0
0
0
0
0
0
0
0
0
0
0
0
0
0
0
0
0
0
0
0
0
0
2.802596928649634e-45
1.401298464324817e-44
3.923635700109488e-44
7.847271400218976e-44
1.415311448968065e-43
2.578389174357663e-43
4.652310901558393e-43
8.323712878089413e-43
1.519007535328102e-42
2.782978750149087e-42
5.116140693249907e-42
9.394304904833574e-42
1.72107477388374e-41
3.147596610566404e-41
5.744482924653155e-41
1.046055290633833e-40
1.900665185071609e-40
3.445848975713298e-40
6.233381945871441e-40
1.125087122723288e-39
2.0262691716229e-39
3.641293677726538e-39
6.529264715315161e-39
1.168222172311827e-38
2.085651996645592e-38
3.715487386738065e-38
6.604651489839215e-38
1.171511187963414e-37
2.073518153243004e-37
3.662152061419951e-37
6.454080288289356e-37
1.135021712264027e-36
1.991810390395686e-36
3.487933309292511e-36
6.094904488167315e-36
1.062787372753877e-35
1.849305878922706e-35
3.211118523730693e-35
5.564051555020488e-35
9.620893781349366e-35
1.66008845311767e-34
2.858516423218011e-34
4.911858705386104e-34
8.422653040866816e-34
1.441291072287477e-33
2.461253745171552e-33
4.194352657514023e-33
7.133117187244543e-33
1.210602620193106e-32
2.050376445636121e-32
3.465591563473505e-32
5.845676395163221e-32
9.8402871424072e-32
1.653096059869292e-31
2.771454567374381e-31
4.637015823880788e-31
7.74269917022221e-31
1.290241407372156e-30
2.145735162849755e-30
3.561308530222968e-30
5.898929698189088e-30
9.751439212161598e-30
1.608784352106005e-29
2.64887950838024e-29
4.352748225546859e-29
7.138444292543599e-29
1.168379604495856e-28
1.908562148889995e-28
3.111517492194949e-28
5.062714193005087e-28
8.22131633899793e-28
1.332439994956732e-27
2.15528104515154e-27
3.479458222867867e-27
5.606248408573103e-27
9.015452944115601e-27
1.446967653178454e-26
2.3178614643763e-26
3.705741586860954e-26
5.913208284601792e-26
9.417443056943816e-26
1.496945781754336e-25
2.374891146628243e-25
3.760514726330536e-25
5.943171563712898e-25
9.374711571043642e-25
1.475936271132714e-24
2.319255991730432e-24
3.637494431959261e-24
5.69416367467536e-24
8.896778811108908e-24
1.387432940656792e-23
2.159577567751809e-23
3.355092640854088e-23
5.202598254450094e-23
8.052252251655337e-23
1.243932673337667e-22
1.918049910253065e-22
2.951940983837566e-22
4.534623908958088e-22
6.952832711484662e-22
1.064070316976261e-21
1.625428785841327e-21
2.478310461442906e-21
3.771678233055064e-21
5.729354633439524e-21
8.687003941005014e-21
1.314705679072724e-20
1.986013637154223e-20
2.994553114333362e-20
4.50690972336651e-20
6.770545045815276e-20
1.015236699772235e-19
1.519535179656916e-19
2.270151437724153e-19
3.385325578789115e-19
5.039046255908325e-19
7.48685463421173e-19
1.110336013360928e-18
1.643668364725159e-18
2.428731525426401e-18
3.582210281008374e-18
5.273873215837508e-18
7.750255514425792e-18
1.136869754703491e-17
1.664617933829468e-17
2.432922146486686e-17
3.549378407161348e-17
5.168773384285807e-17
7.513361574902446e-17
1.090167931412135e-16
1.578939029202368e-16
2.282709853016201e-16
3.294200864424824e-16
4.745303034249613e-16
6.823273906607016e-16
9.793481757031314e-16
1.403128394214233e-15
2.006661497868669e-15
2.864624134757865e-15
4.082050825561078e-15
5.80639814793402e-15
8.244289413205774e-15
1.168471447528761e-14
1.653109818629782e-14
2.334555786805571e-14
3.290986596736142e-14
4.630923940217128e-14
6.504727176814482e-14
9.120330358991513e-14
1.276475398905713e-13
1.783342760573389e-13
2.487011790085203e-13
3.462116932115983e-13
4.810903194915617e-13
6.673176009171222e-13
9.239740049460377e-13
1.27705083920876e-12
1.761886426684955e-12
2.426436655766917e-12
3.335656837549772e-12
4.577359758589639e-12
6.270035272232244e-12
8.573262759437039e-12
1.170155118634941e-11
1.594269334603826e-11
2.168207453856486e-11
2.943477406258665e-11
3.988788813136246e-11
5.395622837411906e-11
7.285548553337406e-11
9.819801916055582e-11
1.321182191427184e-10
1.774360658401974e-10
2.378701402516725e-10
3.183144858809328e-10
4.251978213964946e-10
5.669480440673169e-10
7.545928326635476e-10
1.002533389637961e-09
1.329539589534079e-09
1.760026901997946e-09
2.325693637672543e-09
3.067610387930131e-09
4.038887446711215e-09
5.308068651288522e-09
6.963440046803271e-09
9.118490851278693e-09
1.191881615625334e-08
1.555082818072151e-08
2.025271861327838e-08
2.632823381532035e-08
3.416392857502615e-08
4.425074351388503e-08
5.721093998545257e-08
7.383162170526703e-08
9.510632992260071e-08
1.22286664350213e-07
1.569460152950342e-07
2.01058213633587e-07
2.570943422597338e-07
3.281414819866768e-07
4.18048216488387e-07
5.316023816703819e-07
6.747475822521665e-07
8.548468599656189e-07
1.081001528291381e-06
1.364438162454462e-06
1.718974317554967e-06
2.161579914172762e-06
2.713050434977049e-06
3.398814442334697e-06
4.249895937391557e-06
5.30406168763875e-06
6.607183877349598e-06
8.214854460675269e-06
1.019429055304499e-05
1.262658042833209e-05
1.560932105348911e-05
1.92597035493236e-05
2.371812297496945e-05
2.915237018896732e-05
3.576250310288742e-05
4.378647281555459e-05
5.350662468117662e-05
6.525715434690937e-05
7.943266246002167e-05
9.649787534726784e-05
0.0001169987372122705
0.000141575001180172
0.0001709743519313633
0.0002060683764284477
0.0002478703390806913
0.0002975550887640566
0.000356481148628518
0.0004262149450369179
0.0005085575976409018
0.0006055743433535099
0.0007196260266937315
0.0008534037042409182
0.001009965664707124
0.001192776137031615
0.001405747607350349
0.001653284532949328
0.001940328627824783
0.002272405428811908
0.002655672607943416
0.003096966305747628
0.003603850724175572
0.004184660501778126
0.004848545882850885
0.00560551043599844
0.006466443184763193
0.00744314631447196
0.008548352867364883
0.009795731864869595
0.01119988039135933
0.01277630403637886
0.01454137731343508
0.01651228405535221
0.01870693638920784
0.02114386670291424
0.0238420981913805
0.02682097814977169
0.03009998798370361
0.03369851410388947
0.03763559833168983
0.04192963242530823
0.04659803584218025
0.05165690183639526
0.05712060257792473
0.06300137937068939
0.06930887699127197
0.07604971528053284
0.08322699368000031
0.09083981812000275
0.09888285398483276
0.107345812022686
0.1162130907177925
0.1254633516073227
0.1350691616535187
0.1449967324733734
0.1552058011293411
0.1656494140625
0.1762741059064865
0.1870199292898178
0.1978207677602768
0.2086048424243927
0.2192951887845993
0.2298104912042618
0.2400659620761871
0.2499744445085526
0.2594475448131561
0.2683971524238586
0.2767367959022522
0.284383237361908
0.2912580966949463
0.2972895801067352
0.302414208650589
0.3065783381462097
0.309739738702774
0.3118691444396973
0.3129513263702393
0.3129861950874329
0.3119895458221436
0.30999356508255
0.3070469200611115
0.3032144606113434
0.298576682806015
0.2932287752628326
0.2872790694236755
0.280847430229187
0.2740629613399506
0.2670616209506989
0.2599836885929108
0.2529704570770264
0.2461614310741425
0.2396909892559052
0.2336852252483368
0.2282587736845016
0.2235120087862015
0.2195281684398651
0.2163711190223694
0.2140833586454391
0.2126845568418503
0.2121707648038864
0.2125141024589539
0.2136631160974503
0.2155438810586929
0.218061625957489
0.2211031019687653
0.2245395332574844
0.2282300889492035
0.2320257127285004
0.2357733696699142
0.2393205463886261
0.2425196915864944
0.2452326416969299
0.2473348379135132
0.2487190961837769
0.2492989897727966
0.2490115314722061
0.2478190809488297
0.245710477232933
0.2427013367414474
0.2388333380222321
0.2341727614402771
0.228808119893074
0.2228470295667648
0.2164125293493271
0.2096386849880219
0.2026661336421967
0.1956371963024139
0.1886911243200302
0.18195940554142
0.1755616515874863
0.1696017980575562
0.1641649305820465
0.1593151092529297
0.1550939530134201
0.1515199542045593
0.1485889554023743
0.1462754607200623
0.1445346027612686
0.1433050930500031
0.1425125449895859
0.1420733481645584
0.1418986469507217
0.1418986320495605
0.1419864445924759
0.1420819908380508
0.14211505651474
0.1420280486345291
0.1417777687311172
0.1413366049528122
0.1406927853822708
0.1398497521877289
0.1388248652219772
0.1376473754644394
0.1363559067249298
0.1349953263998032
0.133613720536232
0.1322590112686157
0.1309758722782135
0.1298028975725174
0.1287702172994614
0.127897709608078
0.1271939128637314
0.1266555488109589
0.1262680441141129
0.1260064095258713
0.125837042927742
0.1257199198007584
0.1256111711263657
0.1254658848047256
0.1252410411834717
0.1248982399702072
0.1244061589241028
0.1237425655126572
0.1228957623243332
0.1218654438853264
0.1206627711653709
0.1193097829818726
0.1178381517529488
0.1162873804569244
0.1147024184465408
0.1131310760974884
0.1116211265325546
0.1102175936102867
0.1089600399136543
0.1078803092241287
0.1070006191730499
0.1063323840498924
0.105875551700592
0.1056187078356743
0.1055397987365723
0.1056076064705849
0.1057835444808006
0.1060240492224693
0.1062832325696945
0.1065155193209648
0.106678307056427
0.1067344397306442
0.1066542267799377
0.1064170077443123
0.1060121804475784
0.1054395437240601
0.1047090515494347
0.1038399115204811
0.1028591394424438
0.1017997190356255
0.1006984040141106
0.0995933786034584
0.0985218733549118
0.09751791507005692
0.09661038219928741
0.09582136571407318
0.09516508132219315
0.09464731067419052
0.09426535665988922
0.09400853514671326
0.09385917335748672
0.09379406273365021
0.09378612041473389
0.09380626678466797
0.09382543712854385
0.09381639212369919
0.09375535696744919
0.09362343698740005
0.09340758621692657
0.09310118108987808
0.09270409494638443
0.09222240746021271
0.09166762232780457
0.09105567634105682
0.09040559828281403
0.08973805606365204
0.08907391130924225
0.08843275159597397
0.08783165365457535
0.087284155189991
0.08679953962564468
0.08638240396976471
0.08603265136480331
0.08574575930833817
0.08551336824893951
0.08532404899597168
0.08516434580087662
0.08501981943845749
0.08487612754106522
0.08472002297639847
0.08454027026891708
0.08432827889919281
0.08407855778932571
0.0837889164686203
0.08346038311719894
0.08309696614742279
0.0827050656080246
0.08229295164346695
0.08186993002891541
0.08144565671682358
0.08102934062480927
0.08062910288572311
0.08025147020816803
0.07990094274282455
0.07957983016967773
0.07928821444511414
0.07902408391237259
0.07878371328115463
0.07856197655200958
0.07835287600755692
0.07815009355545044
0.07794745266437531
0.077739417552948
0.0775214359164238
0.07729029655456543
0.07704417407512665
0.07678277790546417
0.07650717347860336
0.07621963322162628
0.07592334598302841
0.07562209665775299
0.07531993091106415
0.07502075284719467
0.07472807168960571
0.0744447335600853
0.07417271286249161
0.07391306012868881
0.07366587221622467
0.07343035191297531
0.07320494949817657
0.07298751175403595
0.07277559489011765
0.07256662100553513
0.07235812395811081
0.0721479207277298
0.07193432748317719
0.07171617448329926
0.07149294763803482
0.07126471400260925
0.07103210687637329
0.07079619169235229
0.07055837661027908
0.07032021880149841
0.07008327543735504
0.06984902918338776
0.06961868703365326
0.06939315050840378
0.0691729411482811
0.06895817071199417
0.0687485933303833
0.06854365020990372
0.06834253668785095
0.0681442990899086
0.06794793158769608
0.06775246560573578
0.06755704432725906
0.06736099720001221
0.06716388463973999
0.06696554273366928
0.06676600873470306
0.06656554341316223
0.0663646012544632
0.06616372615098953
0.065963514149189
0.06576456874608994
0.06556740403175354
0.06537243723869324
0.06517994403839111
0.06499005109071732
0.06480272859334946
0.064617820084095
0.06443505734205246
0.06425409764051437
0.0640745609998703
0.0638960599899292
0.06371825933456421
0.06354087591171265
0.06336371600627899
0.06318669766187668
0.06300979107618332
0.06283307820558548
0.0626567080616951
0.06248088926076889
0.06230584159493446
0.06213176995515823
0.06195886060595512
0.06178727000951767
0.06161709874868393
0.06144838035106659
0.06128110736608505
0.06111521646380424
0.06095059588551521
0.06078711524605751
0.0606246255338192
0.06046298518776894
0.06030206754803658
0.06014177203178406
0.05998203158378601
0.05982280522584915
0.05966411158442497
0.05950597673654556
0.0593484565615654
0.05919163301587105
0.05903557315468788
0.05888037011027336
0.05872607231140137
0.05857272818684578
0.05842036008834839
0.05826896801590919
0.05811851844191551
0.05796897411346436
0.05782028660178185
0.0576724000275135
0.05752525106072426
0.05737879127264023
0.05723297223448753
0.05708775296807289
0.0569431334733963
0.05679909884929657
0.0566556490957737
0.05651279911398888
0.0563705638051033
0.05622896924614906
0.05608802661299706
0.05594773963093758
0.05580810829997063
0.05566911771893501
0.05553075298666954
0.05539296939969063
0.05525572970509529
0.05511897802352905
0.05498264729976654
0.05484666302800179
0.05471096187829971
0.05457544326782227
0.05444002896547318
0.05430462211370468
0.05416910722851753
0.05403336882591248
0.05389726534485817
0.05376062542200089
0.0536232516169548
0.05348492413759232
0.05334537848830223
0.05320429056882858
0.05306130275130272
0.05291599780321121
0.05276788026094437
0.05261638015508652
0.05246086046099663
0.05230057612061501
0.0521346889436245
0.05196224525570869
0.05178215727210045
0.05159319564700127
0.05139398574829102
0.05118295550346375
0.05095834657549858
0.05071819201111794
0.05046027898788452
0.05018211901187897
0.04988095164299011
0.04955369979143143
0.04919695854187012
0.04880694672465324
0.04837949573993683
0.04791002720594406
0.04739351943135262
0.04682447761297226
0.04619690403342247
0.04550429806113243
0.04473960027098656
0.04389521107077599
0.04296295717358589
0.04193407669663429
0.04079922661185265
0.03954847902059555
0.03817132860422134
0.0366567075252533
0.0349930077791214
0.03316813334822655
0.03116952255368233
0.02898423746228218
0.02659902535378933
0.02400039881467819
0.02117474935948849
0.01810846477746964
0.01478806044906378
0.01120032742619514
0.007332511711865664
0.003172484692186117
-0.001291053486056626
-0.006068358663469553
-0.01116842310875654
-0.01659873127937317
-0.02236502431333065
-0.02847103588283062
-0.03491824492812157
-0.04170560836791992
-0.0488293394446373
-0.05628261342644691
-0.06405538320541382
-0.07213414460420609
-0.0805017501115799
-0.0891372486948967
-0.09801577776670456
-0.1071084812283516
-0.1163824200630188
-0.1258006393909454
-0.1353222131729126
-0.1449024230241776
-0.1544928699731827
-0.1640418171882629
-0.1734944880008698
-0.182793453335762
-0.1918792128562927
-0.2006906718015671
-0.2091657817363739
-0.2172421962022781
-0.2248581349849701
-0.231953039765358
-0.2384685128927231
-0.2443492710590363
-0.2495438903570175
-0.2540058493614197
-0.2576943337917328
-0.2605752348899841
-0.2626217305660248
-0.2638154029846191
-0.264146625995636
-0.2636153101921082
-0.2622312605381012
-0.2600144743919373
-0.2569953501224518
-0.2532146275043488
-0.2487232238054276
-0.2435816526412964
-0.2378595024347305
-0.2316345721483231
-0.2249918580055237
-0.2180222719907761
-0.2108211517333984
-0.203486755490303
-0.1961185783147812
-0.1888154596090317
-0.181673675775528
-0.1747850924730301
-0.1682351976633072
-0.1621013134717941
-0.1564508229494095
-0.1513397246599197
-0.1468112468719482
-0.1428947746753693
-0.1396050751209259
-0.1369418501853943
-0.1348896771669388
-0.1334183067083359
-0.1324832439422607
-0.1320268511772156
-0.1319798082113266
-0.1322627514600754
-0.1327884346246719
-0.1334639638662338
-0.1341933459043503
-0.1348800659179688
-0.1354298740625381
-0.1357534378767014
-0.1357689797878265
-0.1354047358036041
-0.1346011906862259
-0.133312925696373
-0.1315101981163025
-0.129179984331131
-0.1263265907764435
-0.1229718625545502
-0.1191546618938446
-0.1149299591779709
-0.1103673353791237
-0.1055490225553513
-0.1005675122141838
-0.09552281349897385
-0.09051939845085144
-0.08566293120384216
-0.08105690777301788
-0.07679933309555054
-0.07297950237989426
-0.0696750283241272
-0.06694918125867844
-0.06484871357679367
-0.06340214610099792
-0.06261871755123138
-0.0624878965318203
-0.06297962367534637
-0.06404518336057663
-0.06561871618032455
-0.06761936843395233
-0.06995386630296707
-0.07251968234777451
-0.07520843297243118
-0.07790952175855637
-0.08051383495330811
-0.08291745185852051
-0.0850251168012619
-0.08675345778465271
-0.08803371340036392
-0.08881397545337677
-0.08906082808971405
-0.08876024186611176
-0.08791784197092056
-0.08655843138694763
-0.0847247838973999
-0.08247580379247665
-0.07988410443067551
-0.07703309506177902
-0.07401366531848907
-0.07092065364122391
-0.06784919649362564
-0.06489110738039017
-0.06213144585490227
-0.05964541807770729
-0.05749566107988358
-0.05573015287518501
-0.05438068509101868
-0.05346203967928886
-0.05297188088297844
-0.05289134010672569
-0.05318624898791313
-0.05380899086594582
-0.05470086261630058
-0.055794857442379
-0.0570186972618103
-0.05829799920320511
-0.05955950915813446
-0.0607341006398201
-0.0617595799267292
-0.06258308887481689
-0.06316298991441727
-0.0634702667593956
-0.06348928809165955
-0.06321793049573898
-0.06266710162162781
-0.06185977160930634
-0.06082940101623535
-0.05961798876523972
-0.0582737885415554
-0.05684883147478104
-0.05539637058973312
-0.05396835133433342
-0.05261307209730148
-0.05137309432029724
-0.05028347671031952
-0.04937050491571426
-0.0486508421599865
-0.04813121631741524
-0.04780857264995575
-0.04767072200775146
-0.04769739508628845
-0.04786165431141853
-0.04813156649470329
-0.04847204685211182
-0.0488467812538147
-0.04922010377049446
-0.04955874755978584
-0.04983342811465263
-0.05002005398273468
-0.05010071769356728
-0.05006423592567444
-0.04990633949637413
-0.04962949082255363
-0.04924235492944717
-0.04875896871089935
-0.04819768294692039
-0.04757990688085556
-0.04692878201603889
-0.04626783356070518
-0.0456196703016758
-0.04500480368733406
-0.04444066435098648
-0.04394084215164185
-0.04351459071040154
-0.04316658526659012
-0.04289696738123894
-0.04270162433385849
-0.04257271066308022
-0.0424993522465229
-0.04246844723820686
-0.04246557876467705
-0.04247591644525528
-0.04248510301113129
-0.04248005896806717
-0.04244964197278023
-0.04238514229655266
-0.0422806553542614
-0.04213317483663559
-0.04194259271025658
-0.04171149060130119
-0.04144476354122162
-0.04114917293190956
-0.04083278030157089
-0.04050436615943909
-0.04017284885048866
-0.03984670713543892
-0.03953351080417633
-0.03923952206969261
-0.03896940499544144
-0.03872606158256531
-0.03851060569286346
-0.03832240402698517
-0.03815928101539612
-0.03801776841282845
-0.03789344429969788
-0.03778127953410149
-0.03767600283026695
-0.0375724732875824
-0.03746598958969116
-0.0373525582253933
-0.03722907975316048
-0.03709350153803825
-0.03694482520222664
-0.03678309544920921
-0.03660930693149567
-0.03642525151371956
-0.03623331338167191
-0.03603626415133476
-0.03583705052733421
-0.03563856706023216
-0.03544346615672112
-0.03525400534272194
-0.03507192432880402
-0.03489838168025017
-0.03473391756415367
-0.03457849472761154
-0.03443152457475662
-0.03429199010133743
-0.03415854275226593
-0.03402962908148766
-0.03390362486243248
-0.03377895802259445
-0.03365419805049896
-0.0335281528532505
-0.03339992463588715
-0.03326895087957382
-0.03313498571515083
-0.03299811482429504
-0.03285868838429451
-0.0327172689139843
-0.03257458284497261
-0.03243143111467361
-0.03228862583637238
-0.03214693814516068
-0.03200703114271164
-0.03186943754553795
-0.03173452615737915
-0.03160249441862106
-0.03147337213158607
-0.03134704381227493
-0.03122325986623764
-0.03110169433057308
-0.03098195604979992
-0.03086363524198532
-0.03074633702635765
-0.03062970750033855
-0.03051344864070415
-0.03039734996855259
-0.03028126992285252
-0.03016515262424946
-0.03004901483654976
-0.02993293106555939
-0.02981701865792274
-0.02970143221318722
-0.02958632446825504
-0.0294718574732542
-0.02935817465186119
-0.02924539521336555
-0.02913359925150871
-0.02902284637093544
-0.02891315519809723
-0.02880452014505863
-0.02869691140949726
-0.02859027683734894
-0.02848456054925919
-0.02837970480322838
-0.02827564626932144
-0.0281723290681839
-0.02806970104575157
-0.02796772494912148
-0.02786637283861637
-0.02776562049984932
-0.02766545861959457
-0.02756587974727154
-0.02746687643229961
-0.02736844681203365
-0.02727058716118336
-0.02717329747974873
-0.02707657031714916
-0.02698040008544922
-0.02688478864729404
-0.02678973227739334
-0.02669523842632771
-0.02660130709409714
-0.02650794573128223
-0.02641516923904419
-0.02632298320531845
-0.02623140253126621
-0.02614043280482292
-0.02605008706450462
-0.02596036903560162
-0.0258712787181139
-0.02578281052410603
-0.02569495514035225
-0.02560769394040108
-0.02552100270986557
-0.02543485537171364
-0.02534922771155834
-0.02526409551501274
-0.02517942897975445
-0.02509520947933197
-0.02501142024993896
-0.02492805384099483
-0.02484510652720928
-0.02476258389651775
-0.02468049898743629
-0.0245988667011261
-0.02451770193874836
-0.02443702146410942
-0.02435683831572533
-0.02427716180682182
-0.02419800311326981
-0.02411936596035957
-0.02404124289751053
-0.02396362833678722
-0.02388650923967361
-0.02380986139178276
-0.02373366616666317
-0.02365790493786335
-0.02358256094157696
-0.0235076118260622
-0.02343304641544819
-0.02335885539650917
-0.02328503131866455
-0.02321158163249493
-0.02313850075006485
-0.02306579798460007
-0.02299348823726177
-0.02292157709598541
-0.02285007573664188
-0.02277898602187634
-0.02270831167697906
-0.02263805828988552
-0.02256822027266026
-0.02249879948794842
-0.02242978103458881
-0.02236115746200085
-0.02229291573166847
-0.02222504653036594
-0.02215753495693207
-0.0220903754234314
-0.02202355489134789
-0.02195706591010094
-0.02189090847969055
-0.02182508073747158
-0.02175958454608917
-0.02169441804289818
-0.02162959054112434
-0.02156510204076767
-0.02150095626711845
-0.0214371532201767
-0.02137369476258755
-0.02131058275699615
-0.02124781347811222
-0.02118538878858089
-0.02112329937517643
-0.02106153964996338
-0.02100010402500629
-0.02093898691236973
-0.02087817899882793
-0.02081767655909061
-0.02075747214257717
-0.02069756388664246
-0.02063794806599617
-0.02057862281799316
-0.02051958814263344
-0.02046084403991699
-0.02040239050984383
-0.02034423127770424
-0.02028636634349823
-0.0202287957072258
-0.0201715175062418
-0.02011452987790108
-0.02005783282220364
-0.02000142261385918
-0.01994529739022255
-0.01988945156335831
-0.01983388140797615
-0.01977858692407608
-0.0197235606610775
-0.01966879703104496
-0.01961429603397846
-0.01956005394458771
-0.01950606890022755
-0.01945233903825283
-0.01939886249601841
-0.01934564113616943
-0.0192926712334156
-0.01923995651304722
-0.01918749697506428
-0.01913528703153133
-0.01908333413302898
-0.01903163082897663
-0.01898017711937428
-0.01892896927893162
-0.01887800917029381
-0.01882728561758995
-0.01877680234611034
-0.01872655749320984
-0.01867654547095299
-0.01862676441669464
-0.0185772143304348
-0.01852788776159286
-0.01847878843545914
-0.01842991448938847
-0.0183812640607357
-0.01833283714950085
-0.0182846337556839
-0.01823665015399456
-0.01818888820707798
-0.01814134418964386
-0.01809401996433735
-0.01804691553115845
-0.01800002343952656
-0.01795334368944168
-0.01790687814354897
-0.01786061935126781
-0.01781457103788853
-0.01776872575283051
-0.0177230853587389
-0.01767764613032341
-0.01763240993022919
-0.01758737489581108
-0.01754253916442394
-0.01749790273606777
-0.01745346374809742
-0.01740922033786774
-0.01736517250537872
-0.01732132025063038
-0.01727765798568726
-0.01723418943583965
-0.01719091273844242
-0.01714782416820526
-0.01710492558777332
-0.01706220954656601
-0.01701968163251877
-0.01697733625769615
-0.01693517714738846
-0.01689319685101509
-0.0168513972312212
-0.01680977828800678
-0.01676833443343639
-0.01672706753015518
-0.01668597385287285
-0.01664505340158939
-0.01660430803894997
-0.01656373776495457
-0.01652334071695805
-0.01648311503231525
-0.01644306257367134
-0.01640317589044571
-0.01636345684528351
-0.01632390357553959
-0.0162845179438591
-0.01624529622495174
-0.01620623841881752
-0.01616734266281128
-0.01612861081957817
-0.0160900354385376
-0.01605162024497986
-0.0160133671015501
-0.01597527042031288
-0.0159373302012682
-0.01589955016970634
-0.01586192287504673
-0.01582445204257965
-0.01578713394701481
-0.0157499685883522
-0.01571295596659184
-0.0156760960817337
-0.01563938520848751
-0.01560282148420811
-0.01556640584021807
-0.01553013641387224
-0.01549401134252548
-0.01545802969485521
-0.01542219053953886
-0.01538649294525385
-0.0153509359806776
-0.01531551964581013
-0.01528024487197399
-0.01524510700255632
-0.01521010883152485
-0.01517525035887957
-0.01514052879065275
-0.01510594598948956
-0.0150715010240674
-0.01503719389438629
-0.01500302273780107
-0.01496898848563433
-0.0149350892752409
-0.01490132231265306
-0.01486768573522568
-0.01483418047428131
-0.01480080280452967
-0.01476755272597075
-0.01473443023860455
-0.01470143347978592
-0.01466856338083744
-0.01463581994175911
-0.01460320129990578
-0.01457070931792259
-0.01453834399580956
-0.01450610440224409
-0.01447398774325848
-0.01444199495017529
-0.01441012602299452
-0.01437837723642588
-0.01434674952179193
-0.01431524194777012
-0.0142838517203927
-0.01425257977098227
-0.01422142423689365
-0.01419038511812687
-0.01415946241468191
-0.01412865333259106
-0.01409795880317688
-0.01406737975776196
-0.01403691619634628
-0.01400656625628471
-0.01397632900625467
-0.01394620351493359
-0.01391619071364403
-0.013886290602386
-0.01385650131851435
-0.01382682099938393
-0.01379724964499474
-0.0137677863240242
-0.0137384319677949
-0.01370918657630682
-0.01368004735559225
-0.01365101523697376
-0.01362208742648363
-0.01359326392412186
-0.01356454472988844
-0.01353593077510595
-0.01350742019712925
-0.0134790102019906
-0.01345070172101259
-0.01342249475419521
-0.01339438930153847
-0.01336638443171978
-0.01333847641944885
-0.01331066992133856
-0.01328296214342117
-0.01325535401701927
-0.01322784554213285
-0.01320043671876192
-0.01317312568426132
-0.01314591336995363
-0.0131187979131937
-0.01309177838265896
-0.0130648547783494
-0.01303802616894245
-0.01301129162311554
-0.01298465114086866
-0.01295810285955667
-0.01293164771050215
-0.01290528383105993
-0.01287901122123003
-0.01285282801836729
-0.01282673515379429
-0.0128007335588336
-0.01277482137084007
-0.01274899952113628
-0.01272326614707708
-0.01269762217998505
-0.01267206948250532
-0.01264660526067019
-0.01262122951447964
-0.01259594224393368
-0.01257074158638716
-0.0125456266105175
-0.01252059731632471
-0.01249565277248621
-0.012470792979002
-0.01244601793587208
-0.0124213257804513
-0.01239671837538481
-0.01237219665199518
-0.0123477578163147
-0.01232340186834335
-0.01229912787675858
-0.01227493677288294
-0.01225082576274872
-0.01222679670900106
-0.01220284681767225
-0.01217897608876228
-0.01215518265962601
-0.012131467461586
-0.01210783049464226
-0.01208426896482706
-0.01206078566610813
-0.0120373796671629
-0.01201405096799135
-0.01199080049991608
-0.01196762640029192
-0.01194453053176403
-0.01192151010036469
-0.01189856510609388
-0.01187569554895163
-0.01185290515422821
-0.01183018740266562
-0.01180754415690899
-0.01178497541695833
-0.01176247838884592
-0.01174005586653948
-0.01171770505607128
-0.0116954268887639
-0.01167322043329477
-0.01165108568966389
-0.01162902172654867
-0.01160702854394913
-0.01158510521054268
-0.01156325358897448
-0.01154147181659937
-0.01151975989341736
-0.01149811968207359
-0.01147654838860035
-0.0114550469443202
-0.01143361441791058
-0.01141225174069405
-0.01139095611870289
-0.01136972848325968
-0.01134856697171926
-0.01132747251540422
-0.01130644325166941
-0.01128548011183739
-0.01126458216458559
-0.01124375127255917
-0.01122298371046782
-0.01120228134095669
-0.01118164416402578
-0.01116107124835253
-0.01114056259393692
-0.01112012006342411
-0.01109974179416895
-0.01107942871749401
-0.0110591808333993
-0.01103899721056223
-0.01101887691766024
-0.01099881995469332
-0.01097882259637117
-0.01095888577401638
-0.01093900855630636
-0.01091919001191854
-0.0108994310721755
-0.01087973266839981
-0.01086009293794632
-0.01084051374346018
-0.01082099415361881
-0.01080153603106737
-0.01078213751316071
-0.01076279859989882
-0.01074352022260427
-0.01072429865598679
-0.01070513762533665
-0.01068603433668613
-0.01066698879003525
-0.01064799912273884
-0.01062906626611948
-0.01061019022017717
-0.01059137098491192
-0.01057261042296886
-0.01055390574038029
-0.01053525879979134
-0.01051666960120201
-0.01049813628196716
-0.01047965884208679
-0.01046123821288347
-0.01044287253171206
-0.01042456366121769
-0.01040630787611008
-0.01038810517638922
-0.01036995369940996
-0.01035185437649488
-0.01033380813896656
-0.01031581405550241
-0.01029787305742502
-0.01027998700737953
-0.01026215311139822
-0.01024437230080366
-0.01022664457559586
-0.01020896900445223
-0.01019134372472763
-0.01017376780509949
-0.01015624310821295
-0.01013876870274544
-0.01012134458869696
-0.01010396890342236
-0.01008664444088936
-0.01006937120109797
-0.01005214639008045
-0.01003497187048197
-0.01001784577965736
-0.01000076998025179
-0.009983745403587818
-0.009966769255697727
-0.009949843399226665
-0.009932968765497208
-0.009916144423186779
-0.00989936850965023
-0.009882642887532711
-0.009865965694189072
-0.009849336929619312
-0.009832754731178284
-0.009816219098865986
-0.00979972817003727
-0.009783281944692135
-0.009766881354153156
-0.009750526398420334
-0.009734215214848518
-0.009717948734760284
-0.009701726958155632
-0.009685549885034561
-0.009669417515397072
-0.009653330780565739
-0.009637287817895412
-0.009621292352676392
-0.009605342522263527
-0.009589440189301968
-0.009573584422469139
-0.009557775221765041
-0.009542012587189674
-0.009526295587420464
-0.00951062235981226
-0.009494992904365063
-0.009479407221078873
-0.00946386530995369
-0.009448366239666939
-0.009432908147573471
-0.009417491964995861
-0.009402119554579258
-0.009386789053678513
-0.00937149953097105
-0.009356250986456871
-0.0093410424888134
-0.009325874969363213
-0.009310747496783733
-0.009295659139752388
-0.009280610829591751
-0.009265602566301823
-0.009250633418560028
-0.009235706180334091
-0.009220818988978863
-0.009205971844494343
-0.009191165678203106
-0.009176401421427727
-0.009161676280200481
-0.009146992117166519
-0.00913234893232584
-0.009117744863033295
-0.009103179909288883
-0.009088654071092606
-0.009074170142412186
-0.0090597253292799
-0.009045320563018322
-0.009030953980982304
-0.009016626514494419
-0.009002338163554668
-0.008988087996840477
-0.008973876014351845
-0.008959702216088772
-0.008945566602051258
-0.008931467309594154
-0.008917404338717461
-0.008903374895453453
-0.00888938270509243
-0.008875428698956966
-0.008861510083079338
-0.00884762778878212
-0.008833781816065311
-0.008819972164928913
-0.008806198835372925
-0.008792461827397346
-0.008778762072324753
-0.008765098638832569
-0.00875147245824337
-0.008737882599234581
-0.008724329993128777
-0.008710814639925957
-0.008697333745658398
-0.008683889172971249
-0.00867048092186451
-0.008657105267047882
-0.008643764071166515
-0.008630456402897835
-0.008617183193564415
-0.008603940717875957
-0.008590733632445335
-0.00857755821198225
-0.008564415387809277
-0.008551306091248989
-0.008538229390978813
-0.008525187149643898
-0.008512178435921669
-0.008499204181134701
-0.008486263453960419
-0.008473356254398823
-0.008460481651127338
-0.008447641506791115
-0.008434835821390152
-0.008422062732279301
-0.008409321308135986
-0.008396612480282784
-0.008383937180042267
-0.008371293544769287
-0.008358681574463844
-0.008346101269125938
-0.008333552628755569
-0.008321035653352737
-0.008308549411594868
-0.008296094834804535
-0.00828367006033659
-0.008271276019513607
-0.008258911781013012
-0.008246577344834805
-0.008234272710978985
-0.008221998810768127
-0.008209755644202232
-0.0081975432112813
-0.008185362443327904
-0.008173213340342045
-0.008161094971001148
-0.008149006403982639
-0.008136949501931667
-0.008124923333525658
-0.00811292789876461
-0.008100961335003376
-0.008089025504887104
-0.00807711947709322
-0.008065243251621723
-0.00805339403450489
-0.008041574619710445
-0.008029784075915813
-0.008018022403120995
-0.008006289601325989
-0.007994583807885647
-0.007982906885445118
-0.007971258834004402
-0.007959638722240925
-0.007948047481477261
-0.007936486043035984
-0.007924952544271946
-0.007913446053862572
-0.007901967503130436
-0.007890517823398113
-0.007879095152020454
-0.007867699488997459
-0.007856332696974277
-0.007844993844628334
-0.007833682000637054
-0.007822397165000439
-0.007811138406395912
-0.007799906190484762
-0.007788700517266989
-0.007777522318065166
-0.007766370661556721
-0.007755245547741652
-0.007744147442281246
-0.007733076345175505
-0.007722032256424427
-0.007711014244705439
-0.007700022775679827
-0.007689057383686304
-0.007678118534386158
-0.007667204830795527
-0.007656317204236984
-0.007645454257726669
-0.007634616922587156
-0.007623805198818445
-0.007613019552081823
-0.007602259982377291
-0.007591526489704847
-0.007580818608403206
-0.007570137269794941
-0.007559482008218765
-0.007548852358013391
-0.007538247853517532
-0.007527668029069901
-0.007517112419009209
-0.007506581023335457
-0.007496073376387358
-0.007485589943826199
-0.007475129794329405
-0.007464692927896976
-0.007454277947545052
-0.007443886250257492
-0.007433518301695585
-0.007423175033181906
-0.007412856910377741
-0.007402562536299229
-0.007392293307930231
-0.007382049225270748
-0.007371830753982067
-0.007361636962741613
-0.007351468317210674
-0.007341323886066675
-0.007331203203648329
-0.007321105804294348
-0.007311031222343445
-0.00730097945779562
-0.007290950510650873
-0.007280942983925343
-0.007270956877619028
-0.00726099219173193
-0.007251049391925335
-0.007241128478199244
-0.007231228984892368
-0.007221351843327284
-0.00721149705350399
-0.007201664615422487
-0.007191854529082775
-0.007182067260146141
-0.007172303274273872
-0.007162562571465969
-0.007152844686061144
-0.007143149618059397
-0.007133477367460728
-0.007123827468603849
-0.007114198990166187
-0.007104591932147741
-0.007095005828887224
-0.007085440214723349
-0.007075895555317402
-0.007066371385008097
-0.00705686816945672
-0.007047387771308422
-0.00703792879357934
-0.007028492167592049
-0.007019076962023973
-0.007009683642536402
-0.007000311743468046
-0.006990961264818907
-0.006981631740927696
-0.00697232224047184
-0.006963033229112625
-0.006953763775527477
-0.006944514811038971
-0.006935285404324532
-0.006926075089722872
-0.006916884798556566
-0.006907714530825615
-0.006898565217852592
-0.006889436859637499
-0.006880329921841621
-0.006871243938803673
-0.00686217937618494
-0.006853135302662849
-0.006844111252576113
-0.006835106760263443
-0.006826121360063553
-0.006817154120653868
-0.006808205042034388
-0.006799274124205112
-0.006790360901504755
-0.006781465373933315
-0.006772588007152081
-0.006763729732483625
-0.006754891481250525
-0.006746072787791491
-0.006737274117767811
-0.006728495005518198
-0.006719737313687801
-0.006710999645292759
-0.006702282465994358
-0.006693585775792599
-0.006684909109026194
-0.006676251534372568
-0.00666761165484786
-0.00665898947045207
-0.006650385446846485
-0.00664179865270853
-0.006633229088038206
-0.006624677218496799
-0.006616143509745598
-0.006607627030462027
-0.00659912871196866
-0.006590648554265499
-0.006582186091691256
-0.006573740858584642
-0.006565312389284372
-0.006556902546435595
-0.00654850946739316
-0.006540135014802217
-0.006531777791678905
-0.006523438263684511
-0.006515116896480322
-0.006506814155727625
-0.00649853004142642
-0.006490264553576708
-0.006482017692178488
-0.006473788991570473
-0.006465579383075237
-0.006457387935370207
-0.006449214182794094
-0.006441058125346899
-0.006432918831706047
-0.006424796767532825
-0.006416691467165947
-0.006408601999282837
-0.006400528363883495
-0.006392471492290497
-0.006384429987519979
-0.006376404315233231
-0.006368394941091537
-0.006360401399433613
-0.006352424155920744
-0.006344463676214218
-0.006336519028991461
-0.006328590679913759
-0.006320678628981113
-0.006312783807516098
-0.006304904818534851
-0.006297042593359947
-0.006289196666330099
-0.006281366571784019
-0.006273552775382996
-0.006265755742788315
-0.00625797500833869
-0.006250210572034121
-0.006242462433874607
-0.006234731059521437
-0.006227015983313322
-0.006219317205250263
-0.006211634259670973
-0.006203967146575451
-0.006196315865963697
-0.006188679952174425
-0.006181058473885059
-0.006173451896756887
-0.006165859755128622
-0.006158282514661551
-0.006150720175355673
-0.006143173202872276
-0.006135642062872648
-0.006128126289695501
-0.006120625417679548
-0.006113139446824789
-0.006105669308453798
-0.006098215002566576
-0.006090776529163122
-0.006083352956920862
-0.006075944751501083
-0.006068551912903786
-0.006061173509806395
-0.00605380954220891
-0.006046460475772619
-0.006039126310497522
-0.006031806580722332
-0.006024501286447048
-0.006017210893332958
-0.006009935401380062
-0.00600267481058836
-0.005995428655296564
-0.005988196935504675
-0.00598098011687398
-0.005973777733743191
-0.005966589786112309
-0.005959415342658758
-0.005952255334705114
-0.00594510929659009
-0.005937977693974972
-0.00593086052685976
-0.005923757329583168
-0.005916668102145195
-0.005909591913223267
-0.00590252922847867
-0.005895480047911406
-0.005888445302844048
-0.005881423596292734
-0.00587441585958004
-0.005867422092705965
-0.005860441830009222
-0.005853476468473673
-0.005846524611115456
-0.005839586723595858
-0.005832662340253592
-0.005825752392411232
-0.005818855948746204
-0.005811973474919796
-0.005805104970932007
-0.005798249505460262
-0.00579140754416585
-0.005784579087048769
-0.00577776413410902
-0.005770962685346603
-0.005764175206422806
-0.005757400766015053
-0.005750639829784632
-0.005743892397731543
-0.005737157538533211
-0.005730435252189636
-0.005723725538700819
-0.005717028398066759
-0.005710343364626169
-0.005703670904040337
-0.005697010084986687
-0.005690361838787794
-0.005683725699782372
-0.005677102599292994
-0.005670492071658373
-0.005663895048201084
-0.00565731106325984
-0.005650739651173353
-0.005644181743264198
-0.005637637339532375
-0.005631106439977884
-0.005624589044600725
-0.005618084222078323
-0.005611591506749392
-0.005605110432952642
-0.005598641932010651
-0.005592184141278267
-0.005585738457739353
-0.005579303950071335
-0.005572880152612925
-0.005566467996686697
-0.005560067016631365
-0.005553677678108215
-0.005547300446778536
-0.005540935322642326
-0.005534582771360874
-0.005528242792934179
-0.005521916318684816
-0.005515603348612785
-0.005509302485734224
-0.005503013730049133
-0.005496738012880087
-0.005490473937243223
-0.005484221037477255
-0.005477978847920895
-0.00547174783423543
-0.005465527530759573
-0.005459318403154612
-0.005453120917081833
-0.005446935538202524
-0.005440761335194111
-0.005434598308056593
-0.005428447853773832
-0.005422309041023254
-0.005416182801127434
-0.005410068668425083
-0.005403965711593628
-0.005397875793278217
-0.005391796585172415
-0.005385727621614933
-0.005379670299589634
-0.00537362415343523
-0.00536758778616786
-0.005361562594771385
-0.005355547182261944
-0.005349542479962111
-0.005343548022210598
-0.005337564274668694
-0.005331592168658972
-0.005325631704181433
-0.005319682415574789
-0.005313744302839041
-0.005307818297296762
-0.005301904398947954
-0.005296002142131329
-0.005290111992508173
-0.005284233018755913
-0.005278364755213261
-0.005272507201880217
-0.005266659427434206
-0.005260820966213942
-0.005254992283880711
-0.005249173380434513
-0.005243363790214062
-0.005237564444541931
-0.005231774412095547
-0.005225995555520058
-0.005220227874815464
-0.005214471369981766
-0.005208725575357676
-0.005202990956604481
-0.005197268445044756
-0.005191557575017214
-0.005185856483876705
-0.005180165637284517
-0.005174485500901937
-0.005168815143406391
-0.005163154564797878
-0.005157503299415112
-0.005151860881596804
-0.005146227311342955
-0.005140603054314852
-0.00513498904183507
-0.005129385273903608
-0.005123791750520468
-0.005118208006024361
-0.005112635437399149
-0.005107074044644833
-0.005101522896438837
-0.005095981992781162
-0.005090450868010521
-0.005084929056465626
-0.005079417489469051
-0.005073915235698223
-0.005068422760814428
-0.005062938667833805
-0.005057464819401503
-0.005051999818533659
-0.005046544130891562
-0.005041098687797785
-0.005035663023591042
-0.005030237603932619
-0.005024822428822517
-0.005019416566938162
-0.00501402048394084
-0.005008634179830551
-0.005003257188946009
-0.004997890442609787
-0.004992532543838024
-0.004987183958292007
-0.00498184422031045
-0.004976513329893351
-0.004971191752701998
-0.004965879954397678
-0.00496057840064168
-0.004955286625772715
-0.004950004629790783
-0.00494473148137331
-0.004939467180520296
-0.004934212658554316
-0.004928967449814081
-0.004923731088638306
-0.004918503109365702
-0.004913284908980131
-0.004908076021820307
-0.004902875516563654
-0.00489768385887146
-0.004892501514405012
-0.004887328017503023
-0.004882163368165493
-0.004877008032053709
-0.004871861077845097
-0.004866722971200943
-0.004861594177782536
-0.0048564737662673
-0.00485136266797781
-0.004846260417252779
-0.00484116654843092
-0.004836081527173519
-0.004831004422158003
-0.004825936164706945
-0.00482087628915906
-0.00481582572683692
-0.004810784012079239
-0.00480575067922473
-0.004800726659595966
-0.004795711953192949
-0.004790706094354391
-0.004785708151757717
-0.004780718591064215
-0.004775737412273884
-0.004770765081048012
-0.004765801131725311
-0.004760845098644495
-0.004755896981805563
-0.004750956781208515
-0.004746024962514639
-0.00474110059440136
-0.004736184608191252
-0.004731276538223028
-0.004726377315819263
-0.004721485078334808
-0.004716601688414812
-0.004711726680397987
-0.00470685912296176
-0.004701999947428703
-0.004697149619460106
-0.00469230767339468
-0.004687473643571138
-0.004682647995650768
-0.00467783072963357
-0.00467302231118083
-0.004668223205953836
-0.004663432948291302
-0.004658651072531939
-0.004653877578675747
-0.00464911200106144
-0.004644354805350304
-0.004639606457203627
-0.004634866025298834
-0.004630133043974638
-0.004625408444553614
-0.004620691761374474
-0.00461598252877593
-0.004611280746757984
-0.004606587346643209
-0.004601900465786457
-0.004597221966832876
-0.00459255138412118
-0.004587888717651367
-0.004583233036100864
-0.004578584805130959
-0.004573943559080362
-0.004569309297949076
-0.004564682021737099
-0.004560061730444431
-0.004555448424071074
-0.004550842568278313
-0.004546244163066149
-0.004541653674095869
-0.004537070635706186
-0.004532495513558388
-0.004527928307652473
-0.004523369949311018
-0.004518819507211447
-0.00451427698135376
-0.004509742837399244
-0.004505216609686613
-0.004500698298215866
-0.004496187902987003
-0.00449168449267745
-0.004487188067287207
-0.00448269909247756
-0.004478216636925936
-0.004473740700632334
-0.004469271283596754
-0.004464807920157909
-0.004460351541638374
-0.004455902148038149
-0.00445146020501852
-0.004447025712579489
-0.004442599136382341
-0.004438180010765791
-0.004433768801391125
-0.004429365508258343
-0.004424970597028732
-0.004420582670718431
-0.00441620172932744
-0.004411826841533184
-0.00440745847299695
-0.004403096158057451
-0.004398740362375975
-0.004394390620291233
-0.004390046931803226
-0.004385709762573242
-0.00438137911260128
-0.004377055447548628
-0.00437273969873786
-0.004368431866168976
-0.004364131484180689
-0.004359839018434286
-0.004355554934591055
-0.004351278301328421
-0.004347009584307671
-0.004342747386544943
-0.004338491708040237
-0.004334243014454842
-0.004330000840127468
-0.004325764253735542
-0.004321534186601639
-0.004317310638725758
-0.004313094541430473
-0.004308884497731924
-0.004304681904613972
-0.004300486762076616
-0.004296297673135996
-0.004292115103453398
-0.004287939053028822
-0.004283769521862268
-0.004279606509953737
-0.004275449085980654
-0.004271297715604305
-0.004267152864485979
-0.004263012669980526
-0.004258878063410521
-0.004254749044775963
-0.004250624682754278
-0.004246505443006754
-0.004242391791194677
-0.004238283261656761
-0.004234179854393005
-0.004230080638080835
-0.004225985612720251
-0.004221894778311253
-0.004217807203531265
-0.004213722422719002
-0.004209640435874462
-0.004205560777336359
-0.004201482050120831
-0.004197404719889164
-0.00419332692399621
-0.004189248196780682
-0.004185166675597429
-0.004181080963462591
-0.004176990129053593
-0.004172891844063997
-0.004168784245848656
-0.004164665006101131
-0.00416053319349885
-0.0041563855484128
-0.004152219276875257
-0.004148031584918499
-0.004143819212913513
-0.004139577504247427
-0.004135302267968655
-0.004130988381803036
-0.004126629792153835
-0.004122219979763031
-0.004117753822356462
-0.004113222938030958
-0.004108618479222059
-0.004103932995349169
-0.004099154844880104
-0.004094275180250406
-0.004089282359927893
-0.004084164276719093
-0.004078908823430538
-0.004073501564562321
-0.00406792713329196
-0.004062170162796974
-0.004056212492287159
-0.004050036892294884
-0.004043623805046082
-0.004036953672766685
-0.004030004143714905
-0.004022753331810236
-0.004015177488327026
-0.004007252398878336
-0.003998951986432076
-0.003990252036601305
-0.003981123678386211
-0.003971539437770844
-0.003961470909416676
-0.003950889687985182
-0.003939767833799124
-0.003928076941519976
-0.003915787674486637
-0.003902873490005732
-0.00388930831104517
-0.00387506652623415
-0.003860124619677663
-0.003844460239633918
-0.003828054293990135
-0.003810889320448041
-0.003792951349169016
-0.003774230368435383
-0.003754718927666545
-0.003734414931386709
-0.003713319776579738
-0.00369144044816494
-0.003668788587674499
-0.003645381890237331
-0.003621242707595229
-0.003596400376409292
-0.003570890286937356
-0.003544754581525922
-0.003518040990456939
-0.003490803763270378
-0.003463104600086808
-0.003435010323300958
-0.003406593343243003
-0.00337793305516243
-0.00334911304526031
-0.003320221323519945
-0.003291350090876222
-0.003262594575062394
-0.003234052332118154
-0.003205822082236409
-0.003178003709763288
-0.003150695469230413
-0.003123994451016188
-0.003097995184361935
-0.003072787541896105
-0.003048456041142344
-0.003025079146027565
-0.003002726938575506
-0.002981460187584162
-0.002961330581456423
-0.002942377934232354
-0.002924630418419838
-0.002908103866502643
-0.002892800839617848
-0.002878708997741342
-0.002865803427994251
-0.002854045014828444
-0.002843379974365234
-0.002833741251379251
-0.002825049916282296
-0.002817214233800769
-0.002810132689774036
-0.002803694223985076
-0.00279777985997498
-0.002792264800518751
-0.002787020290270448
-0.002781915478408337
-0.002776820445433259
-0.002771606435999274
-0.002766149584203959
-0.002760333474725485
-0.002754049841314554
-0.002747201593592763
-0.002739703748375177
-0.00273148575797677
-0.00272249267436564
-0.002712687011808157
-0.002702048048377037
-0.002690572757273912
-0.002678276970982552
-0.002665193751454353
-0.002651373622938991
-0.002636882709339261
-0.0026218022685498
-0.002606227295473218
-0.002590261865407228
-0.002574020298197865
-0.002557621337473392
-0.002541188150644302
-0.002524843439459801
-0.002508707111701369
-0.002492894185706973
-0.002477511065080762
-0.002462653443217278
-0.002448404207825661
-0.002434830414131284
-0.002421983517706394
-0.002409896813333035
-0.002398585202172399
-0.002388044260442257
-0.002378251636400819
-0.002369166817516088
-0.002360732527449727
-0.002352877287194133
-0.002345515880733728
-0.002338553313165903
-0.002331886673346162
-0.002325407927855849
-0.002319007879123092
-0.002312578028067946
-0.002306014532223344
-0.002299220766872168
-0.002292110817506909
-0.002284609479829669
-0.002276657847687602
-0.002268211450427771
-0.002259243512526155
-0.002249744720757008
-0.002239723457023501
-0.002229204867035151
-0.002218229928985238
-0.002206854755058885
-0.002195147331804037
-0.002183185424655676
-0.002171054482460022
-0.002158844610676169
-0.002146646846085787
-0.002134550595656037
-0.002122640842571855
-0.002110994653776288
-0.002099679782986641
-0.002088751876726747
-0.00207825331017375
-0.002068211091682315
-0.002058637328445911
-0.002049528760835528
-0.002040866296738386
-0.002032617805525661
-0.002024738350883126
-0.002017171587795019
-0.002009854419156909
-0.002002716762945056
-0.00199568597599864
-0.001988689647987485
-0.001981656532734632
-0.00197452143765986
-0.00196722662076354
-0.001959723886102438
-0.001951976330019534
-0.001943959156051278
-0.001935661071911454
-0.001927084405906498
-0.001918244524858892
-0.001909169252030551
-0.001899897470138967
-0.001890477840788662
-0.001880966243334115
-0.00187142426148057
-0.001861916505731642
-0.001852507935836911
-0.001843261881731451
-0.001834238064475358
-0.001825490384362638
-0.001817065523937345
-0.001809001783840358
-0.00180132791865617
-0.001794063718989491
-0.00178721931297332
-0.001780796214006841
-0.001774788601323962
-0.001769184367731214
-0.001763966283760965
-0.001759115606546402
-0.001754612545482814
-0.001750438939779997
-0.001746580237522721
-0.00174302700906992
-0.001739777158945799
-0.001736836973577738
-0.001734221819788218
-0.001731956959702075
-0.001730077667161822
-0.001728628645651042
-0.001727663329802454
-0.001727242604829371
-0.001727433875203133
-0.00172830861993134
-0.001729940879158676
-0.001732405391521752
-0.001735774683766067
-0.001740118023008108
-0.00174549943767488
-0.001751975389197469
-0.001759593840688467
-0.00176839274354279
-0.001778399106115103
-0.001789628178812563
-0.001802083919756114
-0.00181575829628855
-0.001830631983466446
-0.001846674480475485
-0.001863845274783671
-0.00188209384214133
-0.001901361509226263
-0.001921581919305027
-0.001942681265063584
-0.001964579336345196
-0.001987191149964929
-0.002010426484048367
-0.002034190343692899
-0.002058383310213685
-0.002082902239635587
-0.002107638632878661
-0.002132480498403311
-0.002157311886548996
-0.002182012656703591
-0.002206458942964673
-0.00223052385263145
-0.002254077699035406
-0.002276989398524165
-0.002299127401784062
-0.002320361556485295
-0.002340565202757716
-0.002359616104513407
-0.002377399476245046
-0.002393810078501701
-0.0024087552446872
-0.002422156743705273
-0.00243395334109664
-0.002444102428853512
-0.002452582819387317
-0.002459395676851273
-0.002464565448462963
-0.00246814195998013
-0.002470197854563594
-0.002470830455422401
-0.002470159903168678
-0.002468325663357973
-0.002465487224981189
-0.00246182014234364
-0.002457512076944113
-0.002452760701999068
-0.002447768114507198
-0.002442737575620413
-0.002437870251014829
-0.002433359390124679
-0.002429387299343944
-0.002426120918244123
-0.002423708094283938
-0.002422275021672249
-0.002421923680230975
-0.002422728575766087
-0.002424736274406314
-0.002427964238449931
-0.002432400593534112
-0.002438004827126861
-0.002444708719849586
-0.00245241797529161
-0.002461015246808529
-0.002470361301675439
-0.002480301074683666
-0.002490665996447206
-0.002501277951523662
-0.002511954866349697
-0.002522514434531331
-0.002532779006287456
-0.002542580012232065
-0.002551761921495199
-0.002560187363997102
-0.002567739924415946
-0.002574326936155558
-0.002579882740974426
-0.002584370318800211
-0.002587781986221671
-0.002590138697996736
-0.002591490745544434
-0.002591915894299746
-0.002591515658423305
-0.002590413903817534
-0.00258875242434442
-0.002586685586720705
-0.002584377070888877
-0.002581993117928505
-0.002579698339104652
-0.00257765082642436
-0.002575995633378625
-0.002574861748144031
-0.00257435766980052
-0.002574566518887877
-0.002575546037405729
-0.002577324397861958
-0.002579900901764631
-0.00258324621245265
-0.00258730398491025
-0.00259199202992022
-0.002597207203507423
-0.002602828433737159
-0.002608720911666751
-0.002614742610603571
-0.002620749175548553
-0.002626599278301001
-0.002632159739732742
-0.002637311117723584
-0.002641951432451606
-0.002646000124514103
-0.002649400848895311
-0.002652123104780912
-0.002654163399711251
-0.002655544318258762
-0.002656313823536038
-0.002656541066244245
-0.002656315453350544
-0.002655740361660719
-0.002654930576682091
-0.002654006006196141
-0.002653086790814996
-0.002652288414537907
-0.00265171704813838
-0.002651464659720659
-0.00265160552226007
-0.002652194583788514
-0.002653264440596104
-0.002654824871569872
-0.002656862838193774
-0.002659344114363194
-0.002662214450538158
-0.002665403764694929
-0.002668829169124365
-0.002672398928552866
-0.002676017815247178
-0.00267959083430469
-0.002683027647435665
-0.002686247229576111
-0.00268918089568615
-0.002691776258870959
-0.002693998161703348
-0.002695829141885042
-0.002697272226214409
-0.002698348602280021
-0.002699096221476793
-0.002699567470699549
-0.002699826378375292
-0.002699945820495486
-0.00270000216551125
-0.002700073178857565
-0.002700232900679111
-0.002700549317523837
-0.002701080404222012
-0.002701872261241078
-0.002702956553548574
-0.002704350976273417
-0.002706058323383331
-0.002708066022023559
-0.002710349857807159
-0.002712874673306942
-0.002715596696361899
-0.002718467265367508
-0.002721435157582164
-0.002724450081586838
-0.002727466402575374
-0.002730445936322212
-0.002733359113335609
-0.00273618777282536
-0.002738926326856017
-0.002741581527516246
-0.002744173398241401
-0.002746733138337731
-0.002749302657321095
-0.002751931780949235
-0.002754676854237914
-0.002757597249001265
-0.002760752337053418
-0.002764200558885932
-0.002767995931208134
-0.002772186417132616
-0.002776812063530087
-0.002781905001029372
-0.002787487348541617
-0.002793572610244155
-0.002800165442749858
-0.002807263750582933
-0.00281485915184021
-0.002822940237820148
-0.002831492573022842
-0.002840501489117742
-0.002849954878911376
-0.002859842497855425
-0.002870158990845084
-0.002880904590710998
-0.002892085118219256
-0.002903711749240756
-0.002915801014751196
-0.002928372705355287
-0.002941450104117393
-0.002955056959763169
-0.002969216788187623
-0.00298395031131804
-0.002999273827299476
-0.003015198046341538
-0.003031725529581308
-0.003048850689083338
-0.00306655908934772
-0.003084826283156872
-0.003103619208559394
-0.003122895024716854
-0.003142603673040867
-0.003162687178701162
-0.003183082211762667
-0.003203721018508077
-0.003224532818421721
-0.003245445434004068
-0.003266385989263654
-0.00328728323802352
-0.003308066865429282
-0.003328668884932995
-0.003349025035277009
-0.003369072685018182
-0.003388752928003669
-0.003408010117709637
-0.003426790470257401
-0.00344504346139729
-0.003462720895186067
-0.003479776205495
-0.003496165154501796
-0.00351184606552124
-0.003526779590174556
-0.003540930105373263
-0.003554265247657895
-0.0035667575430125
-0.003578386036679149
-0.003589135594666004
-0.003598999232053757
-0.003607978345826268
-0.003616084577515721
-0.003623338649049401
-0.003629772691056132
-0.003635428147390485
-0.003640357404947281
-0.003644622396677732
-0.003648293670266867
-0.003651449689641595
-0.003654175205156207
-0.003656560089439154
-0.003658697940409184
-0.00366068328730762
-0.00366261089220643
-0.003664574353024364
-0.003666663309559226
-0.003668962977826595
-0.003671552054584026
-0.003674502950161695
-0.003677878994494677
-0.003681735368445516
-0.00368611654266715
-0.003691056976094842
-0.003696581115946174
-0.003702702699229121
-0.003709424287080765
-0.003716738196089864
-0.003724626498296857
-0.003733061021193862
-0.00374200358055532
-0.003751408308744431
-0.003761219792068005
-0.003771375631913543
-0.00378180667757988
-0.003792439121752977
-0.003803194034844637
-0.003813991090282798
-0.003824747633188963
-0.003835382638499141
-0.003845816710963845
-0.003855974180623889
-0.003865785198286176
-0.003875186899676919
-0.00388412456959486
-0.003892553970217705
-0.003900440875440836
-0.003907764330506325
-0.00391451409086585
-0.003920693416148424
-0.003926317673176527
-0.00393141433596611
-0.003936021123081446
-0.003940186463296413
-0.003943967632949352
-0.003947429358959198
-0.003950641956180334
-0.003953679464757442
-0.00395661685615778
-0.003959530964493752
-0.003962494898587465
-0.003965578973293304
-0.003968847449868917
-0.003972358070313931
-0.003976159729063511
-0.003980291541665792
-0.003984782379120588
-0.003989650402218103
-0.00399490213021636
-0.004000532906502485
-0.004006526432931423
-0.00401285570114851
-0.004019484855234623
-0.004026368726044893
-0.00403345562517643
-0.004040686413645744
-0.004047999158501625
-0.004055329132825136
-0.004062609747052193
-0.004069777671247721
-0.004076769575476646
-0.004083528649061918
-0.004090002737939358
-0.004096146672964096
-0.004101923666894436
-0.004107306245714426
-0.004112274385988712
-0.00411682017147541
-0.004120942670851946
-0.004124652128666639
-0.004127963911741972
-0.004130902234464884
-0.00413349736481905
-0.004135782830417156
-0.004137795884162188
-0.004139574710279703
-0.004141155630350113
-0.004142573103308678
-0.004143856465816498
-0.004145031329244375
-0.004146113991737366
-0.004147112369537354
-0.004148027393966913
-0.004148847423493862
-0.004149553831666708
-0.004150116816163063
-0.004150497727096081
-0.004150649532675743
-0.004150517284870148
-0.004150039050728083
-0.00414914870634675
-0.004147777799516916
-0.004145856015384197
-0.00414331303909421
-0.004140080418437719
-0.004136092495173216
-0.004131289664655924
-0.00412561884149909
-0.004119035322219133
-0.004111501853913069
-0.004102990031242371
-0.004093483556061983
-0.004082974512130022
-0.004071465227752924
-0.004058966413140297
-0.004045499488711357
-0.00403109285980463
-0.004015783313661814
-0.00399961369112134
-0.003982633352279663
-0.003964893985539675
-0.003946453798562288
-0.003927370999008417
-0.003907706588506699
-0.00388752412982285
-0.003866887418553233
-0.003845860483124852
-0.003824508981779218
-0.003802899038419127
-0.003781096776947379
-0.003759170416742563
-0.003737188875675201
-0.003715222701430321
-0.003693345002830029
-0.003671631449833512
-0.003650160040706396
-0.003629011567682028
-0.003608268685638905
-0.003588016610592604
-0.003568342421203852
-0.003549333196133375
-0.003531076014041901
-0.003513657255098224
-0.003497159341350198
-0.003481660271063447
-0.003467233153060079
-0.00345394155010581
-0.003441840643063188
-0.003430972807109356
-0.00342136831022799
-0.003413042984902859
-0.003405997529625893
-0.00340021587908268
-0.00339566427282989
-0.003392292186617851
-0.003390031866729259
-0.003388799028471112
-0.003388493321835995
-0.003389001591131091
-0.003390197176486254
-0.00339194294065237
-0.00339409476146102
-0.003396502230316401
-0.003399013541638851
-0.003401477355509996
-0.003403745125979185
-0.003405674593523145
-0.003407133044674993
-0.003407999174669385
-0.003408166812732816
-0.003407545620575547
-0.003406062955036759
-0.003403665497899055
-0.003400319954380393
-0.003396013751626015
-0.003390755504369736
-0.003384573617950082
-0.003377515356987715
-0.003369646845385432
-0.003361050738021731
-0.003351823659613729
-0.003342075971886516
-0.003331926185637712
-0.003321500727906823
-0.00331092975102365
-0.003300345037132502
-0.003289877902716398
-0.003279654309153557
-0.003269792767241597
-0.003260403173044324
-0.003251582151278853
-0.003243413520976901
-0.003235964104533195
-0.00322928442619741
-0.00322340615093708
-0.003218343015760183
-0.003214088967069983
-0.003210620488971472
-0.003207895439118147
-0.003205854212865233
-0.003204423934221268
-0.003203516593202949
-0.00320303370244801
-0.003202868392691016
-0.003202908206731081
-0.003203037893399596
-0.003203142201527953
-0.003203109838068485
-0.003202835330739617
-0.003202222986146808
-0.00320118828676641
-0.00319966091774404
-0.003197586862370372
-0.00319492956623435
-0.003191670868545771
-0.003187811002135277
-0.003183368593454361
-0.003178380662575364
-0.00317290099337697
-0.003166997572407126
-0.003160751657560468
-0.003154253587126732
-0.00314760091714561
-0.003140895394608378
-0.003134238533675671
-0.003127729287371039
-0.003121460787951946
-0.003115516388788819
-0.003109967801719904
-0.00310487300157547
-0.003100273199379444
-0.003096193308010697
-0.003092639613896608
-0.003089601406827569
-0.00308705004863441
-0.003084941301494837
-0.003083217889070511
-0.003081809729337692
-0.003080638125538826
-0.003079619258642197
-0.003078665351495147
-0.003077690489590168
-0.003076611552387476
-0.003075352171435952
-0.003073845524340868
-0.003072036895900965
-0.003069884842261672
-0.00306736258789897
-0.003064459655433893
-0.003061180701479316
-0.003057545283809304
-0.003053586697205901
-0.003049350576475263
-0.003044892800971866
-0.003040277166292071
-0.003035572357475758
-0.003030848922207952
-0.003026176476851106
-0.00302162067964673
-0.003017240902408957
-0.003013088135048747
-0.003009202191606164
-0.003005611710250378
-0.003002331824973226
-0.002999366028234363
-0.002996703376993537
-0.002994321752339602
-0.002992188092321157
-0.002990260953083634
-0.002988491207361221
-0.002986825769767165
-0.002985209226608276
-0.002983586397022009
-0.002981905359774828
-0.002980118850246072
-0.002978187054395676
-0.002976077608764172
-0.0029737688601017
-0.002971248002722859
-0.002968513406813145
-0.002965574385598302
-0.002962448401376605
-0.002959162695333362
-0.002955749398097396
-0.002952247159555554
-0.002948697190731764
-0.002945142099633813
-0.002941623562946916
-0.002938179997727275
-0.002934844931587577
-0.002931647468358278
-0.002928607864305377
-0.002925739157944918
-0.002923046238720417
-0.00292052561417222
-0.002918165875598788
-0.002915948629379272
-0.002913849195465446
-0.002911839634180069
-0.002909888746216893
-0.002907963702455163
-0.002906032837927341
-0.002904065884649754
-0.002902036532759666
-0.002899922896176577
-0.002897707978263497
-0.002895382232964039
-0.002892942167818546
-0.002890390809625387
-0.002887737238779664
-0.002884995192289352
-0.002882183296605945
-0.002879323437809944
-0.002876439364627004
-0.002873555291444063
-0.002870695665478706
-0.002867882139980793
-0.002865133341401815
-0.002862464636564255
-0.002859885804355145
-0.002857402199879289
-0.002855014754459262
-0.002852718811482191
-0.002850505756214261
-0.002848363248631358
-0.00284627522341907
-0.00284422398544848
-0.002842191839590669
-0.002840160392224789
-0.002838112646713853
-0.002836034167557955
-0.002833912381902337
-0.002831739140674472
-0.002829509088769555
-0.002827221294865012
-0.002824878320097923
-0.00282248598523438
-0.002820052672177553
-0.002817589789628983
-0.002815110143274069
-0.0028126270044595
-0.002810153411701322
-0.002807701705023646
-0.00280528306029737
-0.002802906325086951
-0.002800577552989125
-0.002798300236463547
-0.002796074608340859
-0.00279389857314527
-0.00279176770709455
-0.002789675490930676
-0.002787613309919834
-0.00278557138517499
-0.002783540170639753
-0.002781509421765804
-0.002779470523819327
-0.002777416026219726
-0.002775339409708977
-0.002773236483335495
-0.002771105617284775
-0.00276894704438746
-0.002766762860119343
-0.002764557022601366
-0.002762335119768977
-0.002760103903710842
-0.002757870359346271
-0.002755641471594572
-0.002753424225375056
-0.002751224907115102
-0.002749048639088869
-0.002746898215264082
-0.002744776429608464
-0.002742683282122016
-0.002740617375820875
-0.002738576382398605
-0.002736556343734264
-0.002734553068876266
-0.002732561202719808
-0.002730576088652015
-0.002728591905906796
-0.00272660399787128
-0.00272460887208581
-0.002722603734582663
-0.002720586722716689
-0.002718556672334671
-0.00271651498042047
-0.002714463276788592
-0.002712404122576118
-0.002710340777412057
-0.002708276500925422
-0.002706215716898441
-0.002704161684960127
-0.002702117897570133
-0.002700086450204253
-0.00269806943833828
-0.002696068491786718
-0.002694083144888282
-0.00269211339764297
-0.002690157387405634
-0.002688213484361768
-0.002686279825866222
-0.00268435338512063
-0.002682431600987911
-0.002680511679500341
-0.002678592223674059
-0.002676670905202627
-0.002674747025594115
-0.002672819187864661
-0.002670887624844909
-0.002668952569365501
-0.002667014952749014
-0.002665076171979308
-0.002663137391209602
-0.002661200473085046
-0.002659267745912075
-0.002657339908182621
-0.002655419055372477
-0.00265350635163486
-0.002651601796969771
-0.002649706322699785
-0.002647819230332971
-0.002645940287038684
-0.002644068794324994
-0.002642203588038683
-0.002640343504026532
-0.00263848714530468
-0.002636633813381195
-0.002634782344102859
-0.002632931806147099
-0.002631081268191338
-0.002629230730235577
-0.002627380192279816
-0.002625530352815986
-0.002623681211844087
-0.00262183346785605
-0.002619987586513162
-0.002618144731968641
-0.002616305137053132
-0.002614469965919852
-0.002612639451399446
-0.002610814524814487
-0.002608995186164975
-0.002607181668281555
-0.002605373738333583
-0.002603571163490415
-0.002601773478090763
-0.002599980216473341
-0.002598191145807505
-0.002596405101940036
-0.002594622084870934
-0.002592841163277626
-0.00259106163866818
-0.002589283278211951
-0.002587506547570229
-0.002585730981081724
-0.002583956811577082
-0.002582184504717588
-0.002580413827672601
-0.00257864547893405
-0.002576880156993866
-0.00257511786185205
-0.002573359757661819
-0.002571605611592531
-0.002569855656474829
-0.002568109892308712
-0.002566368319094181
-0.002564630471169949
-0.002562896581366658
-0.002561166184023023
-0.002559438347816467
-0.002557713538408279
-0.002555991522967815
-0.002554271835833788
-0.002552554244175553
-0.002550838747993112
-0.002549125347286463
-0.002547413343563676
-0.002545703668147326
-0.002543996321037412
-0.002542291302233934
-0.002540588611736894
-0.002538888482376933
-0.002537190914154053
-0.002535496139898896
-0.002533804159611464
-0.002532115206122398
-0.002530429279431701
-0.002528746612370014
-0.002527067204937339
-0.002525390824303031
-0.002523717237636447
-0.002522046444937587
-0.002520378911867738
-0.002518713474273682
-0.002517050830647349
-0.002515390980988741
-0.002513733692467213
-0.002512078965082765
-0.002510426333174109
-0.002508776029571891
-0.002507127821445465
-0.002505481708794832
-0.002503837691619992
-0.002502196002751589
-0.002500556409358978
-0.002498918911442161
-0.002497284207493067
-0.00249565183185041
-0.002494021784514189
-0.002492394763976336
-0.002490770537406206
-0.002489149104803801
-0.002487530233338475
-0.00248591392301023
-0.002484300173819065
-0.002482688752934337
-0.002481079427525401
-0.002479472430422902
-0.002477867295965552
-0.002476264256983995
-0.002474663546308875
-0.002473065163940191
-0.0024714688770473
-0.002469874452799559
-0.002468282589688897
-0.002466693054884672
-0.002465105382725596
-0.002463520038872957
-0.002461936790496111
-0.002460356336086988
-0.002458777977153659
-0.002457201946526766
-0.002455628477036953
-0.002454057335853577
-0.00245248805731535
-0.002450921107083559
-0.002449356252327561
-0.002447793725878
-0.002446233062073588
-0.002444674260914326
-0.0024431177880615
-0.002441563177853823
-0.002440010197460651
-0.00243845977820456
-0.002436911221593618
-0.002435365226119757
-0.002433821093291044
-0.002432278823107481
-0.002430738415569067
-0.002429199637845159
-0.002427662955597043
-0.002426127903163433
-0.002424594480544329
-0.002423063153401017
-0.002421533223241568
-0.002420005621388555
-0.002418480115011334
-0.002416956936940551
-0.00241543585434556
-0.002413917100057006
-0.002412400441244245
-0.00241088611073792
-0.002409374574199319
-0.002407865365967155
-0.00240635871887207
-0.002404854167252779
-0.002403352176770568
-0.00240185228176415
-0.002400354249402881
-0.002398858312517405
-0.002397364238277078
-0.0023958720266819
-0.002394381444901228
-0.002392892492935061
-0.002391405170783401
-0.002389918779954314
-0.002388434018939734
-0.002386950422078371
-0.002385467989370227
-0.002383986720815301
-0.002382507082074881
-0.002381028607487679
-0.002379552228376269
-0.002378077246248722
-0.002376604126766324
-0.002375132637098432
-0.002373662544414401
-0.002372194547206163
-0.002370729111135006
-0.002369265770539641
-0.002367804758250713
-0.002366346074268222
-0.002364889485761523
-0.002363435691222548
-0.002361983759328723
-0.002360534155741334
-0.002359086647629738
-0.002357641002163291
-0.002356197452172637
-0.002354755764827132
-0.002353315707296133
-0.002351877046748996
-0.002350440016016364
-0.002349004382267594
-0.002347570611163974
-0.002346138469874859
-0.002344707725569606
-0.002343278611078858
-0.002341850893571973
-0.002340424340218306
-0.002338998951017857
-0.00233757495880127
-0.002336152130737901
-0.002334730932489038
-0.002333311131224036
-0.00233189295977354
-0.00233047641813755
-0.002329061739146709
-0.00232764845713973
-0.002326237270608544
-0.002324827946722507
-0.002323420951142907
-0.002322016283869743
-0.002320613479241729
-0.002319212770089507
-0.002317814156413078
-0.002316417172551155
-0.002315022051334381
-0.002313628559932113
-0.002312236232683063
-0.002310844836756587
-0.002309455070644617
-0.002308066235855222
-0.002306678798049688
-0.002305292757228017
-0.002303908113390207
-0.00230252486653626
-0.002301143016666174
-0.002299762796610594
-0.002298384672030807
-0.002297008642926812
-0.002295634709298611
-0.002294262405484915
-0.002292892197147012
-0.002291523851454258
-0.002290157368406653
-0.002288792515173554
-0.00228742859326303
-0.002286066068336368
-0.002284704940393567
-0.002283344976603985
-0.002281986409798265
-0.002280629007145762
-0.002279273001477122
-0.0022779181599617
-0.002276564482599497
-0.002275211969390512
-0.002273860853165388
-0.002272510901093483
-0.00227116234600544
-0.002269814722239971
-0.002268468495458364
-0.002267123898491263
-0.002265780698508024
-0.002264439128339291
-0.002263099420815706
-0.002261761575937271
-0.002260425593703985
-0.002259091241285205
-0.002257758285850286
-0.002256427193060517
-0.002255097264423966
-0.002253768732771277
-0.002252442063763738
-0.002251117024570704
-0.002249793615192175
-0.002248471835628152
-0.002247151453047991
-0.002245832467451692
-0.002244514878839254
-0.002243198454380035
-0.002241883426904678
-0.00224056956358254
-0.002239256864413619
-0.00223794556222856
-0.00223663542419672
-0.002235326217487454
-0.002234018174931407
-0.002232711762189865
-0.002231406513601542
-0.002230102429166436
-0.002228799741715193
-0.002227498218417168
-0.002226198092103004
-0.00222489912994206
-0.00222360179759562
-0.002222305862233043
-0.002221011789515615
-0.002219719113782048
-0.002218427835032344
-0.002217137953266501
-0.002215850166976452
-0.002214564243331552
-0.002213279949501157
-0.002211997285485268
-0.002210716251283884
-0.00220943707972765
-0.002208159537985921
-0.002206883393228054
-0.002205608412623405
-0.002204334596171975
-0.002203061943873763
-0.002201790455728769
-0.002200520364567637
-0.00219925120472908
-0.002197982743382454
-0.002196715213358402
-0.002195448148995638
-0.002194182015955448
-0.002192917047068477
-0.002191653242334723
-0.002190390368923545
-0.002189128659665585
-0.002187868347391486
-0.00218660943210125
-0.002185351913794875
-0.002184095559641719
-0.002182840602472425
-0.002181586809456348
-0.002180334413424134
-0.002179083414375782
-0.002177833812311292
-0.002176585141569376
-0.002175338100641966
-0.002174092223867774
-0.002172847744077444
-0.002171604428440332
-0.002170362044125795
-0.00216912105679512
-0.002167881466448307
-0.002166642807424068
-0.002165405545383692
-0.002164169447496533
-0.002162934746593237
-0.002161701209843159
-0.002160468604415655
-0.00215923716314137
-0.002158007118850946
-0.002156778005883098
-0.002155550289899111
-0.002154323970898986
-0.002153099048882723
-0.002151875523850322
-0.002150653162971139
-0.002149431733414531
-0.002148211700841784
-0.002146992599591613
-0.002145774662494659
-0.002144557889550924
-0.002143342513591051
-0.002142128301784396
-0.002140915486961603
-0.002139704534783959
-0.002138494979590178
-0.002137286821380258
-0.0021360800601542
-0.002134874230250716
-0.002133669564500451
-0.002132465830072761
-0.002131263026967645
-0.002130061620846391
-0.002128861378878355
-0.002127662068232894
-0.002126463688910007
-0.002125266240909696
-0.002124069724231958
-0.002122874371707439
-0.002121679717674851
-0.002120486227795482
-0.00211929390206933
-0.002118102740496397
-0.002116912510246038
-0.002115723444148898
-0.002114535542204976
-0.002113348804414272
-0.002112163230776787
-0.00211097882129252
-0.002109795808792114
-0.00210861349478364
-0.002107432344928384
-0.002106251893565059
-0.002105072839185596
-0.002103894716128707
-0.00210271799005568
-0.002101542195305228
-0.002100367564707994
-0.002099193865433335
-0.002098021330311894
-0.002096849959343672
-0.002095679519698024
-0.002094510477036238
-0.00209334259852767
-0.00209217588417232
-0.002091010566800833
-0.00208984618075192
-0.002088683424517512
-0.00208752229809761
-0.002086362801492214
-0.002085204469040036
-0.00208404753357172
-0.002082891995087266
-0.00208173762075603
-0.002080584410578012
-0.002079432597383857
-0.002078282181173563
-0.002077133161947131
-0.002075985539704561
-0.00207483908161521
-0.002073693787679076
-0.002072549657896161
-0.002071406226605177
-0.002070263959467411
-0.002069122856482863
-0.002067983150482178
-0.002066844841465354
-0.002065707696601748
-0.002064572181552649
-0.002063438761979342
-0.002062307670712471
-0.002061178674921393
-0.002060052007436752
-0.002058927668258548
-0.00205780565738678
-0.002056686440482736
-0.002055569551885128
-0.002054455224424601
-0.002053343923762441
-0.002052235882729292
-0.002051130402833223
-0.002050027484074235
-0.00204892735928297
-0.002047830261290073
-0.002046736190095544
-0.002045644912868738
-0.002044556895270944
-0.002043472370132804
-0.002042391104623675
-0.002041313331574202
-0.002040239050984383
-0.002039168961346149
-0.002038102596998215
-0.002037040190771222
-0.002035982441157103
-0.002034929115325212
-0.002033880911767483
-0.002032837830483913
-0.002031800569966435
-0.002030768897384405
-0.002029743744060397
-0.002028724877163768
-0.002027712762355804
-0.002026707166805863
-0.002025708323344588
-0.002024715766310692
-0.002023729961365461
-0.002022750675678253
-0.002021778142079711
-0.002020812593400478
-0.002019854029640555
-0.002018902217969298
-0.002017957158386707
-0.002017019083723426
-0.002016087993979454
-0.002015163889154792
-0.002014246536418796
-0.002013336401432753
-0.002012432320043445
-0.002011534757912159
-0.002010643016546965
-0.002009756863117218
-0.002008875599130988
-0.002007998758926988
-0.002007125876843929
-0.002006256720051169
-0.002005390590056777
-0.002004526788368821
-0.002003664616495371
-0.002002803608775139
-0.002001943299546838
-0.002001082524657249
-0.002000220818445086
-0.001999357016757131
-0.001998489955440164
-0.001997619168832898
-0.00199674372561276
-0.00199586246162653
-0.001994973747059703
-0.001994077349081635
-0.001993171870708466
-0.001992256380617619
-0.00199132994748652
-0.001990391407161951
-0.001989439828321338
-0.001988474745303392
-0.001987495459616184
-0.001986501272767782
-0.001985491020604968
-0.001984464703127742
-0.00198342208750546
-0.001982362708076835
-0.001981286332011223
-0.001980192493647337
-0.001979081425815821
-0.001977952662855387
-0.001976806670427322
-0.001975643448531628
-0.001974463695660233
-0.001973267877474427
-0.001972056925296783
-0.001970831304788589
-0.001969592412933707
-0.001968341181054711
-0.001967079006135464
-0.001965807983651757
-0.00196452927775681
-0.001963244751095772
-0.001961956499144435
-0.001960666617378592
-0.001959376968443394
-0.001958089880645275
-0.001956807682290673
-0.001955532236024737
-0.00195426563732326
-0.001953009865246713
-0.001951767248101532
-0.001950539881363511
-0.00194932974409312
-0.001948138698935509
-0.001946968375705183
-0.001945820869877934
-0.001944697462022305
-0.001943599549122155
-0.001942528295330703
-0.001941484748385847
-0.001940469373948872
-0.001939482870511711
-0.00193852512165904
-0.001937595894560218
-0.001936694956384599
-0.001935821492224932
-0.001934974337927997
-0.001934152212925255
-0.001933353720232844
-0.001932576880790293
-0.001931819831952453
-0.001931080245412886
-0.001930355792865157
-0.001929643913172185
-0.001928941812366247
-0.00192824681289494
-0.001927555887959898
-0.001926866476424038
-0.001926175667904317
-0.001925480668433011
-0.001924778567627072
-0.001924066920764744
-0.001923343283124268
-0.001922605209983885
-0.001921850605867803
-0.001921077608130872
-0.001920284703373909
-0.00191947037819773
-0.001918633817695081
-0.001917774090543389
-0.001916890847496688
-0.001915984088554978
-0.001915054162964225
-0.001914101652801037
-0.001913127489387989
-0.001912132953293622
-0.001911119790747762
-0.001910089747980237
-0.001909045036882162
-0.001907988335005939
-0.00190692231990397
-0.0019058499019593
-0.001904774224385619
-0.001903698197565973
-0.001902625081129372
-0.001901558018289506
-0.001900499919429421
-0.001899453578516841
-0.001898421323858202
-0.00189740548375994
-0.00189640827011317
-0.001895431545563042
-0.00189447624143213
-0.001893543638288975
-0.001892634318210185
-0.001891748630441725
