0
0
0
0
0
0
0
0
0
0
0
0
0
0
0
0
0
0
0
0
0
0
0
0
0
0
0
0
0
0
0
0
0
0
0
0
0
0
0
0
0
0
0
0
0
0
0
0
0
0
0
0
0
0
0
0
0
0
0
0
0
0
0
0
0
0
0
0
0
0
0
0
0
0
0
0
0
0
0
0
0
0
0
0
0
0
0
0
0
0
0
0
0
0
0
0
0
0
0
0
0
0
0
0
0
0
0
0
0
0
0
0
0
0
0
0
0
0
0
0
0
0
0
0
0
0
0
0
0
0
0
0
0
0
0
0
0
0
0
0
0
0
0
0
0
0
0
0
0
0
0
0
0
0
0
0
0
0
0
0
0
0
0
0
0
0
0
0
0
0
0
0
0
0
0
0
0
0
0
0
0
0
0
0
0
0
0
0
0
0
0
0
0
0
0
0
0
0
0
0
0
0
0
0
0
0
0
0
0
0
0
0
0
0
0
0
0
0
0
0
0
0
0
0
0
0
0
0
0
0
0
0
0
0
0
0
0
0
0
0
0
0
0
0
0
0
0
0
0
0
0
0
0
0
0
0
0
0
0
0
0
0
0
0
0
0
0
0
0
0
0
0
0
0
0
0
0
0
0
0
0
0
0
0
0
0
0
0
0
0
0
0
0
0
0
0
0
0
0
0
0
0
0
0
0
0
0
0
0
0
0
0
0
0
0
0
0
0
0
0
0
0
0
0
0
0
0
0
0
0
0
0
0
0
0
0
0
0
0
0
0
0
0
0
0
0
0
0
0
0
0
0
0
0
0
0
0
0
0
0
0
0
0
0
0
0
0
0
0
0
0
0
0
0
0
0
0
0
0
0
0
0
0
0
0
0
0
0
0
0
0
0
0
0
0
0
0
0
0
0
0
0
0
0
0
0
0
0
0
0
0
0
0
0
0
0
0
0
0
0
0
0
0
0
0
0
0
0
0
0
0
0
0
0
0
0
0
0
0
0
0
0
0
0
0
0
0
0
0
0
0
0
0
0
0
0
0
0
0
0
0
0
0
0
0
0
0
0
0
0
0
0
0
0
0
0
0
0
0
0
0
0
0
0
0
0
0
0
0
0
0
0
0
0
0
0
0
0
0
0
0
0
0
0
0
0
0
0
0
0
0
0
0
0
0
0
0
0
0
0
0
0
0
0
0
0
0
0
0
0
0
0
0
0
0
0
0
0
0
0
0
0
0
0
0
0
0
0
0
0
0
0
0
0
0
0
0
0
0
0
0
0
0
0
0
0
0
0
0
0
0
0
0
0
0
0
0
0
0
0
0
0
0
0
0
0
0
0
0
0
0
0
0
0
0
0
0
0
0
0
0
0
0
0
0
0
0
0
0
0
0
0
0
0
0
0
0
0
0
0
0
0
0
0
0
0
0
0
0
0
0
0
0
0
0
0
0
0
0
0
0
0
0
0
0
0
0
0
0
0
0
0
0
0
0
0
0
0
0
0
0
0
0
0
0
0
0
0
0
0
0
0
0
0
0
0
0
0
0
0
0
0
0
0
0
0
0
0
0
0
0
0
0
0
0
0
0
0
0
0
0
0
0
0
0
0
0
0
0
0
0
0
0
0
0
0
0
0
0
0
0
0
0
0
0
0
0
0
0
0
0
0
0
0
0
0
0
0
0
0
0
0
0
0
0
0
0
0
0
0
0
0
0
0
0
0
0
0
0
0
0
0
0
0
0
0
0
0
0
0
0
0
0
0
0
0
0
0
0
0
0
0
0
0
0
0
0
0
0
0
0
0
0
0
0
0
0
0
0
0
0
0
0
0
0
0
0
0
0
0
0
0
0
0
0
0
0
0
0
0
0
0
0
0
0
0
0
0
0
0
0
0
0
0
0
0
0
0
0
0
0
0
0
0
0
0
0
0
0
0
0
0
0
0
0
0
0
0
0
0
0
0
0
0
0
0
0
0
0
0
0
0
0
0
0
0
0
0
0
0
0
0
0
0
0
0
0
0
0
0
0
0
0
0
0
0
0
0
0
0
0
0
0
0
0
0
0
0
0
0
0
0
0
0
0
0
0
0
0
0
0
0
0
0
0
0
0
0
0
0
0
0
0
0
0
0
0
0
0
0
0
0
0
0
0
0
0
0
0
0
0
0
0
0
0
0
0
0
0
0
0
0
0
0
0
0
0
0
0
0
0
0
0
0
0
0
0
0
0
0
0
0
0
0
0
0
0
0
0
0
0
0
0
0
0
0
0
0
0
0
0
0
0
0
0
0
0
0
0
0
0
0
0
0
0
0
0
0
0
0
0
0
0
0
0
0
0
0
0
0
0
0
0
0
0
0
0
0
0
0
0
0
0
0
0
0
0
0
0
0
0
0
0
0
0
0
0
0
0
0
0
0
0
0
0
0
0
0
0
0
0
0
0
0
0
0
0
0
0
0
0
0
0
0
0
0
0
0
0
0
0
0
0
0
0
0
0
0
0
0
0
0
0
0
0
0
0
0
0
0
0
0
0
0
0
0
0
0
0
0
0
0
0
0
0
0
0
0
0
0
0
0
0
0
0
0
0
0
0
0
0
0
0
0
0
0
0
0
0
0
0
0
0
0
0
0
0
0
0
0
0
0
0
0
0
0
0
0
0
0
0
0
0
0
0
0
0
0
0
0
0
0
0
0
0
0
0
0
0
0
0
0
0
0
0
0
0
0
0
0
0
0
0
0
0
0
0
0
0
0
0
0
0
0
0
0
0
0
0
0
0
0
0
0
0
0
0
0
0
0
0
0
0
0
0
0
0
0
0
0
0
0
0
0
0
0
0
0
0
0
0
0
0
0
0
0
0
0
0
0
0
0
0
0
0
0
0
0
0
0
0
0
0
0
0
0
0
0
0
0
0
0
0
0
0
0
0
0
0
0
0
0
0
0
0
0
0
0
0
0
0
0
0
0
0
0
0
0
0
0
0
0
0
0
0
0
0
0
0
0
0
0
0
0
0
0
0
0
0
0
0
0
0
0
0
0
0
0
0
0
0
0
0
0
0
0
0
0
0
0
0
0
0
0
0
0
0
0
0
0
0
0
0
0
0
0
0
0
0
0
0
0
0
0
0
0
0
0
0
0
0
0
0
0
0
0
0
0
0
0
0
0
0
0
0
0
0
0
0
0
0
0
0
0
0
0
0
0
0
0
0
0
0
0
0
0
0
0
0
0
0
0
0
0
0
0
0
0
0
0
0
0
0
0
0
0
0
0
0
0
0
0
0
0
0
0
0
0
0
0
0
0
0
0
0
0
0
0
0
0
0
0
0
0
0
0
0
0
0
0
0
0
0
0
0
0
0
0
0
0
0
0
0
0
0
0
0
0
0
0
0
0
0
0
0
0
0
0
0
0
0
0
0
0
0
0
0
0
0
0
0
0
0
0
0
0
0
0
0
0
0
0
0
0
0
0
0
0
0
0
0
0
0
0
0
0
0
0
0
0
0
0
0
0
0
0
0
0
0
0
0
0
0
0
0
0
0
0
0
0
0
0
0
0
0
0
0
0
0
0
0
0
0
0
0
0
0
0
0
0
0
0
0
0
0
0
0
0
0
0
0
0
0
0
0
0
0
0
0
0
0
0
0
0
0
0
0
0
0
0
0
0
0
0
0
0
0
0
0
0
0
0
0
0
0
0
0
0
0
0
0
0
0
0
0
0
0
0
0
0
0
0
0
0
0
0
0
0
0
0
0
0
0
0
0
0
0
0
0
0
0
0
0
0
0
0
0
0
0
0
0
0
0
0
0
0
0
0
0
0
0
0
0
0
0
0
0
0
0
0
0
0
0
0
0
0
0
0
0
0
0
0
0
0
0
0
0
0
0
0
0
0
0
0
0
0
0
0
0
0
0
0
0
0
0
0
0
0
0
0
0
0
0
0
0
0
0
0
0
0
0
0
0
0
0
0
0
0
0
0
0
0
0
0
0
0
0
0
0
0
0
0
0
0
0
0
0
0
0
0
0
0
0
0
0
0
0
0
0
0
0
0
0
0
0
0
0
0
0
0
0
0
0
0
0
0
0
0
0
0
0
0
0
0
0
0
0
0
0
0
0
0
0
0
0
0
0
0
0
0
0
0
0
0
0
0
0
0
0
0
0
0
0
0
0
0
0
0
0
0
0
0
0
0
0
0
0
0
0
0
0
0
0
0
0
0
0
0
0
0
0
0
0
0
0
0
0
0
0
0
0
0
0
0
0
0
0
0
0
0
0
0
0
0
0
0
0
0
0
0
0
0
0
0
0
0
0
0
0
0
0
0
0
0
0
0
0
0
0
0
0
0
0
0
0
0
0
0
0
0
0
0
0
0
0
0
0
0
0
0
0
0
0
0
0
0
0
0
0
0
0
0
0
0
0
0
0
0
0
0
0
0
0
0
0
0
0
0
0
0
0
0
0
0
0
0
0
0
0
0
0
0
0
0
0
0
0
0
0
0
0
0
0
0
0
0
0
0
0
0
0
0
0
0
0
0
0
0
0
0
0
0
0
0
0
0
0
0
0
0
0
0
0
0
0
0
0
0
0
0
0
0
0
0
0
0
0
0
0
0
0
0
0
0
0
0
0
0
0
0
0
0
0
0
0
0
0
0
0
0
0
0
0
0
0
0
0
0
0
0
0
0
0
0
0
0
0
0
0
0
0
0
0
0
0
0
0
0
0
0
0
0
0
0
0
0
0
1.401298464324817e-44
3.503246160812043e-44
5.885453550164232e-44
7.987401246651457e-44
1.008934894313868e-43
1.289194587178832e-43
1.779649049692518e-43
2.690493051503649e-43
4.400077177979926e-43
7.412868876278282e-43
1.287793288714507e-42
2.278511302992153e-42
4.069370740399269e-42
7.309172789918246e-42
1.315258738615273e-41
2.364130639162399e-41
4.246074476750628e-41
7.612974296983866e-41
1.362734730586598e-40
2.434980289518662e-40
4.342736044819754e-40
7.730515212171432e-40
1.37344065085404e-39
2.435355837507101e-39
4.309872793234408e-39
7.612277851647097e-39
1.341880606840516e-38
2.360815727515192e-38
4.145339614305403e-38
7.264556567852915e-38
1.270603952816204e-37
2.218015566729093e-37
3.864321987127056e-37
6.719507741376889e-37
1.166160223278706e-36
2.019931961868612e-36
3.49199846492713e-36
6.025198476724145e-36
1.037599335538107e-35
1.783405444344546e-35
3.05938217725995e-35
5.238193959890492e-35
8.951478447148622e-35
1.526772470466297e-34
2.599089641355081e-34
4.416076973360015e-34
7.488959255541115e-34
1.267584047633644e-33
2.141428548277686e-33
3.610794650095622e-33
6.07680804536205e-33
1.020757637673017e-32
1.711374895118512e-32
2.863808691639955e-32
4.78321816886318e-32
7.973971218527566e-32
1.326808568088101e-31
2.203545269726585e-31
3.65272291728472e-31
6.043568165487146e-31
9.980514096956058e-31
1.645114500246982e-30
2.706599064576237e-30
4.444646079329172e-30
7.285121161085531e-30
1.191855276163134e-29
1.946248354837244e-29
3.172209442903046e-29
5.160777249465938e-29
8.380286929950027e-29
1.358294472976288e-28
2.19746030723283e-28
3.548469348341366e-28
5.719455822558649e-28
9.201587717671811e-28
1.477631134935722e-27
2.368455489940958e-27
3.789318010132418e-27
6.051378196597625e-27
9.64596543005305e-27
1.534743836323847e-26
2.437393304891123e-26
3.86380835814945e-26
6.113732412625897e-26
9.656035270323075e-26
1.522276475199532e-25
2.395472281126426e-25
3.762636515646548e-25
5.899260607499902e-25
9.232252166245911e-25
1.442192351481433e-24
2.24876831162054e-24
3.500038969098574e-24
5.437611908801193e-24
8.43240242861517e-24
1.305277258340821e-23
2.016801159199315e-23
3.110518623420435e-23
4.788643494435368e-23
7.358727395640819e-23
1.128765923151366e-22
1.728289861264258e-22
2.641443059623168e-22
4.029752677181151e-22
6.136608808925303e-22
9.328071944959486e-22
1.415367420389318e-21
2.14368379387092e-21
3.240910199750885e-21
4.890894799311225e-21
7.367586240497579e-21
1.107842428936773e-20
1.662826901687653e-20
2.491338434921581e-20
3.725936195312519e-20
5.56231334433204e-20
8.288828597807823e-20
1.232959878154597e-19
1.830724274261516e-19
2.713410903115354e-19
4.014459765651341e-19
5.928676936757575e-19
8.739929347665115e-19
1.28610879160115e-18
1.889153960437395e-18
2.76998343956908e-18
4.054220218046446e-18
5.923221990810517e-18
8.63832241032701e-18
1.257539606925278e-17
1.827405754890924e-17
2.650754205102116e-17
3.838179253611377e-17
5.54756585655344e-17
8.003891589547212e-17
1.152713903028576e-16
1.657156698529791e-16
2.378084968783647e-16
3.406535697378669e-16
4.871024428841424e-16
6.952635954685245e-16
9.906049259347858e-16
1.408877842101958e-15
2.000174919558595e-15
2.834551500515022e-15
4.009797221094392e-15
5.662157754379032e-15
7.981106112098495e-15
1.122963247184808e-14
1.577209229105397e-14
2.211231347223723e-14
3.094568126597343e-14
4.323014588989392e-14
6.028286051763809e-14
8.391147477380956e-14
1.165920794155353e-13
1.617099195435484e-13
2.238844011440491e-13
3.094071223189165e-13
4.268308796684384e-13
5.877600923326343e-13
8.079094576500523e-13
1.10851941775153e-12
1.518243755542492e-12
2.075663425860075e-12
2.832625410273404e-12
3.858670327705482e-12
5.246891462973302e-12
7.121671741910918e-12
9.648873713907768e-12
1.304925525275058e-11
1.761605097905239e-11
2.373802890365262e-11
3.192959438513832e-11
4.287006166725504e-11
5.745478398599957e-11
7.686151715091682e-11
1.026364687684023e-10
1.368055391193224e-10
1.820179562628255e-10
2.417311351088358e-10
3.204482235119599e-10
4.240228723695338e-10
5.600488961476913e-10
7.383580968856052e-10
9.716540905202464e-10
1.276317940224203e-09
1.673430394255604e-09
2.190065018226051e-09
2.8609217217479e-09
3.730383557609684e-09
4.855102986311977e-09
6.307245392633831e-09
8.178545840564766e-09
1.058538146025967e-08
1.367507351801578e-08
1.763373624896758e-08
2.269599619353357e-08
2.915701635686219e-08
3.738733411751127e-08
4.785111684668664e-08
6.112858841333946e-08
7.794349698997394e-08
9.91966899732688e-08
1.260069950603793e-07
1.597609724512949e-07
2.021732541379606e-07
2.55359481116102e-07
3.219244035790325e-07
4.050676807310083e-07
5.087111389912025e-07
6.376509986694145e-07
7.977395171110402e-07
9.961009936887422e-07
1.241389213646471e-06
1.544090878269344e-06
1.916884230013238e-06
2.375061512793764e-06
2.937024646598729e-06
3.624865485107875e-06
4.465040092327399e-06
5.489156592375366e-06
6.734886028425535e-06
8.24701419332996e-06
1.007865557767218e-05
1.229264216817683e-05
1.496311051596422e-05
1.817731936171185e-05
2.20376969082281e-05
2.666417822183575e-05
3.219681093469262e-05
3.879869109368883e-05
4.665925735025667e-05
5.599791620625183e-05
6.706810381729156e-05
8.016170613700524e-05
9.561395563650876e-05
0.0001138086954597384
0.0001351842074654996
0.000160239331307821
0.0001895401219371706
0.0002237269363831729
0.0002635217679198831
0.0003097360895480961
0.0003632789012044668
0.0004251647624187171
0.0004965224070474505
0.0005786027177236974
0.0006727869040332735
0.0007805944769643247
0.0009036901756189764
0.001043890486471355
0.001203168882057071
0.001383660361170769
0.0015876634279266
0.00181764061562717
0.00207621743902564
0.00236617773771286
0.002690456109121442
0.003052127547562122
0.00345439207740128
0.003900558222085238
0.004394018091261387
0.004938222002238035
0.005536645650863647
0.00619274890050292
0.006909939926117659
0.007691522594541311
0.008540647104382515
0.009460249915719032
0.0104529969394207
0.01152121555060148
0.01266682706773281
0.01389127783477306
0.01519547216594219
0.01657969504594803
0.01804355531930923
0.01958590745925903
0.02120480686426163
0.02289744652807713
0.02466012537479401
0.02648821100592613
0.02837611548602581
0.03031730279326439
0.032304298132658
0.03432871773838997
0.0363813154399395
0.03845207393169403
0.04053027182817459
0.04260461404919624
0.04466337338089943
0.04669452831149101
0.04868593439459801
0.05062553286552429
0.05250153318047523
0.0543026402592659
0.05601825937628746
0.05763871595263481
0.05915546044707298
0.06056128442287445
0.06185049191117287
0.06301908195018768
0.0640648677945137
0.06498757749795914
0.06578895449638367
0.06647270917892456
0.06704455614089966
0.06751219183206558
0.06788507103919983
0.06817429512739182
0.06839244812726974
0.06855324655771255
0.06867131590843201
0.06876184046268463
0.06884025037288666
0.06892181187868118
0.06902126222848892
0.06915246695280075
0.06932806223630905
0.06955909729003906
0.06985478103160858
0.07022220641374588
0.07066617161035538
0.07118906825780869
0.07179078459739685
0.07246875017881393
0.07321804016828537
0.07403149455785751
0.07490001618862152
0.07581277936697006
0.07675766944885254
0.07772164791822433
0.07869116961956024
0.07965265959501266
0.08059296011924744
0.08149976283311844
0.08236206322908401
0.08317046612501144
0.0839175283908844
0.08459798991680145
0.0852089524269104
0.08574992418289185
0.086222805082798
0.08663179725408554
0.08698318153619766
0.08728508651256561
0.08754706382751465
0.08777979016304016
0.08799454569816589
0.08820278942584991
0.08841568976640701
0.08864366263151169
0.0888960137963295
0.08918055146932602
0.08950328826904297
0.08986825495958328
0.09027737379074097
0.09073042869567871
0.09122513979673386
0.09175735712051392
0.09232123196125031
0.09290959686040878
0.09351430833339691
0.0941266342997551
0.09473768621683121
0.09533883631229401
0.09592214971780777
0.09648071229457855
0.09700895100831985
0.09750281274318695
0.097959965467453
0.09837980568408966
0.09876348078250885
0.09911374002695084
0.09943473339080811
0.09973178058862686
0.100011020898819
0.1002791076898575
0.1005428284406662
0.100808747112751
0.1010828539729118
0.1013703271746635
0.1016751974821091
0.1020002663135529
0.1023469641804695
0.1027153432369232
0.1031041443347931
0.1035108864307404
0.1039321199059486
0.1043635830283165
0.1048005744814873
0.1052381694316864
0.1056715324521065
0.1060962080955505
0.1065083518624306
0.106904923915863
0.1072838455438614
0.1076440811157227
0.1079855933785439
0.108309380710125
0.1086173355579376
0.1089120879769325
0.1091968044638634
0.1094749346375465
0.1097500622272491
0.110025629401207
0.1103047281503677
0.1105899438261986
0.1108832284808159
0.111185759305954
0.1114979609847069
0.1118194758892059
0.1121492758393288
0.1124857515096664
0.1128268241882324
0.1131701245903969
0.1135131865739822
0.1138535887002945
0.114189125597477
0.114517942070961
0.114838644862175
0.1151503622531891
0.1154527962207794
0.1157461851835251
0.1160312741994858
0.116309218108654
0.1165814772248268
0.1168497577309608
0.117115780711174
0.1173812299966812
0.117647610604763
0.1179161593317986
0.1181877925992012
0.1184630170464516
0.1187419593334198
0.119024358689785
0.11930962651968
0.1195969134569168
0.1198851764202118
0.1201732456684113
0.1204599589109421
0.1207442432641983
0.1210251897573471
0.1213020905852318
0.1215744987130165
0.1218422204256058
0.1221053898334503
0.122364304959774
0.1226195096969604
0.1228716894984245
0.1231216117739677
0.1233700513839722
0.1236177310347557
0.1238653138279915
0.1241132840514183
0.1243619322776794
0.1246113702654839
0.1248615309596062
0.1251121461391449
0.1253627836704254
0.1256129294633865
0.1258619725704193
0.1261092573404312
0.1263541877269745
0.1265961527824402
0.1268346160650253
0.1270691454410553
0.127299427986145
0.1275251805782318
0.1277461796998978
0.1279622763395309
0.128173291683197
0.1283790171146393
0.128579169511795
0.1287733614444733
0.1289610415697098
0.1291414797306061
0.1293137818574905
0.1294768154621124
0.1296292543411255
0.1297695487737656
0.1298959851264954
0.1300065815448761
0.1300992667675018
0.1301717758178711
0.1302216500043869
0.1302463561296463
0.1302432268857956
0.1302094906568527
0.1301422864198685
0.1300386041402817
0.129895344376564
0.1297093629837036
0.1294774413108826
0.1291963160037994
0.128862664103508
0.1284731775522232
0.128024622797966
0.1275138258934021
0.1269377917051315
0.1262937188148499
0.1255791187286377
0.1247918978333473
0.1239304170012474
0.1229936182498932
0.1219810470938683
0.1208929866552353
0.1197304874658585
0.118495486676693
0.1171908229589462
0.1158202663064003
0.114388607442379
0.1129016429185867
0.1113661155104637
0.1097897738218307
0.1081812307238579
0.1065499410033226
0.1049061119556427
0.1032605618238449
0.1016246005892754
0.1000098511576653
0.09842810779809952
0.09689109027385712
0.09541025757789612
0.09399660676717758
0.09266039729118347
0.09141094982624054
0.09025640785694122
0.08920354396104813
0.08825752139091492
0.08742175251245499
0.0866977721452713
0.08608510345220566
0.0855812132358551
0.08518151193857193
0.08487940579652786
0.08466639369726181
0.08453217148780823
0.08446492999792099
0.08445155620574951
0.0844779834151268
0.08452951908111572
0.08459123224020004
0.08464836329221725
0.08468673378229141
0.08469313383102417
0.08465572446584702
0.08456437289714813
0.08441096544265747
0.08418966084718704
0.08389705419540405
0.08353227376937866
0.08309699594974518
0.08259537070989609
0.08203386515378952
0.08142102509737015
0.08076712489128113
0.08008381724357605
0.07938366383314133
0.07867965847253799
0.0779847726225853
0.07731142640113831
0.07667101174592972
0.07607347518205643
0.07552693784236908
0.0750374048948288
0.07460852712392807
0.07424154132604599
0.07393521815538406
0.07368596643209457
0.07348804175853729
0.07333384454250336
0.07321426272392273
0.07311912626028061
0.07303767651319504
0.07295908033847809
0.07287288457155228
0.07276953756809235
0.07264075428247452
0.07247991859912872
0.07228229939937592
0.0720452144742012
0.07176812738180161
0.0714525431394577
0.07110188901424408
0.07072123885154724
0.07031696289777756
0.06989636272192001
0.0694672092795372
0.0690373033285141
0.06861403584480286
0.06820394098758698
0.06781236827373505
0.06744316965341568
0.06709852814674377
0.06677884608507156
0.06648273766040802
0.06620712578296661
0.06594745814800262
0.06569793820381165
0.06545184552669525
0.06520192325115204
0.06494072824716568
0.06466100364923477
0.0643560066819191
0.0640198141336441
0.06364751607179642
0.06323534995317459
0.06278076767921448
0.06228242069482803
0.06174001842737198
0.06115417927503586
0.06052616983652115
0.05985767394304276
0.05915046483278275
0.05840614438056946
0.05762588232755661
0.05681021884083748
0.05595888197422028
0.05507072061300278
0.05414367094635963
0.05317479372024536
0.05216041952371597
0.05109632760286331
0.04997795820236206
0.04880066588521004
0.04756000265479088
0.04625197127461433
0.04487326741218567
0.04342148825526237
0.0418953001499176
0.04029452800750732
0.0386202298104763
0.0368746742606163
0.03506128489971161
0.03318454697728157
0.0312498789280653
0.02926346100866795
0.02723208256065845
0.02516297809779644
0.02306369133293629
0.02094194665551186
0.01880555786192417
0.01666237041354179
0.01452021207660437
0.01238689571619034
0.01027021370828152
0.008177959360182285
0.006117940414696932
0.004097992554306984
0.002125967759639025
0.0002097006217809394
-0.001643052091822028
-0.003424705937504768
-0.005127971991896629
-0.006746004335582256
-0.008272568695247173
-0.009702224284410477
-0.01103050168603659
-0.01225408352911472
-0.01337095536291599
-0.01438053511083126
-0.01528376992791891
-0.01608318462967873
-0.01678289286792278
-0.01738855428993702
-0.01790729537606239
-0.01834757626056671
-0.0187190342694521
-0.01903227902948856
-0.01929868385195732
-0.01953014731407166
-0.01973884738981724
-0.01993699558079243
-0.02013659290969372
-0.02034920826554298
-0.02058574557304382
-0.02085624448955059
-0.02116969600319862
-0.02153388410806656
-0.02195523679256439
-0.02243871800601482
-0.02298773266375065
-0.02360406890511513
-0.02428785338997841
-0.02503756992518902
-0.0258500725030899
-0.02672067284584045
-0.02764321677386761
-0.02861024625599384
-0.02961316518485546
-0.03064245358109474
-0.0316879078745842
-0.03273890540003777
-0.03378468006849289
-0.03481462225317955
-0.03581856936216354
-0.03678711131215096
-0.03771182522177696
-0.03858555108308792
-0.03940257802605629
-0.04015882313251495
-0.04085192084312439
-0.04148129746317863
-0.04204816371202469
-0.04255546256899834
-0.0430077537894249
-0.04341104254126549
-0.04377257823944092
-0.04410059750080109
-0.0444040410220623
-0.04469224810600281
-0.04497465863823891
-0.04526049643754959
-0.04555847495794296
-0.04587650299072266
-0.04622146114706993
-0.04659896716475487
-0.04701324924826622
-0.04746699705719948
-0.04796131700277328
-0.04849573224782944
-0.04906822368502617
-0.04967537894845009
-0.05031248554587364
-0.05097378045320511
-0.05165266990661621
-0.05234198272228241
-0.05303427204489708
-0.05372209101915359
-0.05439827963709831
-0.05505621805787086
-0.05569010600447655
-0.05629513785243034
-0.05686767399311066
-0.05740536749362946
-0.05790722742676735
-0.05837361514568329
-0.05880618840456009
-0.05920783430337906
-0.05958246439695358
-0.05993488058447838
-0.06027050316333771
-0.06059514731168747
-0.06091475486755371
-0.06123516708612442
-0.06156181544065475
-0.0618995763361454
-0.06225251778960228
-0.0626237690448761
-0.063015416264534
-0.06342844665050507
-0.06386270374059677
-0.0643170177936554
-0.06478922069072723
-0.06527629494667053
-0.0657745748758316
-0.06627990305423737
-0.06678789108991623
-0.06729404628276825
-0.06779410690069199
-0.06828413903713226
-0.06876075267791748
-0.06922125071287155
-0.06966369599103928
-0.07008703798055649
-0.07049109786748886
-0.07087653875350952
-0.07124477624893188
-0.07159794121980667
-0.07193871587514877
-0.07227014750242233
-0.07259553670883179
-0.07291822135448456
-0.07324140518903732
-0.07356802374124527
-0.07390057295560837
-0.07424101233482361
-0.07459072023630142
-0.07495035976171494
-0.07531993091106415
-0.07569880038499832
-0.07608573138713837
-0.07647902518510818
-0.07687652856111526
-0.07727587223052979
-0.07767453044652939
-0.0780700221657753
-0.0784599632024765
-0.07884224504232407
-0.07921510189771652
-0.07957718521356583
-0.07992760092020035
-0.08026591688394547
-0.08059215545654297
-0.08090674877166748
-0.08121045678853989
-0.08150427788496017
-0.08178938925266266
-0.08206696063280106
-0.0823381170630455
-0.08260378241539001
-0.08286460489034653
-0.08312088996171951
-0.08337250351905823
-0.08361886441707611
-0.0838589146733284
-0.08409114927053452
-0.08431363105773926
-0.08452402055263519
-0.08471965044736862
-0.08489763736724854
-0.08505487442016602
-0.08518819510936737
-0.08529440313577652
-0.08537035435438156
-0.08541300147771835
-0.0854194387793541
-0.08538695424795151
-0.08531297743320465
-0.0851951465010643
-0.08503127098083496
-0.08481930941343307
-0.08455733954906464
-0.08424356579780579
-0.08387622237205505
-0.08345361053943634
-0.08297409862279892
-0.08243610709905624
-0.08183811604976654
-0.08117870986461639
-0.08045664429664612
-0.07967088371515274
-0.07882069051265717
-0.07790570706129074
-0.07692603766918182
-0.07588231563568115
-0.0747758150100708
-0.07360851019620895
-0.07238317281007767
-0.07110336422920227
-0.06977348774671555
-0.06839882582426071
-0.06698549538850784
-0.06554040312767029
-0.06407121568918228
-0.06258628517389297
-0.06109453365206718
-0.05960533767938614
-0.05812839046120644
-0.0566735714673996
-0.05525078997015953
-0.0538698211312294
-0.05254015699028969
-0.05127082392573357
-0.05007025972008705
-0.04894611984491348
-0.04790514707565308
-0.04695305228233337
-0.0460943840444088
-0.04533242806792259
-0.04466909915208817
-0.04410490021109581
-0.04363886639475822
-0.04326854273676872
-0.04298999533057213
-0.04279784113168716
-0.04268531873822212
-0.04264437779784203
-0.04266580939292908
-0.0427393950521946
-0.04285411909222603
-0.04299835115671158
-0.0431600846350193
-0.0433272086083889
-0.04348776862025261
-0.04363021999597549
-0.04374371841549873
-0.04381838440895081
-0.04384554550051689
-0.04381796345114708
-0.04373001679778099
-0.04357785359025002
-0.04335951060056686
-0.04307495057582855
-0.042726069688797
-0.04231663793325424
-0.0418521910905838
-0.04133985191583633
-0.04078810289502144
-0.04020655155181885
-0.03960562124848366
-0.03899620473384857
-0.03838933631777763
-0.03779582679271698
-0.03722592815756798
-0.03668900206685066
-0.03619321435689926
-0.0357452929019928
-0.03535030037164688
-0.03501150012016296
-0.03473026305437088
-0.03450604155659676
-0.03433643281459808
-0.03421728312969208
-0.0341428704559803
-0.03410612791776657
-0.03409895300865173
-0.03411249071359634
-0.03413750231266022
-0.03416470810770988
-0.03418514877557755
-0.03419049829244614
-0.03417340293526649
-0.03412771597504616
-0.03404874354600906
-0.0339333601295948
-0.03378010168671608
-0.0335891991853714
-0.03336251154541969
-0.03310341387987137
-0.03281658887863159
-0.03250781446695328
-0.03218367695808411
-0.03185127675533295
-0.0315178669989109
-0.03119057416915894
-0.03087605722248554
-0.03058022446930408
-0.03030799701809883
-0.03006310760974884
-0.02984796278178692
-0.02966357953846455
-0.02950957976281643
-0.02938424423336983
-0.02928464859724045
-0.02920684032142162
-0.02914605662226677
-0.02909699082374573
-0.0290540661662817
-0.02901172079145908
-0.0289646852761507
-0.02890823222696781
-0.0288383886218071
-0.02875211462378502
-0.02864742279052734
-0.02852343767881393
-0.02838039770722389
-0.02821959368884563
-0.02804326638579369
-0.0278544370085001
-0.02765671722590923
-0.02745409123599529
-0.02725068107247353
-0.02705051191151142
-0.02685730159282684
-0.02667426690459251
-0.02650395967066288
-0.02634815126657486
-0.02620776370167732
-0.02608287148177624
-0.02597272023558617
-0.02587581612169743
-0.02579003199934959
-0.02571277692914009
-0.02564115263521671
-0.02557215094566345
-0.02550282701849937
-0.0254304725676775
-0.02535277418792248
-0.02526791952550411
-0.02517469227313995
-0.02507250569760799
-0.02496141567826271
-0.02484207786619663
-0.02471567131578922
-0.02458381280303001
-0.02444841526448727
-0.02431156300008297
-0.02417536452412605
-0.02404181472957134
-0.02391268126666546
-0.02378939092159271
-0.02367296256124973
-0.02356396429240704
-0.02346249856054783
-0.02336820960044861
-0.02328035421669483
-0.02319785207509995
-0.02311938256025314
-0.02304349467158318
-0.02296870015561581
-0.02289357967674732
-0.02281687408685684
-0.02273756079375744
-0.02265490964055061
-0.02256851270794868
-0.02247829549014568
-0.02238450199365616
-0.02228765748441219
-0.02218851447105408
-0.02208798006176949
-0.02198704890906811
-0.02188672311604023
-0.02178794518113136
-0.02169152349233627
-0.0215980913490057
-0.02150806970894337
-0.0214216411113739
-0.02133877016603947
-0.02125919423997402
-0.02118247747421265
-0.02110804244875908
-0.02103522606194019
-0.02096333168447018
-0.02089168690145016
-0.02081969194114208
-0.02074685320258141
-0.02067281864583492
-0.02059738710522652
-0.0205205213278532
-0.02044234611093998
-0.02036310918629169
-0.0202831719070673
-0.02020295336842537
-0.02012290433049202
-0.02004347555339336
-0.01996506750583649
-0.01988801546394825
-0.01981256157159805
-0.01973884366452694
-0.01966688223183155
-0.01959660090506077
-0.01952782459557056
-0.01946031302213669
-0.01939378120005131
-0.01932791620492935
-0.01926241815090179
-0.0191970132291317
-0.01913147605955601
-0.01906564459204674
-0.01899943128228188
-0.01893282122910023
-0.01886587217450142
-0.0187986958771944
-0.01873145252466202
-0.01866433024406433
-0.01859752461314201
-0.01853122562170029
-0.01846559718251228
-0.01840076595544815
-0.01833681389689445
-0.01827377639710903
-0.01821164414286613
-0.01815036125481129
-0.01808983273804188
-0.01802994310855865
-0.01797056198120117
-0.01791155338287354
-0.01785279251635075
-0.01779418252408504
-0.01773564331233501
-0.01767713204026222
-0.01761863753199577
-0.01756017468869686
-0.01750179007649422
-0.01744355261325836
-0.01738553866744041
-0.01732782460749149
-0.01727049052715302
-0.01721359975636005
-0.01715720444917679
-0.01710133440792561
-0.0170460008084774
-0.01699118874967098
-0.01693687401711941
-0.01688300631940365
-0.01682953909039497
-0.01677641458809376
-0.01672357879579067
-0.01667098142206669
-0.01661858707666397
-0.01656636968255043
-0.01651431620121002
-0.01646242663264275
-0.01641071401536465
-0.01635919883847237
-0.01630791276693344
-0.01625688560307026
-0.01620614528656006
-0.01615572161972523
-0.01610563695430756
-0.01605590246617794
-0.01600652374327183
-0.01595749519765377
-0.01590880565345287
-0.01586043648421764
-0.01581236533820629
-0.01576456986367702
-0.01571703143417835
-0.01566972211003304
-0.0156226335093379
-0.01557575073093176
-0.01552906818687916
-0.01548258308321238
-0.01543630193918943
-0.01539023406803608
-0.01534438785165548
-0.01529877446591854
-0.01525340881198645
-0.01520829740911722
-0.01516344770789146
-0.0151188625022769
-0.01507453992962837
-0.01503047812730074
-0.01498666871339083
-0.01494310609996319
-0.0148997800424695
-0.01485668122768402
-0.01481379847973585
-0.01477112341672182
-0.01472864951938391
-0.01468637213110924
-0.01464428938925266
-0.01460240408778191
-0.01456071902066469
-0.01451923418790102
-0.01447795424610376
-0.01443688292056322
-0.01439602207392454
-0.01435537543147802
-0.01431494113057852
-0.0142747201025486
-0.01423470955342054
-0.01419490575790405
-0.01415530405938625
-0.01411590073257685
-0.01407669112086296
-0.01403767243027687
-0.01399883814156055
-0.01396018639206886
-0.01392171811312437
-0.01388343051075935
-0.01384532172232866
-0.01380739454180002
-0.01376964896917343
-0.01373208686709404
-0.01369470916688442
-0.01365751400589943
-0.01362050138413906
-0.01358366850763559
-0.01354701537638903
-0.01351053826510906
-0.01347423531115055
-0.01343810651451349
-0.01340214721858501
-0.01336635556071997
-0.01333073060959578
-0.01329527050256729
-0.01325997337698936
-0.013224839232862
-0.01318986620754004
-0.01315505150705576
-0.01312039699405432
-0.01308590173721313
-0.01305156480520964
-0.0130173871293664
-0.01298336870968342
-0.01294950768351555
-0.01291580498218536
-0.01288225967437029
-0.01284886803478003
-0.01281563006341457
-0.01278254389762878
-0.01274960674345493
-0.01271681860089302
-0.01268417667597532
-0.01265168003737926
-0.01261932868510485
-0.01258712075650692
-0.01255505718290806
-0.01252313796430826
-0.01249136030673981
-0.01245972607284784
-0.01242823153734207
-0.01239687856286764
-0.01236566342413425
-0.01233458612114191
-0.01230364572256804
-0.01227284409105778
-0.01224217750132084
-0.01221164502203465
-0.01218124479055405
-0.01215097680687904
-0.01212083920836449
-0.0120908310636878
-0.01206095237284899
-0.0120312012732029
-0.01200157590210438
-0.01197207812219858
-0.01194270700216293
-0.01191346347332001
-0.01188434660434723
-0.0118553563952446
-0.01182648912072182
-0.01179774664342403
-0.0117691271007061
-0.01174063142389059
-0.01171225588768721
-0.01168400049209595
-0.01165586244314909
-0.01162784080952406
-0.01159993652254343
-0.01157214771956205
-0.01154447440057993
-0.01151691656559706
-0.01148947235196829
-0.01146214455366135
-0.01143493130803108
-0.01140783075243235
-0.01138084661215544
-0.01135397236794233
-0.01132720988243818
-0.01130055729299784
-0.01127401366829872
-0.01124757900834084
-0.01122125145047903
-0.01119502913206816
-0.01116891391575336
-0.01114290300756693
-0.01111699547618628
-0.01109119318425655
-0.01106549333781004
-0.01103989686816931
-0.01101440470665693
-0.01098901405930519
-0.01096372585743666
-0.01093854010105133
-0.01091345399618149
-0.0108884684741497
-0.01086358167231083
-0.01083879359066486
-0.01081410516053438
-0.01078951545059681
-0.01076502352952957
-0.01074062753468752
-0.0107163293287158
-0.01069212611764669
-0.01066801976412535
-0.01064400747418404
-0.01062008924782276
-0.01059626694768667
-0.01057253871113062
-0.01054890267550945
-0.01052536070346832
-0.01050190813839436
-0.0104785468429327
-0.01045527681708336
-0.01043209619820118
-0.01040900312364101
-0.01038599759340286
-0.01036307960748672
-0.0103402491658926
-0.01031750347465277
-0.01029484439641237
-0.01027227099984884
-0.01024978328496218
-0.01022738125175238
-0.01020506490021944
-0.01018283236771822
-0.01016068365424871
-0.01013861782848835
-0.0101166358217597
-0.01009473763406277
-0.01007291954010725
-0.01005118433386087
-0.01002953108400106
-0.0100079569965601
-0.009986464865505695
-0.009965053759515285
-0.009943720884621143
-0.009922467172145844
-0.009901291690766811
-0.009880194440484047
-0.009859176352620125
-0.009838234633207321
-0.009817369282245636
-0.009796582162380219
-0.009775871410965919
-0.009755237028002739
-0.009734680876135826
-0.009714200161397457
-0.009693794883787632
-0.009673465043306351
-0.009653209708631039
-0.009633027017116547
-0.009612919762730598
-0.00959288515150547
-0.009572921320796013
-0.009553029201924801
-0.009533208794891834
-0.009513457305729389
-0.00949377752840519
-0.009474167600274086
-0.009454625658690929
-0.009435154497623444
-0.00941575039178133
-0.009396414272487164
-0.009377147071063519
-0.009357946924865246
-0.009338813833892345
-0.009319747798144817
-0.009300747886300087
-0.009281814098358154
-0.009262949228286743
-0.009244151413440704
-0.009225419722497463
-0.009206752292811871
-0.00918815191835165
-0.009169616736471653
-0.009151147678494453
-0.009132742881774902
-0.009114402346313
-0.009096127934753895
-0.009077915921807289
-0.009059766307473183
-0.009041679091751575
-0.009023654274642467
-0.009005692787468433
-0.008987791836261749
-0.008969951421022415
-0.008952172473073006
-0.008934454992413521
-0.008916798047721386
-0.008899200707674026
-0.008881662972271442
-0.008864185772836208
-0.0088467663154006
-0.008829406462609768
-0.008812106214463711
-0.008794864639639854
-0.008777681738138199
-0.008760557509958744
-0.008743491023778915
-0.008726481348276138
-0.008709527552127838
-0.00869262870401144
-0.008675784803926945
-0.008658997714519501
-0.008642268367111683
-0.008625594899058342
-0.008608975447714329
-0.008592412807047367
-0.008575905114412308
-0.008559452369809151
-0.008543055504560471
-0.008526712656021118
-0.008510423824191093
-0.008494188077747822
-0.008478005416691303
-0.008461876772344112
-0.008445801213383675
-0.00842977873980999
-0.008413808420300484
-0.008397890254855156
-0.008382026106119156
-0.008366212248802185
-0.008350449614226818
-0.00833473727107048
-0.008319075219333172
-0.008303462527692318
-0.008287899196147919
-0.008272386156022549
-0.008256923407316208
-0.008241510018706322
-0.008226146921515465
-0.008210833184421062
-0.008195569738745689
-0.008180354721844196
-0.008165188133716583
-0.008150070905685425
-0.008135002106428146
-0.008119979873299599
-0.008105005137622356
-0.008090079762041569
-0.008075201883912086
-0.00806036964058876
-0.008045583963394165
-0.008030845783650875
-0.008016151376068592
-0.00800150353461504
-0.007986900396645069
-0.007972343824803829
-0.007957832887768745
-0.007943368516862392
-0.007928948849439621
-0.007914574816823006
-0.007900244556367397
-0.007885959930717945
-0.007871718145906925
-0.007857521064579487
-0.00784336868673563
-0.007829261012375355
-0.007815197110176086
-0.007801176980137825
-0.007787201087921858
-0.00777326850220561
-0.007759378757327795
-0.007745531387627125
-0.007731727324426174
-0.007717965636402369
-0.007704245392233133
-0.007690566126257181
-0.007676928304135799
-0.007663330528885126
-0.007649774197489023
-0.007636257447302341
-0.007622781209647655
-0.007609344553202391
-0.007595948874950409
-0.007582592312246561
-0.007569276262074709
-0.007556000724434853
-0.007542765699326992
-0.007529571652412415
-0.007516416721045971
-0.007503301370888948
-0.007490226067602634
-0.007477191742509604
-0.007464197464287281
-0.007451243232935667
-0.007438328582793474
-0.007425452582538128
-0.007412615232169628
-0.007399816531687975
-0.007387056015431881
-0.007374332752078772
-0.007361646741628647
-0.007348998915404081
-0.007336386945098639
-0.007323810830712318
-0.007311271037906408
-0.007298767101019621
-0.007286299485713243
-0.007273867260664701
-0.007261470425873995
-0.007249110378324986
-0.007236787118017673
-0.007224501110613346
-0.007212250959128141
-0.007200036663562059
-0.007187857758253813
-0.007175714708864689
-0.0071636070497334
-0.007151533383876085
-0.007139494176954031
-0.007127489894628525
-0.007115520071238279
-0.007103584241122007
-0.007091682404279709
-0.007079813629388809
-0.007067978382110596
-0.007056176662445068
-0.007044409401714802
-0.007032674737274647
-0.007020972669124603
-0.007009303197264671
-0.006997667253017426
-0.006986064370721579
-0.006974493619054556
-0.006962955929338932
-0.006951451767235994
-0.006939981132745743
-0.006928544491529465
-0.006917141377925873
-0.006905770394951105
-0.006894433405250311
-0.006883128080517054
-0.006871854886412621
-0.006860613357275724
-0.006849402561783791
-0.006838222034275532
-0.006827071774750948
-0.006815952248871326
-0.006804863456636667
-0.00679380539804697
-0.006782777607440948
-0.006771780550479889
-0.006760814692825079
-0.006749879568815231
-0.006738976109772921
-0.006728103384375572
-0.006717260926961899
-0.0067064487375319
-0.00669566635042429
-0.006684912834316492
-0.006674189120531082
-0.006663493812084198
-0.006652826443314552
-0.006642187479883432
-0.006631576456129551
-0.006620993837714195
-0.006610439158976078
-0.006599913351237774
-0.00658941688016057
-0.006578949745744467
-0.006568511947989464
-0.006558103486895561
-0.006547723431140184
-0.006537371780723333
-0.006527049001306295
-0.006516754161566496
-0.006506486795842648
-0.006496248301118612
-0.006486035883426666
-0.006475850939750671
-0.006465692538768053
-0.006455561146140099
-0.006445456761866808
-0.006435377988964319
-0.00642532529309392
-0.006415299605578184
-0.006405300460755825
-0.00639532832428813
-0.006385383196175098
-0.006375465076416731
-0.00636557349935174
-0.006355707999318838
-0.0063458695076406
-0.006336057558655739
-0.006326272152364254
-0.006316513288766146
-0.006306780036538839
-0.006297072395682335
-0.00628739083185792
-0.006277734879404306
-0.006268104538321495
-0.006258499342948198
-0.006248918361961842
-0.006239361595362425
-0.006229829043149948
-0.006220320239663124
-0.006210836116224527
-0.006201376207172871
-0.006191941909492016
-0.006182530429214239
-0.00617314362898469
-0.00616378104314208
-0.006154443137347698
-0.006145128514617682
-0.006135838106274605
-0.006126571912318468
-0.006117329001426697
-0.006108109373599291
-0.006098913960158825
-0.006089741829782724
-0.006080592982470989
-0.006071468349546194
-0.006062367465347052
-0.006053290795534849
-0.006044237874448299
-0.006035208236426115
-0.006026202347129583
-0.006017220206558704
-0.006008260883390903
-0.005999324377626181
-0.005990409757941961
-0.005981516558676958
-0.005972645711153746
-0.005963797681033611
-0.005954971071332693
-0.005946167279034853
-0.005937385372817516
-0.005928626284003258
-0.005919889081269503
-0.005911173298954964
-0.005902478937059641
-0.005893807392567396
-0.005885157268494368
-0.00587652949616313
-0.005867922212928534
-0.005859336350113153
-0.005850771442055702
-0.005842227954417467
-0.005833704490214586
-0.005825201980769634
-0.005816720426082611
-0.005808259360492229
-0.005799819249659777
-0.00579140055924654
-0.00578300328925252
-0.005774627439677715
-0.005766274407505989
-0.005757942330092192
-0.005749629810452461
-0.005741337779909372
-0.005733066238462925
-0.005724814720451832
-0.005716583225876093
-0.005708372220396996
-0.00570018170401454
-0.005692009814083576
-0.005683857016265392
-0.005675723310559988
-0.005667610093951225
-0.005659516435116529
-0.005651442334055901
-0.005643388722091913
-0.005635354667901993
-0.005627340637147427
-0.005619346629828215
-0.00561137218028307
-0.005603416822850704
-0.005595480091869831
-0.005587562453001738
-0.005579664371907711
-0.005571785382926464
-0.005563925951719284
-0.005556084681302309
-0.005548262502998114
-0.005540458951145411
-0.0055326740257442
-0.005524907726794481
-0.005517159588634968
-0.005509429145604372
-0.005501716397702694
-0.005494021344929934
-0.005486343987286091
-0.005478684790432453
-0.005471044220030308
-0.005463422741740942
-0.005455819889903069
-0.005448234733194113
-0.005440668202936649
-0.005433119367808104
-0.005425588693469763
-0.00541807571426034
-0.00541057949885726
-0.00540310051292181
-0.005395639222115278
-0.005388195626437664
-0.005380769725888968
-0.005373360589146614
-0.005365968681871891
-0.005358594935387373
-0.005351238418370485
-0.005343899596482515
-0.005336578004062176
-0.005329273641109467
-0.005321986973285675
-0.005314717534929514
-0.005307465791702271
-0.005300229415297508
-0.005293009337037802
-0.005285806022584438
-0.005278619937598705
-0.005271448753774166
-0.005264293868094683
-0.005257155280560255
-0.005250032525509596
-0.005242926068603992
-0.005235836375504732
-0.005228764377534389
-0.00522170914337039
-0.005214670673012733
-0.005207648035138845
-0.005200641695410013
-0.005193650722503662
-0.005186676047742367
-0.005179716274142265
-0.005172772333025932
-0.005165843293070793
-0.005158929619938135
-0.005152031313627958
-0.005145147908478975
-0.005138279870152473
-0.00513142766430974
-0.005124591290950775
-0.005117770284414291
-0.005110965110361576
-0.005104175768792629
-0.005097402259707451
-0.005090644583106041
-0.005083901807665825
-0.005077174864709377
-0.005070462822914124
-0.005063766147941351
-0.005057084374129772
-0.005050417967140675
-0.005043766461312771
-0.005037130322307348
-0.005030509550124407
-0.005023903679102659
-0.005017312709242105
-0.005010736174881458
-0.00500417361035943
-0.004997625946998596
-0.004991092719137669
-0.00498457346111536
-0.004978068638592958
-0.004971577320247889
-0.004965099506080151
-0.004958634730428457
-0.004952183924615383
-0.004945746622979641
-0.004939323756843805
-0.004932914860546589
-0.004926520399749279
-0.004920140840113163
-0.004913776647299528
-0.004907427355647087
-0.004901092499494553
-0.004894773010164499
-0.004888467025011778
-0.00488217594102025
-0.004875897895544767
-0.004869633354246616
-0.004863382317125797
-0.00485714478418231
-0.004850920289754868
-0.004844709299504757
-0.004838511347770691
-0.004832325037568808
-0.004826151300221682
-0.004819990135729313
-0.004813841078430414
-0.004807705990970135
-0.004801583010703325
-0.004795473534613848
-0.004789378494024277
-0.004783297423273325
-0.004777229856699705
-0.004771175794303417
-0.004765135236084461
-0.00475910771638155
-0.00475309370085597
-0.004747093189507723
-0.00474110571667552
-0.004735131748020649
-0.004729170352220535
-0.004723220597952604
-0.004717283416539431
-0.004711358342319727
-0.004705445375293493
-0.00469954451546073
-0.004693655297160149
-0.004687779117375612
-0.004681915044784546
-0.004676063545048237
-0.00467022554948926
-0.004664400592446327
-0.004658587742596865
-0.00465278746560216
-0.004647000227123499
-0.004641225561499596
-0.004635462071746588
-0.004629709757864475
-0.004623969085514545
-0.004618239589035511
-0.004612522199749947
-0.004606816917657852
-0.004601122345775366
-0.004595440346747637
-0.00458976998925209
-0.004584111273288727
-0.004578465595841408
-0.004572832025587559
-0.00456721056252718
-0.004561600740998983
-0.004556003492325544
-0.004550417885184288
-0.004544843919575214
-0.004539281129837036
-0.004533729050308466
-0.004528189077973366
-0.004522659815847874
-0.00451714126393199
-0.004511633887887001
-0.004506138619035482
-0.004500654991716146
-0.004495183005928993
-0.004489722196012735
-0.00448427302762866
-0.004478834103792906
-0.004473405890166759
-0.004467989318072796
-0.004462582990527153
-0.004457187373191118
-0.004451802931725979
-0.004446429666131735
-0.004441067110747099
-0.004435716196894646
-0.004430376924574375
-0.004425049759447575
-0.004419734701514244
-0.004414429888129234
-0.004409136716276407
-0.004403853323310614
-0.004398581106215715
-0.004393318202346563
-0.004388065543025732
-0.004382822662591934
-0.004377590026706457
-0.004372367635369301
-0.004367155488580465
-0.004361954517662525
-0.004356763791292906
-0.004351583775132895
-0.004346414003521204
-0.004341255407780409
-0.004336107987910509
-0.00433097081258893
-0.004325844347476959
-0.004320727661252022
-0.004315621219575405
-0.004310524091124535
-0.004305436741560698
-0.004300359170883894
-0.004295291379094124
-0.004290234763175249
-0.004285188857465982
-0.004280153661966324
-0.004275129176676273
-0.004270114935934544
-0.004265110474079847
-0.004260115791112185
-0.004255129490047693
-0.004250152502208948
-0.004245184361934662
-0.004240226000547409
-0.004235275089740753
-0.004230333492159843
-0.004225400742143393
-0.004220476839691401
-0.004215562250465155
-0.004210656974464655
-0.004205761943012476
-0.00420087669044733
-0.004196003545075655
-0.0041911406442523
-0.004186288919299841
-0.00418144790455699
-0.004176617134362459
-0.004171796608716249
-0.004166985396295786
-0.004162183497101068
-0.004157390911132097
-0.004152607638388872
-0.004147833213210106
-0.004143067169934511
-0.004138309974223375
-0.004133562091737986
-0.00412882212549448
-0.004124091938138008
-0.004119371064007282
-0.004114659037441015
-0.004109956789761782
-0.004105263855308294
-0.00410058069974184
-0.004095906857401133
-0.004091242328286171
-0.004086586646735668
-0.004081939812749624
-0.004077302291989326
-0.0040726731531322
-0.00406805332750082
-0.004063440952450037
-0.004058837890625
-0.004054242745041847
-0.004049655981361866
-0.004045078065246344
-0.004040508531033993
-0.004035947844386101
-0.004031395073980093
-0.004026851616799831
-0.004022317007184029
-0.00401779031381011
-0.004013272933661938
-0.004008764401078224
-0.004004264716058969
-0.003999773412942886
-0.003995290957391262
-0.003990815952420235
-0.003986349329352379
-0.003981891553848982
-0.003977441694587469
-0.003972999751567841
-0.003968566190451384
-0.003964141011238098
-0.003959723748266697
-0.003955313935875893
-0.003950912971049547
-0.003946519922465086
-0.003942135721445084
-0.003937759436666965
-0.003933392465114594
-0.003929033409804106
-0.003924682270735502
-0.00392033951357007
-0.003916005603969097
-0.003911679610610008
-0.003907361533492804
-0.003903051139786839
-0.003898748895153403
-0.003894454333931208
-0.003890167456120253
-0.003885888494551182
-0.003881617449223995
-0.00387735478579998
-0.003873100504279137
-0.003868853906169534
-0.003864615457132459
-0.003860385157167912
-0.003856162540614605
-0.003851947607472539
-0.00384774012491107
-0.003843539860099554
-0.003839346580207348
-0.003835160983726382
-0.003830983070656657
-0.003826812375336885
-0.003822649130597711
-0.00381849380210042
-0.003814346389845014
-0.003810206893831491
-0.003806075546890497
-0.003801952349022031
-0.003797837300226092
-0.003793730400502682
-0.003789630485698581
-0.003785538487136364
-0.003781453240662813
-0.003777374513447285
-0.003773302771151066
-0.003769238013774157
-0.003765180241316557
-0.003761130152270198
-0.003757087746635079
-0.003753052791580558
-0.003749025287106633
-0.003745005931705236
-0.003740993794053793
-0.003736989106982946
-0.003732992336153984
-0.003729003015905619
-0.003725020680576563
-0.00372104556299746
-0.003717077430337667
-0.003713116049766541
-0.00370916142128408
-0.003705213312059641
-0.003701271954923868
-0.003697337117046118
-0.003693409031257033
-0.003689487697556615
-0.003685573115944862
-0.003681665519252419
-0.003677765605971217
-0.003673872677609324
-0.003669987199828029
-0.00366610917262733
-0.003662238596007228
-0.003658375237137079
-0.00365451886318624
-0.003650669008493423
-0.003646825440227985
-0.003642988158389926
-0.003639157162979245
-0.003635331988334656
-0.003631513332948089
-0.003627700498327613
-0.003623893484473228
-0.00362009322270751
-0.003616299713030457
-0.003612513188272715
-0.003608733881264925
-0.003604962257668376
-0.003601198783144355
-0.003597442526370287
-0.003593693720176816
-0.003589952364563942
-0.00358621752820909
-0.003582489443942904
-0.003578767413273454
-0.003575051436200738
-0.003571341279894114
-0.003567636478692293
-0.00356393726542592
-0.003560244105756283
-0.003556556766852736
-0.003552875714376569
-0.003549201413989067
-0.003545533400028944
-0.003541872836649418
-0.003538219025358558
-0.00353457173332572
-0.003530931193381548
-0.003527296707034111
-0.003523668507114053
-0.003520046593621373
-0.003516430966556072
-0.003512821858748794
-0.003509219037368894
-0.003505622036755085
-0.003502031322568655
-0.00349844666197896
-0.003494868520647287
-0.00349129643291235
-0.003487730398774147
-0.003484170883893967
-0.003480617422610521
-0.003477070014923811
-0.003473528893664479
-0.003469993826001883
-0.003466464811936021
-0.00346294161863625
-0.003459424246102571
-0.00345591246150434
-0.003452405799180269
-0.003448904724791646
-0.003445409005507827
-0.003441918408498168
-0.003438433399423957
-0.003434953978285193
-0.003431480610743165
-0.003428013296797872
-0.0034245525021106
-0.003421098226681352
-0.003417650703340769
-0.003414209932088852
-0.003410775912925601
-0.003407349111512303
-0.003403928829357028
-0.003400515299290419
-0.003397107822820544
-0.003393706167116761
-0.003390309866517782
-0.003386918921023607
-0.003383533330634236
-0.003380152396857738
-0.003376776585355401
-0.003373405197635293
-0.003370038466528058
-0.00336667662486434
-0.003363320138305426
-0.003359968541190028
-0.003356622066348791
-0.003353281179443002
-0.003349946113303304
-0.003346616635099053
-0.003343292744830251
-0.003339974442496896
-0.003336661960929632
-0.003333354601636529
-0.00333005259744823
-0.003326756181195378
-0.003323465585708618
-0.003320180578157306
-0.003316901391372085
-0.003313628258183599
-0.003310361178591847
-0.003307099919766188
-0.003303844714537263
-0.003300595562905073
-0.003297351999208331
-0.00329411425627768
-0.00329088163562119
-0.003287654370069504
-0.003284431993961334
-0.003281214972957969
-0.00327800284139812
-0.003274795832112432
-0.003271593945100904
-0.00326839741319418
-0.00326520623639226
-0.003262019949033856
-0.003258838783949614
-0.003255662508308887
-0.003252491122111678
-0.003249324858188629
-0.003246163483709097
-0.003243006998673081
-0.003239855403080583
-0.003236708696931601
-0.003233566880226135
-0.00323043018579483
-0.003227298613637686
-0.003224172396585345
-0.003221051301807165
-0.003217935794964433
-0.003214825410395861
-0.003211720380932093
-0.003208620473742485
-0.003205525921657681
-0.003202436491847038
-0.003199351718649268
-0.003196271602064371
-0.003193196607753634
-0.003190126037225127
-0.003187060123309493
-0.003183998866006732
-0.0031809420324862
-0.003177889855578542
-0.003174842102453113
-0.003171799471601844
-0.003168761963024735
-0.003165729576721787
-0.003162702545523643
-0.003159680403769016
-0.003156662918627262
-0.003153651021420956
-0.003150644013658166
-0.003147641895338893
-0.00314464489929378
-0.003141653258353472
-0.003138666041195393
-0.003135683480650187
-0.003132705576717854
-0.003129732329398394
-0.003126763738691807
-0.003123799571767449
-0.003120840527117252
-0.003117885906249285
-0.003114936174824834
-0.003111990867182612
-0.003109050448983908
-0.003106114687398076
-0.003103184048086405
-0.003100258065387607
-0.003097337204962969
-0.003094421233981848
-0.003091510385274887
-0.003088604426011443
-0.003085703123360872
-0.003082806477323174
-0.003079914022237062
-0.003077025292441249
-0.003074140753597021
-0.003071259707212448
-0.003068383084610105
-0.003065509954467416
-0.003062640782445669
-0.003059776034206152
-0.003056915709748864
-0.003054059576243162
-0.003051208332180977
-0.003048361977562308
-0.003045520279556513
-0.003042683470994234
-0.003039851784706116
-0.00303702475503087
-0.003034202149137855
-0.003031383734196424
-0.003028569044545293
-0.003025758313015103
-0.003022951539605856
-0.003020148724317551
-0.003017350565642118
-0.003014556365087628
-0.003011767286807299
-0.003008982632309198
-0.003006202867254615
-0.003003428224474192
-0.003000658703967929
-0.002997893607243896
-0.002995132934302092
-0.002992376452311873
-0.002989623928442597
-0.002986875362694263
-0.002984130755066872
-0.002981390105560422
-0.002978653181344271
-0.002975919982418418
-0.00297319027595222
-0.002970464760437608
-0.002967743668705225
-0.002965026535093784
-0.002962313825264573
-0.002959605772048235
-0.002956901909783483
-0.002954202238470316
-0.002951506758108735
-0.00294881546869874
-0.002946128370240331
-0.002943445229902864
-0.002940766047686338
-0.002938089892268181
-0.002935417462140322
-0.002932748524472117
-0.002930083312094212
-0.002927422290667892
-0.00292476499453187
-0.002922111423686147
-0.002919462043792009
-0.002916817087680101
-0.002914176555350423
-0.002911540446802974
-0.002908909227699041
-0.002906282898038626
-0.002903660992160439
-0.00290104397572577
-0.00289843138307333
-0.002895822981372476
-0.002893218072131276
-0.002890617353841662
-0.002888020128011703
-0.002885426161810756
-0.002882835920900106
-0.002880249172449112
-0.002877665916457772
-0.002875086152926087
-0.002872510114684701
-0.002869937801733613
-0.002867369446903467
-0.002864804584532976
-0.002862244145944715
-0.002859687432646751
-0.002857134910300374
-0.002854586346074939
-0.002852041507139802
-0.00284950016066432
-0.002846962539479136
-0.002844429109245539
-0.002841899637132883
-0.002839374355971813
-0.002836853265762329
-0.0028343356680125
-0.002831822028383613
-0.002829312114045024
-0.00282680569216609
-0.002824302762746811
-0.002821803325787187
-0.002819307381287217
-0.002816814929246902
-0.002814325969666243
-0.002811840502545238
-0.0028093580622226
-0.002806879114359617
-0.002804403193295002
-0.002801930531859398
-0.002799461362883449
-0.002796995686367154
-0.002794533735141158
-0.002792075276374817
-0.00278962031006813
-0.002787169301882386
-0.002784722484648228
-0.002782279625535011
-0.002779841190204024
-0.002777407178655267
-0.002774977590888739
-0.002772551728412509
-0.002770129358395934
-0.002767710480839014
-0.002765295328572392
-0.002762883203104138
-0.002760473871603608
-0.002758067334070802
-0.002755663357675076
-0.00275326264090836
-0.002750864252448082
-0.002748468425124884
-0.00274607609026134
-0.002743687015026808
-0.00274130143225193
-0.002738919807597995
-0.002736542141065001
-0.002734168665483594
-0.002731799380853772
-0.002729434287175536
-0.00272707361727953
-0.002724716672673821
-0.002722362987697124
-0.002720013028010726
-0.002717666327953339
-0.002715323120355606
-0.002712982939556241
-0.002710645785555243
-0.002708311658352613
-0.002705980790778995
-0.002703653182834387
-0.002701328601688147
-0.002699007047340274
-0.002696689451113343
-0.002694375114515424
-0.002692064037546515
-0.002689755987375975
-0.002687450964003801
-0.002685148967429996
-0.002682849997654557
-0.002680554520338774
-0.00267826160416007
-0.002675972180441022
-0.002673686016350985
-0.002671403344720602
-0.002669124398380518
-0.002666849410161376
-0.002664578845724463
-0.002662312239408493
-0.002660050056874752
-0.00265779159963131
-0.002655536169186234
-0.002653283998370171
-0.0026510339230299
-0.002648786641657352
-0.002646541222929955
-0.002644298132508993
-0.002642057137563825
-0.002639818470925093
-0.002637582365423441
-0.002635348821058869
-0.002633117837831378
-0.002630890347063541
-0.002628665650263429
-0.002626444678753614
-0.002624227432534099
-0.002622013445943594
-0.002619803184643388
-0.00261759664863348
-0.00261539313942194
-0.002613192889839411
-0.002610996132716537
-0.002608802635222673
-0.002606612630188465
-0.002604425651952624
-0.002602242399007082
-0.002600062172859907
-0.002597885439172387
-0.002595711499452591
-0.002593540819361806
-0.002591373631730676
-0.002589209238067269
-0.002587047638371587
-0.002584888366982341
-0.002582731889560819
-0.002580577973276377
-0.002578426850959659
-0.002576278056949377
-0.002574132056906819
-0.002571988385170698
-0.002569847041741014
-0.002567708492279053
-0.002565572736784816
-0.002563440473750234
-0.002561311470344663
-0.002559185726568103
-0.002557063708081841
-0.002554945182055235
-0.002552830148488283
-0.002550718141719699
-0.002548609394580126
-0.002546503907069564
-0.002544401213526726
-0.002542301313951612
-0.002540204208344221
-0.002538110129535198
-0.002536018379032612
-0.002533929655328393
-0.002531843958422542
-0.002529761288315058
-0.002527681877836585
-0.002525604795664549
-0.002523530274629593
-0.002521458314731717
-0.002519389148801565
-0.002517322544008493
-0.002515258500352502
-0.002513197017833591
-0.002511138329282403
-0.002509082201868296
-0.002507029101252556
-0.00250497879460454
-0.002502931049093604
-0.002500886097550392
-0.002498843939974904
-0.002496804343536496
-0.002494767541065812
-0.002492733765393496
-0.002490702783688903
-0.00248867436312139
-0.002486648503690958
-0.002484625671058893
-0.002482605399563909
-0.002480587689206004
-0.002478573005646467
-0.002476561348885298
-0.002474552718922496
-0.002472546650096774
-0.002470543840900064
-0.002468543592840433
-0.00246654637157917
-0.002464551711454988
-0.002462559612467885
-0.002460570074617863
-0.002458582865074277
-0.00245659751817584
-0.002454613801091909
-0.002452632412314415
-0.002450653119012713
-0.002448676619678736
-0.002446702681481838
-0.002444731770083308
-0.002442763885483146
-0.002440799726173282
-0.002438838826492429
-0.002436881186440587
-0.0024349270388484
-0.002432976383715868
-0.002431028755381703
-0.00242908438667655
-0.002427142579108477
-0.002425203332677484
-0.002423266181722283
-0.002421331126242876
