0
0
0
0
0
0
0
0
0
0
0
0
0
0
0
0
0
0
0
0
0
0
0
0
0
0
0
0
0
0
0
0
0
0
0
0
0
0
0
0
0
0
0
0
0
0
0
0
0
0
0
0
0
0
0
0
0
0
0
0
0
0
0
0
0
0
0
0
0
0
0
0
0
0
0
0
0
0
0
0
0
0
0
0
0
0
0
0
0
0
0
0
0
0
0
0
0
0
0
0
0
0
0
0
0
0
0
0
0
0
0
0
0
0
0
0
0
0
0
0
0
0
0
0
0
0
0
0
0
0
0
0
0
0
0
0
0
0
0
0
0
0
0
0
0
0
0
0
0
0
0
0
0
0
0
0
0
0
0
0
0
0
0
0
0
0
0
0
0
0
0
0
0
0
0
0
0
0
0
0
0
0
0
0
0
0
0
0
0
0
0
0
0
0
0
0
0
0
0
0
0
0
0
0
0
0
0
0
0
0
0
0
0
0
0
0
0
0
0
0
0
0
0
0
0
0
0
0
0
0
0
0
0
0
0
0
0
0
0
0
0
0
0
0
0
0
0
0
0
0
0
0
0
0
0
0
0
0
0
0
0
0
0
0
0
0
0
0
0
0
0
0
0
0
0
0
0
0
0
0
0
0
0
0
0
0
0
0
0
0
0
0
0
0
0
0
0
0
0
0
0
0
0
0
0
0
0
0
0
0
0
0
0
0
0
0
0
0
0
0
0
0
0
0
0
0
0
0
0
0
0
0
0
0
0
0
0
0
0
0
0
0
0
0
0
0
0
0
0
0
0
0
0
0
0
0
0
0
0
0
0
0
0
0
0
0
0
0
0
0
0
0
0
0
0
0
0
0
0
0
0
0
0
0
0
0
0
0
0
0
0
0
0
0
0
0
0
0
0
0
0
0
0
0
0
0
0
0
0
0
0
0
0
0
0
0
0
0
0
0
0
0
0
0
0
0
0
0
0
0
0
0
0
0
0
0
0
0
0
0
0
0
0
0
0
0
0
0
0
0
0
0
0
0
0
0
0
0
0
0
0
0
0
0
0
0
0
0
0
0
0
0
0
0
0
0
0
0
0
0
0
0
0
0
0
0
0
0
0
0
0
0
0
0
0
0
0
0
0
0
0
0
0
0
0
0
0
0
0
0
0
0
0
0
0
0
0
0
0
0
0
0
0
0
0
0
0
0
0
0
0
0
0
0
0
0
0
0
0
0
0
0
0
0
0
0
0
0
0
0
0
0
0
0
0
0
0
0
0
0
0
0
0
0
0
0
0
0
0
0
0
0
0
0
0
0
0
0
0
0
0
0
0
0
0
0
0
0
0
0
0
0
0
0
0
0
0
0
0
0
0
0
0
0
0
0
0
0
0
0
0
0
0
0
0
0
0
0
0
0
0
0
0
0
0
0
0
0
0
0
0
0
0
0
0
0
0
0
0
0
0
0
0
0
0
0
0
0
0
0
0
0
0
0
0
0
0
0
0
0
0
0
0
0
0
0
0
0
0
0
0
0
0
0
0
0
0
0
0
0
0
0
0
0
0
0
0
0
0
0
0
0
0
0
0
0
0
0
0
0
0
0
0
0
0
0
0
0
0
0
0
0
0
0
0
0
0
0
0
0
0
0
0
0
0
0
0
0
0
0
0
0
0
0
0
0
0
0
0
0
0
0
0
0
0
0
0
0
0
0
0
0
0
0
0
0
0
0
0
0
0
0
0
0
0
0
0
0
0
0
0
0
0
0
0
0
0
0
0
0
0
0
0
0
0
0
0
0
0
0
0
0
0
0
0
0
0
0
0
0
0
0
0
0
0
0
0
0
0
0
0
0
0
0
0
0
0
0
0
0
0
0
0
0
0
0
0
0
0
0
0
0
0
0
0
0
0
0
0
0
0
0
0
0
0
0
0
0
0
0
0
0
0
0
0
0
0
0
0
0
0
0
0
0
0
0
0
0
0
0
0
0
0
0
0
0
0
0
0
0
0
0
0
0
0
0
0
0
0
0
0
0
0
0
0
0
0
0
0
0
0
0
0
0
0
0
0
0
0
0
0
0
0
0
0
0
0
0
0
0
0
0
0
0
0
0
0
0
0
0
0
0
0
0
0
0
0
0
0
0
0
0
0
0
0
0
0
0
0
0
0
0
0
0
0
0
0
0
0
0
0
0
0
0
0
0
0
0
0
0
0
0
0
0
0
0
0
0
0
0
0
0
0
0
0
0
0
0
0
0
0
0
0
0
0
0
0
0
0
0
0
0
0
0
0
0
0
0
0
0
0
0
0
0
0
0
0
0
0
0
0
0
0
0
0
0
0
0
0
0
0
0
0
0
0
0
0
0
0
0
0
0
0
0
0
0
0
0
0
0
0
0
0
0
0
0
0
0
0
0
0
0
0
0
0
0
0
0
0
0
0
0
0
0
0
0
0
0
0
0
0
0
0
0
0
0
0
0
0
0
0
0
0
0
0
0
0
0
0
0
0
0
0
0
0
0
0
0
0
0
0
0
0
0
0
0
0
0
0
0
0
0
0
0
0
0
0
0
0
0
0
0
0
0
0
0
0
0
0
0
0
0
0
0
0
0
0
0
0
0
0
0
0
0
0
0
0
0
0
0
0
0
0
0
0
0
0
0
0
0
0
0
0
0
0
0
0
0
0
0
0
0
0
0
0
0
0
0
0
0
0
0
0
0
0
0
0
0
0
0
0
0
0
0
0
0
0
0
0
0
0
0
0
0
0
0
0
0
0
0
0
0
0
0
0
0
0
0
0
0
0
0
0
0
0
0
0
0
0
0
0
0
0
0
0
0
0
0
0
0
0
0
0
0
0
0
0
0
0
0
0
0
0
0
0
0
0
0
0
0
0
0
0
0
0
0
0
0
0
0
0
0
0
0
0
0
0
0
0
0
0
0
0
0
0
0
0
0
0
0
0
0
0
0
0
0
0
0
0
0
0
0
0
0
0
0
0
0
0
0
0
0
0
0
0
0
0
0
0
0
0
0
0
0
0
0
0
0
0
0
0
0
0
0
0
0
0
0
0
0
0
0
0
0
0
0
0
0
0
0
0
0
0
0
0
0
0
0
0
0
0
0
0
0
0
0
0
0
0
0
0
0
0
0
0
0
0
0
0
0
0
0
0
0
0
0
0
0
0
0
0
0
0
0
0
0
0
0
0
0
0
0
0
0
0
0
0
0
0
0
0
0
0
0
0
0
0
0
0
0
0
0
0
0
0
0
0
0
0
0
0
0
0
0
0
0
0
0
0
0
0
0
0
0
0
0
0
0
0
0
0
0
0
0
0
0
0
0
0
0
0
0
0
0
0
0
0
0
0
0
0
0
0
0
0
0
0
0
0
0
0
0
0
0
0
0
0
0
0
0
0
0
0
0
0
0
0
0
0
0
0
0
0
0
0
0
0
0
0
0
0
0
0
0
0
0
0
0
0
0
0
0
0
0
0
0
0
0
0
0
0
0
0
0
0
0
0
0
0
0
0
0
0
0
0
0
0
0
0
0
0
0
0
0
0
0
0
0
0
0
0
0
0
0
0
0
0
0
0
0
0
0
0
0
0
0
0
0
0
0
0
0
0
0
0
0
0
0
0
0
0
0
0
0
0
0
0
0
0
0
0
0
0
0
0
0
0
0
0
0
0
0
0
0
0
0
0
0
0
0
0
0
0
0
0
0
0
0
0
0
0
0
0
0
0
0
0
0
0
0
0
0
0
0
0
0
0
0
0
0
0
0
0
0
0
0
0
0
0
0
0
0
0
0
0
0
0
0
0
0
0
0
0
0
0
0
0
0
0
0
0
0
0
0
0
0
0
0
0
0
0
0
0
0
0
0
0
0
0
0
0
0
0
0
0
0
0
0
0
0
0
0
0
0
0
0
0
0
0
0
0
0
0
0
0
0
0
0
0
0
0
0
0
0
0
0
0
0
0
0
0
0
0
0
0
0
0
0
0
0
0
0
0
0
0
0
0
0
0
0
0
0
0
0
0
0
0
0
0
0
0
0
0
0
0
0
0
2.802596928649634e-45
2.382207389352189e-44
6.58610278232664e-44
1.359259510395073e-43
2.662467082217152e-43
5.21283028728832e-43
1.018743983564142e-42
1.999652908591514e-42
3.933444789359762e-42
7.712746747643793e-42
1.509058316231396e-41
2.94580963170363e-41
5.734113316017151e-41
1.113639915568219e-40
2.157298985828056e-40
4.168330437949887e-40
8.033503966127744e-40
1.544350018055416e-39
2.961282769346705e-39
5.663824185046619e-39
1.080530736102384e-38
2.056190397082395e-38
3.902931515299089e-38
7.389611805925576e-38
1.395588004926878e-37
2.629053849010529e-37
4.940263162473114e-37
9.259995491702511e-37
1.731343399347211e-36
3.229008508861158e-36
6.007174684405919e-36
1.114777312537432e-35
2.0635946821648e-35
3.810488629124333e-35
7.018730979909728e-35
1.289613844917385e-34
2.363662459291859e-34
4.32153049335544e-34
7.881656561484821e-34
1.433925865495606e-33
2.602355678940444e-33
4.71127997170797e-33
8.508340517899014e-33
1.532801874865252e-32
2.754632890565809e-32
4.938321121971128e-32
8.831498461682653e-32
1.575542702524356e-31
2.803935357078562e-31
4.97793598689045e-31
8.816075035404384e-31
1.557569041251978e-30
2.745153398492247e-30
4.826525261538434e-30
8.465493531345087e-30
1.481225197064378e-29
2.585485718701412e-29
4.502116430722795e-29
7.820705577195885e-29
1.355286170403155e-28
2.343003555353902e-28
4.040853320147136e-28
6.952362024652498e-28
1.193306289838829e-27
2.043303433731983e-27
3.490408290159675e-27
5.948165684947969e-27
1.011240255142431e-26
1.71510686746692e-26
2.901980454994998e-26
4.898524543755994e-26
8.249059321328229e-26
1.385839530375098e-25
2.322692467048801e-25
3.883663555725555e-25
6.478337267005161e-25
1.078098531057333e-24
1.789893050649362e-24
2.964628225887626e-24
4.898789933820843e-24
8.075763146530182e-24
1.328174813861857e-23
2.179237717003908e-23
3.567240688550813e-23
5.825582537231025e-23
9.491308723266336e-23
1.542742455727076e-22
2.501738191445679e-22
4.04736282937607e-22
6.532581137506717e-22
1.051914841329245e-21
1.689895862167632e-21
2.708466398692075e-21
4.330835363476005e-21
6.908841081622333e-21
1.099573853985511e-20
1.745942074260466e-20
2.765807301924333e-20
4.37120428152865e-20
6.89235837700622e-20
1.084232804017563e-19
1.701631495186164e-19
2.66438649314875e-19
4.162151830046919e-19
6.486761220386383e-19
1.008619888181967e-18
1.564649351771617e-18
2.421567727731385e-18
3.739095423936713e-18
5.760060201394126e-18
8.852750786157907e-18
1.357439202120042e-17
2.076603013409261e-17
3.16940538272348e-17
4.826066500804677e-17
7.331622053390665e-17
1.111215111964628e-16
1.680302932604698e-16
2.534943823912118e-16
3.815402736183056e-16
5.729328208250127e-16
8.583375019079154e-16
1.282931772020887e-15
1.913109885217984e-15
2.846210273759267e-15
4.224589953441505e-15
6.255938438316138e-15
9.242520282643808e-15
1.362316970386981e-14
2.003343712165921e-14
2.939150794490156e-14
4.302066108951078e-14
6.282328850930677e-14
9.152763589355059e-14
1.330366887616549e-13
1.929201698565308e-13
2.791067886791926e-13
4.028553478221258e-13
5.801140275617234e-13
8.334169942711411e-13
1.19452581506807e-12
1.708095904301432e-12
2.436754357321158e-12
3.468113383281457e-12
4.924431522279615e-12
6.975886448351565e-12
9.858760509351416e-12
1.39002923754683e-11
1.955254881613744e-11
2.743845602115602e-11
3.841420237460369e-11
5.36535850470532e-11
7.476173846665546e-11
1.039280050907365e-10
1.441309571692528e-10
1.994124171345035e-10
2.752428562846632e-10
3.790073255238724e-10
5.206495790055499e-10
7.135236845812187e-10
9.755170005121272e-10
1.330525911669156e-09
1.810390726220135e-09
2.457424930213392e-09
3.327710107470239e-09
4.495380068192389e-09
6.058166857059177e-09
8.144571239654397e-09
1.092308909989015e-08
1.461406906599905e-08
1.950488126567507e-08
2.596927828335538e-08
3.449203944683177e-08
4.570020095684413e-08
6.040256295136714e-08
7.963947723510501e-08
1.047453963565204e-07
1.37427164759174e-07
1.798617574877426e-07
2.348179037880982e-07
3.058067647998541e-07
3.972683089159545e-07
5.148003765498288e-07
6.654402113781543e-07
8.580086046094948e-07
1.103528802559595e-06
1.415735255250183e-06
1.811689230635238e-06
2.312519200131646e-06
2.944310608654632e-06
3.739170097105671e-06
4.736490609502653e-06
5.984451036056271e-06
7.541789727838477e-06
9.479890650254674e-06
1.188521491712891e-05
1.486214932810981e-05
1.853629510151222e-05
2.305827547388617e-05
2.860809217963833e-05
3.540012403391302e-05
4.368877125671133e-05
5.377488196245395e-05
6.601290806429461e-05
8.081891428446397e-05
9.867951303021982e-05
0.0001201615377794951
0.0001459228369640186
0.0001767237117746845
0.0002134393580490723
0.0002570730575826019
0.0003087699878960848
0.0003698316286318004
0.0004417303134687245
0.0005261239712126553
0.0006248707068152726
0.0007400427130050957
0.0008739386103115976
0.00102909526322037
0.001208296162076294
0.00141457817517221
0.001651234226301312
0.001921811024658382
0.002230103360489011
0.002580140484496951
0.002976167947053909
0.003422618843615055
0.003924080170691013
0.00448524858802557
0.005110875703394413
0.005805703811347485
0.006574393715709448
0.00742143951356411
0.00835107546299696
0.009367171674966812
0.01047312654554844
0.01167174801230431
0.01296513248234987
0.01435454562306404
0.01584029383957386
0.01742160879075527
0.01909654028713703
0.02086185850203037
0.02271296456456184
0.02464384213089943
0.02664701268076897
0.02871353551745415
0.03083302825689316
0.03299373760819435
0.0351826399564743
0.03738557919859886
0.03958746418356895
0.04177248850464821
0.04392440244555473
0.04602682217955589
0.04806352779269218
0.05001886188983917
0.05187808722257614
0.05362773686647415
0.05525601282715797
0.05675311386585236
0.05811157077550888
0.05932650715112686
0.06039587780833244
0.06132059916853905
0.06210463494062424
0.06275497376918793
0.06328153610229492
0.06369698047637939
0.06401640921831131
0.06425700336694717
0.06443753838539124
0.06457787752151489
0.06469839811325073
0.0648193433880806
0.06496024876832962
0.06513925641775131
0.06537258625030518
0.06567394733428955
0.06605413556098938
0.06652059406042099
0.06707725673913956
0.06772437691688538
0.06845858693122864
0.06927303969860077
0.07015770673751831
0.07109984755516052
0.07208452373743057
0.07309526950120926
0.07411473989486694
0.07512554526329041
0.07611091434955597
0.07705545425415039
0.07794581353664398
0.0787712037563324
0.07952387630939484
0.08019940555095673
0.08079680055379868
0.08131851255893707
0.08177021890878677
0.08216045051813126
0.0825001448392868
0.08280199766159058
0.08307984471321106
0.0833478569984436
0.0836198478937149
0.08390858024358749
0.08422509580850601
0.08457823842763901
0.08497421443462372
0.08541638404130936
0.08590515702962875
0.08643811941146851
0.08701023459434509
0.0876142829656601
0.0882413238286972
0.08888131380081177
0.08952376246452332
0.09015830606222153
0.09077542275190353
0.09136691689491272
0.09192636609077454
0.09244944155216217
0.09293411672115326
0.09338066726922989
0.09379154443740845
0.09417110681533813
0.0945252850651741
0.09486109018325806
0.09518612921237946
0.09550806134939194
0.09583405405282974
0.09617040306329727
0.09652208536863327
0.09689252078533173
0.09728341549634933
0.09769474714994431
0.09812487661838531
0.09857071936130524
0.09902811050415039
0.09949211031198502
0.0999574139714241
0.1004188135266304
0.1008715406060219
0.101311594247818
0.1017360091209412
0.1021429747343063
0.1025319620966911
0.1029036790132523
0.1032598987221718
0.1036032661795616
0.1039370819926262
0.1042649373412132
0.1045904830098152
0.1049170941114426
0.1052476242184639
0.1055842638015747
0.1059283241629601
0.1062802597880363
0.1066396832466125
0.1070054247975349
0.1073757112026215
0.107748381793499
0.1081210523843765
0.1084913611412048
0.1088571399450302
0.1092166528105736
0.1095686480402946
0.1099124550819397
0.1102479994297028
0.1105757728219032
0.1108967438340187
0.111212246119976
0.1115238294005394
0.1118330955505371
0.1121415495872498
0.1124505028128624
0.1127609461545944
0.1130734905600548
0.1133883520960808
0.1137053668498993
0.1140240132808685
0.1143435165286064
0.1146629378199577
0.1149812787771225
0.1152975708246231
0.1156109720468521
0.1159208491444588
0.1162268221378326
0.1165287494659424
0.1168267503380775
0.1171211674809456
0.1174125298857689
0.117701455950737
0.1179886013269424
0.118274599313736
0.1185599863529205
0.1188451871275902
0.1191304475069046
0.1194158345460892
0.1197012662887573
0.1199865341186523
0.1202712953090668
0.1205551847815514
0.1208378151059151
0.1211188137531281
0.1213979125022888
0.1216748952865601
0.1219496577978134
0.1222222000360489
0.1224926486611366
0.1227611750364304
0.1230280175805092
0.123293437063694
0.1235576793551445
0.1238209903240204
0.1240835264325142
0.1243453994393349
0.1246066391468048
0.1248672232031822
0.1251270771026611
0.1253860741853714
0.1256441026926041
0.125900998711586
0.1261566430330276
0.1264109313488007
0.1266637891530991
0.1269151866436005
0.1271651834249496
0.1274137943983078
0.1276611238718033
0.1279072761535645
0.1281523257493973
0.1283964067697525
0.1286395639181137
0.1288818418979645
0.1291232705116272
0.1293638795614243
0.1296036392450333
0.1298425197601318
0.1300804764032364
0.1303174495697021
0.1305533945560455
0.130788266658783
0.1310220509767532
0.1312547475099564
0.1314863711595535
0.1317169070243835
0.1319463700056076
0.1321748346090317
0.1324023008346558
0.1326288133859634
0.1328544020652771
0.133079007267952
0.1333026885986328
0.1335253566503525
0.1337469965219498
0.1339675784111023
0.1341869980096817
0.1344051957130432
0.1346220672130585
0.1348374783992767
0.1350513696670532
0.1352635622024536
0.1354738920927048
0.1356821954250336
0.1358882337808609
0.1360917240381241
0.1362923681735992
0.1364897787570953
0.1366835236549377
0.1368730813264847
0.1370578110218048
0.1372369974851608
0.1374098360538483
0.1375753879547119
0.1377325505018234
0.1378801465034485
0.1380167752504349
0.1381408721208572
0.1382507085800171
0.1383443623781204
0.1384196877479553
0.138474315404892
0.138505682349205
0.1385109573602676
0.1384871006011963
0.1384308338165283
0.138338640332222
0.1382068246603012
0.1380314826965332
0.137808546423912
0.1375338286161423
0.1372030824422836
0.1368119716644287
0.1363562196493149
0.1358316838741302
0.1352343708276749
0.1345605552196503
0.1338069140911102
0.1329705417156219
0.1320491433143616
0.1310411095619202
0.1299456208944321
0.1287627518177032
0.1274935901165009
0.1261403411626816
0.1247064024209976
0.1231964230537415
0.121616318821907
0.119973324239254
0.1182759925723076
0.1165341511368752
0.1147588342428207
0.1129621714353561
0.111157201230526
0.1093577668070793
0.1075782254338264
0.1058332398533821
0.1041374579071999
0.1025052517652512
0.1009503155946732
0.09948541224002838
0.09812198579311371
0.09686983376741409
0.0957368016242981
0.09472855180501938
0.09384827315807343
0.0930965319275856
0.0924711599946022
0.09196719527244568
0.09157694876194
0.09129009395837784
0.09109391272068024
0.09097357094287872
0.09091250598430634
0.09089285880327225
0.09089599549770355
0.09090302884578705
0.09089542180299759
0.09085553884506226
0.09076718986034393
0.09061619639396667
0.09039080142974854
0.0900820717215538
0.0896841436624527
0.08919437974691391
0.08861339092254639
0.08794491738080978
0.08719556033611298
0.08637447655200958
0.0854928269982338
0.08456320315599442
0.08359904587268829
0.08261385560035706
0.08162055164575577
0.08063078671693802
0.07965431362390518
0.07869845628738403
0.07776769995689392
0.07686334848403931
0.07598347216844559
0.07512290775775909
0.07427342981100082
0.07342413067817688
0.07256190478801727
0.07167202234268188
0.07073888927698135
0.06974668055772781
0.06868021190166473
0.06752555817365646
0.06627076864242554
0.06490639597177505
0.0634259358048439
0.06182609498500824
0.06010693684220314
0.05827179178595543
0.05632708966732025
0.05428201332688332
0.05214806273579597
0.04993846639990807
0.04766763374209404
0.0453505739569664
0.04300226643681526
0.04063720628619194
0.03826895356178284
0.03590982779860497
0.03357072547078133
0.03126105666160583
0.02898880653083324
0.02676068991422653
0.0245823971927166
0.02245888859033585
0.02039471082389355
0.01839429326355457
0.01646221429109573
0.01460338104516268
0.01282311510294676
0.01112714689224958
0.009521489031612873
0.008012199774384499
0.006605071015655994
0.005305238533765078
0.004116765689104795
0.003042209660634398
0.002082227962091565
0.001235243864357471
0.0004972069873474538
-0.0001385372888762504
-0.0006812393548898399
-0.001142601016908884
-0.001536501804366708
-0.00187859742436558
-0.002185816876590252
-0.002475784858688712
-0.002766200806945562
-0.003074205713346601
-0.003415774554014206
-0.003805165411904454
-0.004254447296261787
-0.004773132037371397
-0.005367927253246307
-0.006042605265974998
-0.006797999143600464
-0.00763210840523243
-0.008540308102965355
-0.009515644051134586
-0.01054918020963669
-0.01163039915263653
-0.01274761743843555
-0.0138884112238884
-0.01504003256559372
-0.01618979126214981
-0.01732542552053928
-0.01843543164432049
-0.01950934343039989
-0.02053799666464329
-0.02151374146342278
-0.02243060991168022
-0.02328445762395859
-0.02407305128872395
-0.02479611709713936
-0.02545533515512943
-0.02605428546667099
-0.02659832686185837
-0.02709442749619484
-0.02755092829465866
-0.02797725982964039
-0.02838358841836452
-0.02878044173121452
-0.02917830646038055
-0.02958720177412033
-0.03001627326011658
-0.03047342225909233
-0.03096497617661953
-0.03149542585015297
-0.03206724300980568
-0.03268080949783325
-0.03333443775773048
-0.03402447700500488
-0.03474552929401398
-0.03549076244235039
-0.03625225648283958
-0.03702142834663391
-0.03778946772217751
-0.03854776918888092
-0.03928836435079575
-0.04000428318977356
-0.0406898632645607
-0.04134100675582886
-0.04195529222488403
-0.0425320491194725
-0.04307232052087784
-0.04357874393463135
-0.04405533522367477
-0.04450725391507149
-0.04494046047329903
-0.04536139219999313
-0.04577662795782089
-0.04619251564145088
-0.0466148778796196
-0.04704873636364937
-0.04749807715415955
-0.04796569794416428
-0.04845311120152473
-0.04896052181720734
-0.04948688298463821
-0.05003001168370247
-0.0505867525935173
-0.05115319043397903
-0.05172491446137428
-0.05229727923870087
-0.05286566540598869
-0.05342575535178185
-0.05397376418113708
-0.05450662970542908
-0.05502215027809143
-0.05551910400390625
-0.05599724501371384
-0.0564572885632515
-0.05690084025263786
-0.05733024701476097
-0.05774842202663422
-0.05815865471959114
-0.05856437236070633
-0.05896894261240959
-0.05937546119093895
-0.05978658050298691
-0.06020436063408852
-0.06063015758991241
-0.06106458976864815
-0.06150754913687706
-0.06195821985602379
-0.06241518259048462
-0.06287654489278793
-0.06334009021520615
-0.06380344182252884
-0.06426422297954559
-0.06472023576498032
-0.06516958773136139
-0.06561079621315002
-0.06604287028312683
-0.06646537780761719
-0.06687837839126587
-0.06728246808052063
-0.06767866760492325
-0.06806830316781998
-0.06845297664403915
-0.06883435696363449
-0.06921409070491791
-0.06959371268749237
-0.06997449696063995
-0.07035744935274124
-0.07074320316314697
-0.07113198935985565
-0.07152368873357773
-0.07191786170005798
-0.07231374084949493
-0.07271036505699158
-0.07310666888952255
-0.07350153475999832
-0.07389387488365173
-0.07428275048732758
-0.07466741651296616
-0.07504734396934509
-0.07542227953672409
-0.07579222321510315
-0.07615741342306137
-0.07651829719543457
-0.0768754854798317
-0.07722972333431244
-0.0775817409157753
-0.07793230563402176
-0.07828207314014435
-0.07863157987594604
-0.0789811983704567
-0.07933112978935242
-0.07968137413263321
-0.08003175258636475
-0.08038194477558136
-0.08073148876428604
-0.08107984066009521
-0.08142640441656113
-0.08177058398723602
-0.08211182057857513
-0.08244958519935608
-0.08278347551822662
-0.08311312645673752
-0.08343829959630966
-0.08375880122184753
-0.08407448977231979
-0.08438526093959808
-0.08469098061323166
-0.08499146997928619
-0.0852864533662796
-0.08557553589344025
-0.08585818111896515
-0.086133673787117
-0.08640110492706299
-0.08665936440229416
-0.08690714091062546
-0.08714292198419571
-0.08736502379179001
-0.08757156133651733
-0.08776049315929413
-0.08792963624000549
-0.08807666599750519
-0.08819913119077682
-0.08829442411661148
-0.08835986256599426
-0.08839260786771774
-0.08838973194360733
-0.08834820240736008
-0.08826486766338348
-0.0881364569067955
-0.0879596620798111
-0.08773108571767807
-0.08744733780622482
-0.08710503578186035
-0.08670084923505783
-0.08623160421848297
-0.08569428324699402
-0.0850861668586731
-0.08440490067005157
-0.08364859968423843
-0.08281584084033966
-0.08190586417913437
-0.08091861754655838
-0.0798548087477684
-0.07871601730585098
-0.07750474661588669
-0.07622447609901428
-0.07487967610359192
-0.07347583770751953
-0.07201950252056122
-0.07051821053028107
-0.06898044794797897
-0.06741563975811005
-0.06583400815725327
-0.06424649059772491
-0.06266455352306366
-0.06110013648867607
-0.05956536158919334
-0.05807241052389145
-0.05663325637578964
-0.05525944009423256
-0.05396184697747231
-0.05275044217705727
-0.0516340397298336
-0.05062005668878555
-0.04971431940793991
-0.04892085492610931
-0.0482417531311512
-0.04767704010009766
-0.04722459241747856
-0.04688013717532158
-0.04663728550076485
-0.04648762196302414
-0.046420868486166
-0.04642509296536446
-0.04648697003722191
-0.04659212380647659
-0.04672545567154884
-0.04687156528234482
-0.04701515287160873
-0.04714144766330719
-0.04723662883043289
-0.04728822782635689
-0.04728549718856812
-0.04721973836421967
-0.04708455130457878
-0.04687603935599327
-0.04659293219447136
-0.04623657837510109
-0.04581089317798615
-0.0453222393989563
-0.04477913677692413
-0.04419196769595146
-0.04357257485389709
-0.04293382540345192
-0.04228910803794861
-0.04165181890130043
-0.04103486612439156
-0.04045015573501587
-0.03990815207362175
-0.03941746801137924
-0.03898456692695618
-0.03861350938677788
-0.0383058488368988
-0.03806059807538986
-0.03787432610988617
-0.03774134442210197
-0.03765400499105453
-0.03760308772325516
-0.03757824748754501
-0.03756850212812424
-0.03756272420287132
-0.0375501923263073
-0.03752105310559273
-0.03746677935123444
-0.03738052397966385
-0.03725739568471909
-0.03709464147686958
-0.03689172118902206
-0.03665024787187576
-0.03637383133172989
-0.03606782853603363
-0.03573902323842049
-0.03539519384503365
-0.03504467010498047
-0.03469588980078697
-0.03435691073536873
-0.03403500095009804
-0.03373626992106438
-0.03346537053585052
-0.03322529047727585
-0.03301726654171944
-0.03284076601266861
-0.03269359096884727
-0.03257208690047264
-0.03247139230370522
-0.03238581866025925
-0.03230916708707809
-0.03223516419529915
-0.03215782344341278
-0.0320718064904213
-0.03197269514203072
-0.03185723349452019
-0.03172348439693451
-0.03157085925340652
-0.03140010684728622
-0.0312131904065609
-0.03101309947669506
-0.03080359660089016
-0.03058893606066704
-0.03037355095148087
-0.03016175888478756
-0.02995746582746506
-0.02976393140852451
-0.02958359010517597
-0.02941791340708733
-0.02926736511290073
-0.0291314385831356
-0.02900872379541397
-0.02889707498252392
-0.02879379503428936
-0.02869585901498795
-0.02860015258193016
-0.02850369550287724
-0.02840384282171726
-0.02829846926033497
-0.02818608842790127
-0.02806591615080833
-0.0279378816485405
-0.0278025958687067
-0.02766125276684761
-0.02751550264656544
-0.02736730314791203
-0.02721873670816422
-0.02707185037434101
-0.0269284937530756
-0.0267901886254549
-0.02665802277624607
-0.02653260715305805
-0.02641405165195465
-0.02630198188126087
-0.02619561739265919
-0.02609384804964066
-0.02599535696208477
-0.02589872851967812
-0.02580258250236511
-0.02570568397641182
-0.02560701780021191
-0.02550587989389896
-0.0254018921405077
-0.02529502287507057
-0.02518555708229542
-0.02507404983043671
-0.02496125549077988
-0.02484804578125477
-0.0247353333979845
-0.02462397888302803
-0.02451472170650959
-0.0244081299751997
-0.02430455386638641
-0.02420411817729473
-0.02410672791302204
-0.02401208691298962
-0.02391973882913589
-0.023829136043787
-0.02373967319726944
-0.0236507672816515
-0.02356188930571079
-0.0234726257622242
-0.02338269166648388
-0.02329195477068424
-0.02320043183863163
-0.02310826629400253
-0.02301571518182755
-0.02292311191558838
-0.02283082343637943
-0.0227392166852951
-0.02264861762523651
-0.02255928702652454
-0.02247139625251293
-0.02238502353429794
-0.02230015397071838
-0.02221668139100075
-0.02213442884385586
-0.02205317653715611
-0.02197268418967724
-0.02189270965754986
-0.0218130424618721
-0.02173351682722569
-0.02165402099490166
-0.02157450653612614
-0.02149498835206032
-0.02141552977263927
-0.02133624255657196
-0.02125725150108337
-0.0211787037551403
-0.02110073156654835
-0.0210234560072422
-0.02094695530831814
-0.02087127976119518
-0.02079644054174423
-0.02072240598499775
-0.02064911462366581
-0.020576486364007
-0.02050442807376385
-0.0204328428953886
-0.0203616488724947
-0.02029077522456646
-0.02022016979753971
-0.02014980837702751
-0.02007969282567501
-0.02000984363257885
-0.01994029991328716
-0.01987111009657383
-0.01980232819914818
-0.01973399892449379
-0.0196661613881588
-0.01959884725511074
-0.01953206770122051
-0.01946581900119781
-0.0194000881165266
-0.01933484338223934
-0.01927005313336849
-0.01920568011701107
-0.01914168894290924
-0.01907804608345032
-0.01901472732424736
-0.01895171776413918
-0.01888901181519032
-0.01882661320269108
-0.01876452937722206
-0.01870278082787991
-0.01864138245582581
-0.01858034916222095
-0.0185196902602911
-0.01845942251384258
-0.0183995459228754
-0.01834006048738956
-0.01828096061944962
-0.01822223514318466
-0.01816387102007866
-0.01810585334897041
-0.01804816722869873
-0.01799079775810242
-0.01793373748660088
-0.01787697523832321
-0.01782051101326942
-0.01776433922350407
-0.01770846545696259
-0.01765289530158043
-0.01759763062000275
-0.01754267886281013
-0.01748804189264774
-0.01743371970951557
-0.01737971417605877
-0.01732602342963219
-0.01727264188230038
-0.01721956580877304
-0.01716678962111473
-0.01711430214345455
-0.01706210151314735
-0.01701018027961254
-0.01695853099226952
-0.01690715178847313
-0.01685603894293308
-0.01680519431829453
-0.01675461791455746
-0.01670431345701218
-0.01665427349507809
-0.01660450547933578
-0.01655500195920467
-0.01650576293468475
-0.01645679213106632
-0.01640808582305908
-0.01635964028537273
-0.01631144806742668
-0.01626351103186607
-0.01621582172811031
-0.01616838201880455
-0.01612119004130363
-0.01607423834502697
-0.01602752879261971
-0.01598105952143669
-0.01593482866883278
-0.01588883623480797
-0.01584308035671711
-0.01579755730926991
-0.01575226522982121
-0.01570720411837101
-0.01566237211227417
-0.01561777014285326
-0.01557339169085026
-0.01552923489362001
-0.01548529881983995
-0.01544158160686493
-0.01539808139204979
-0.01535479910671711
-0.01531173195689917
-0.01526887714862823
-0.01522623375058174
-0.01518379803746939
-0.0151415690779686
-0.01509954780340195
-0.01505773328244686
-0.01501612458378077
-0.01497472077608109
-0.01493352185934782
-0.0148925231769681
-0.01485172659158707
-0.01481112744659185
-0.01477072574198246
-0.01473051868379116
-0.01469050440937281
-0.01465068198740482
-0.01461104862391949
-0.0145716005936265
-0.01453233975917101
-0.01449326425790787
-0.01445437222719193
-0.01441566552966833
-0.01437714044004679
-0.01433879788964987
-0.01430063508450985
-0.01426265109330416
-0.01422484498471022
-0.01418721582740545
-0.01414976269006729
-0.01411248464137316
-0.01407537888735533
-0.01403844449669123
-0.01400168146938086
-0.01396508794277906
-0.0139286620542407
-0.01389240194112062
-0.01385630760341883
-0.01382037810981274
-0.01378461346030235
-0.0137490127235651
-0.01371357310563326
-0.0136782918125391
-0.0136431697756052
-0.01360820606350899
-0.01357339974492788
-0.01353874988853931
-0.01350425556302071
-0.01346991397440434
-0.01343572605401278
-0.01340168993920088
-0.01336780562996864
-0.01333407126367092
-0.01330048684030771
-0.01326705329120159
-0.01323376595973969
-0.01320062577724457
-0.01316763181239367
-0.0131347831338644
-0.01310207694768906
-0.01306951325386763
-0.01303709018975496
-0.01300480868667364
-0.01297266501933336
-0.01294066105037928
-0.01290879398584366
-0.01287706196308136
-0.01284546591341496
-0.0128140039741993
-0.01278267800807953
-0.01275148615241051
-0.01272042747586966
-0.01268950197845697
-0.01265870872884989
-0.01262804586440325
-0.01259751431643963
-0.01256711222231388
-0.01253683771938086
-0.01250669080764055
-0.01247667148709297
-0.01244677696377039
-0.01241700816899538
-0.01238736137747765
-0.01235783938318491
-0.01232843846082687
-0.01229915767908096
-0.01226999890059233
-0.01224096119403839
-0.0122120464220643
-0.01218325179070234
-0.01215457543730736
-0.01212601643055677
-0.01209757383912802
-0.01206924766302109
-0.01204103697091341
-0.01201293896883726
-0.01198495551943779
-0.01195708382874727
-0.01192932575941086
-0.01190168038010597
-0.01187414769083261
-0.01184672769159079
-0.01181941945105791
-0.01179222296923399
-0.0117651354521513
-0.01173815689980984
-0.01171128451824188
-0.01168452017009258
-0.01165786106139421
-0.01163130719214678
-0.01160485669970512
-0.01157850958406925
-0.01155226398259401
-0.01152612082660198
-0.01150008197873831
-0.01147414371371269
-0.01144830789417028
-0.01142257358878851
-0.01139693986624479
-0.01137140672653913
-0.01134597323834896
-0.0113206384703517
-0.01129540242254734
-0.01127026416361332
-0.01124522369354963
-0.01122028194367886
-0.01119543612003326
-0.01117068715393543
-0.01114603504538536
-0.01112147700041533
-0.01109701208770275
-0.01107264216989279
-0.01104836445301771
-0.01102417800575495
-0.01100008375942707
-0.01097607892006636
-0.01095216535031796
-0.01092834025621414
-0.01090460456907749
-0.010880958288908
-0.01085740048438311
-0.01083393208682537
-0.01081055216491222
-0.01078725792467594
-0.01076405309140682
-0.01074093300849199
-0.01071789860725403
-0.01069494988769293
-0.01067208405584097
-0.01064930483698845
-0.01062661129981279
-0.01060400158166885
-0.0105814766138792
-0.01055903453379869
-0.01053667534142733
-0.0105143990367651
-0.01049220468848944
-0.01047009043395519
-0.01044805720448494
-0.01042610220611095
-0.01040422823280096
-0.01038243249058723
-0.01036071684211493
-0.01033907849341631
-0.01031751837581396
-0.01029603648930788
-0.01027463097125292
-0.01025330182164907
-0.0102320509031415
-0.01021087635308504
-0.0101897781714797
-0.01016875635832548
-0.01014781184494495
-0.01012694090604782
-0.01010614447295666
-0.01008542254567146
-0.01006477233022451
-0.01004419475793839
-0.0100236888974905
-0.01000325381755829
-0.009982889518141747
-0.009962597861886024
-0.009942375123500824
-0.009922226890921593
-0.009902149438858032
-0.009882142767310143
-0.009862206876277924
-0.009842341765761375
-0.0098225437104702
-0.009802816435694695
-0.009783158078789711
-0.009763565845787525
-0.009744040668010712
-0.009724581614136696
-0.009705186821520329
-0.00968585629016161
-0.009666591882705688
-0.00964739266782999
-0.00962825957685709
-0.009609190747141838
-0.009590187110006809
-0.009571248665452003
-0.009552375413477421
-0.009533568285405636
-0.009514825418591499
-0.009496146813035011
-0.009477533400058746
-0.009458983317017555
-0.009440496563911438
-0.009422073140740395
-0.009403713047504425
-0.00938541442155838
-0.009367179125547409
-0.009349004365503788
-0.009330891072750092
-0.00931283924728632
-0.009294846095144749
-0.009276911616325378
-0.009259036742150784
-0.009241221472620964
-0.009223463945090771
-0.009205765090882778
-0.009188124909996986
-0.009170542471110821
-0.009153017774224281
-0.009135551750659943
-0.009118141606450081
-0.009100789204239845
-0.009083493612706661
-0.009066252969205379
-0.009049068205058575
-0.009031940251588821
-0.009014870040118694
-0.008997856639325619
-0.008980898186564445
-0.008963994681835175
-0.008947146125137806
-0.00893035251647234
-0.008913611993193626
-0.008896924555301666
-0.008880289271473885
-0.008863707073032856
-0.00884717795997858
-0.008830699138343334
-0.008814273402094841
-0.008797897957265377
-0.008781574666500092
-0.008765306323766708
-0.008749089203774929
-0.008732923306524754
-0.008716810494661331
-0.008700749836862087
-0.008684740401804447
-0.008668780326843262
-0.00865287147462368
-0.008637012913823128
-0.00862120371311903
-0.008605444803833961
-0.008589734323322773
-0.008574074134230614
-0.00855846144258976
-0.008542897179722786
-0.008527382276952267
-0.008511916734278202
-0.008496500551700592
-0.008481133729219437
-0.008465814404189587
-0.008450543507933617
-0.008435321971774101
-0.008420147001743317
-0.008405019529163837
-0.008389938622713089
-0.008374903351068497
-0.008359911851584911
-0.008344963192939758
-0.008330060169100761
-0.008315202780067921
-0.008300390094518661
-0.008285622112452984
-0.008270898833870888
-0.008256221190094948
-0.008241587318480015
-0.008226999081671238
-0.008212454617023468
-0.00819795485585928
-0.008183500729501247
-0.008169091306626797
-0.008154725655913353
-0.008140404708683491
-0.008126127533614635
-0.008111893199384212
-0.008097699843347073
-0.00808355025947094
-0.008069442585110664
-0.008055376820266247
-0.008041351102292538
-0.008027366362512112
-0.008013423532247543
-0.007999522611498833
-0.007985661737620831
-0.007971841841936111
-0.00795806385576725
-0.007944325916469097
-0.007930629886686802
-0.00791697483509779
-0.007903361693024635
-0.007889789529144764
-0.007876256480813026
-0.007862762548029423
-0.007849308662116528
-0.007835894823074341
-0.007822519168257713
-0.007809181232005358
-0.007795882411301136
-0.007782622706145048
-0.007769402116537094
-0.007756220176815987
-0.007743077352643013
-0.007729973178356886
-0.007716908119618893
-0.007703879848122597
-0.007690887432545424
-0.007677931804209948
-0.007665012497454882
-0.0076521304436028
-0.007639284711331129
-0.007626476231962442
-0.007613704539835453
-0.007600971031934023
-0.007588275242596865
-0.007575616240501404
-0.007562994491308928
-0.007550409063696861
-0.007537859492003918
-0.007525344844907522
-0.0075128641910851
-0.007500417996197939
-0.007488005328923464
-0.007475626654922962
-0.007463282905519009
-0.007450972683727741
-0.007438697386533022
-0.007426457013934851
-0.007414251565933228
-0.007402080111205578
-0.007389943115413189
-0.007377840578556061
-0.007365772500634193
-0.007353738881647587
-0.007341738790273666
-0.007329772692173719
-0.007317840121686459
-0.007305941078811884
-0.007294075563549995
-0.007282243110239506
-0.00727044278755784
-0.007258675526827574
-0.007246941793709993
-0.007235241122543812
-0.007223573047667742
-0.007211936172097921
-0.007200330495834351
-0.007188757415860891
-0.007177215535193682
-0.007165705319494009
-0.007154225371778011
-0.007142775692045689
-0.007131357211619616
-0.007119969930499792
-0.00710861524567008
-0.007097291294485331
-0.007085998542606831
-0.00707473699003458
-0.007063506636768579
-0.007052307482808828
-0.007041138131171465
-0.007029998581856489
-0.007018888834863901
-0.007007808424532413
-0.006996756419539452
-0.006985734216868877
-0.006974740419536829
-0.006963775493204594
-0.006952838972210884
-0.006941931787878275
-0.006931054405868053
-0.00692020682618022
-0.006909387651830912
-0.006898596882820129
-0.006887835916131735
-0.006877103820443153
-0.006866400130093098
-0.006855724845081568
-0.006845077499747276
-0.006834458559751511
-0.006823868025094271
-0.006813306361436844
-0.00680277356877923
-0.006792268715798855
-0.006781792268157005
-0.006771344225853682
-0.006760924588888884
-0.006750532425940037
-0.006740167737007141
-0.006729829590767622
-0.006719518918544054
-0.006709233857691288
-0.006698975339531898
-0.006688742432743311
-0.006678536534309387
-0.006668355781584978
-0.006658200640231371
-0.006648071575909853
-0.006637968588620424
-0.006627891678363085
-0.006617841310799122
-0.006607816554605961
-0.006597817875444889
-0.006587844807654619
-0.006577897351235151
-0.00656797643750906
-0.006558082066476345
-0.006548212375491858
-0.006538367830216885
-0.006528547964990139
-0.006518753711134195
-0.006508984137326479
-0.006499239709228277
-0.006489519495517015
-0.006479823030531406
-0.006470152176916599
-0.006460505072027445
-0.006450882647186518
-0.006441284436732531
-0.006431711371988058
-0.006422161590307951
-0.006412635557353497
-0.006403134204447269
-0.006393656134605408
-0.006384202279150486
-0.006374772172421217
-0.006365365348756313
-0.006355982273817062
-0.006346622481942177
-0.006337287370115519
-0.006327976007014513
-0.006318689789623022
-0.006309427786618471
-0.00630018999800086
-0.006290975958108902
-0.006281785201281309
-0.006272616796195507
-0.006263471208512783
-0.006254347506910563
-0.006245244760066271
-0.006236162967979908
-0.006227102596312761
-0.006218063179403543
-0.006209044717252254
-0.006200048141181469
-0.006191072519868612
-0.006182118784636259
-0.006173186935484409
-0.00616427743807435
-0.006155390758067369
-0.006146526429802179
-0.00613768445327878
-0.006128866225481033
-0.00612006988376379
-0.00611129542812705
-0.006102542858570814
-0.006093812175095081
-0.006085103377699852
-0.006076415069401264
-0.00606774864718318
-0.006059101782739162
-0.006050476338714361
-0.006041871383786201
-0.006033287383615971
-0.006024723406881094
-0.006016180384904146
-0.006007657386362553
-0.005999154411256313
-0.005990671459585428
-0.005982209462672472
-0.005973767023533583
-0.005965345073491335
-0.005956943612545729
-0.005948561709374189
-0.005940200295299292
-0.005931857973337173
-0.005923535209149122
-0.005915232468396425
-0.005906949285417795
-0.005898685194551945
-0.005890440661460161
-0.005882215686142445
-0.005874009802937508
-0.00586582301184535
-0.005857655312865973
-0.005849506705999374
-0.005841377191245556
-0.005833268165588379
-0.005825178232043982
-0.005817106924951077
-0.005809055175632238
-0.005801023449748755
-0.005793011281639338
-0.0057850182056427
-0.005777044221758842
-0.005769089329987764
-0.005761153995990753
-0.005753237288445234
-0.00574533874168992
-0.005737458355724812
-0.00572959566488862
-0.005721750669181347
-0.005713923368602991
-0.00570611422881484
-0.005698323715478182
-0.005690550897270441
-0.005682795774191618
-0.005675056949257851
-0.005667335819453001
-0.005659632384777069
-0.005651945248246193
-0.005644275806844234
-0.005636623594909906
-0.005628988612443209
-0.005621370859444141
-0.005613771267235279
-0.005606188904494047
-0.00559862470254302
-0.005591078195720911
-0.005583548918366432
-0.005576037336140871
-0.005568543449044228
-0.005561067257076502
-0.005553608760237694
-0.005546168424189091
-0.005538745317608118
-0.005531339906156063
-0.005523951724171638
-0.00551657984033227
-0.005509223788976669
-0.005501884501427412
-0.005494561512023211
-0.005487253423780203
-0.005479962099343538
-0.005472685676068068
-0.005465425550937653
-0.005458181258291006
-0.005450952332466841
-0.005443738773465157
-0.005436541046947241
-0.005429359618574381
-0.005422194488346577
-0.005415045656263828
-0.005407913122326136
-0.005400798749178648
-0.005393700208514929
-0.005386618431657553
-0.005379553884267807
-0.00537250516936183
-0.00536547414958477
-0.005358458496630192
-0.00535145727917552
-0.005344471894204617
-0.005337501876056194
-0.005330545827746391
-0.005323603749275208
-0.005316675640642643
-0.005309761967509985
-0.005302862264215946
-0.005295977462083101
-0.00528910756111145
-0.005282252095639706
-0.005275411531329155
-0.005268585402518511
-0.005261773709207773
-0.005254977382719517
-0.005248196423053741
-0.00524143036454916
-0.005234679207205772
-0.005227943416684866
-0.005221223458647728
-0.005214517936110497
-0.005207827314734459
-0.005201152991503477
-0.005194493569433689
-0.005187849048525095
-0.00518121849745512
-0.005174603313207626
-0.005168002098798752
-0.005161415319889784
-0.005154843907803297
-0.005148285068571568
-0.005141740199178457
-0.005135209299623966
-0.005128691904246807
-0.005122187547385693
-0.00511569669470191
-0.005109219811856747
-0.005102756433188915
-0.00509630749002099
-0.005089872516691685
-0.005083451978862286
-0.005077044479548931
-0.005070650950074196
-0.005064270924776793
-0.005057903472334146
-0.005051549524068832
-0.005045208148658276
-0.005038880277425051
-0.005032565910369158
-0.005026263650506735
-0.005019974429160357
-0.005013698246330023
-0.005007435567677021
-0.005001185927540064
-0.004994950257241726
-0.004988728556782007
-0.004982519894838333
-0.004976324737071991
-0.004970143549144268
-0.00496397539973259
-0.004957820288836956
-0.004951678216457367
-0.004945549182593822
-0.004939431790262461
-0.004933326970785856
-0.004927234258502722
-0.00492115318775177
-0.004915084689855576
-0.004909029696136713
-0.004902987740933895
-0.004896958358585835
-0.004890942014753819
-0.004884937778115273
-0.004878946579992771
-0.004872967954725027
-0.00486700190231204
-0.004861048888415098
-0.004855107516050339
-0.004849178716540337
-0.004843261558562517
-0.004837356973439455
-0.004831463564187288
-0.004825583193451166
-0.004819713998585939
-0.00481385737657547
-0.004808012861758471
-0.004802180454134941
-0.004796359222382307
-0.00479055056348443
-0.004784753546118736
-0.004778967704623938
-0.004773193504661322
-0.004767430480569601
-0.004761679098010063
-0.004755938425660133
-0.004750210326164961
-0.004744494333863258
-0.004738790914416313
-0.004733099136501551
-0.004727419465780258
-0.004721751436591148
-0.004716095048934221
-0.004710450302809477
-0.004704816732555628
-0.004699194803833961
-0.004693584050983191
-0.00468798354268074
-0.004682393744587898
-0.004676815122365952
-0.004671247210353613
-0.004665690008550882
-0.004660143982619047
-0.00465460866689682
-0.004649084527045488
-0.004643571563065052
-0.004638070240616798
-0.004632580559700727
-0.004627102054655552
-0.004621634259819984
-0.004616177175194025
-0.004610731732100248
-0.004605296533554792
-0.004599871579557657
-0.00459445733577013
-0.004589053802192211
-0.0045836609788239
-0.004578278865665197
-0.00457290792837739
-0.004567547235637903
-0.004562196787446737
-0.004556856583803892
-0.004551527090370655
-0.004546207375824451
-0.004540898371487856
-0.004535599146038294
-0.00453031063079834
-0.004525032360106707
-0.004519764799624681
-0.004514507949352264
-0.004509261809289455
-0.004504026379436255
-0.004498801659792662
-0.004493588116019964
-0.004488384816795588
-0.004483192227780819
-0.004478010348975658
-0.004472837783396244
-0.004467674996703863
-0.004462522454559803
-0.004457378759980202
-0.004452244844287634
-0.004447120241820812
-0.004442005418241024
-0.004436900373548269
-0.004431805107742548
-0.00442671962082386
-0.004421644378453493
-0.004416577983647585
-0.004411522764712572
-0.004406476859003305
-0.00440144119784236
-0.004396415781229734
-0.004391399212181568
-0.004386392887681723
-0.004381396342068911
-0.004376409109681845
-0.004371431656181812
-0.004366463515907526
-0.004361504223197699
-0.004356552846729755
-0.004351611249148846
-0.004346678033471107
-0.004341753665357828
-0.00433683954179287
-0.00433193426579237
-0.004327038303017616
-0.004322151653468609
-0.004317274317145348
-0.004312406294047832
-0.004307547584176064
-0.004302697721868753
-0.004297857172787189
-0.004293026402592659
-0.004288205411285162
-0.004283394664525986
-0.004278593230992556
-0.004273800645023584
-0.004269017372280359
-0.00426424341276288
-0.00425947830080986
-0.004254722036421299
-0.004249975085258484
-0.004245237447321415
-0.004240508191287518
-0.004235787317156792
-0.004231075290590525
-0.004226371645927429
-0.004221676848828793
-0.004216990899294615
-0.004212313331663609
-0.004207644611597061
-0.004202984273433685
-0.004198332317173481
-0.004193689674139023
-0.004189055878669024
-0.004184430465102196
-0.00417981343343854
-0.004175204783678055
-0.004170604515820742
-0.004166012164205313
-0.004161427728831768
-0.004156851675361395
-0.004152283538132906
-0.004147722851485014
-0.004143170546740294
-0.004138626623898745
-0.004134091082960367
-0.004129564389586449
-0.004125047009438276
-0.004120538476854563
-0.004116038791835308
-0.004111547488719225
-0.004107065033167601
-0.004102591425180435
-0.004098126199096441
-0.004093668889254332
-0.004089219029992819
-0.004084776621311903
-0.004080341663211584
-0.004075913690030575
-0.00407149363309145
-0.004067081492394209
-0.004062676802277565
-0.00405828095972538
-0.004053892567753792
-0.004049512557685375
-0.004045141860842705
-0.004040778614580631
-0.004036424681544304
-0.004032078664749861
-0.004027741029858589
-0.004023412708193064
-0.00401909276843071
-0.00401478074491024
-0.004010477568954229
-0.004006181377917528
-0.004001893103122711
-0.003997612278908491
-0.003993337973952293
-0.003989071119576693
-0.003984811715781689
-0.003980558831244707
-0.003976312931627035
-0.003972073551267385
-0.003967841155827045
-0.003963615745306015
-0.003959397319704294
-0.003955185879021883
-0.003950981888920069
-0.003946785349398851
-0.003942595794796944
-0.003938414622098207
-0.003934241831302643
-0.003930076491087675
-0.003925919532775879
-0.003921770490705967
-0.003917629364877939
-0.003913496620953083
-0.003909371327608824
-0.003905253484845161
-0.003901143092662096
-0.003897040151059628
-0.003892943728715181
-0.003888854291290045
-0.003884771838784218
-0.00388069567270577
-0.003876626025885344
-0.003872563363984227
-0.003868507454171777
-0.003864458063617349
-0.00386041565798223
-0.003856380470097065
-0.003852352267131209
-0.003848331980407238
-0.003844318678602576
-0.003840312827378511
-0.003836314426735044
-0.003832323476672173
-0.003828339511528611
-0.003824362764135003
-0.003820392768830061
-0.003816430224105716
-0.00381247466430068
-0.003808525390923023
-0.003804582636803389
-0.003800646401941776
-0.003796716686338186
-0.003792793722823262
-0.003788877511397004
-0.003784968517720699
-0.003781066508963704
-0.003777171485126019
-0.003773282747715712
-0.003769400762394071
-0.003765525529161096
-0.003761656815186143
-0.003757794387638569
-0.003753938712179661
-0.003750089323148131
-0.003746245987713337
-0.003742408938705921
-0.003738577710464597
-0.003734752768650651
-0.003730934346094728
-0.003727121977135539
-0.003723316360265017
-0.00371951749548316
-0.003715725615620613
-0.003711940720677376
-0.003708162577822804
-0.003704391419887543
-0.003700627479702234
-0.003696870757266879
-0.003693121019750834
-0.003689378034323454
-0.003685641335323453
-0.003681910922750831
-0.003678186563774943
-0.003674468258395791
-0.003670755540952086
-0.00366704841144383
-0.003663347102701664
-0.003659651847556233
-0.003655962413176894
-0.00365227903239429
-0.003648601938039064
-0.003644931130111217
-0.003641266375780106
-0.00363760837353766
-0.003633957356214523
-0.003630313323810697
-0.003626675345003605
-0.003623043419793248
-0.003619417315348983
-0.003615796566009521
-0.003612181870266795
-0.003608572529628873
-0.003604968776926398
-0.003601370612159371
-0.003597778268158436
-0.003594191512092948
-0.003590610111132264
-0.003587034763768315
-0.003583465004339814
-0.003579900832846761
-0.003576342714950442
-0.003572790883481503
-0.003569245105609298
-0.003565705381333828
-0.003562171710655093
-0.003558644093573093
-0.003555122530087829
-0.003551607485860586
-0.00354809919372201
-0.003544596955180168
-0.003541101235896349
-0.003537611803039908
-0.003534128423780203
-0.00353065156377852
-0.003527180291712284
-0.003523714607581496
-0.003520254511386156
-0.003516800003126264
-0.003513350617140532
-0.003509906586259604
-0.003506467444822192
-0.003503033192828298
-0.003499604295939207
-0.003496180521324277
-0.00349276140332222
-0.003489347407594323
-0.003485939232632518
-0.003482536412775517
-0.003479139180853963
-0.003475748002529144
-0.003472362412139773
-0.003468982875347137
-0.003465608926489949
-0.003462240798398852
-0.003458877792581916
-0.003455520607531071
-0.00345216877758503
-0.003448822535574436
-0.003445481648668647
-0.003442145884037018
-0.003438815241679549
-0.003435489721596241
-0.003432169323787093
-0.003428854281082749
-0.003425544826313853
-0.003422240726649761
-0.003418941516429186
-0.003415647428482771
-0.003412359161302447
-0.003409076714888215
-0.003405799623578787
-0.003402527887374163
-0.003399261739104986
-0.003396000945940614
-0.003392745507881045
-0.003389495657756925
-0.003386251628398895
-0.00338301295414567
-0.003379779402166605
-0.0033765509724617
-0.003373327432200313
-0.003370108082890511
-0.003366894088685513
-0.003363684751093388
-0.003360480070114136
-0.003357280511409044
-0.00335408584214747
-0.003350895829498768
-0.003347710706293583
-0.003344530239701271
-0.003341355361044407
-0.003338185604661703
-0.003335021203383803
-0.003331862157210708
-0.003328708466142416
-0.003325560130178928
-0.003322417149320245
-0.003319279290735722
-0.003316146787256002
-0.0033130191732198
-0.003309896215796471
-0.003306778380647302
-0.003303665434941649
-0.003300557378679514
-0.003297453979030252
-0.003294355235993862
-0.003291260916739702
-0.003288171021267772
-0.003285085316747427
-0.003282004036009312
-0.003278926946222782
-0.003275854280218482
-0.003272786037996411
-0.003269722452387214
-0.003266663756221533
-0.003263609716668725
-0.00326056033372879
-0.003257515840232372
-0.003254476236179471
-0.00325144175440073
-0.003248412162065506
-0.003245387692004442
-0.003242368344217539
-0.003239353653043509
-0.003236343385651708
-0.003233337542042136
-0.003230336355045438
-0.003227339824661613
-0.003224348183721304
-0.003221361432224512
-0.003218379803001881
-0.003215402830392122
-0.003212431212887168
-0.003209463786333799
-0.003206501714885235
-0.003203544300049543
-0.003200591541826725
-0.003197643207386136
-0.003194699296727777
-0.00319176004268229
-0.003188825212419033
-0.003185894340276718
-0.003182967891916633
-0.003180045634508133
-0.003177127568051219
-0.003174214158207178
-0.003171304939314723
-0.003168400144204497
-0.003165499772876501
-0.003162603825330734
-0.00315971253439784
-0.00315682590007782
-0.003153943922370672
-0.00315106613561511
-0.003148192306980491
-0.003145322669297457
-0.003142457222566009
-0.003139595966786146
-0.003136738669127226
-0.003133885096758604
-0.003131035948172212
-0.003128190757706761
-0.003125349758192897
-0.003122512716799974
-0.003119680099189281
-0.003116851905360818
-0.003114028135314584
-0.003111209021881223
-0.003108394099399447
-0.003105583367869258
-0.003102777292951941
-0.003099975874647498
-0.003097179112955928
-0.003094386542215943
-0.003091598162427545
-0.003088814439252019
-0.003086034907028079
-0.003083259565755725
-0.0030804886482656
-0.003077721688896418
-0.003074958687648177
-0.003072199877351522
-0.003069445258006454
-0.003066695062443614
-0.00306394905783236
-0.003061207477003336
-0.003058470087125897
-0.003055736655369401
-0.003053007181733847
-0.003050281666219234
-0.003047559643164277
-0.003044841112568974
-0.00304212630726397
-0.003039415460079908
-0.003036708338186145
-0.003034004475921392
-0.003031304338946939
-0.003028607694432139
-0.00302591547369957
-0.003023227211087942
-0.003020543372258544
-0.003017863724380732
-0.003015188267454505
-0.003012517001479864
-0.003009849926456809
-0.00300718704238534
-0.003004527650773525
-0.003001872217282653
-0.002999220509082079
-0.00299657229334116
-0.002993927802890539
-0.002991287037730217
-0.002988650230690837
-0.002986017614603043
-0.00298338895663619
-0.00298076425679028
-0.002978143515065312
-0.002975526731461287
-0.002972914837300777
-0.002970307134091854
-0.002967703621834517
-0.002965103834867477
-0.002962507540360093
-0.002959915203973651
-0.002957325894385576
-0.002954739844426513
-0.002952156821265817
-0.002949576824903488
-0.002947000088170171
-0.002944426611065865
-0.002941856626421213
-0.002939290134236217
-0.002936727134510875
-0.002934168092906475
-0.002931613242253661
-0.002929062349721789
-0.00292651541531086
-0.002923972671851516
-0.002921434352174401
-0.002918899990618229
-0.002916369587182999
-0.002913843374699354
-0.002911321353167295
-0.002908803056925535
-0.002906288485974073
-0.002903777407482266
-0.002901269355788827
-0.002898765029385686
-0.002896263264119625
-0.002893764758482575
-0.00289126904681325
-0.002888776361942291
-0.002886287402361631
-0.002883801935240626
-0.002881319727748632
-0.002878841012716293
-0.002876366022974253
-0.002873894758522511
-0.00287142745219171
-0.002868963638320565
-0.002866504248231649
-0.002864048350602388
-0.002861595945432782
-0.002859147032722831
-0.002856701379641891
-0.002854259451851249
-0.002851820550858974
-0.002849385142326355
-0.00284695322625339
-0.002844524336978793
-0.002842098474502563
-0.002839675871655345
-0.002837256994098425
-0.00283484160900116
-0.002832429716363549
-0.002830021316185594
-0.002827616408467293
-0.002825214993208647
-0.002822817070409656
-0.002820421941578388
-0.002818030072376132
-0.002815641229972243
-0.002813255647197366
-0.002810872858390212
-0.002808493096381426
-0.002806116361171007
-0.002803742419928312
-0.002801371505483985
-0.002799003850668669
-0.00279663922265172
-0.002794277621433139
-0.002791919279843569
-0.002789563732221723
-0.002787210745736957
-0.002784861018881202
-0.002782513620331883
-0.002780168782919645
-0.002777826273813844
-0.00277548679150641
-0.002773149404674768
-0.00277081411331892
-0.002768481615930796
-0.002766150748357177
-0.002763822209089994
-0.002761495765298605
-0.002759170718491077
-0.002756847301498055
-0.002754525281488895
-0.00275220419280231
-0.002749883802607656
-0.002747564110904932
-0.002745245350524783
-0.002742927055805922
-0.00274060876108706
-0.002738290932029486
-0.002735973568633199
-0.002733655972406268
-0.002731338143348694
-0.002729020081460476
-0.002726701553910971
-0.002724382327869534
-0.002722062170505524
-0.002719740616157651
-0.002717417664825916
-0.002715093083679676
-0.002712766174226999
-0.00271043716929853
-0.002708105836063623
-0.002705771941691637
-0.00270343548618257
-0.002701096702367067
-0.002698755823075771
-0.002696413081139326
-0.002694068476557732
-0.002691722009330988
-0.002689373446628451
-0.002687023486942053
-0.00268467259593308
-0.002682321006432176
-0.002679968718439341
-0.002677616663277149
-0.002675265306606889
-0.002672914881259203
-0.002670566318556666
-0.002668219851329923
-0.002665877109393477
-0.002663538791239262
-0.002661206526681781
-0.002658881479874253
-0.002656564814969897
-0.002654258394613862
-0.002651963615790009
-0.002649682341143489
-0.002647416666150093
-0.00264516775496304
-0.002642937935888767
-0.002640729304403067
-0.002638543955981731
-0.002636384218931198
-0.002634251955896616
-0.002632149960845709
-0.002630079863592982
-0.00262804445810616
-0.002626045374199748
-0.002624085173010826
-0.002622166415676475
-0.002620291663333774
-0.002618462080135942
-0.002616680227220058
-0.002614947501569986
-0.002613265533000231
-0.002611636184155941
-0.002610059920698404
-0.002608537673950195
-0.002607070142403245
-0.00260565709322691
-0.002604298293590546
-0.002602993743494153
-0.002601741813123226
-0.002600541105493903
-0.002599389757961035
-0.002598285442218184
-0.002597225131466985
-0.002596205566078424
-0.002595222555100918
-0.002594272373244166
-0.00259334989823401
-0.002592449774965644
-0.002591566415503621
-0.002590693300589919
-0.002589824143797159
-0.002588952425867319
-0.002588070696219802
-0.002587171969935298
-0.002586249029263854
-0.002585294423624873
-0.002584300935268402
-0.002583261812105775
-0.002582169836387038
-0.002581018721684813
-0.002579801483079791
-0.002578512532636523
-0.002577146515250206
-0.002575697842985392
-0.002574162324890494
-0.002572536002844572
-0.002570816315710545
-0.002569000702351332
-0.002567088464275002
-0.002565078902989626
-0.002562973415479064
-0.002560773398727179
-0.002558482345193624
-0.002556104212999344
-0.002553644124418497
-0.002551108365878463
-0.002548503922298551
-0.002545838477090001
-0.002543120644986629
-0.002540359972044826
-0.002537566004320979
-0.002534748753532767
-0.002531918697059155
-0.002529086079448462
-0.002526261378079653
-0.002523454837501049
-0.002520676702260971
-0.002517936984077096
-0.002515244064852595
-0.002512606559321284
-0.00251003191806376
-0.002507526893168688
-0.002505096606910229
-0.002502745948731899
-0.002500477945432067
-0.002498294226825237
-0.002496195491403341
-0.002494180807843804
-0.002492247382178903
-0.002490391721948981
-0.002488608937710524
-0.002486892510205507
-0.002485234523192048
-0.002483626594766974
-0.002482058946043253
-0.002480521565303206
-0.002479003975167871
-0.002477494534105062
-0.002475982531905174
-0.002474456559866667
-0.002472906140610576
-0.002471320796757936
-0.002469690516591072
-0.002468006685376167
-0.002466261386871338
-0.002464448334649205
-0.002462562639266253
-0.002460600109770894
-0.002458558650687337
-0.002456438029184937
-0.002454238710924983
-0.00245196302421391
-0.002449614694342017
-0.002447199076414108
-0.002444722224026918
-0.002442192519083619
-0.002439618110656738
-0.002437008777633309
-0.002434374531731009
-0.002431725617498159
-0.002429072977975011
-0.002426426624879241
-0.002423797501251101
-0.002421195385977626
-0.002418628893792629
-0.00241610617376864
-0.002413633512333035
-0.002411216963082552
-0.002408860716968775
-0.002406566869467497
-0.002404336584731936
-0.002402169164270163
-0.002400062279775739
-0.002398011740297079
-0.002396012889221311
-0.002394059440121055
-0.002392143476754427
-0.002390257315710187
-0.002388391410931945
-0.002386536449193954
-0.00238468311727047
-0.002382821869105101
-0.002380942925810814
-0.002379038138315082
-0.002377100056037307
-0.002375121926888824
-0.002373097697272897
-0.002371023176237941
-0.002368895336985588
-0.002366713248193264
-0.002364476211369038
-0.002362186787649989
-0.002359847305342555
-0.002357462653890252
-0.002355037955567241
-0.002352579962462187
-0.002350096357986331
-0.002347595291212201
-0.002345085376873612
-0.002342575462535024
-0.002340074628591537
-0.002337591024115682
-0.002335133263841271
-0.002332708332687616
-0.002330322749912739
-0.002327981404960155
-0.002325688721612096
-0.00232344726100564
-0.002321257954463363
-0.002319120801985264
-0.002317034173756838
-0.002314995042979717
-0.00231299945153296
-0.002311042277142406
-0.002309117699041963
-0.002307218732312322
-0.002305338392034173
-0.00230346922762692
-0.002301603322848678
-0.002299733692780137
-0.002297852654010057
-0.002295954851433635
-0.002294034464284778
-0.002292086603119969
-0.002290107542648911
-0.002288094023242593
-0.002286044415086508
-0.002283957786858082
-0.002281835302710533
-0.00227967812679708
-0.002277488587424159
-0.002275270409882069
-0.002273027086630464
-0.002270763274282217
-0.002268484095111489
-0.002266194205731153
-0.00226389872841537
-0.002261602552607656
-0.00225931010209024
-0.002257025567814708
-0.002254751743748784
-0.002252490958198905
-0.002250245306640863
-0.002248015720397234
-0.00224580243229866
-0.00224360404536128
-0.002241419861093163
-0.002239247784018517
-0.002237085485830903
-0.002234930638223886
-0.002232780447229743
-0.002230631653219461
-0.002228481695055962
-0.002226328011602163
-0.00222416827455163
-0.0022220010869205
-0.002219825051724911
-0.002217639237642288
-0.002215443411841989
-0.002213238272815943
-0.002211024286225438
-0.002208802849054337
-0.002206575591117144
-0.00220434507355094
-0.002202113624662161
-0.002199883805587888
-0.002197658410295844
-0.00219543999992311
-0.002193230902776122
-0.00219103298150003
-0.002188848564401269
-0.002186678582802415
-0.002184523968026042
-0.002182385185733438
-0.002180261304602027
-0.002178151858970523
-0.00217605521902442
-0.002173969522118568
-0.002171892207115889
-0.002169820247218013
-0.002167750615626574
-0.002165679587051272
-0.002163604600355029
-0.002161522395908833
-0.002159430179744959
-0.002157325623556972
-0.002155206631869078
-0.002153071342036128
-0.002150919055566192
-0.002148749306797981
-0.00214656232856214
-0.002144359285011888
-0.002142142271623015
-0.002139913383871317
-0.002137674717232585
-0.002135429298505187
-0.002133180620148778
-0.002130931476131082
-0.002128684893250465
-0.002126444131135941
-0.0021242112852633
-0.00212198868393898
-0.002119777956977487
-0.002117579570040107
-0.002115394687280059
-0.002113223308697343
-0.002111064502969384
-0.002108917338773608
-0.002106779720634222
-0.00210465001873672
-0.002102524973452091
-0.002100402023643255
-0.002098277909681201
-0.002096149837598205
-0.002094014082103968
-0.002091867383569479
-0.002089706249535084
-0.002087528351694345
-0.00208533089607954
-0.002083110623061657
-0.002080865669995546
-0.002078594639897346
-0.002076295670121908
-0.002073967829346657
-0.002071610186249018
-0.00206922204233706
-0.002066802233457565
-0.002064350293949246
-0.002061865292489529
-0.00205934583209455
-0.002056790748611093
-0.00205419841222465
-0.002051567193120718
-0.002048894530162215
-0.002046177862212062
-0.002043413231149316
-0.002040596911683679
-0.002037724712863564
-0.002034792443737388
-0.0020317945163697
-0.002028726041316986
-0.002025581430643797
-0.002022354630753398
-0.002019040286540985
-0.002015631413087249
-0.002012122888118029
-0.00200850865803659
-0.002004783134907484
-0.002000940730795264
-0.001996977021917701
-0.00199288665316999
-0.001988665899261832
-0.001984310802072287
-0.001979818567633629
-0.001975186401978135
-0.001970412908121943
-0.001965497154742479
-0.001960438909009099
-0.001955238869413733
-0.00194989878218621
-0.001944420975632966
-0.001938809058628976
-0.00193306733854115
-0.001927201636135578
-0.001921218470670283
-0.001915125292725861
-0.001908930949866772
-0.001902644871734083
-0.001896277768537402
-0.001889841281808913
-0.001883348333649337
-0.00187681196257472
-0.001870246836915612
-0.001863668323494494
-0.001857092487625778
-0.001850535860285163
-0.001844016369432211
-0.001837552059441805
-0.001831161440350115
-0.001824863371439278
-0.001818676711991429
-0.001812620554119349
-0.001806713058613241
-0.001800972153432667
-0.001795414718799293
-0.00179005682002753
-0.001784912776201963
-0.001779996091499925
-0.001775318058207631
-0.001770888105966151
-0.001766713801771402
-0.001762800267897546
-0.00175915053114295
-0.001755765057168901
-0.001752641517668962
-0.001749775605276227
-0.001747160218656063
-0.001744785578921437
-0.001742639462463558
-0.001740707200951874
-0.001738971681334078
