0
0
0
0
0
0
0
0
0
0
0
0
0
0
0
0
0
0
0
0
0
0
0
0
0
0
0
0
0
0
0
0
0
0
0
0
0
0
0
0
0
0
0
0
0
0
0
0
0
0
0
0
0
0
0
0
0
0
0
0
0
0
0
0
0
0
0
0
0
0
0
0
0
0
0
0
0
0
0
0
0
0
0
0
0
0
0
0
0
0
0
0
0
0
0
0
0
0
0
0
0
0
0
0
0
0
0
0
0
0
0
0
0
0
0
0
0
0
0
0
0
0
0
0
0
0
0
0
0
0
0
0
0
0
0
0
0
0
0
0
0
0
0
0
0
0
0
0
0
0
0
0
0
0
0
0
0
0
0
0
0
0
0
0
0
0
0
0
0
0
0
0
0
0
0
0
0
0
0
0
0
0
0
0
0
0
0
0
0
0
0
0
0
0
0
0
0
0
0
0
0
0
0
0
0
0
0
0
0
0
0
0
0
0
0
0
0
0
0
0
0
0
0
0
0
0
0
0
0
0
0
0
0
0
0
0
0
0
0
0
0
0
0
0
0
0
0
0
0
0
0
0
0
0
0
0
0
0
0
0
0
0
0
0
0
0
0
0
0
0
0
0
0
0
0
0
0
0
0
0
0
0
0
0
0
0
0
0
0
0
0
0
0
0
0
0
0
0
0
0
0
0
0
0
0
0
0
0
0
0
0
0
0
0
0
0
0
0
0
0
0
0
0
0
0
0
0
0
0
0
0
0
0
0
0
0
0
0
0
0
0
0
0
0
0
0
0
0
0
0
0
0
0
0
0
0
0
0
0
0
0
0
0
0
0
0
0
0
0
0
0
0
0
0
0
0
0
0
0
0
0
0
0
0
0
0
0
0
0
0
0
0
0
0
0
0
0
0
0
0
0
0
0
0
0
0
0
0
0
0
0
0
0
0
0
0
0
0
0
0
0
0
0
0
0
0
0
0
0
0
0
0
0
0
0
0
0
0
0
0
0
0
0
0
0
0
0
0
0
0
0
0
0
0
0
0
0
0
0
0
0
0
0
0
0
0
0
0
0
0
0
0
0
0
0
0
0
0
0
0
0
0
0
0
0
0
0
0
0
0
0
0
0
0
0
0
0
0
0
0
0
0
0
0
0
0
0
0
0
0
0
0
0
0
0
0
0
0
0
0
0
0
0
0
0
0
0
0
0
0
0
0
0
0
0
0
0
0
0
0
0
0
0
0
0
0
0
0
0
0
0
0
0
0
0
0
0
0
0
0
0
0
0
0
0
0
0
0
0
0
0
0
0
0
0
0
0
0
0
0
0
0
0
0
0
0
0
0
0
0
0
0
0
0
0
0
0
0
0
0
0
0
0
0
0
0
0
0
0
0
0
0
0
0
0
0
0
0
0
0
0
0
0
0
0
0
0
0
0
0
0
0
0
0
0
0
0
0
0
0
0
0
0
0
0
0
0
0
0
0
0
0
0
0
0
0
0
0
0
0
0
0
0
0
0
0
0
0
0
0
0
0
0
0
0
0
0
0
0
0
0
0
0
0
0
0
0
0
0
0
0
0
0
0
0
0
0
0
0
0
0
0
0
0
0
0
0
0
0
0
0
0
0
0
0
0
0
0
0
0
0
0
0
0
0
0
0
0
0
0
0
0
0
0
0
0
0
0
0
0
0
0
0
0
0
0
0
0
0
0
0
0
0
0
0
0
0
0
0
0
0
0
0
0
0
0
0
0
0
0
0
0
0
0
0
0
0
0
0
0
0
0
0
0
0
0
0
0
0
0
0
0
0
0
0
0
0
0
0
0
0
0
0
0
0
0
0
0
0
0
0
0
0
0
0
0
0
0
0
0
0
0
0
0
0
0
0
0
0
0
0
0
0
0
0
0
0
0
0
0
0
0
0
0
0
0
0
0
0
0
0
0
0
0
0
0
0
0
0
0
0
0
0
0
0
0
0
0
0
0
0
0
0
0
0
0
0
0
0
0
0
0
0
0
0
0
0
0
0
0
0
0
0
0
0
0
0
0
0
0
0
0
0
0
0
0
0
0
0
0
0
0
0
0
0
0
0
0
0
0
0
0
0
0
0
0
0
0
0
0
0
0
0
0
0
0
0
0
0
0
0
0
0
0
0
0
0
0
0
0
0
0
0
0
0
0
0
0
0
0
0
0
0
0
0
0
0
0
0
0
0
0
0
0
0
0
0
0
0
0
0
0
0
0
0
0
0
0
0
0
0
0
0
0
0
0
0
0
0
0
0
0
0
0
0
0
0
0
0
0
0
0
0
0
0
0
0
0
0
0
0
0
0
0
0
0
0
0
0
0
0
0
0
0
0
0
0
0
0
0
0
0
0
0
0
0
0
0
0
0
0
0
0
0
0
0
0
0
0
0
0
0
0
0
0
0
0
0
0
0
0
0
0
0
0
0
0
0
0
0
0
0
0
0
0
0
0
0
0
0
0
0
0
0
0
0
0
0
0
0
0
0
0
0
0
0
0
0
0
0
0
0
0
0
0
0
0
0
0
0
0
0
0
0
0
0
0
0
0
0
0
0
0
0
0
0
0
0
0
0
0
0
0
0
0
0
0
0
0
0
0
0
0
0
0
0
0
0
0
0
0
0
0
0
0
0
0
0
0
0
0
0
0
0
0
0
0
0
0
0
0
0
0
0
0
0
0
0
0
0
0
0
0
0
0
0
0
0
0
0
0
0
0
0
0
0
0
0
0
0
0
0
0
0
0
0
0
0
0
0
0
0
0
0
0
0
0
0
0
0
0
0
0
0
0
0
0
0
0
0
0
0
0
0
0
0
0
0
0
0
0
0
0
0
0
0
0
0
0
0
0
0
0
0
0
0
0
0
0
0
0
0
0
0
0
0
0
0
0
0
0
0
0
0
0
0
0
0
0
0
0
0
0
0
0
0
0
0
0
0
0
0
0
0
0
0
0
0
0
0
0
0
0
0
0
0
0
0
0
0
0
0
0
0
0
0
0
0
0
0
0
0
0
0
0
0
0
0
0
0
0
0
0
0
0
0
0
0
0
0
0
0
0
0
0
0
0
0
0
0
0
0
0
0
0
0
0
0
0
0
0
0
0
0
0
0
0
0
0
0
0
0
0
0
0
0
0
0
0
0
0
0
0
0
0
0
0
0
0
0
0
0
0
0
0
0
0
0
0
0
0
0
0
0
0
0
0
0
0
0
0
0
0
0
0
0
0
0
0
0
0
0
0
0
0
0
0
0
0
0
0
0
0
0
0
0
0
0
0
0
0
0
0
0
0
0
0
0
0
0
0
0
0
0
0
0
0
0
0
0
0
0
0
0
0
0
0
0
0
0
0
0
0
0
0
0
0
0
0
0
0
0
0
0
0
0
0
0
0
0
0
0
0
0
0
0
0
0
0
0
0
0
0
0
0
0
0
0
0
0
0
0
0
0
0
0
0
0
0
0
0
0
0
0
0
0
0
0
0
0
0
0
0
0
0
0
0
0
0
0
0
0
0
0
0
0
0
0
0
0
0
0
0
0
0
0
0
0
0
0
0
0
0
0
0
0
0
0
0
0
0
0
0
0
0
0
0
0
0
0
0
0
0
0
0
0
0
0
0
0
0
0
0
0
0
0
0
0
0
0
0
0
0
0
0
0
0
0
0
0
0
0
0
0
0
0
0
0
0
0
0
0
0
0
0
0
0
0
0
0
0
0
0
0
0
0
0
0
0
0
0
0
0
0
0
0
0
0
0
0
0
0
0
0
0
0
0
0
0
0
0
0
0
0
0
0
0
0
0
0
0
0
0
0
0
0
0
0
0
0
0
0
0
0
0
0
0
0
0
0
0
0
0
0
0
0
0
0
0
0
0
0
0
0
0
0
0
0
0
0
0
0
0
0
0
0
0
0
0
0
0
0
0
0
0
0
0
0
0
0
0
0
0
0
0
0
0
0
0
0
0
0
0
0
0
0
0
0
0
0
0
0
0
0
0
0
0
0
0
0
0
0
0
0
0
0
0
0
0
0
0
0
0
0
0
0
0
0
0
0
0
0
0
0
0
0
0
0
0
0
0
0
0
0
0
0
0
0
0
0
0
0
0
0
0
0
0
0
0
0
0
0
0
0
0
0
0
0
0
0
0
0
0
0
0
0
0
0
0
0
0
0
0
0
0
0
0
0
0
0
0
0
0
0
0
0
0
0
0
0
0
0
0
0
0
0
0
0
0
0
0
0
0
0
0
0
0
0
0
0
0
0
0
0
0
0
0
0
0
0
0
0
0
0
0
0
0
0
0
0
0
0
0
0
0
0
0
0
0
0
0
0
0
0
0
0
0
0
0
0
0
0
0
0
0
0
0
0
0
0
0
0
0
0
0
0
0
0
0
0
0
0
0
0
0
0
0
0
0
0
0
0
0
0
0
0
0
0
0
0
0
0
0
0
0
0
0
0
0
0
0
0
0
0
0
0
0
0
0
0
0
0
0
0
0
0
0
0
0
0
0
0
0
0
0
0
0
0
0
0
0
0
0
0
0
0
0
0
0
0
0
0
0
0
0
0
0
0
0
0
0
0
0
0
0
0
0
0
0
0
0
0
0
0
0
0
0
0
0
0
0
0
0
0
0
0
0
0
0
0
0
0
0
0
0
0
0
0
0
0
0
0
0
0
0
0
0
0
0
0
0
0
0
0
0
0
0
0
0
0
0
0
0
0
0
0
0
0
0
0
0
0
0
0
0
0
0
0
0
0
0
0
0
0
0
0
0
0
0
0
0
0
0
0
0
0
0
0
0
0
0
0
0
0
0
0
0
0
0
0
0
0
0
0
0
0
0
0
0
0
0
0
0
0
0
0
0
0
0
0
0
0
0
0
0
0
0
0
0
0
0
0
0
0
0
0
0
0
0
0
0
0
0
0
0
0
0
0
0
0
0
0
0
0
0
0
0
2.802596928649634e-45
1.961817850054744e-44
5.044674471569341e-44
1.135051756103102e-43
2.157999635060218e-43
3.811531822963502e-43
6.642154720899633e-43
1.143459546889051e-42
1.967423043912043e-42
3.36872150823686e-42
5.767744479160947e-42
9.852529502667789e-42
1.679596339339726e-41
2.858788997069059e-41
4.858021516121276e-41
8.244679644701494e-41
1.397318776686135e-40
2.364803262425275e-40
3.996545259208308e-40
6.744673716549637e-40
1.13661280259236e-39
1.912677115507801e-39
3.214046183744687e-39
5.393174597049995e-39
9.036879909433636e-39
1.512075732214626e-38
2.526443600804528e-38
4.215283745594019e-38
7.023043338045919e-38
1.168437299652071e-37
1.941186028297042e-37
3.220406733526196e-37
5.335022616546426e-37
8.825591174099784e-37
1.457919711227508e-36
2.404948154088312e-36
3.961506004105233e-36
6.516245744540179e-36
1.070328932396964e-35
1.755576706135345e-35
2.875446296934737e-35
4.702985010873558e-35
7.681127786316597e-35
1.252735809108332e-34
2.040220826477039e-34
3.318013261945857e-34
5.388431206680826e-34
8.738359599428989e-34
1.415079752316048e-33
2.288312812226669e-33
3.695160614338107e-33
5.958469927038817e-33
9.594442931445082e-33
1.542724369617337e-32
2.477083099036519e-32
3.971699774599278e-32
6.35910235249645e-32
1.016714098736662e-31
1.623250258301914e-31
2.587949084662995e-31
4.120117103586924e-31
6.550084449476807e-31
1.03984305505378e-30
1.648436541321954e-30
2.609516960972334e-30
4.125070730820837e-30
6.511574408187936e-30
1.026417216855524e-29
1.615641866414239e-29
2.539506849618151e-29
3.98599519179652e-29
6.24751271138871e-29
9.778234013439439e-29
1.528257549827219e-28
2.385148198844442e-28
3.717207533747666e-28
5.784965366652008e-28
8.990152387622175e-28
1.395132770209928e-27
2.161952659071892e-27
3.345482447030524e-27
5.169554578890986e-27
7.976808169571298e-27
1.229098600075197e-26
1.891148265889185e-26
2.905665298238996e-26
4.458067138813754e-26
6.830120419965222e-26
1.044938343824011e-25
1.5963693729058e-25
2.4353210967156e-25
3.709872567924709e-25
5.643408857071505e-25
8.572421294987374e-25
1.300303687548629e-24
1.969540936241022e-24
2.978955320433024e-24
4.49926343976261e-24
6.785737330500451e-24
1.021952184432177e-23
1.536886267911077e-23
2.307970350405114e-23
3.460953356713679e-23
5.182484510177493e-23
7.749196504329667e-23
1.157048038107604e-22
1.725130000022305e-22
2.568429375897277e-22
3.818462152842838e-22
5.668707007046133e-22
8.403376007617637e-22
1.243934440386095e-21
1.838716074902935e-21
2.71396989626368e-21
4.000074593967033e-21
5.887126814483726e-21
8.651881884507755e-21
1.269665290822428e-20
1.860539547076592e-20
2.722444620133228e-20
3.977858251392092e-20
5.803755732908904e-20
8.455475764433995e-20
1.230086330254771e-19
1.786904122817578e-19
2.591996815816937e-19
3.754349720106745e-19
5.430020927249756e-19
7.842135428145732e-19
1.130921747072806e-18
1.628529511949367e-18
2.341655256318709e-18
3.362125850943994e-18
4.820233305843015e-18
6.900564008682746e-18
9.864224757645911e-18
1.407999707163672e-17
2.006793436485094e-17
2.856029331146745e-17
4.058652665358811e-17
5.75916560556165e-17
8.160093729443765e-17
1.154483804841644e-16
1.630935867205248e-16
2.30060262993356e-16
3.240419036834504e-16
4.55737659880263e-16
6.400029542314172e-16
8.974321487697601e-16
1.256530390329681e-15
1.756690957826492e-15
2.45226732021079e-15
3.418137295898975e-15
4.757288973969735e-15
6.611151445626122e-15
9.173631093043616e-15
1.271016220738682e-14
1.758351629447055e-14
2.428869686757137e-14
3.350005819621749e-14
4.613481498954089e-14
6.343850547955651e-14
8.709976099738337e-14
1.194042694580011e-13
1.634408347593944e-13
2.233768047919457e-13
3.048254465683187e-13
4.153354363992806e-13
5.65041286329504e-13
7.675272635336572e-13
1.040970803480035e-12
1.409656354318944e-12
1.905973425961327e-12
2.573048545062573e-12
3.468211178317415e-12
4.667541526892638e-12
6.271835481519439e-12
8.414409793933153e-12
1.127129639622027e-11
1.507453536997438e-11
2.012947968033085e-11
2.683726678387455e-11
3.572396892193019e-11
4.747832335616486e-11
6.30004798329864e-11
8.346486002341891e-11
1.104010771690866e-10
1.457978737740007e-10
1.92236476737051e-10
2.530611831197405e-10
3.325973385592818e-10
4.36429253847237e-10
5.717539219851631e-10
7.478300201313459e-10
9.765475095235843e-10
1.273147920421991e-09
1.657133763544039e-09
2.15341455778173e-09
2.793747677642955e-09
3.618548349848538e-09
4.679153953190962e-09
6.04065375497953e-09
7.785425637507615e-09
1.001752725215965e-08
1.286815898282612e-08
1.65024260923019e-08
2.112772179430067e-08
2.700404699851333e-08
3.445672902557817e-08
4.389207219901436e-08
5.581650341923705e-08
7.086002540290792e-08
8.980486398968424e-08
1.13620252761848e-07
1.435048346820622e-07
1.80937988147889e-07
2.277418644780482e-07
2.861562222733482e-07
3.589286166061356e-07
4.494226004680968e-07
5.617471288132947e-07
7.009114142420003e-07
8.730093554731866e-07
1.085438384507142e-06
1.347159695797018e-06
1.669004404902807e-06
2.064036607407616e-06
2.547977601352613e-06
3.139706223009853e-06
3.861839559249347e-06
4.741415068565402e-06
5.810677976114675e-06
7.107998044375563e-06
8.678925041749608e-06
1.057740246324101e-05
1.286716633330798e-05
1.562334000482224e-05
1.893425178423058e-05
2.290349038958084e-05
2.765225326584186e-05
3.332196502014995e-05
4.007723327958956e-05
4.810914833797142e-05
5.76389575144276e-05
6.892212695674971e-05
8.225280180340633e-05
9.796876838663593e-05
0.0001164568020612933
0.0001381584297632799
0.0001635762891964987
0.0001932808227138594
0.0002279173640999943
0.0002682138001546264
0.0003149883123114705
0.0003691576712299138
0.0004317456041462719
0.0005038910894654691
0.0005868570879101753
0.0006820384878665209
0.0007909702835604548
0.0009153347346000373
0.001056967885233462
0.001217864686623216
0.001400183769874275
0.001606249017640948
0.001838550204411149
0.002099741017445922
0.002392634050920606
0.002720191841945052
0.003085516160354018
0.003491831012070179
0.003942464012652636
0.004440819378942251
0.0049903504550457
0.005594519898295403
0.006256763823330402
0.006980442441999912
0.007768787909299135
0.008624848909676075
0.009551425464451313
0.01055100373923779
0.01162568666040897
0.0127771170809865
0.01400640141218901
0.01531403977423906
0.01669984124600887
0.01816286146640778
0.01970132812857628
0.02131257764995098
0.02299300581216812
0.02473803237080574
0.0265420638024807
0.02839848399162292
0.03029966354370117
0.0322369821369648
0.03420089930295944
0.03618097677826881
0.03816602379083633
0.04014419764280319
0.04210316389799118
0.04403024166822433
0.04591262340545654
0.04773757606744766
0.04949267953634262
0.05116606876254082
0.05274667590856552
0.05422448366880417
0.05559079721570015
0.05683846026659012
0.0579620823264122
0.05895824357867241
0.05982564017176628
0.06056522205471992
0.0611802451312542
0.06167631968855858
0.06206134706735611
0.0623454637825489
0.06254083663225174
0.06266146898269653
0.06272291392087936
0.0627419501543045
0.0627361461520195
0.06272351741790771
0.06272200495004654
0.06274899840354919
0.06282088905572891
0.06295257061719894
0.06315701454877853
0.0634448230266571
0.06382396817207336
0.06429942697286606
0.06487302482128143
0.06554333865642548
0.0663057342171669
0.06715242564678192
0.06807272136211395
0.06905335932970047
0.07007892429828644
0.07113237679004669
0.07219561189413071
0.07325011491775513
0.0742776170372963
0.07526078075170517
0.07618385553359985
0.07703325152397156
0.07779809087514877
0.07847066968679428
0.07904671877622604
0.0795256569981575
0.07991057634353638
0.08020813763141632
0.0804283395409584
0.08058405667543411
0.08069056272506714
0.08076485246419907
0.08082489669322968
0.08088888227939606
0.08097441494464874
0.08109775930643082
0.08127307146787643
0.08151176571846008
0.08182203769683838
0.08220849931240082
0.08267191052436829
0.08320927619934082
0.08381389826536179
0.0844758078455925
0.08518224209547043
0.08591829240322113
0.08666768670082092
0.08741357177495956
0.08813945949077606
0.08883000165224075
0.08947179466485977
0.09005408734083176
0.09056930243968964
0.09101342409849167
0.09138616174459457
0.09169094264507294
0.09193466603755951
0.09212730824947357
0.09228130429983139
0.09241087734699249
0.09253113716840744
0.09265726804733276
0.09280362725257874
0.09298295527696609
0.09320562332868576
0.09347911924123764
0.09380759298801422
0.09419169276952744
0.09462856501340866
0.09511210024356842
0.09563338756561279
0.09618127346038818
0.09674309939146042
0.0973055362701416
0.09785542637109756
0.09838061034679413
0.09887069463729858
0.09931766241788864
0.09971635788679123
0.1000647619366646
0.1003640592098236
0.1006184965372086
0.1008350625634193
0.101022906601429
0.1011927351355553
0.1013560369610786
0.101524256169796
0.1017080470919609
0.101916566491127
0.1021568328142166
0.1024333387613297
0.1027477905154228
0.1030990332365036
0.1034832373261452
0.1038942188024521
0.1043239533901215
0.1047632172703743
0.1052022725343704
0.1056316122412682
0.1060425937175751
0.1064281538128853
0.1067832112312317
0.1071050241589546
0.107393279671669
0.1076501309871674
0.1078798770904541
0.1080886349081993
0.1082838028669357
0.1084734424948692
0.1086656302213669
0.108867846429348
0.1090863943099976
0.1093259453773499
0.1095892563462257
0.1098769530653954
0.1101876273751259
0.1105179563164711
0.1108630374073982
0.1112169027328491
0.1115729659795761
0.1119246333837509
0.1122658103704453
0.1125914081931114
0.1128977239131927
0.1131827086210251
0.1134460791945457
0.1136892437934875
0.1139151826500893
0.1141280755400658
0.1143329590559006
0.1145352199673653
0.1147401407361031
0.1149524599313736
0.1151759475469589
0.115413174033165
0.1156652644276619
0.1159319132566452
0.1162114292383194
0.1165009886026382
0.1167968958616257
0.1170949563384056
0.1173908784985542
0.117680661380291
0.1179609447717667
0.1182292923331261
0.1184843555092812
0.1187259629368782
0.1189551055431366
0.1191737353801727
0.1193846315145493
0.119591012597084
0.1197962984442711
0.1200037151575089
0.120216079056263
0.1204354614019394
0.1206630691885948
0.1208992004394531
0.121143214404583
0.121393620967865
0.1216483190655708
0.1219047755002975
0.1221603006124496
0.1224123239517212
0.1226586103439331
0.1228974908590317
0.1231279447674751
0.1233496814966202
0.1235631257295609
0.1237693354487419
0.1239698231220245
0.1241664066910744
0.1243609488010406
0.1245551630854607
0.1247504055500031
0.1249475702643394
0.1251469552516937
0.1253482401371002
0.1255504488945007
0.1257521212100983
0.12595134973526
0.1261459738016129
0.1263337135314941
0.126512348651886
0.1266798377037048
0.1268344074487686
0.1269746124744415
0.127099335193634
0.1272077113389969
0.1272991150617599
0.1273729503154755
0.1274285763502121
0.1274651437997818
0.1274815201759338
0.1274761408567429
0.1274469643831253
0.1273914724588394
0.1273066401481628
0.127189040184021
0.1270349025726318
0.1268402338027954
0.126600980758667
0.1263130605220795
0.1259725838899612
0.125575914978981
0.1251197308301926
0.1246010437607765
0.1240172684192657
0.1233662739396095
0.1226462572813034
0.1218558773398399
0.1209941878914833
0.1200605928897858
0.1190549805760384
0.1179776936769485
0.1168296039104462
0.1156122162938118
0.1143277212977409
0.1129791960120201
0.1115705892443657
0.1101068705320358
0.1085940301418304
0.107039213180542
0.1054506376385689
0.1038375571370125
0.102210208773613
0.1005796566605568
0.09895765036344528
0.09735646098852158
0.09578860551118851
0.09426664561033249
0.09280296415090561
0.09140947461128235
0.09009737521409988
0.08887694776058197
0.08775722980499268
0.08674588054418564
0.08584890514612198
0.08507049828767776
0.08441285043954849
0.08387605100870132
0.08345796167850494
0.08315414190292358
0.08295784890651703
0.08286008238792419
0.0828496590256691
0.08291342109441757
0.08303643018007278
0.08320228010416031
0.08339348435401917
0.08359186351299286
0.08377904444932938
0.08393695205450058
0.08404841274023056
0.08409761637449265
0.08407063782215118
0.08395600318908691
0.08374499529600143
0.08343211561441422
0.08301521092653275
0.08249572664499283
0.0818786546587944
0.0811724066734314
0.08038860559463501
0.07954171299934387
0.07864847779273987
0.07772739231586456
0.0767979770898819
0.07588005810976028
0.07499292492866516
0.07415459305047989
0.07338100671768188
0.07268531620502472
0.07207726687192917
0.07156270742416382
0.07114320993423462
0.07081590592861176
0.07057344913482666
0.07040422409772873
0.07029270380735397
0.07022002339363098
0.07016471773386002
0.07010355591773987
0.07001253217458725
0.06986784189939499
0.06964699178934097
0.06932972371578217
0.06889896094799042
0.06834157556295395
0.06764896214008331
0.06681741029024124
0.06584823131561279
0.06474762409925461
0.06352630257606506
0.06219884753227234
0.06078285351395607
0.05929791927337646
0.05776452273130417
0.05620281398296356
0.05463144928216934
0.05306648463010788
0.05152042955160141
0.05000150948762894
0.04851316660642624
0.04705389216542244
0.04561734944581985
0.04419281333684921
0.04276592284440994
0.04131966829299927
0.0398356169462204
0.03829525038599968
0.03668137267231941
0.034979447722435
0.03317886590957642
0.0312739685177803
0.02926480770111084
0.02715758420526981
0.02496469020843506
0.02270437777042389
0.02040005102753639
0.01807921938598156
0.01577216945588589
0.01351043302565813
0.01132515072822571
0.009245436638593674
0.007296846248209476
0.005500043742358685
0.003869771491736174
0.002414181595668197
0.001134571386501193
2.555186802055687e-05
-0.0009243737440556288
-0.001731853932142258
-0.002417434006929398
-0.003004087833687663
-0.003515645861625671
-0.00397523632273078
-0.004403854720294476
-0.004819171503186226
-0.005234661046415567
-0.005659122485667467
-0.006096619181334972
-0.006546834949404001
-0.007005819119513035
-0.007467045448720455
-0.00792268943041563
-0.008365008980035782
-0.008787712082266808
-0.00918717123568058
-0.009563382714986801
-0.009920562617480755
-0.01026732940226793
-0.01061643287539482
-0.0109840389341116
-0.0113886222243309
-0.01184955798089504
-0.01238550338894129
-0.01301273889839649
-0.01374358683824539
-0.01458506193011999
-0.01553787104785442
-0.0165958795696497
-0.01774608343839645
-0.01896912418305874
-0.02024031989276409
-0.02153114229440689
-0.02281101420521736
-0.02404932118952274
-0.02521744929254055
-0.02629069983959198
-0.02724991552531719
-0.0280827060341835
-0.02878415398299694
-0.02935694716870785
-0.02981096133589745
-0.03016229346394539
-0.03043185174465179
-0.0306436512619257
-0.03082291781902313
-0.03099421411752701
-0.03117973171174526
-0.03139785677194595
-0.03166219964623451
-0.03198105841875076
-0.03235742822289467
-0.03278949111700058
-0.03327148407697678
-0.03379489853978157
-0.03434981033205986
-0.03492623567581177
-0.03551534935832024
-0.03611042350530624
-0.03670743480324745
-0.03730523958802223
-0.03790532425045967
-0.03851117938756943
-0.0391274094581604
-0.03975863754749298
-0.04040839150547981
-0.04107809066772461
-0.04176626726984978
-0.04246814548969269
-0.04317563772201538
-0.04387776553630829
-0.0445614829659462
-0.04521283134818077
-0.04581832140684128
-0.04636632651090622
-0.04684847220778465
-0.04726069048047066
-0.04760395362973213
-0.04788454622030258
-0.04811378568410873
-0.04830726608633995
-0.04848365858197212
-0.0486631952226162
-0.0488659143447876
-0.04910995066165924
-0.04940995946526527
-0.04977584630250931
-0.05021195858716965
-0.05071677640080452
-0.05128317698836327
-0.05189919099211693
-0.05254920572042465
-0.05321548879146576
-0.05387982353568077
-0.05452515184879303
-0.0551370233297348
-0.0557047426700592
-0.05622202530503273
-0.05668724328279495
-0.05710317194461823
-0.05747627839446068
-0.05781575664877892
-0.05813229829072952
-0.05843683704733849
-0.05873941257596016
-0.05904823169112206
-0.0593690387904644
-0.05970486998558044
-0.060056172311306
-0.0604211837053299
-0.06079669296741486
-0.0611787736415863
-0.0615636445581913
-0.06194835901260376
-0.06233132258057594
-0.06271253526210785
-0.06309352070093155
-0.06347700208425522
-0.06386636197566986
-0.06426490843296051
-0.06467521190643311
-0.06509841978549957
-0.065533846616745
-0.06597874313592911
-0.06642842292785645
-0.06687664240598679
-0.06731624156236649
-0.06773998588323593
-0.06814144551753998
-0.0685158297419548
-0.06886064261198044
-0.06917616724967957
-0.0694655105471611
-0.06973439455032349
-0.06999062746763229
-0.07024325430393219
-0.07050163298845291
-0.07077436894178391
-0.07106844335794449
-0.07138838618993759
-0.07173585891723633
-0.07210952788591385
-0.07250519841909409
-0.0729164257645607
-0.07333526015281677
-0.07375313341617584
-0.0741618350148201
-0.07455437630414963
-0.07492567598819733
-0.07527301460504532
-0.07559612393379211
-0.07589703798294067
-0.07617964595556259
-0.07644908130168915
-0.07671093940734863
-0.07697054743766785
-0.07723235338926315
-0.07749941945075989
-0.07777311652898788
-0.07805313169956207
-0.07833766937255859
-0.07862378656864166
-0.07890788465738297
-0.07918620109558105
-0.07945529371500015
-0.07971238344907761
-0.07995553314685822
-0.08018366992473602
-0.08039642870426178
-0.08059388399124146
-0.08077619969844818
-0.08094321936368942
-0.0810941755771637
-0.08122747391462326
-0.08134056627750397
-0.08143011480569839
-0.08149212598800659
-0.08152230829000473
-0.08151639997959137
-0.08147052675485611
-0.08138151466846466
-0.08124706149101257
-0.08106578141450882
-0.08083707094192505
-0.08056090027093887
-0.08023746311664581
-0.07986684888601303
-0.07944866269826889
-0.07898183166980743
-0.07846436649560928
-0.0778934508562088
-0.07726556807756424
-0.07657679915428162
-0.07582324743270874
-0.07500150799751282
-0.07410905510187149
-0.07314468175172806
-0.07210873067378998
-0.07100323587656021
-0.06983190774917603
-0.06859996169805527
-0.06731384247541428
-0.06598092615604401
-0.06460916996002197
-0.06320673227310181
-0.06178181245923042
-0.06034250557422638
-0.05889672040939331
-0.05745227262377739
-0.05601699650287628
-0.05459892004728317
-0.05320637673139572
-0.05184812098741531
-0.05053333565592766
-0.04927155375480652
-0.0480724424123764
-0.04694555699825287
-0.04589997604489326
-0.0449439138174057
-0.04408438503742218
-0.04332686588168144
-0.04267506301403046
-0.0421307384967804
-0.04169364273548126
-0.04136157408356667
-0.04113040491938591
-0.04099429026246071
-0.04094578325748444
-0.04097605124115944
-0.0410749725997448
-0.04123135656118393
-0.04143303260207176
-0.04166699573397636
-0.04191960021853447
-0.0421767421066761
-0.04242410510778427
-0.04264749214053154
-0.04283318296074867
-0.04296834766864777
-0.04304149001836777
-0.0430428571999073
-0.04296485334634781
-0.0428023673593998
-0.04255297034978867
-0.04221708327531815
-0.0417979396879673
-0.04130148515105247
-0.040736123919487
-0.04011243581771851
-0.0394427627325058
-0.03874080628156662
-0.03802115097641945
-0.03729882836341858
-0.03658884763717651
-0.03590577840805054
-0.03526332229375839
-0.03467392176389694
-0.03414837270975113
-0.03369547799229622
-0.03332172334194183
-0.03303103148937225
-0.03282451257109642
-0.03270039707422256
-0.03265397250652313
-0.03267769888043404
-0.03276143223047256
-0.03289277851581573
-0.03305754065513611
-0.03324032574892044
-0.03342514485120773
-0.03359615430235863
-0.03373828530311584
-0.03383795544505119
-0.03388364613056183
-0.03386638686060905
-0.03378015384078026
-0.03362207114696503
-0.03339254483580589
-0.03309518471360207
-0.03273662552237511
-0.03232619911432266
-0.03187550604343414
-0.03139788284897804
-0.03090781159698963
-0.03042025864124298
-0.02994999103248119
-0.02951090969145298
-0.02911539375782013
-0.0287737213075161
-0.02849355712532997
-0.02827958017587662
-0.02813323773443699
-0.02805266715586185
-0.02803277596831322
-0.02806550823152065
-0.02814026921987534
-0.02824447676539421
-0.02836424857378006
-0.02848515659570694
-0.02859299816191196
-0.02867458201944828
-0.02871843241155148
-0.02871539816260338
-0.0286591425538063
-0.02854645624756813
-0.02837738767266273
-0.02815519645810127
-0.02788612805306911
-0.02757901698350906
-0.02724475599825382
-0.02689564600586891
-0.02654467150568962
-0.02620475180447102
-0.02588799595832825
-0.02560500241816044
-0.02536426112055779
-0.02517167292535305
-0.02503021992743015
-0.02493982389569283
-0.02489737793803215
-0.02489696256816387
-0.02493024431169033
-0.02498701401054859
-0.02505584806203842
-0.02512483857572079
-0.02518236823379993
-0.02521783858537674
-0.02522234804928303
-0.02518924698233604
-0.02511453814804554
-0.02499710023403168
-0.02483871392905712
-0.02464389242231846
-0.02441953495144844
-0.02417442388832569
-0.02391858398914337
-0.02366259321570396
-0.02341682836413383
-0.02319077774882317
-0.02299240045249462
-0.02282760292291641
-0.0226998720318079
-0.02261007949709892
-0.02255647629499435
-0.02253485843539238
-0.0225389301776886
-0.02256077527999878
-0.02259146794676781
-0.02262172661721706
-0.02264259196817875
-0.02264607883989811
-0.02262572199106216
-0.02257703617215157
-0.02249778993427753
-0.02238813973963261
-0.02225055545568466
-0.02208958938717842
-0.02191148325800896
-0.02172365039587021
-0.02153410017490387
-0.02135078422725201
-0.0211810078471899
-0.02103086188435555
-0.02090478502213955
-0.02080525271594524
-0.02073263749480247
-0.02068522572517395
-0.02065940760076046
-0.02065001800656319
-0.02065079100430012
-0.02065488696098328
-0.02065545879304409
-0.02064621075987816
-0.02062188275158405
-0.020578658208251
-0.02051443792879581
-0.02042894996702671
-0.0203237310051918
-0.02020194008946419
-0.02006805874407291
-0.01992746442556381
-0.01978596113622189
-0.01964928396046162
-0.01952259987592697
-0.01941010728478432
-0.01931468397378922
-0.0192376971244812
-0.01917892508208752
-0.01913662254810333
-0.01910771802067757
-0.0190881323069334
-0.01907315105199814
-0.01905786618590355
-0.01903760805726051
-0.01900836452841759
-0.01896709576249123
-0.01891198568046093
-0.01884256117045879
-0.01875968277454376
-0.01866543292999268
-0.01856287755072117
-0.0184557568281889
-0.01834812387824059
-0.01824395731091499
-0.01814680546522141
-0.01805946230888367
-0.01798375509679317
-0.01792039163410664
-0.01786894537508488
-0.01782793551683426
-0.01779499836266041
-0.01776714064180851
-0.01774105615913868
-0.01771343685686588
-0.01768128946423531
-0.01764220558106899
-0.01759457588195801
-0.01753771677613258
-0.01747187972068787
-0.01739821210503578
-0.01731860265135765
-0.01723546534776688
-0.01715148985385895
-0.01706936955451965
-0.01699152775108814
-0.01691990159451962
-0.0168557595461607
-0.01679960824549198
-0.01675117574632168
-0.0167094636708498
-0.0166728813201189
-0.01663942448794842
-0.01660689897835255
-0.01657314784824848
-0.01653626747429371
-0.01649478636682034
-0.01644780300557613
-0.01639504544436932
-0.01633687876164913
-0.01627422869205475
-0.01620847173035145
-0.01614127494394779
-0.01607439294457436
-0.01600950583815575
-0.01594802737236023
-0.01589098200201988
-0.01583890989422798
-0.01579182967543602
-0.01574926637113094
-0.01571032218635082
-0.01567378453910351
-0.01563827879726887
-0.015602414496243
-0.01556493807584047
-0.01552486047148705
-0.01548154279589653
-0.01543476246297359
-0.01538470201194286
-0.01533191930502653
-0.01527726463973522
-0.01522177550941706
-0.01516655180603266
-0.01511263661086559
-0.0150609016418457
-0.01501195598393679
-0.01496610231697559
-0.01492330897599459
-0.01488323323428631
-0.01484527811408043
-0.01480866596102715
-0.01477253809571266
-0.01473605260252953
-0.01469848025590181
-0.01465927995741367
-0.01461814343929291
-0.01457502786070108
-0.01453013997524977
-0.01448389887809753
-0.01443687919527292
-0.01438973750919104
-0.01434313040226698
-0.01429764181375504
-0.01425371970981359
-0.01421162579208612
-0.01417142432183027
-0.01413297653198242
-0.01409597601741552
-0.01405998971313238
-0.01402451191097498
-0.01398903224617243
-0.01395309530198574
-0.01391634717583656
-0.01387857273221016
-0.0138397142291069
-0.01379986479878426
-0.01375925540924072
-0.01371821202337742
-0.01367711648344994
-0.01363635621964931
-0.01359627675265074
-0.01355714071542025
-0.01351910829544067
-0.01348221581429243
-0.0134463831782341
-0.01341143064200878
-0.01337710116058588
-0.01334310043603182
-0.01330913696438074
-0.01327494997531176
-0.01324034575372934
-0.01320521347224712
-0.01316953543573618
-0.01313338149338961
-0.01309689600020647
-0.01306027732789516
-0.0130237452685833
-0.01298751682043076
-0.01295177731662989
-0.01291665900498629
-0.0128822261467576
-0.01284847594797611
-0.01281534228473902
-0.01278270222246647
-0.01275040023028851
-0.01271826773881912
-0.01268614828586578
-0.01265391055494547
-0.01262146793305874
-0.01258878409862518
-0.01255587302148342
-0.01252279710024595
-0.01248965412378311
-0.01245656330138445
-0.01242364663630724
-0.01239101216197014
-0.01235874649137259
-0.01232689898461103
-0.01229547988623381
-0.01226446311920881
-0.01223378907889128
-0.01220338046550751
-0.01217314228415489
-0.01214298512786627
-0.01211283449083567
-0.01208263542503119
-0.01205236278474331
-0.01202202029526234
-0.01199163589626551
-0.011961261741817
-0.01193095929920673
-0.01190079376101494
-0.01187082659453154
-0.01184110343456268
-0.01181165128946304
-0.01178247760981321
-0.01175356842577457
-0.01172489114105701
-0.0116964029148221
-0.01166805438697338
-0.01163980085402727
-0.01161160133779049
-0.01158342696726322
-0.01155526470392942
-0.0115271182730794
-0.01149900164455175
-0.01147094275802374
-0.01144297514110804
-0.01141513232141733
-0.01138744503259659
-0.01135993655771017
-0.0113326171413064
-0.011305489577353
-0.01127854455262423
-0.01125176437199116
-0.01122512668371201
-0.01119860261678696
-0.01117217168211937
-0.01114581059664488
-0.01111950818449259
-0.01109325885772705
-0.01106706727296114
-0.0110409427434206
-0.01101489830762148
-0.01098895166069269
-0.01096312142908573
-0.01093741971999407
-0.01091185584664345
-0.01088643260300159
-0.01086114998906851
-0.01083599962294102
-0.01081096939742565
-0.01078604999929667
-0.01076122559607029
-0.01073648687452078
-0.01071182452142239
-0.01068723388016224
-0.01066271681338549
-0.0106382742524147
-0.01061391364783049
-0.01058964431285858
-0.01056547556072474
-0.01054141391068697
-0.01051746401935816
-0.01049362868070602
-0.01046990696340799
-0.01044629607349634
-0.01042278856039047
-0.01039937604218721
-0.01037605386227369
-0.01035281643271446
-0.0103296572342515
-0.01030657440423965
-0.01028356794267893
-0.01026063784956932
-0.01023778691887856
-0.01021502073854208
-0.01019234117120504
-0.01016975380480289
-0.01014726329594851
-0.01012486685067415
-0.01010256540030241
-0.0100803580135107
-0.01005824189633131
-0.0100362142547965
-0.01001427043229342
-0.009992406703531742
-0.009970620274543762
-0.009948910214006901
-0.009927275590598583
-0.009905718266963959
-0.009884237311780453
-0.00986283365637064
-0.009841511026024818
-0.009820269420742989
-0.009799111634492874
-0.009778037667274475
-0.009757046587765217
-0.009736137464642525
-0.0097153065726161
-0.009694554843008518
-0.009673880413174629
-0.009653283283114433
-0.009632760658860207
-0.009612308815121651
-0.009591930545866489
-0.009571625851094723
-0.009551394730806351
-0.009531236253678799
-0.00951115321367979
-0.009491143748164177
-0.009471206925809383
-0.00945134274661541
-0.009431553073227406
-0.009411836974322796
-0.009392193518579006
-0.009372620843350887
-0.00935311708599329
-0.00933368131518364
-0.009314312599599361
-0.00929501187056303
-0.009275778196752071
-0.009256614372134209
-0.009237519465386868
-0.009218492545187473
-0.009199533611536026
-0.009180644527077675
-0.009161823429167271
-0.009143069386482239
-0.009124383330345154
-0.009105765260756016
-0.009087213315069675
-0.009068728424608707
-0.009050310589373112
-0.009031957015395164
-0.009013667702674866
-0.008995442651212215
-0.008977279998362064
-0.008959179744124413
-0.008941140025854111
-0.008923160843551159
-0.008905243128538132
-0.008887386880815029
-0.008869593031704426
-0.008851860649883747
-0.008834191597998142
-0.008816584013402462
-0.008799036964774132
-0.008781552314758301
-0.00876412820070982
-0.008746764622628689
-0.008729459717869759
-0.008712214417755604
-0.008695025928318501
-0.008677894249558449
-0.008660821244120598
-0.008643806912004948
-0.008626849390566349
-0.008609948679804802
-0.008593105711042881
-0.008576320484280586
-0.008559592068195343
-0.008542918600142002
-0.008526301942765713
-0.0085097411647439
-0.00849323533475399
-0.008476786315441132
-0.008460391312837601
-0.008444051258265972
-0.008427764289081097
-0.008411531336605549
-0.008395352400839329
-0.008379227481782436
-0.008363156579434872
-0.008347139693796635
-0.008331176824867725
-0.00831526517868042
-0.008299403823912144
-0.008283594623208046
-0.008267837576568127
-0.008252130821347237
-0.00823647528886795
-0.008220871910452843
-0.00820531789213419
-0.008189814165234566
-0.008174360729753971
-0.008158957585692406
-0.00814360473304987
-0.008128302171826363
-0.00811304897069931
-0.008097845129668713
-0.008082689717411995
-0.008067584596574306
-0.008052525110542774
-0.008037513121962547
-0.008022548630833626
-0.00800762977451086
-0.007992756552994251
-0.007977929897606373
-0.007963148877024651
-0.00794841255992651
-0.007933720946311951
-0.007919074967503548
-0.007904472760856152
-0.007889912463724613
-0.007875392213463783
-0.007860912010073662
-0.007846470922231674
-0.007832067087292671
-0.007817696779966354
-0.007803359534591436
-0.007789053022861481
-0.007774774916470051
-0.007760521955788136
-0.007746290881186724
-0.007732078433036804
-0.00771788228303194
-0.007703696843236685
-0.007689518388360739
-0.007675341330468655
-0.007661161012947559
-0.007646971382200718
-0.007632764987647533
-0.007618534844368696
-0.007604272104799747
-0.007589966524392366
-0.007575607392936945
-0.007561182603240013
-0.007546680048108101
-0.007532082963734865
-0.007517375983297825
-0.007502542342990637
-0.007487562019377947
-0.007472414057701826
-0.007457076106220484
-0.00744152395054698
-0.007425731513649225
-0.007409671321511269
-0.007393312640488148
-0.0073766247369349
-0.007359573151916265
-0.007342122960835695
-0.007324236445128918
-0.007305874954909086
-0.007286997977644205
-0.00726756127551198
-0.007247521542012691
-0.007226834073662758
-0.007205452769994736
-0.007183331530541182
-0.00716042285785079
-0.007136678788810968
-0.007112054154276848
-0.007086502853780985
-0.007059980649501085
-0.007032445631921291
-0.007003858219832182
-0.006974183022975922
-0.006943388376384974
-0.006911448203027248
-0.006878342479467392
-0.006844055838882923
-0.006808583158999681
-0.00677192397415638
-0.006734089460223913
-0.006695098709315062
-0.006654980592429638
-0.006613776553422213
-0.006571535486727953
-0.006528320256620646
-0.006484203971922398
-0.006439275108277798
-0.006393630523234606
-0.006347379181534052
-0.006300642155110836
-0.006253550760447979
-0.006206246558576822
-0.006158879026770592
-0.006111606024205685
-0.006064590532332659
-0.006018000189214945
-0.00597200496122241
-0.005926775280386209
-0.005882479716092348
-0.005839281715452671
-0.005797338206321001
-0.005756799131631851
-0.005717799533158541
-0.005680462811142206
-0.005644893273711205
-0.00561117846518755
-0.005579384043812752
-0.005549551919102669
-0.005521699786186218
-0.005495819263160229
-0.005471876356750727
-0.005449808202683926
-0.005429525393992662
-0.005410913378000259
-0.005393830128014088
-0.005378112196922302
-0.005363573785871267
-0.005350012332201004
-0.00533720850944519
-0.005324932746589184
-0.005312948022037745
-0.005301014985889196
-0.005288896150887012
-0.005276362411677837
-0.005263193510472775
-0.005249187350273132
-0.005234163720160723
-0.005217966623604298
-0.005200469400733709
-0.005181578453630209
-0.00516123604029417
-0.005139417480677366
-0.005116138141602278
-0.005091450642794371
-0.005065442528575659
-0.005038238130509853
-0.005009992048144341
-0.00498088775202632
-0.004951131530106068
-0.004920949228107929
-0.004890577867627144
-0.004860260523855686
-0.004830239806324244
-0.004800750873982906
-0.004772014915943146
-0.004744232166558504
-0.004717578645795584
-0.004692197777330875
-0.004668197128921747
-0.004645644687116146
-0.004624567925930023
-0.004604951944202185
-0.004586740862578154
-0.004569838754832745
-0.004554112441837788
-0.004539396613836288
-0.004525498487055302
-0.004512202460318804
-0.004499281290918589
-0.004486499354243279
-0.004473622888326645
-0.004460427444428205
-0.004446704406291246
-0.004432268906384706
-0.004416965879499912
-0.0044006765820086
-0.004383319988846779
-0.00436485605314374
-0.004345289897173643
-0.004324667621403933
-0.004303075838834047
-0.004280638415366411
-0.004257512278854847
-0.00423387810587883
-0.004209935665130615
-0.004185894504189491
-0.004161969292908907
-0.004138366784900427
-0.004115280695259571
-0.004092883784323931
-0.004071319475769997
-0.004050697200000286
-0.004031090065836906
-0.004012529738247395
-0.003995007835328579
-0.00397847406566143
-0.003962841350585222
-0.003947989549487829
-0.003933768719434738
-0.003920009359717369
-0.003906527999788523
-0.003893134649842978
-0.003879643743857741
-0.003865879494696856
-0.003851685207337141
-0.00383692909963429
-0.003821510123088956
-0.003805362619459629
-0.003788456553593278
-0.003770801704376936
-0.003752443939447403
-0.003733462886884809
-0.003713967278599739
-0.003694090293720365
-0.003673982108011842
-0.003653802676126361
-0.00363371311686933
-0.003613868728280067
-0.003594411537051201
-0.003575462149456143
-0.003557116724550724
-0.003539439989253879
-0.003522464539855719
-0.003506188513711095
-0.003490578150376678
-0.003475567558780313
-0.003461064537987113
-0.003446956630796194
-0.00343311601318419
-0.003419406479224563
-0.00340569019317627
-0.003391837002709508
-0.003377729561179876
-0.003363269381225109
-0.003348381258547306
-0.00333301885984838
-0.003317163325846195
-0.003300825832411647
-0.003284045262262225
-0.003266884945333004
-0.00324942939914763
-0.003231777809560299
-0.003214039374142885
-0.003196326550096273
-0.003178747836500406
-0.00316140241920948
-0.003144374117255211
-0.003127727657556534
-0.003111505415290594
-0.003095725085586309
-0.00308037968352437
-0.003065438941121101
-0.003050850937142968
-0.003036546986550093
-0.003022444667294621
-0.003008455270901322
-0.002994487294927239
-0.002980453195050359
-0.002966274740174413
-0.002951886737719178
-0.00293724169023335
-0.002922311425209045
-0.002907089190557599
-0.002891589421778917
-0.002875844715163112
-0.00285990652628243
-0.002843838650733232
-0.002827714895829558
-0.002811613725498319
-0.002795614069327712
-0.002779789734631777
-0.002764206379652023
-0.00274891615845263
-0.002733957022428513
-0.002719351556152105
-0.002705104881897569
-0.002691207220777869
-0.002677634358406067
-0.002664352068677545
-0.00265131751075387
-0.002638484351336956
-0.002625806955620646
-0.00261324318125844
-0.00260075880214572
-0.002588330302387476
-0.002575946040451527
-0.002563608810305595
-0.002551335375756025
-0.002539156703278422
-0.002527114469558001
-0.002515260595828295
-0.002503653522580862
-0.002492355648428202
-0.002481429371982813
-0.002470934065058827
-0.002460923511534929
-0.002451444044709206
-0.002442531287670135
-0.002434211783111095
-0.002426501363515854
-0.00241940631531179
-0.002412924310192466
-0.002407048130407929
-0.002401767065748572
-0.002397069707512856
-0.002392946975305676
-0.002389393979683518
-0.002386413281783462
-0.002384014427661896
-0.002382217673584819
-0.002381052356213331
-0.002380556892603636
-0.002380778547376394
-0.002381770638749003
-0.002383591141551733
-0.002386300358921289
-0.002389958826825023
-0.002394624054431915
-0.002400349825620651
-0.002407182240858674
-0.002415159018710256
-0.002424309495836496
-0.002434652298688889
-0.002446195809170604
-0.002458939561620355
-0.002472872147336602
-0.002487974474206567
-0.002504219533875585
-0.002521572401747108
-0.00253999256528914
-0.00255943275988102
-0.002579838735982776
-0.002601150190457702
-0.002623300068080425
-0.002646212233230472
-0.002669802401214838
-0.00269397534430027
-0.002718624658882618
-0.00274363299831748
-0.002768868580460548
-0.002794188214465976
-0.00281943567097187
-0.002844442846253514
-0.002869032556191087
-0.002893018536269665
-0.002916211262345314
-0.002938419347628951
-0.002959452569484711
-0.002979128388687968
-0.002997274044901133
-0.00301373191177845
-0.003028362523764372
-0.003041048999875784
-0.003051700303331017
-0.003060253569856286
-0.003066676901653409
-0.003070970764383674
-0.003073168452829123
-0.003073336556553841
-0.003071575192734599
-0.003068016842007637
-0.003062824020162225
-0.003056185785681009
-0.003048317739740014
-0.003039456438273191
-0.003029855899512768
-0.003019783413037658
-0.00300951418466866
-0.002999326214194298
-0.002989495638757944
-0.002980289049446583
-0.002971960231661797
-0.002964742016047239
-0.00295884208753705
-0.002954436233267188
-0.002951664850115776
-0.002950628055259585
-0.002951382892206311
-0.002953939605504274
-0.002958261873573065
-0.002964265644550323
-0.002971820766106248
-0.002980754710733891
-0.002990854671224952
-0.003001875011250377
-0.003013544250279665
-0.003025570884346962
-0.003037653164938092
-0.003049487946555018
-0.003060780698433518
-0.003071255050599575
-0.003080661641433835
-0.003088787663727999
-0.003095463151112199
-0.003100567730143666
-0.003104036441072822
-0.003105860901996493
-0.003106091637164354
-0.003104837378486991
-0.003102260874584317
-0.00309857539832592
-0.003094037063419819
-0.003088937606662512
-0.003083593910560012
-0.003078337758779526
-0.003073504660278559
-0.003069422906264663
-0.003066401463001966
-0.003064719727262855
-0.003064618445932865
-0.003066291101276875
-0.003069877624511719
-0.003075460204854608
-0.003083061426877975
-0.003092643804848194
-0.003104113508015871
-0.003117324551567435
-0.003132085781544447
-0.003148170188069344
-0.003165324684232473
-0.003183283610269427
-0.003201778745278716
-0.003220552112907171
-0.003239368554204702
-0.003258025506511331
-0.003276363248005509
-0.003294271184131503
-0.003311693901196122
-0.003328632563352585
-0.00334514444693923
-0.003361340379342437
-0.003377377521246672
-0.003393450984731317
-0.003409785218536854
-0.003426618874073029
-0.003444192465394735
-0.00346273579634726
-0.003482452826574445
-0.00350350933149457
-0.003526021726429462
-0.003550049150362611
-0.003575586015358567
-0.003602558979764581
-0.003630827646702528
-0.003660186426714063
-0.003690371988341212
-0.00372107164002955
-0.003751934738829732
-0.003782587125897408
-0.003812644397839904
-0.003841728204861283
-0.003869481384754181
-0.00389557983726263
-0.003919747658073902
-0.003941765055060387
-0.003961477428674698
-0.00397879583761096
-0.003993700258433819
-0.004006237722933292
-0.004016514401882887
-0.004024688620120287
-0.004030960611999035
-0.004035560414195061
-0.004038732964545488
-0.004040727857500315
-0.004041784908622503
-0.004042124375700951
-0.004041939973831177
-0.004041388630867004
-0.004040591884404421
-0.004039631690829992
-0.004038554150611162
-0.004037375561892986
-0.004036090802401304
-0.004034681711345911
-0.004033124540001154
-0.004031405784189701
-0.004029527772217989
-0.004027518443763256
-0.004025439266115427
-0.004023387562483549
-0.004021496046334505
-0.00401993514969945
-0.004018903709948063
-0.004018623381853104
-0.004019326996058226
-0.004021246451884508
-0.004024598747491837
-0.00402957433834672
-0.004036322701722383
-0.004044939763844013
-0.004055462777614594
-0.0040678596124053
-0.004082030151039362
-0.004097803961485624
-0.004114946816116571
-0.004133167210966349
-0.004152130335569382
-0.004171468783169985
-0.004190802108496428
-0.00420974800363183
-0.004227943252772093
-0.004245055373758078
-0.004260800778865814
-0.004274952691048384
-0.004287347197532654
-0.00429789163172245
-0.004306562710553408
-0.00431340467184782
-0.004318523220717907
-0.004322075750678778
-0.004324262496083975
-0.004325312562286854
-0.0043254722841084
-0.004324992187321186
-0.004324117675423622
-0.004323078785091639
-0.004322079941630363
-0.004321300890296698
-0.004320887848734856
-0.004320955835282803
-0.00432159285992384
-0.004322859924286604
-0.004324795678257942
-0.004327424336224794
-0.004330755211412907
-0.004334792960435152
-0.004339537583291531
-0.004344986286014318
-0.00435113487765193
-0.004357976838946342
-0.004365499597042799
-0.00437368405982852
-0.004382498096674681
-0.004391892813146114
-0.004401801619678736
-0.004412136040627956
-0.004422786645591259
-0.004433621652424335
-0.004444490652531385
-0.004455230664461851
-0.004465671256184578
-0.004475641995668411
-0.004484981764107943
-0.004493546672165394
-0.004501220770180225
-0.004507920239120722
-0.004513602238148451
-0.0045182672329247
-0.004521960392594337
-0.00452477065846324
-0.004526826087385416
-0.004528289195150137
-0.004529345780611038
-0.004530200269073248
-0.004531058482825756
-0.004532120656222105
-0.004533571656793356
-0.004535567946732044
-0.004538234788924456
-0.00454165693372488
-0.004545879550278187
-0.00455090356990695
-0.004556691739708185
-0.004563170950859785
-0.004570238292217255
-0.00457776989787817
-0.004585627466440201
-0.004593669436872005
-0.004601756110787392
-0.004609757103025913
-0.00461755832657218
-0.004625065717846155
-0.004632206633687019
-0.004638934507966042
-0.004645224194973707
-0.004651072900742292
-0.004656494129449129
-0.004661517683416605
-0.004666184540838003
-0.004670542199164629
-0.00467464467510581
-0.004678545519709587
-0.004682298749685287
-0.004685955587774515
-0.004689566325396299
-0.004693175666034222
-0.004696825984865427
-0.0047005545347929
-0.004704396240413189
-0.004708381369709969
-0.004712535068392754
-0.004716878291219473
-0.004721426870673895
-0.004726188257336617
-0.00473116198554635
-0.004736340139061213
-0.004741703160107136
-0.004747223109006882
-0.004752862267196178
-0.004758574534207582
-0.004764309152960777
-0.004770011175423861
-0.004775624722242355
-0.004781094845384359
-0.004786374978721142
-0.00479142414405942
-0.00479621160775423
-0.004800720140337944
-0.004804944153875113
-0.00480889156460762
-0.004812581464648247
-0.004816041793674231
-0.004819309338927269
-0.004822421353310347
-0.004825416952371597
-0.004828330595046282
-0.004831189755350351
-0.004834011197090149
-0.00483680097386241
-0.004839551169425249
-0.004842240363359451
-0.004844835493713617
-0.004847292322665453
-0.004849556367844343
-0.004851567093282938
-0.004853261634707451
-0.004854576662182808
-0.004855449311435223
-0.004855821840465069
-0.004855640698224306
-0.004854859784245491
-0.004853439051657915
-0.004851344041526318
-0.00484854681417346
-0.004845021292567253
-0.004840743262320757
-0.004835690371692181
-0.004829838871955872
-0.004823162686079741
-0.004815631080418825
-0.004807213321328163
-0.004797873087227345
-0.004787572659552097
-0.004776272457093
-0.004763934295624495
-0.004750520456582308
-0.004735997878015041
-0.004720336757600307
-0.004703514743596315
-0.004685517400503159
-0.004666340537369251
-0.004645987413823605
-0.004624473862349987
-0.004601825494319201
-0.004578078165650368
-0.004553280305117369
-0.004527491051703691
-0.004500779788941145
-0.004473226144909859
-0.004444920923560858
-0.004415965639054775
-0.004386468324810266
-0.004356548190116882
-0.004326331429183483
-0.004295951686799526
-0.004265549592673779
-0.00423527043312788
-0.004205261822789907
-0.004175675101578236
-0.004146660678088665
-0.004118366632610559
-0.004090939648449421
-0.004064519889652729
-0.004039240535348654
-0.004015224520117044
-0.003992587327957153
-0.003971430007368326
-0.003951838705688715
-0.003933885134756565
-0.003917623311281204
-0.003903087694197893
-0.003890293650329113
-0.003879236057400703
-0.003869886277243495
-0.003862194251269102
-0.00385608640499413
-0.00385146657936275
-0.003848216263577342
-0.003846195759251714
-0.00384524604305625
-0.003845189232379198
-0.003845834406092763
-0.003846976906061172
-0.003848405322059989
-0.003849904984235764
-0.003851260989904404
-0.003852264955639839
-0.003852719441056252
-0.003852441441267729
-0.00385126774199307
-0.003849059576168656
-0.003845704020932317
-0.003841118887066841
-0.0038352538831532
-0.003828092012554407
-0.003819650504738092
-0.003809979651123285
-0.003799161408096552
-0.003787308000028133
-0.003774558659642935
-0.003761075437068939
-0.003747039707377553
-0.003732647513970733
-0.003718105144798756
-0.003703622845932841
-0.003689409699290991
-0.003675668267533183
-0.003662589937448502
-0.003650348167866468
-0.003639095695689321
-0.003628959180787206
-0.003620034083724022
-0.003612384665757418
-0.003606039332225919
-0.003600991098210216
-0.003597196657210588
-0.003594576381146908
-0.003593017347157001
-0.003592375898733735
-0.003592482302337885
-0.003593144007027149
-0.003594153327867389
-0.003595292801037431
-0.003596340538933873
-0.003597080241888762
-0.003597305389121175
-0.003596827853471041
-0.003595483023673296
-0.003593136789277196
-0.003589688800275326
-0.003585077822208405
-0.003579282434657216
-0.003572324058040977
-0.003564265090972185
-0.003555206814780831
-0.003545287530869246
-0.003534676507115364
-0.003523569088429213
-0.003512179013341665
-0.003500731661915779
-0.003489454742521048
-0.003478571074083447
-0.003468289505690336
-0.003458796767517924
-0.003450251184403896
-0.003442776156589389
-0.003436455270275474
-0.003431329736486077
-0.003427396528422832
-0.003424608381465077
-0.003422875422984362
-0.003422070760279894
-0.003422032808884978
-0.00342257390730083
-0.003423487301915884
-0.003424554597586393
-0.003425557399168611
-0.003426282433792949
-0.003426532726734877
-0.003426134120672941
-0.003424942959100008
-0.003422851674258709
-0.003419792279601097
-0.003415738232433796
-0.003410706063732505
-0.003404752817004919
-0.003397974651306868
-0.00339049962349236
-0.003382483962923288
-0.003374103223904967
-0.003365545533597469
-0.003357002045959234
-0.003348659258335829
-0.003340690396726131
-0.003333248430863023
-0.003326458390802145
-0.003320414572954178
-0.003315174952149391
-0.003310760715976357
-0.003307155333459377
-0.00330430781468749
-0.003302134340628982
-0.003300524549558759
-0.003299347590655088
-0.003298457944765687
-0.003297705203294754
-0.003296940121799707
-0.003296022536233068
-0.003294828347861767
-0.003293256275355816
-0.003291231347247958
-0.003288709325715899
-0.003285676706582308
-0.00328215304762125
-0.003278187243267894
-0.003273855429142714
-0.003269256791099906
-0.003264506347477436
-0.003259729826822877
-0.003255056217312813
-0.003250610781833529
-0.003246509470045567
-0.003242852631956339
-0.003239719662815332
-0.003237165976315737
-0.003235219977796078
-0.003233884926885366
-0.003233136842027307
-0.003232927992939949
-0.003233191557228565
-0.003233844880014658
-0.003234795527532697
-0.003235947107896209
-0.003237205324694514
-0.003238482167944312
-0.003239702899008989
-0.003240807913243771
-0.003241756930947304
-0.003242529695853591
-0.003243126440793276
-0.003243566490709782
-0.003243885934352875
-0.003244133898988366
-0.003244367893785238
-0.003244648687541485
-0.003245035652071238
-0.003245580941438675
-0.003246325999498367
-0.00324729667045176
-0.003248501103371382
-0.003249926958233118
-0.00325154303573072
-0.003253298811614513
-0.00325512676499784
-0.003256945870816708
-0.003258665790781379
-0.003260192461311817
-0.00326143205165863
-0.003262296784669161
-0.003262708894908428
-0.00326260644942522
-0.003261945443227887
-0.003260702360421419
-0.00325887487269938
-0.003256481839343905
-0.003253562608733773
-0.003250173293054104
-0.00324638350866735
-0.003242273349314928
-0.00323792826384306
-0.003233434399589896
-0.003228874178603292
-0.003224322572350502
-0.003219843842089176
-0.003215489676222205
-0.003211298026144505
-0.003207291709259152
-0.003203480271622539
-0.003199860686436296
-0.003196420846506953
-0.003193141892552376
-0.00319000193849206
-0.003186978166922927
-0.00318405102007091
-0.003181206295266747
-0.003178437007591128
-0.00317574362270534
-0.003173136152327061
-0.003170632757246494
-0.003168258117511868
-0.003166041569784284
-0.003164014779031277
-0.00316220847889781
-0.00316064921207726
-0.003159357002004981
-0.003158343024551868
-0.003157607046887279
-0.003157136496156454
-0.003156905760988593
-0.003156877355650067
-0.003157002152875066
-0.003157223109155893
-0.003157475031912327
-0.003157689934596419
-0.003157799830660224
-0.003157739294692874
-0.003157449420541525
-0.003156879683956504
-0.003155991202220321
-0.003154757199808955
-0.003153164871037006
-0.003151214448735118
-0.003148919204249978
-0.003146304283291101
-0.003143404377624393
-0.003140262328088284
-0.003136925864964724
-0.003133445512503386
-0.003129873424768448
-0.003126258496195078
-0.003122647292912006
-0.003119081724435091
-0.003115598112344742
-0.003112227423116565
-0.003108993638306856
-0.003105915151536465
-0.003103007096797228
-0.003100278321653605
-0.003097734646871686
-0.003095378633588552
-0.003093210980296135
-0.003091229824349284
-0.003089431207627058
-0.003087808843702078
-0.003086354117840528
-0.003085056087002158
-0.003083901712670922
-0.003082873998209834
-0.003081952221691608
-0.003081111935898662
-0.003080325666815042
-0.003079561982303858
-0.003078787587583065
-0.003077967558056116
-0.00307706743478775
-0.00307605299167335
-0.003074893727898598
-0.003073562402278185
-0.003072037361562252
-0.003070304170250893
-0.003068356076255441
-0.003066194476559758
-0.003063829150050879
-0.003061278257519007
