0
0
0
0
0
0
0
0
0
0
0
0
0
0
0
0
0
0
0
0
0
0
0
0
0
0
0
0
0
0
0
0
0
0
0
0
0
0
0
0
0
0
0
0
0
0
0
0
0
0
0
0
0
0
0
0
0
0
0
0
0
0
0
0
0
0
0
0
0
0
0
0
0
0
0
0
0
0
0
0
0
0
0
0
0
0
0
0
0
0
0
0
0
0
0
0
0
0
0
0
0
0
0
0
0
0
0
0
0
0
0
0
0
0
0
0
0
0
0
0
0
0
0
0
0
0
0
0
0
0
0
0
0
0
0
0
0
0
0
0
0
0
0
0
0
0
0
0
0
0
0
0
0
0
0
0
0
0
0
0
0
0
0
0
0
0
0
0
0
0
0
0
0
0
0
0
0
0
0
0
0
0
0
0
0
0
0
0
0
0
0
0
0
0
0
0
0
0
0
0
0
0
0
0
0
0
0
0
0
0
0
0
0
0
0
0
0
0
0
0
0
0
0
0
0
0
0
0
0
0
0
0
0
0
0
0
0
0
0
0
0
0
0
0
0
0
0
0
0
0
0
0
0
0
0
0
0
0
0
0
0
0
0
0
0
0
0
0
0
0
0
0
0
0
0
0
0
0
0
0
0
0
0
0
0
0
0
0
0
0
0
0
0
0
0
0
0
0
0
0
0
0
0
0
0
0
0
0
0
0
0
0
0
0
0
0
0
0
0
0
0
0
0
0
0
0
0
0
0
0
0
0
0
0
0
0
0
0
0
0
0
0
0
0
0
0
0
0
0
0
0
0
0
0
0
0
0
0
0
0
0
0
0
0
0
0
0
0
0
0
0
0
0
0
0
0
0
0
0
0
0
0
0
0
0
0
0
0
0
0
0
0
0
0
0
0
0
0
0
0
0
0
0
0
0
0
0
0
0
0
0
0
0
0
0
0
0
0
0
0
0
0
0
0
0
0
0
0
0
0
0
0
0
0
0
0
0
0
0
0
0
0
0
0
0
0
0
0
0
0
0
0
0
0
0
0
0
0
0
0
0
0
0
0
0
0
0
0
0
0
0
0
0
0
0
0
0
0
0
0
0
0
0
0
0
0
0
0
0
0
0
0
0
0
0
0
0
0
0
0
0
0
0
0
0
0
0
0
0
0
0
0
0
0
0
0
0
0
0
0
0
0
0
0
0
0
0
0
0
0
0
0
0
0
0
0
0
0
0
0
0
0
0
0
0
0
0
0
0
0
0
0
0
0
0
0
0
0
0
0
0
0
0
0
0
0
0
0
0
0
0
0
0
0
0
0
0
0
0
0
0
0
0
0
0
0
0
0
0
0
0
0
0
0
0
0
0
0
0
0
0
0
0
0
0
0
0
0
0
0
0
0
0
0
0
0
0
0
0
0
0
0
0
0
0
0
0
0
0
0
0
0
0
0
0
0
0
0
0
0
0
0
0
0
0
0
0
0
0
0
0
0
0
0
0
0
0
0
0
0
0
0
0
0
0
0
0
0
0
0
0
0
0
0
0
0
0
0
0
0
0
0
0
0
0
0
0
0
0
0
0
0
0
0
0
0
0
0
0
0
0
0
0
0
0
0
0
0
0
0
0
0
0
0
0
0
0
0
0
0
0
0
0
0
0
0
0
0
0
0
0
0
0
0
0
0
0
0
0
0
0
0
0
0
0
0
0
0
0
0
0
0
0
0
0
0
0
0
0
0
0
0
0
0
0
0
0
0
0
0
0
0
0
0
0
0
0
0
0
0
0
0
0
0
0
0
0
0
0
0
0
0
0
0
0
0
0
0
0
0
0
0
0
0
0
0
0
0
0
0
0
0
0
0
0
0
0
0
0
0
0
0
0
0
0
0
0
0
0
0
0
0
0
0
0
0
0
0
0
0
0
0
0
0
0
0
0
0
0
0
0
0
0
0
0
0
0
0
0
0
0
0
0
0
0
0
0
0
0
0
0
0
0
0
0
0
0
0
0
0
0
0
0
0
0
0
0
0
0
0
0
0
0
0
0
0
0
0
0
0
0
0
0
0
0
0
0
0
0
0
0
0
0
0
0
0
0
0
0
0
0
0
0
0
0
0
0
0
0
0
0
0
0
0
0
0
0
0
0
0
0
0
0
0
0
0
0
0
0
0
0
0
0
0
0
0
0
0
0
0
0
0
0
0
0
0
0
0
0
0
0
0
0
0
0
0
0
0
0
0
0
0
0
0
0
0
0
0
0
0
0
0
0
0
0
0
0
0
0
0
0
0
0
0
0
0
0
0
0
0
0
0
0
0
0
0
0
0
0
0
0
0
0
0
0
0
0
0
0
0
0
0
0
0
0
0
0
0
0
0
0
0
0
0
0
0
0
0
0
0
0
0
0
0
0
0
0
0
0
0
0
0
0
0
0
0
0
0
0
0
0
0
0
0
0
0
0
0
0
0
0
0
0
0
0
0
0
0
0
0
0
0
0
0
0
0
0
0
0
0
0
0
0
0
0
0
0
0
0
0
0
0
0
0
0
0
0
0
0
0
0
0
0
0
0
0
0
0
0
0
0
0
0
0
0
0
0
0
0
0
0
0
0
0
0
0
0
0
0
0
0
0
0
0
0
0
0
0
0
0
0
0
0
0
0
0
0
0
0
0
0
0
0
0
0
0
0
0
0
0
0
0
0
0
0
0
0
0
0
0
0
0
0
0
0
0
0
0
0
0
2.802596928649634e-45
1.401298464324817e-44
4.484155085839415e-44
1.008934894313868e-43
2.059908742557481e-43
3.97968763868248e-43
7.51095976878102e-43
1.402699762789142e-42
2.586796965143612e-42
4.741994003275181e-42
8.65441931567007e-42
1.576180512672554e-41
2.862852762615601e-41
5.187887174623338e-41
9.379170881418866e-41
1.691647506132919e-40
3.044461043592098e-40
5.467053854686128e-40
9.796197304401931e-40
1.75157403495977e-39
3.125161822152564e-39
5.564058740879013e-39
9.885291860763703e-39
1.752540650640461e-38
3.10048747853304e-38
5.473648925778626e-38
9.642977088235113e-38
1.695253663652951e-37
2.97405936032891e-37
5.206643498516387e-37
9.096227870150536e-37
1.585849785967251e-36
2.759064751076305e-36
4.790299832986691e-36
8.29977789317083e-36
1.435076420769503e-35
2.476225628713004e-35
4.263968291349536e-35
7.327367123622697e-35
1.256591407620155e-34
2.150572884136625e-34
3.673075922386537e-34
6.26070403464362e-34
1.064965831256833e-33
1.807878169141023e-33
3.062847509351413e-33
5.178523915138459e-33
8.738014481634427e-33
1.471456057305301e-32
2.472927432632774e-32
4.147692143942101e-32
6.942797598880309e-32
1.1598366485199e-31
1.933727351064545e-31
3.217593935022757e-31
5.343262233809625e-31
8.855692016213537e-31
1.464808337000342e-30
2.418148737607619e-30
3.984104319795652e-30
6.551267372951926e-30
1.075148209736659e-29
1.761007898887773e-29
2.878761214881285e-29
4.696808688800901e-29
7.648114568935838e-29
1.24297291754254e-28
2.016165540071611e-28
3.263993125150844e-28
5.273903485504328e-28
8.505043375440085e-28
1.368937426664339e-27
2.199149299645809e-27
3.526072660869838e-27
5.642798321871695e-27
9.012925353656588e-27
1.436833563885484e-26
2.286218281315623e-26
3.630787474913314e-26
5.755156304455269e-26
9.105163839445928e-26
1.437785281426803e-25
2.266089971465964e-25
3.56482545283882e-25
5.597300430199403e-25
8.772015922998e-25
1.372150377782991e-24
2.142331648414048e-24
3.33853153166815e-24
5.19289147878353e-24
8.062115852869859e-24
1.249326588663207e-23
1.932373636362398e-23
2.983290821082028e-23
4.597167704532141e-23
7.070928849310848e-23
1.08556285127167e-22
1.66351541948573e-22
2.544445227588172e-22
3.884675224476999e-22
5.919875775429689e-22
9.004669770948611e-22
1.367165873378652e-21
2.071923654299636e-21
3.134196832537833e-21
4.732381063772566e-21
7.13238906554549e-21
1.072983309245555e-20
1.611218424723873e-20
2.415017129364213e-20
3.613192770291248e-20
5.39595181351114e-20
8.043623829913549e-20
1.196858872789428e-19
1.777634659325126e-19
2.635427416891151e-19
3.900043109347241e-19
5.761004841653662e-19
8.494507961847928e-19
1.250230452917121e-18
1.836768819039564e-18
2.693593723590114e-18
3.942970629512658e-18
5.761418431959938e-18
8.403309644952732e-18
1.223452072908396e-17
1.778033163924981e-17
2.579345191745515e-17
3.735050014432961e-17
5.398849370328246e-17
7.789765630948265e-17
1.121931666934171e-16
1.612975724698802e-16
2.31477640281688e-16
3.315969081773667e-16
4.741683556586877e-16
6.768240587837128e-16
9.64362892316782e-16
1.371598545664757e-15
1.947313075628112e-15
2.759733503800523e-15
3.904103602903053e-15
5.513136283353268e-15
7.771407012379696e-15
1.093513859784555e-14
1.535935177058179e-14
2.153504357802448e-14
3.013998691467693e-14
4.210804068708468e-14
5.872348641427008e-14
8.17492232761674e-14
1.136005758862677e-13
1.575805729393115e-13
2.181976929867269e-13
3.015942530437687e-13
4.161227027017766e-13
5.731196225065849e-13
7.879428446516679e-13
1.081358527027509e-12
1.481392807901882e-12
2.025798149021818e-12
2.765333535076353e-12
3.768115160174279e-12
5.125380155013293e-12
6.959099529274537e-12
9.432024605793288e-12
1.27609069144885e-11
1.723386711116603e-11
2.323315498320433e-11
3.126494896310561e-11
4.199824168993338e-11
5.631550781259875e-11
7.537860613471281e-11
1.007142771958236e-10
1.343248567930999e-10
1.788314357709098e-10
2.37658309698574e-10
3.152705041475912e-10
4.174788015287589e-10
5.518304702079035e-10
7.281095171229879e-10
9.589741223337001e-10
1.26076937778663e-09
1.654559267372235e-09
2.167436008448931e-09
2.83417644908468e-09
3.699333062101573e-09
4.819868060224053e-09
6.268466634651304e-09
8.13768963325856e-09
1.054517362319984e-08
1.364012369720058e-08
1.76114021144258e-08
2.269758603290484e-08
2.919944463997126e-08
3.74953721404836e-08
4.806044984206892e-08
6.148994202703761e-08
7.852813865838471e-08
1.001037475134581e-07
1.273731840001346e-07
1.6177335737666e-07
2.050861098723544e-07
2.595161276985891e-07
3.277856421846082e-07
4.132488413688407e-07
5.200295731810911e-07
6.531872145387752e-07
8.189152822524193e-07
1.024779635372397e-06
1.280001697523403e-06
1.595796561559837e-06
1.985773451451678e-06
2.46641047851881e-06
3.0576136396121e-06
3.783376996580046e-06
4.672556769946823e-06
5.759774921898497e-06
7.086476216500159e-06
8.702158993401099e-06
1.066580080077983e-05
1.304750458075432e-05
1.593040542502422e-05
1.941284426720813e-05
2.361087717872579e-05
2.866113027266692e-05
3.47240456903819e-05
4.198754322715104e-05
5.067119855084457e-05
6.103089253883809e-05
7.336406997637823e-05
8.801552758086473e-05
0.0001053839732776396
0.0001259291311725974
0.0001501796650700271
0.0001787418004823849
0.0002123088634107262
0.0002516713284421712
0.0002977279364131391
0.0003514974087011069
0.000414131092838943
0.0004869260301347822
0.0005713390419259667
0.0006690008449368179
0.0007817310397513211
0.0009115528082475066
0.001060708309523761
0.001231673290021718
0.001427171286195517
0.001650187303312123
0.001903979340568185
0.002192090032622218
0.002518354915082455
0.002886907197535038
0.003302181139588356
0.003768912283703685
0.004292130004614592
0.004877147264778614
0.005529544781893492
0.006255148444324732
0.007060000207275152
0.007950320839881897
0.008932461962103844
0.01001285575330257
0.01119794975966215
0.01249413564801216
0.0139076691120863
0.01544457394629717
0.017110550776124
0.01891086064279079
0.02085021883249283
0.02293266169726849
0.02516143210232258
0.0275388453155756
0.03006615862250328
0.0327434353530407
0.03556941822171211
0.03854142874479294
0.04165523871779442
0.04490498080849648
0.04828307405114174
0.05178015679121017
0.0553850457072258
0.05908477306365967
0.06286455690860748
0.06670787930488586
0.0705965980887413
0.07451105117797852
0.07843025028705597
0.08233208954334259
0.08619359880685806
0.08999122679233551
0.09370114654302597
0.09729964286088943
0.1007634922862053
0.104070320725441
0.1071990430355072
0.1101303026080132
0.1128468289971352
0.1153338775038719
0.1175795719027519
0.1195752322673798
0.1213156580924988
0.1227993667125702
0.1240287572145462
0.1250101625919342
0.1257538646459579
0.126274049282074
0.1265885233879089
0.1267185807228088
0.1266884803771973
0.1265251934528351
0.1262577176094055
0.1259165853261948
0.1255331188440323
0.1251388490200043
0.1247647181153297
0.1244403645396233
0.1241934448480606
0.1240489333868027
0.1240285113453865
0.1241500154137611
0.1244269460439682
0.1248681470751762
0.1254775822162628
0.126254215836525
0.1271920800209045
0.1282804310321808
0.1295040994882584
0.1308440268039703
0.1322777271270752
0.1337800770998001
0.1353240609169006
0.1368816494941711
0.1384247243404388
0.1399258822202682
0.1413594782352448
0.1427022218704224
0.1439341604709625
0.1450391411781311
0.1460054218769073
0.1468259543180466
0.1474986672401428
0.1480263322591782
0.1484165191650391
0.1486812084913254
0.1488363146781921
0.1489009857177734
0.1488969027996063
0.1488474011421204
0.14877650141716
0.1487081199884415
0.1486649811267853
0.1486679166555405
0.148734986782074
0.148880809545517
0.1491161584854126
0.1494475454092026
0.1498770862817764
0.1504025012254715
0.1510173678398132
0.1517114192247391
0.1524712145328522
0.1532807499170303
0.1541221141815186
0.1549765169620514
0.1558250933885574
0.1566496640443802
0.1574336588382721
0.1581627428531647
0.1588254421949387
0.1594136357307434
0.1599226891994476
0.1603517085313797
0.1607034355401993
0.1609839498996735
0.1612022668123245
0.1613698601722717
0.1615000218153
0.1616070419549942
0.1617055684328079
0.1618098765611649
0.1619330197572708
0.1620863974094391
0.1622790843248367
0.1625175923109055
0.1628054827451706
0.1631433963775635
0.1635290831327438
0.1639576256275177
0.1644217967987061
0.1649125665426254
0.1654196083545685
0.1659319400787354
0.166438490152359
0.1669286787509918
0.1673929691314697
0.1678233444690704
0.1682136654853821
0.1685597896575928
0.1688597500324249
0.1691137254238129
0.1693238168954849
0.1694937199354172
0.1696284562349319
0.1697338223457336
0.1698159724473953
0.1698808968067169
0.1699338406324387
0.1699790209531784
0.1700191795825958
0.1700552999973297
0.170086458325386
0.1701097339391708
0.1701203435659409
0.1701116859912872
0.1700757145881653
0.1700031161308289
0.1698837429285049
0.1697070002555847
0.1694623082876205
0.1691394001245499
0.1687287837266922
0.1682219207286835
0.1676114648580551
0.1668915152549744
0.1660575717687607
0.1651066094636917
0.1640370786190033
0.1628487408161163
0.1615425199270248
0.1601203978061676
0.1585852652788162
0.1569407880306244
0.1551913172006607
0.1533418595790863
0.1513979732990265
0.1493659019470215
0.1472525745630264
0.1450658291578293
0.1428144127130508
0.1405082046985626
0.1381582915782928
0.1357771009206772
0.1333783715963364
0.1309772431850433
0.1285901516675949
0.1262345165014267
0.1239286959171295
0.1216915100812912
0.1195418760180473
0.1174983754754066
0.1155786737799644
0.1137989982962608
0.1121736317873001
0.1107143461704254
0.1094299554824829
0.1083259135484695
0.1074039191007614
0.1066618263721466
0.1060934513807297
0.1056886464357376
0.1054335087537766
0.1053106114268303
0.1052995175123215
0.1053772196173668
0.1055188253521919
0.1056983098387718
0.1058892160654068
0.1060654744505882
0.1062022373080254
0.1062765866518021
0.1062682941555977
0.1061604544520378
0.1059400141239166
0.1055981814861298
0.10513074696064
0.1045381501317024
0.1038254350423813
0.1030021011829376
0.1020817011594772
0.1010813266038895
0.1000209897756577
0.09892281144857407
0.09781022369861603
0.09670698642730713
0.09563631564378738
0.09461994469165802
0.09367724508047104
0.09282444417476654
0.09207399189472198
0.09143401682376862
0.09090805053710938
0.09049485623836517
0.09018855541944504
0.089978888630867
0.0898517370223999
0.08978977054357529
0.08977332711219788
0.08978131413459778
0.08979222923517227
0.08978521823883057
0.08974108099937439
0.08964316546916962
0.08947819471359253
0.08923687040805817
0.08891426771879196
0.08851005136966705
0.08802837878465652
0.08747759461402893
0.0868697464466095
0.08621978014707565
0.08554473519325256
0.08486268669366837
0.08419174700975418
0.08354905247688293
0.08294977992773056
0.08240629732608795
0.08192755281925201
0.08151858299970627
0.08118037134408951
0.0809098556637764
0.08070020377635956
0.08054137229919434
0.08042077720165253
0.08032415062189102
0.08023647218942642
0.08014293760061264
0.08002986758947372
0.07988555729389191
0.07970094680786133
0.07947013527154922
0.07919064909219742
0.07886346429586411
0.07849283516407013
0.07808593660593033
0.07765220105648041
0.07720264047384262
0.07674902677536011
0.07630305737257004
0.07587554305791855
0.07547569274902344
0.0751105472445488
0.07478451728820801
0.07449923455715179
0.07425352185964584
0.07404356449842453
0.07386332005262375
0.07370505481958389
0.0735599547624588
0.07341880351305008
0.07327273488044739
0.07311385869979858
0.07293578237295151
0.07273401319980621
0.07250624150037766
0.07225240021944046
0.07197458297014236
0.07167673856019974
0.07136430591344833
0.0710437074303627
0.0707218274474144
0.07040538638830185
0.07010045647621155
0.06981201469898224
0.06954355537891388
0.06929692625999451
0.06907223910093307
0.06886794418096542
0.06868106871843338
0.06850748509168625
0.06834236532449722
0.06818058341741562
0.06801716238260269
0.06784769147634506
0.06766864657402039
0.06747765094041824
0.06727362424135208
0.06705678999423981
0.06682856380939484
0.06659138202667236
0.06634842604398727
0.06610331684350967
0.06585974991321564
0.06562116742134094
0.0653904601931572
0.06516978889703751
0.06496036052703857
0.06476245820522308
0.06457539647817612
0.06439767777919769
0.06422717124223709
0.06406132876873016
0.06389747560024261
0.06373303383588791
0.06356575340032578
0.06339388340711594
0.06321635097265244
0.06303276866674423
0.06284341961145401
0.06264922767877579
0.06245157122612
0.06225216388702393
0.06205284222960472
0.06185538321733475
0.06166132166981697
0.06147182732820511
0.06128761172294617
0.06110884621739388
0.06093522533774376
0.06076597049832344
0.06059995666146278
0.06043581292033195
0.06027206033468246
0.06010725349187851
0.05994010344147682
0.05976954847574234
0.05959482863545418
0.05941552296280861
0.05923149734735489
0.05904286727309227
0.05884993821382523
0.0586530826985836
0.05845263972878456
0.05824883654713631
0.05804166570305824
0.05783084407448769
0.05761576443910599
0.05739545077085495
0.05716860666871071
0.05693362280726433
0.05668864026665688
0.0564315989613533
0.05616029351949692
0.05587243661284447
0.05556569620966911
0.05523773282766342
0.05488616600632668
0.05450861155986786
0.05410263687372208
0.05366570875048637
0.05319516360759735
0.05268814414739609
0.05214153975248337
0.05155197158455849
0.05091574415564537
0.05022886022925377
0.04948700219392776
0.04868556186556816
0.04781968519091606
0.04688431322574615
0.04587424919009209
0.04478419944643974
0.04360887035727501
0.04234298691153526
0.04098138958215714
0.03951906785368919
0.03795121237635612
0.03627325966954231
0.03448094427585602
0.03257033228874207
0.03053789399564266
0.02838054113090038
0.02609569765627384
0.02368137799203396
0.02113624662160873
0.01845972239971161
0.01565205864608288
0.01271443068981171
0.009649026207625866
0.006459126248955727
0.003149182070046663
-0.0002751274150796235
-0.003806852735579014
-0.007437737192958593
-0.01115821581333876
-0.01495741866528988
-0.01882320456206799
-0.02274220250546932
-0.02669990435242653
-0.03068073838949203
-0.03466818481683731
-0.03864490613341331
-0.04259290173649788
-0.04649366065859795
-0.05032837018370628
-0.05407809838652611
-0.05772404000163078
-0.06124769896268845
-0.06463119387626648
-0.06785745918750763
-0.07091054320335388
-0.07377584278583527
-0.07644036412239075
-0.07889300584793091
-0.08112475275993347
-0.08312888443470001
-0.08490121364593506
-0.08644018322229385
-0.08774702250957489
-0.08882579207420349
-0.08968342840671539
-0.09032976627349854
-0.09077735990285873
-0.0910414531826973
-0.09113975614309311
-0.09109220653772354
-0.09092068672180176
-0.09064871072769165
-0.09030099958181381
-0.08990313112735748
-0.08948101848363876
-0.08906052261590958
-0.08866693079471588
-0.08832449465990067
-0.08805588632822037
-0.08788186311721802
-0.08782073855400085
-0.08788800984621048
-0.08809606730937958
-0.08845389634370804
-0.08896689862012863
-0.08963672816753387
-0.09046126902103424
-0.09143471717834473
-0.0925476998090744
-0.09378748387098312
-0.09513828903436661
-0.09658168256282806
-0.09809709340333939
-0.09966225177049637
-0.1012538149952888
-0.1028479486703873
-0.1044209375977516
-0.1059498339891434
-0.1074130237102509
-0.108790822327137
-0.1100660189986229
-0.1112242639064789
-0.1122544929385185
-0.1131491884589195
-0.1139045730233192
-0.1145206764340401
-0.1150012761354446
-0.1153537929058075
-0.11558897793293
-0.1157205626368523
-0.1157648339867592
-0.1157400533556938
-0.1156659424304962
-0.1155629903078079
-0.1154517605900764
-0.1153522804379463
-0.1152833923697472
-0.1152621358633041
-0.1153032258152962
-0.1154185608029366
-0.1156168803572655
-0.1159035041928291
-0.1162801906466484
-0.1167451068758965
-0.1172929257154465
-0.1179150640964508
-0.1185999810695648
-0.1193336322903633
-0.1200999617576599
-0.1208814680576324
-0.1216598004102707
-0.1224163770675659
-0.1231330558657646
-0.1237926408648491
-0.1243794783949852
-0.1248799040913582
-0.1252825856208801
-0.1255788654088974
-0.1257627904415131
-0.1258313357830048
-0.1257841736078262
-0.1256235837936401
-0.125354066491127
-0.124982088804245
-0.1245155557990074
-0.1239633560180664
-0.1233347877860069
-0.1226391196250916
-0.1218850016593933
-0.1210800483822823
-0.120230421423912
-0.1193405389785767
-0.1184128522872925
-0.11744774132967
-0.1164434850215912
-0.1153964176774025
-0.1143011301755905
-0.1131508499383926
-0.1119377464056015
-0.1106534823775291
-0.1092896908521652
-0.1078385189175606
-0.1062931716442108
-0.1046484410762787
-0.1029011234641075
-0.1010503992438316
-0.09909819066524506
-0.09704931080341339
-0.09491153061389923
-0.09269560128450394
-0.09041506797075272
-0.08808603882789612
-0.08572681993246078
-0.08335745334625244
-0.0809992179274559
-0.0786740630865097
-0.07640402019023895
-0.07421063631772995
-0.07211438566446304
-0.07013409584760666
-0.06828652322292328
-0.06658589839935303
-0.06504363566637039
-0.06366804987192154
-0.06246426329016685
-0.06143413856625557
-0.06057633832097054
-0.05988642945885658
-0.05935710296034813
-0.05897846072912216
-0.05873830243945122
-0.05862249806523323
-0.05861534923315048
-0.05869998410344124
-0.05885873362421989
-0.05907350406050682
-0.05932611972093582
-0.05959866940975189
-0.0598737932741642
-0.06013495847582817
-0.06036670133471489
-0.06055484712123871
-0.06068670377135277
-0.06075122579932213
-0.06073917075991631
-0.06064319983124733
-0.06045802310109138
-0.06018045917153358
-0.05980950593948364
-0.05934636667370796
-0.05879445746541023
-0.05815935879945755
-0.05744874849915504
-0.05667224153876305
-0.05584122985601425
-0.05496861785650253
-0.05406853184103966
-0.05315598100423813
-0.05224646255373955
-0.0513555184006691
-0.05049828439950943
-0.04968902096152306
-0.04894063621759415
-0.04826426133513451
-0.04766885563731194
-0.04716084524989128
-0.04674389213323593
-0.04641870781779289
-0.04618300870060921
-0.04603156447410583
-0.04595634341239929
-0.04594681039452553
-0.04599029198288918
-0.04607246816158295
-0.04617790505290031
-0.04629066213965416
-0.04639491066336632
-0.04647557064890862
-0.04651891440153122
-0.04651310667395592
-0.04644868150353432
-0.0463188998401165
-0.04612001404166222
-0.04585137590765953
-0.04551542922854424
-0.0451175682246685
-0.04466580972075462
-0.04417043924331665
-0.04364349320530891
-0.04309819638729095
-0.04254832491278648
-0.04200758039951324
-0.04148895666003227
-0.04100416228175163
-0.04056311398744583
-0.04017350450158119
-0.03984049335122108
-0.03956653922796249
-0.03935136646032333
-0.03919201716780663
-0.0390830971300602
-0.03901710361242294
-0.03898485004901886
-0.03897595405578613
-0.03897939249873161
-0.03898409008979797
-0.0389794260263443
-0.03895580023527145
-0.03890503570437431
-0.038820780813694
-0.03869874775409698
-0.03853686153888702
-0.03833528235554695
-0.03809633105993271
-0.03782426938414574
-0.0375250056385994
-0.03720572963356972
-0.03687447309494019
-0.03653962910175323
-0.03620953485369682
-0.03589197248220444
-0.03559378907084465
-0.03532056882977486
-0.03507635742425919
-0.03486350923776627
-0.03468261659145355
-0.03453256189823151
-0.03441063687205315
-0.03431276232004166
-0.03423377871513367
-0.03416779264807701
-0.03410851955413818
-0.03404968976974487
-0.03398538753390312
-0.03391037881374359
-0.03382041305303574
-0.03371238335967064
-0.03358450159430504
-0.03343631699681282
-0.03326869010925293
-0.03308368474245071
-0.0328843928873539
-0.03267468884587288
-0.03245894610881805
-0.03224178776144981
-0.03202774003148079
-0.03182098641991615
-0.03162512183189392
-0.03144295141100883
-0.03127633407711983
-0.03112613223493099
-0.03099220059812069
-0.03087343275547028
-0.0307678934186697
-0.030672961845994
-0.03058554418385029
-0.03050229325890541
-0.0304198395460844
-0.03033501282334328
-0.03024504147469997
-0.03014771267771721
-0.03004148788750172
-0.02992557175457478
-0.02979992516338825
-0.02966523729264736
-0.02952282875776291
-0.02937453612685204
-0.02922255732119083
-0.02906928025186062
-0.0289171114563942
-0.02876830659806728
-0.02862481772899628
-0.02848817594349384
-0.02835941500961781
-0.02823900431394577
-0.02812686562538147
-0.02802239172160625
-0.02792452834546566
-0.02783187478780746
-0.02774278819561005
-0.02765553817152977
-0.02756841108202934
-0.02747984603047371
-0.02738854475319386
-0.02729353681206703
-0.02719424292445183
-0.02709049172699451
-0.02698250487446785
-0.02687086164951324
-0.02675643377006054
-0.02664029784500599
-0.0265236534178257
-0.02640770561993122
-0.02629359066486359
-0.02618229016661644
-0.02607455477118492
-0.02597086690366268
-0.02587142027914524
-0.02577612362802029
-0.02568461932241917
-0.02559632435441017
-0.02551049552857876
-0.02542630024254322
-0.02534287795424461
-0.02525941282510757
-0.02517519146203995
-0.02508966438472271
-0.02500246651470661
-0.02491343580186367
-0.02482262440025806
-0.024730259552598
-0.02463673427700996
-0.02454255148768425
-0.02444828674197197
-0.02435452304780483
-0.02426180988550186
-0.02417061477899551
-0.02408129908144474
-0.0239940844476223
-0.02390905097126961
-0.02382612973451614
-0.02374513447284698
-0.02366576716303825
-0.0235876627266407
-0.02351041696965694
-0.0234336256980896
-0.02335691638290882
-0.02327997796237469
-0.02320259064435959
-0.02312462404370308
-0.02304605022072792
-0.02296693809330463
-0.02288743667304516
-0.0228077620267868
-0.02272816747426987
-0.02264891937375069
-0.02257027663290501
-0.02249246463179588
-0.02241566218435764
-0.02233998104929924
-0.02226546593010426
-0.02219209633767605
-0.0221197884529829
-0.02204841002821922
-0.02197779715061188
-0.02190776169300079
-0.0218381192535162
-0.02176870405673981
-0.02169937454164028
-0.02163003385066986
-0.02156062796711922
-0.0214911550283432
-0.0214216485619545
-0.02135218307375908
-0.021282859146595
-0.02121379040181637
-0.02114508859813213
-0.02107686921954155
-0.02100922539830208
-0.02094221860170364
-0.02087588422000408
-0.02081022970378399
-0.02074523456394672
-0.02068084478378296
-0.02061699144542217
-0.0205535963177681
-0.02049057744443417
-0.02042785659432411
-0.02036536671221256
-0.02030305564403534
-0.02024089172482491
-0.02017886750400066
-0.02011699043214321
-0.02005529031157494
-0.01999380625784397
-0.0199325866997242
-0.01987168192863464
-0.01981113478541374
-0.01975098624825478
-0.01969126425683498
-0.01963198557496071
-0.01957315392792225
-0.01951475627720356
-0.01945677027106285
-0.01939916238188744
-0.01934190094470978
-0.01928494498133659
-0.0192282609641552
-0.01917182095348835
-0.01911560446023941
-0.01905959844589233
-0.01900380104780197
-0.01894822157919407
-0.01889286749064922
-0.01883775927126408
-0.01878291741013527
-0.01872835867106915
-0.01867409609258175
-0.01862014271318913
-0.01856650970876217
-0.01851319707930088
-0.01846020668745041
-0.01840752549469471
-0.01835514605045319
-0.01830304972827435
-0.01825122162699699
-0.01819965057075024
-0.01814831979572773
-0.01809721812605858
-0.01804634183645248
-0.01799568347632885
-0.01794524490833282
-0.01789502985775471
-0.01784504391252995
-0.01779529266059399
-0.01774578355252743
-0.01769652403891087
-0.01764751970767975
-0.01759877242147923
-0.0175502821803093
-0.01750204712152481
-0.01745406351983547
-0.01740632764995098
-0.01735883392393589
-0.0173115711659193
-0.01726453192532063
-0.01721770875155926
-0.0171710979193449
-0.01712469756603241
-0.01707850396633148
-0.01703251712024212
-0.01698673889040947
-0.01694116741418839
-0.01689580269157887
-0.01685065217316151
-0.01680571399629116
-0.01676098816096783
-0.0167164783924818
-0.01667218655347824
-0.01662811078131199
-0.01658424362540245
-0.01654058508574963
-0.01649713329970837
-0.01645387895405293
-0.01641082391142845
-0.0163679663091898
-0.01632529683411121
-0.01628281734883785
-0.01624052599072456
-0.01619842275977135
-0.01615650579333305
-0.01611477322876453
-0.01607323065400124
-0.01603187061846256
-0.01599070243537426
-0.01594972051680088
-0.01590892486274242
-0.01586831547319889
-0.01582789421081543
-0.01578765735030174
-0.01574760116636753
-0.01570772007107735
-0.01566801592707634
-0.01562848500907421
-0.01558912638574839
-0.01554993819445372
-0.01551091950386763
-0.01547206845134497
-0.01543338783085346
-0.01539487391710281
-0.01535652671009302
-0.01531834620982409
-0.01528033334761858
-0.01524248719215393
-0.01520480681210756
-0.01516729034483433
-0.0151299349963665
-0.01509274076670408
-0.0150557067245245
-0.01501883286982775
-0.01498211547732353
-0.01494555361568928
-0.01490914635360241
-0.01487289275974035
-0.01483679190278053
-0.01480084285140038
-0.01476504467427731
-0.0147293945774436
-0.01469389349222183
-0.01465853955596685
-0.01462333370000124
-0.01458827499300241
-0.01455336343497038
-0.01451859809458256
-0.01448397897183895
-0.01444950606673956
-0.01441517658531666
-0.0143809886649251
-0.01434694323688745
-0.01431303657591343
-0.01427926775068045
-0.01424563769251108
-0.01421214453876019
-0.01417878828942776
-0.0141455652192235
-0.01411247625946999
-0.01407952047884464
-0.01404669694602489
-0.01401400659233332
-0.01398144848644733
-0.01394902169704437
-0.01391672715544701
-0.01388456299901009
-0.01385252829641104
-0.01382062397897243
-0.01378884725272655
-0.01375719718635082
-0.01372567284852266
-0.01369427237659693
-0.01366299670189619
-0.01363184582442045
-0.01360081788152456
-0.01356991287320852
-0.01353912800550461
-0.01350846420973539
-0.01347791962325573
-0.01344749424606562
-0.01341718621551991
-0.01338699739426374
-0.01335692591965199
-0.01332697086036205
-0.0132971303537488
-0.01326740719377995
-0.01323780044913292
-0.01320830825716257
-0.01317892968654633
-0.01314966380596161
-0.013120511546731
-0.01309147104620934
-0.01306254230439663
-0.01303372532129288
-0.01300501823425293
-0.01297642011195421
-0.01294792909175158
-0.01291954610496759
-0.01289127022027969
-0.01286310143768787
-0.01283503789454699
-0.0128070805221796
-0.01277922745794058
-0.01275147963315248
-0.0127238342538476
-0.01269629318267107
-0.01266885362565517
-0.01264151651412249
-0.01261428277939558
-0.01258715055882931
-0.01256011892110109
-0.01253318879753351
-0.01250635739415884
-0.01247962657362223
-0.0124529954046011
-0.0124264620244503
-0.01240002643316984
-0.01237368956208229
-0.01234744861721992
-0.01232130452990532
-0.01229525543749332
-0.01226930227130651
-0.01224344223737717
-0.01221767440438271
-0.01219199877232313
-0.01216641534119844
-0.01214092411100864
-0.01211552321910858
-0.01209021452814341
-0.01206499617546797
-0.01203986722975969
-0.01201482955366373
-0.01198988221585751
-0.01196502428501844
-0.01194025576114655
-0.01191557571291924
-0.01189098507165909
-0.01186648104339838
-0.01184206549078226
-0.01181773655116558
-0.01179349422454834
-0.01176933757960796
-0.0117452647536993
-0.01172127667814493
-0.0116973714902997
-0.01167355012148619
-0.01164981070905924
-0.01162615604698658
-0.01160258147865534
-0.01157909072935581
-0.01155568193644285
-0.01153235603123903
-0.01150911021977663
-0.01148594450205564
-0.01146285980939865
-0.0114398542791605
-0.01141692791134119
-0.01139407977461815
-0.01137130800634623
-0.01134861540049314
-0.01132599916309118
-0.01130346022546291
-0.01128100045025349
-0.01125861797481775
-0.01123631093651056
-0.01121408119797707
-0.01119192875921726
-0.011169851757586
-0.01114785112440586
-0.01112592592835426
-0.01110407523810863
-0.0110822981223464
-0.01106059458106756
-0.01103896275162697
-0.01101740263402462
-0.01099591143429279
-0.01097449194639921
-0.01095314417034388
-0.01093186624348164
-0.01091066002845764
-0.01088952459394932
-0.01086845993995667
-0.01084746327251196
-0.01082653645426035
-0.01080567855387926
-0.01078488957136869
-0.01076416950672865
-0.01074351742863655
-0.0107229333370924
-0.01070241816341877
-0.01068197097629309
-0.01066159084439278
-0.01064127683639526
-0.01062102988362312
-0.01060084905475378
-0.01058073341846466
-0.01056068204343319
-0.01054069492965937
-0.01052077207714319
-0.01050091348588467
-0.01048111729323864
-0.01046138349920511
-0.01044171396642923
-0.010422108694911
-0.01040256582200527
-0.01038308534771204
-0.01036366913467646
-0.0103443143889308
-0.01032502390444279
-0.01030579395592213
-0.01028662733733654
-0.01026752218604088
-0.01024847850203514
-0.01022949535399675
-0.01021057274192572
-0.01019171066582203
-0.01017290726304054
-0.01015416346490383
-0.01013547740876675
-0.01011685095727444
-0.01009828224778175
-0.01007977221161127
-0.01006131991744041
-0.01004292536526918
-0.01002458762377501
-0.01000630669295788
-0.009988083504140377
-0.009969915263354778
-0.009951803833246231
-0.009933748282492161
-0.009915749542415142
-0.009897805750370026
-0.009879917837679386
-0.009862083941698074
-0.009844303131103516
-0.009826576337218285
-0.009808901697397232
-0.009791281074285507
-0.00977371446788311
-0.009756201878190041
-0.009738742373883724
-0.009721336886286736
-0.009703986346721649
-0.009686689823865891
-0.00966944731771946
-0.009652257896959782
-0.009635122492909431
-0.009618040174245834
-0.009601009078323841
-0.009584031067788601
-0.009567104279994965
-0.009550228714942932
-0.009533402509987354
-0.009516626596450806
-0.009499900974333286
-0.009483223780989647
-0.009466594085097313
-0.009450014680624008
-0.009433483704924583
-0.009417002089321613
-0.009400569833815098
-0.009384186007082462
-0.009367851540446281
-0.009351565502583981
-0.009335326962172985
-0.00931913685053587
-0.009302996098995209
-0.009286903776228428
-0.009270858019590378
-0.009254858829081059
-0.00923890620470047
-0.009223001077771187
-0.009207142516970634
-0.009191328659653664
-0.009175561368465424
-0.009159840643405914
-0.009144164621829987
-0.009128534235060215
-0.009112948551774025
-0.009097409434616566
-0.009081915952265263
-0.009066468104720116
-0.009051065891981125
-0.009035707451403141
-0.009020395576953888
-0.009005126543343067
-0.008989903144538403
-0.008974724449217319
-0.008959589526057243
-0.008944498375058174
-0.008929450996220112
-0.008914446458220482
-0.008899482898414135
-0.00888456217944622
-0.008869683369994164
-0.008854846470057964
-0.008840049616992474
-0.008825293742120266
-0.008810576982796192
-0.008795899339020252
-0.008781262673437595
-0.008766666054725647
-0.008752111345529556
-0.008737599477171898
-0.008723129518330097
-0.008708702400326729
-0.008694316260516644
-0.008679972961544991
-0.008665671572089195
-0.008651411160826683
-0.008637190796434879
-0.008623010478913784
-0.008608870208263397
-0.008594769053161144
-0.008580706082284451
-0.008566680364310741
-0.008552693761885166
-0.008538744412362576
-0.008524834178388119
-0.008510961197316647
-0.008497125469148159
-0.008483327925205231
-0.008469568565487862
-0.008455848321318626
-0.00844216626137495
-0.008428520523011684
-0.008414911106228828
-0.008401339873671532
-0.008387806825339794
-0.008374311961233616
-0.008360854350030422
-0.008347433991730213
-0.008334050886332989
-0.008320704102516174
-0.00830739364027977
-0.008294117636978626
-0.008280877955257893
-0.008267673663794994
-0.008254507556557655
-0.008241375908255577
-0.008228279650211334
-0.008215217851102352
-0.008202190510928631
-0.00818919762969017
-0.008176239207386971
-0.008163314312696457
-0.008150422945618629
-0.008137564174830914
-0.008124738931655884
-0.008111948147416115
-0.008099191822111607
-0.008086470887064934
-0.008073784410953522
-0.00806113425642252
-0.008048518560826778
-0.008035937324166298
-0.008023390546441078
-0.00801087636500597
-0.007998393848538399
-0.007985944859683514
-0.00797352846711874
-0.007961142808198929
-0.007948788814246655
-0.007936467416584492
-0.007924179546535015
-0.007911922410130501
-0.007899698801338673
-0.007887504994869232
-0.007875343784689903
-0.007863214239478111
-0.007851117290556431
-0.007839052937924862
-0.007827021181583405
-0.007815020158886909
-0.007803050335496664
-0.007791111245751381
-0.007779201958328485
-0.007767322473227978
-0.007755473256111145
-0.007743654772639275
-0.007731866091489792
-0.007720107212662697
-0.007708379533141851
-0.007696682121604681
-0.007685014046728611
-0.007673376705497503
-0.007661769632250071
-0.007650192361325026
-0.007638645824044943
-0.007627129089087248
-0.007615642622113228
-0.007604185491800308
-0.007592756766825914
-0.007581356447190046
-0.007569984998553991
-0.007558641955256462
-0.007547327317297459
-0.007536042015999556
-0.007524784654378891
-0.007513555232435465
-0.007502354215830564
-0.00749118160456419
-0.007480036467313766
-0.007468919735401869
-0.00745783094316721
-0.007446769159287214
-0.007435735315084457
-0.007424728944897652
-0.007413750048726797
-0.007402798626571894
-0.007391875144094229
-0.007380979135632515
-0.007370111532509327
-0.007359270006418228
-0.007348455954343081
-0.007337668444961309
-0.007326907012611628
-0.007316171657294035
-0.007305461913347244
-0.00729477871209383
-0.007284121587872505
-0.007273489609360695
-0.007262882776558399
-0.007252302020788193
-0.007241746876388788
-0.007231217809021473
-0.007220713887363672
-0.007210236508399248
-0.007199785672128201
-0.007189361378550529
-0.007178962230682373
-0.007168589625507593
-0.007158243097364902
-0.007147922180593014
-0.007137626875191927
-0.007127357181161642
-0.007117113564163446
-0.007106895092874765
-0.007096701301634312
-0.007086531724780798
-0.007076385896652937
-0.007066264282912016
-0.007056165486574173
-0.007046089973300695
-0.007036038208752871
-0.007026009261608124
-0.00701600406318903
-0.007006021682173014
-0.006996062118560076
-0.006986126769334078
-0.006976215168833733
-0.006966327782720327
-0.006956464145332575
-0.006946624256670475
-0.00693680951371789
-0.006927018519490957
-0.006917252670973539
-0.006907511036843061
-0.006897793151438236
-0.006888098549097776
-0.006878427695482969
-0.006868780590593815
-0.006859155371785164
-0.006849552970379591
-0.006839971989393234
-0.006830412894487381
-0.006820877082645893
-0.006811363156884909
-0.006801872048527002
-0.006792402826249599
-0.0067829554900527
-0.006773530039936304
-0.006764126010239124
-0.006754743866622448
-0.006745383609086275
-0.006736045703291893
-0.006726729683578014
-0.006717435084283352
-0.006708161905407906
-0.006698910612612963
-0.006689680740237236
-0.006680471822619438
-0.006671282928436995
-0.006662115454673767
-0.006652968470007181
-0.006643841043114662
-0.006634733639657497
-0.006625646725296974
-0.006616580300033092
-0.006607534363865852
-0.006598507985472679
-0.006589502096176147
-0.006580517161637545
-0.006571554578840733
-0.006562613882124424
-0.006553694140166044
-0.006544796284288168
-0.006535920780152082
-0.0065270671620965
-0.006518234964460135
-0.006509423721581697
-0.006500633433461189
-0.006491863168776035
-0.006483111530542374
-0.006474378518760204
-0.006465664133429527
-0.006456968374550343
-0.006448290776461363
-0.006439630873501301
-0.006430989596992731
-0.006422366481274366
-0.006413761526346207
-0.006405176594853401
-0.006396610755473375
-0.006388064939528704
-0.006379539147019386
-0.006371033377945423
-0.006362547632306814
-0.006354082841426134
-0.006345637142658234
-0.0063372110016644
-0.006328804418444633
-0.006320416461676359
-0.006312048062682152
-0.006303697824478149
-0.006295365747064352
-0.006287051364779472
-0.00627875467762351
-0.006270476151257753
-0.006262214388698339
-0.006253969855606556
-0.006245743483304977
-0.006237534806132317
-0.006229343824088573
-0.006221171002835035
-0.006213015876710415
-0.006204879377037287
-0.006196761503815651
-0.006188661325722933
-0.006180578377097845
-0.006172513589262962
-0.006164466496556997
-0.006156436633318663
-0.006148424465209246
-0.006140429526567459
-0.006132451817393303
-0.006124491803348064
-0.006116549950093031
-0.006108624860644341
-0.006100717931985855
-0.006092827301472425
-0.006084954366087914
-0.006077098194509745
-0.006069259252399206
-0.006061437074095011
-0.006053632125258446
-0.006045844405889511
-0.006038074381649494
-0.00603032112121582
-0.006022584158927202
-0.006014863960444927
-0.006007160060107708
-0.005999473389238119
-0.005991802550852299
-0.005984147544950247
-0.005976509768515825
-0.005968887824565172
-0.005961281713098288
-0.005953691434115171
-0.005946117453277111
-0.005938559304922819
-0.005931016989052296
-0.005923490505665541
-0.005915980786085129
-0.005908487364649773
-0.00590100884437561
-0.005893545690923929
-0.005886098369956017
-0.005878666415810585
-0.005871249828487635
-0.005863849073648453
-0.005856464151293039
-0.005849095527082682
-0.005841742269694805
-0.005834405310451984
-0.005827083718031645
-0.005819778423756361
-0.005812488030642271
-0.005805213935673237
-0.005797955673187971
-0.005790712777525187
-0.00578348571434617
-0.005776273552328348
-0.005769075825810432
-0.005761892534792423
-0.005754724144935608
-0.005747569724917412
-0.005740429740399122
-0.005733304191380739
-0.005726192612200975
-0.005719095934182405
-0.005712012760341167
-0.005704944487661123
-0.005697890650480986
-0.00569085031747818
-0.005683824885636568
-0.00567681435495615
-0.005669818725436926
-0.005662837531417608
-0.005655871238559484
-0.005648919381201267
-0.005641981493681669
-0.00563505757600069
-0.005628147628158331
-0.005621251650154591
-0.005614370573312044
-0.005607503466308117
-0.005600649863481522
-0.005593810696154833
-0.005586985498666763
-0.005580174271017313
-0.005573377013206482
-0.00556659372523427
-0.005559824407100677
-0.00555306812748313
-0.005546325817704201
-0.005539596546441317
-0.005532880313694477
-0.005526178516447544
-0.005519490223377943
-0.005512816365808249
-0.005506156478077173
-0.005499511025846004
-0.005492879543453455
-0.005486261565238237
-0.005479657091200352
-0.005473064724355936
-0.005466485396027565
-0.005459918640553951
-0.00545336352661252
-0.005446820054203272
-0.005440288223326206
-0.005433768033981323
-0.005427259486168623
-0.005420763045549393
-0.005414278712123632
-0.005407806485891342
-0.005401346366852522
-0.005394898355007172
-0.005388461984694004
-0.005382036790251732
-0.005375623237341642
-0.005369220860302448
-0.00536282965913415
-0.005356448236852884
-0.005350076593458652
-0.005343714263290167
-0.005337360315024853
-0.00533101474866271
-0.005324677564203739
-0.005318347830325365
-0.005312024615705013
-0.005305706989020109
-0.005299394950270653
-0.005293087102472782
-0.00528678297996521
-0.005280481185764074
-0.005274180788546801
-0.005267880391329527
-0.005261578131467104
-0.005255273543298244
-0.005248965229839087
-0.005242650862783194
-0.005236328579485416
-0.005229996982961893
-0.005223654676228762
-0.005217299796640873
-0.005210929084569216
-0.005204539746046066
-0.005198130384087563
-0.005191697273403406
-0.005185237620025873
-0.005178748164325953
-0.005172224715352058
-0.005165663547813892
-0.005159059539437294
-0.005152408964931965
-0.005145707633346319
-0.005138949956744909
-0.005132131278514862
-0.005125246942043304
-0.005118290428072214
-0.005111256614327431
-0.005104139912873507
-0.005096934270113707
-0.005089633632451296
-0.005082232411950827
-0.005074724089354277
-0.005067101214081049
-0.005059357732534409
-0.00505148759111762
-0.0050434828735888
-0.005035337526351213
-0.005027044098824263
-0.0050185970030725
-0.005009988788515329
-0.005001212935894728
-0.00499226339161396
-0.004983134567737579
-0.004973820876330137
-0.004964318592101336
-0.004954622127115726
-0.004944727756083012
-0.004934632685035467
-0.004924335051327944
-0.00491383345797658
-0.004903126507997513
-0.004892215132713318
-0.004881101660430431
-0.00486978841945529
-0.004858278669416904
-0.004846577532589436
-0.004834690596908331
-0.004822625778615475
-0.004810390993952751
-0.004797996953129768
-0.004785455763339996
-0.004772779997438192
-0.00475998455658555
-0.004747084341943264
-0.004734097048640251
-0.004721040837466717
-0.004707935731858015
-0.00469480361789465
-0.004681666381657124
-0.004668546840548515
-0.004655469208955765
-0.004642458166927099
-0.004629538860172033
-0.004616735968738794
-0.004604074638336897
-0.004591579549014568
-0.004579275846481323
-0.00456718634814024
-0.004555335268378258
-0.004543744958937168
-0.004532437305897474
-0.004521431867033243
-0.00451074680313468
-0.00450039841234684
-0.004490402061492205
-0.004480771254748106
-0.00447151530534029
-0.004462643526494503
-0.004454160574823618
-0.004446069244295359
-0.004438369069248438
-0.004431058187037706
-0.004424131475389004
-0.004417580552399158
-0.004411396104842424
-0.004405566025525331
-0.004400075878947973
-0.004394908435642719
-0.004390046931803226
-0.004385471809655428
-0.004381163045763969
-0.004377100151032209
-0.004373262170702219
-0.004369628150016069
-0.004366177134215832
-0.004362889565527439
-0.004359747283160686
-0.004356734454631805
-0.004353837110102177
-0.004351042676717043
-0.004348342306911945
-0.004345729947090149
-0.004343203734606504
-0.004340765066444874
-0.004338417667895555
-0.004336170852184296
-0.004334037192165852
-0.004332032054662704
-0.004330173600465059
-0.004328483249992132
-0.004326986148953438
-0.004325710702687502
-0.004324686247855425
-0.004323943983763456
-0.004323515109717846
-0.004323433618992567
-0.004323732107877731
-0.004324442241340876
-0.004325594287365675
-0.004327216185629368
-0.004329333081841469
-0.004331966862082481
-0.004335134755820036
-0.004338848404586315
-0.004343114793300629
-0.004347934387624264
-0.004353301599621773
-0.00435920711606741
-0.004365629982203245
-0.004372547380626202
-0.004379928112030029
-0.00438773212954402
-0.004395917057991028
-0.004404431208968163
-0.004413217771798372
-0.004422216210514307
-0.004431360866874456
-0.004440582357347012
-0.004449808970093727
-0.004458966664969921
-0.004467981401830912
-0.004476777743548155
-0.004485282115638256
-0.004493424668908119
-0.004501136019825935
-0.004508353304117918
-0.004515018779784441
-0.004521078430116177
-0.004526486154645681
-0.004531203303486109
-0.004535200074315071
-0.004538452718406916
-0.004540948662906885
-0.004542681854218245
-0.00454365648329258
-0.004543885588645935
-0.00454339012503624
-0.004542199894785881
-0.004540351219475269
-0.004537887871265411
-0.004534860607236624
-0.004531325772404671
-0.004527343902736902
-0.004522978328168392
-0.0045182965695858
-0.004513366613537073
-0.004508259706199169
-0.004503044299781322
-0.004497789312154055
-0.004492560867220163
-0.00448742276057601
-0.004482433665543795
-0.004477649461477995
-0.004473119974136353
-0.004468889907002449
-0.004464996978640556
-0.004461472854018211
-0.004458342678844929
-0.004455622751265764
-0.004453324712812901
-0.004451452288776636
-0.00445000221952796
-0.004448965191841125
-0.004448323976248503
-0.004448057152330875
-0.00444813771173358
-0.004448533058166504
-0.004449206870049238
-0.004450119100511074
-0.004451226443052292
-0.004452483728528023
-0.004453844856470823
-0.004455262329429388
-0.004456687718629837
-0.004458074457943439
-0.004459376446902752
-0.004460551775991917
-0.004461558535695076
-0.004462359473109245
-0.004462921060621738
-0.00446321489289403
-0.004463217221200466
-0.00446291035041213
-0.004462281242012978
-0.004461323376744986
-0.00446003582328558
-0.004458424635231495
-0.004456501454114914
-0.004454282578080893
-0.004451789893209934
-0.004449051339179277
-0.004446098580956459
-0.004442967008799314
-0.004439695738255978
-0.004436325747519732
-0.004432899411767721
-0.004429460503160954
-0.004426050931215286
-0.004422713536769152
-0.004419487435370684
-0.00441640755161643
-0.00441350694745779
-0.004410813562572002
-0.004408348817378283
-0.004406128544360399
-0.004404162988066673
-0.004402454942464828
-0.004401000216603279
-0.004399788565933704
-0.004398804623633623
-0.004398024640977383
-0.004397421609610319
-0.004396962933242321
-0.00439661368727684
-0.004396334756165743
-0.004396087024360895
-0.004395829513669014
-0.004395522177219391
-0.004395127762109041
-0.00439461087808013
-0.004393941722810268
-0.004393093287944794
-0.004392045084387064
-0.00439078314229846
-0.004389298614114523
-0.004387589637190104
-0.004385661333799362
-0.004383524879813194
-0.004381197970360518
-0.004378702957183123
-0.004376067314296961
-0.004373322241008282
-0.004370500799268484
-0.004367638844996691
-0.004364772699773312
-0.004361935891211033
-0.004359162412583828
-0.004356482066214085
-0.004353921860456467
-0.004351503681391478
-0.00434924429282546
-0.004347153939306736
-0.004345239140093327
-0.004343496635556221
-0.004341919906437397
-0.004340494982898235
-0.00433920556679368
-0.004338026978075504
-0.004336935002356768
-0.004335900768637657
-0.004334894474595785
-0.004333887249231339
-0.004332849755883217
-0.004331754520535469
-0.004330577794462442
-0.004329298157244921
-0.004327900242060423
-0.004326372873038054
-0.004324708599597216
-0.004322906490415335
-0.004320970270782709
-0.004318907856941223
-0.004316732753068209
-0.004314461722970009
-0.004312114324420691
-0.004309712909162045
-0.004307280294597149
-0.004304840229451656
-0.004302415996789932
-0.00430002948269248
-0.004297700244933367
-0.004295445512980223
-0.004293277394026518
-0.004291204735636711
-0.004289234057068825
-0.004287364892661572
-0.004285592585802078
-0.004283912014216185
-0.004282311070710421
-0.004280777182430029
-0.004279293585568666
-0.004277843981981277
-0.004276408813893795
-0.004274970386177301
-0.004273511469364166
-0.004272015765309334
-0.004270470235496759
-0.00426886323839426
-0.004267186392098665
-0.004265435039997101
-0.004263607785105705
-0.004261706490069628
-0.004259735345840454
-0.004257703199982643
-0.004255620297044516
-0.00425349734723568
-0.004251347854733467
-0.004249186255037785
-0.004247025586664677
-0.004244879819452763
-0.004242760594934225
-0.004240678157657385
-0.004238640423864126
-0.004236652981489897
-0.00423471862450242
-0.004232839215546846
-0.004231012426316738
-0.00422923406586051
-0.004227498546242714
-0.004225797019898891
-0.004224121104925871
-0.004222461022436619
-0.004220806527882814
-0.004219148308038712
-0.004217476584017277
-0.004215783439576626
-0.004214062355458736
-0.004212308209389448
-0.00421051774173975
-0.00420868955552578
-0.004206824116408825
-0.004204923752695322
-0.004202993120998144
-0.004201036877930164
-0.004199061542749405
-0.004197073169052601
-0.004195079673081636
-0.004193088505417109
-0.004191105719655752
-0.00418913783505559
-0.004187189973890781
-0.004185265395790339
-0.004183367360383272
-0.004181497264653444
-0.004179654642939568
-0.004177837632596493
-0.004176043905317783
-0.004174269735813141
-0.004172511398792267
-0.004170762840658426
-0.004169019404798746
-0.004167275503277779
-0.004165526479482651
-0.004163768608123064
-0.00416199816390872
-0.004160212818533182
-0.004158410243690014
-0.004156590439379215
-0.004154753405600786
-0.004152901936322451
-0.004151036962866783
-0.004149162210524082
-0.004147281404584646
-0.004145398270338774
-0.004143516067415476
-0.004141638986766338
-0.00413977075368166
-0.004137915093451738
-0.004136073403060436
-0.004134247545152903
-0.004132438916712999
-0.004130647517740726
-0.004128873348236084
-0.004127115476876497
-0.004125372041016817
-0.004123641178011894
-0.004121922422200441
-0.004120212979614735
-0.004118510521948338
-0.004116813652217388
-0.004115120973438025
-0.004113431088626385
-0.004111743997782469
-0.004110060166567564
-0.004108380526304245
-0.004106707405298948
-0.004105042666196823
-0.004103389102965593
-0.004101749509572983
-0.00410012761130929
-0.004098526202142239
-0.004096949007362127
-0.004095399286597967
-0.004093880765140057
-0.004092396702617407
-0.004090949892997742
-0.004089543130248785
-0.004088179673999548
-0.004086861852556467
-0.004085591994225979
-0.00408437242731452
-0.004083205014467239
-0.004082093015313148
-0.004081038292497396
-0.004080043639987707
-0.004079111851751804
-0.004078245721757412
-0.004077448975294828
-0.004076724871993065
-0.004076076671481133
-0.004075509030371904
-0.004075026139616966
-0.004074633587151766
-0.004074336029589176
-0.004074138589203358
-0.004074047319591045
-0.0040740673430264
-0.004074203316122293
-0.004074461758136749
-0.004074848257005215
-0.004075366072356701
-0.00407602172344923
-0.004076818469911814
-0.004077760502696037
-0.004078850615769625
-0.004080092068761587
-0.004081486724317074
-0.004083035513758659
-0.00408474076539278
-0.004086602944880724
-0.004088622983545065
-0.004090800415724516
-0.004093134310096502
-0.004095623269677162
-0.004098264966160059
-0.004101058002561331
-0.004103997722268105
-0.004107080865651369
-0.004110302310436964
-0.004113656468689442
-0.004117135424166918
-0.00412073265761137
-0.00412443932145834
-0.004128245636820793
-0.004132141824811697
-0.004136114846915007
-0.004140153061598539
-0.004144242964684963
-0.004148371051996946
-0.004152521956712008
-0.004156680312007666
-0.00416082888841629
-0.004164950922131538
-0.004169028252363205
-0.004173042718321085
-0.004176976624876261
-0.004180810414254665
-0.004184525460004807
-0.004188102670013905
-0.004191523417830467
-0.004194770008325577
-0.004197823349386454
-0.004200666677206755
-0.004203282296657562
-0.00420565577223897
-0.004207771271467209
-0.004209615290164948
-0.004211175255477428
-0.004212439525872469
-0.004213396925479174
-0.004214038606733084
-0.004214357119053602
-0.004214345943182707
-0.004214000422507524
-0.004213317297399044
-0.004212294705212116
-0.004210931248962879
-0.004209230188280344
-0.00420719338580966
-0.004204824566841125
-0.004202129784971476
-0.00419911602512002
-0.004195790272206068
-0.004192161839455366
-0.00418824004009366
-0.004184035118669271
-0.004179558251053095
-0.004174818750470877
-0.004169829189777374
-0.004164599347859621
-0.004159140400588512
-0.004153461661189795
-0.004147573374211788
-0.00414148299023509
-0.00413519935682416
-0.004128727596253157
-0.004122072365134954
-0.004115238320082426
-0.004108227789402008
-0.004101041704416275
-0.004093680530786514
-0.004086142871528864
-0.004078426863998175
-0.004070529714226723
-0.004062447231262922
-0.004054173827171326
-0.004045706242322922
-0.004037037957459688
-0.004028163384646177
-0.004019077867269516
-0.004009777680039406
-0.004000258632004261
-0.003990518860518932
-0.003980556968599558
-0.003970374818891287
-0.003959976136684418
-0.003949366975575686
-0.003938556648790836
-0.003927556797862053
-0.003916383255273104
-0.003905054647475481
-0.003893592162057757
-0.003882021410390735
-0.003870371263474226
-0.003858673386275768
-0.003846962470561266
-0.003835276234894991
-0.003823653794825077
-0.003812137525528669
-0.003800771199166775
-0.003789599053561687
-0.003778666257858276
-0.00376801798120141
-0.00375769822858274
-0.003747750306501985
-0.003738215425983071
-0.003729131305590272
-0.003720533335581422
-0.003712451783940196
-0.003704912960529327
-0.003697938052937388
-0.003691542195156217
-0.003685734700411558
-0.003680518362671137
-0.003675888990983367
-0.003671836340799928
-0.003668342251330614
-0.003665382042527199
-0.003662925213575363
-0.003660933813080192
-0.003659364767372608
-0.003658169414848089
-0.003657294437289238
-0.003656682092696428
-0.003656272543594241
-0.00365600292570889
-0.00365580921061337
-0.003655627835541964
-0.003655394772067666
-0.003655048552900553
-0.003654530271887779
-0.003653784282505512
-0.003652759827673435
-0.003651411505416036
-0.003649700433015823
-0.003647594014182687
-0.003645067103207111
-0.003642102470621467
-0.003638690337538719
-0.003634829074144363
-0.003630525898188353
-0.003625795710831881
-0.00362065969966352
-0.003615148365497589
-0.003609297098591924
-0.003603147342801094
-0.003596745897084475
-0.003590143285691738
-0.003583393525332212
-0.003576552262529731
-0.003569675842300057
-0.0035628208424896
-0.003556042676791549
-0.003549393499270082
-0.003542922902852297
-0.00353667582385242
-0.003530692309141159
-0.003525006351992488
-0.003519646124914289
-0.00351463258266449
-0.00350997899658978
-0.003505691885948181
-0.003501770785078406
-0.003498208010569215
-0.003494988428428769
-0.003492091549560428
-0.003489489899948239
-0.003487152047455311
-0.003485041670501232
-0.003483119187876582
-0.003481342457234859
-0.003479667473584414
-0.003478049533441663
-0.0034764448646456
-0.003474810859188437
-0.003473106538876891
-0.003471294185146689
-0.003469340270385146
-0.003467215225100517
-0.003464894602075219
-0.003462360240519047
-0.003459598869085312
-0.003456603502854705
-0.00345337251201272
-0.003449910553172231
-0.003446228336542845
-0.003442340064793825
-0.003438265528529882
-0.003434028243646026
-0.00342965591698885
-0.003425177885219455
-0.003420626046136022
-0.003416033228859305
-0.003411432262510061
-0.003406855277717113
-0.003402334172278643
-0.003397897584363818
-0.003393571591004729
-0.003389379708096385
-0.003385341027751565
-0.003381470451131463
-0.003377779154106975
-0.00337427225895226
-0.003370950929820538
-0.003367811441421509
-0.003364846343174577
-0.003362043295055628
-0.003359386930242181
-0.003356857923790812
-0.003354435786604881
-0.003352096769958735
-0.003349816193804145
-0.003347568912431598
-0.003345330245792866
-0.003343075979501009
-0.003340783296152949
-0.003338430775329471
-0.003336000954732299
-0.003333477769047022
-0.003330849809572101
-0.003328108927235007
-0.003325249534100294
-0.00332227093167603
-0.003319175681099296
-0.003315970534458756
-0.003312664106488228
-0.003309268970042467
-0.003305800259113312
-0.003302274504676461
-0.003298710100352764
-0.003295126371085644
-0.003291542641818523
-0.003287977539002895
-0.003284449921920896
-0.003280976554378867
-0.003277571871876717
-0.003274248680099845
-0.003271016990765929
-0.003267883323132992
-0.003264851635321975
-0.003261922625824809
-0.003259093733504415
-0.003256359370425344
-0.003253711387515068
-0.00325113907456398
-0.003248629858717322
-0.003246170235797763
-0.003243745304644108
-0.003241339465603232
-0.003238937584683299
-0.003236524760723114
-0.003234087489545345
-0.003231613663956523
-0.003229093039408326
-0.003226517233997583
-0.003223879961296916
-0.0032211784273386
-0.003218411700800061
-0.003215581644326448
-0.00321269198320806
-0.003209749469533563
-0.00320676201954484
-0.003203739644959569
-0.003200693055987358
-0.00319763389416039
-0.003194573801010847
-0.003191525349393487
-0.003188499948009849
-0.003185507841408253
-0.003182557877153158
-0.003179657738655806
-0.003176812781020999
-0.003174026263877749
-0.003171299584209919
-0.003168631810694933
-0.003166020382195711
-0.003163460409268737
-0.003160945372655988
-0.003158467821776867
-0.003156019607558846
-0.003153591183945537
-0.003151173470541835
-0.003148756688460708
-0.00314633222296834
-0.003143892390653491
-0.003141430206596851
-0.00313893985003233
-0.003136417595669627
-0.003133861115202308
-0.003131269244477153
-0.003128643147647381
-0.003125985618680716
-0.003123300150036812
-0.003120591631159186
-0.003117866115644574
-0.003115130588412285
-0.003112392034381628
-0.003109657904133201
-0.003106935182586312
-0.003104230388998985
-0.003101549111306667
-0.003098896471783519
-0.003096275730058551
-0.0030936892144382
-0.003091138089075685
-0.003088621888309717
-0.003086138982325792
-0.003083685645833611
-0.00308125838637352
-0.003078852547332644
-0.003076462773606181
-0.003074083244428039
-0.003071708371862769
-0.003069333033636212
-0.003066951874643564
-0.003064560703933239
-0.003062156261876225
-0.0030597357545048
-0.003057298017665744
-0.00305484258569777
-0.003052369924262166
-0.003049881663173437
-0.003047380596399307
-0.003044869750738144
-0.003042352851480246
-0.003039833856746554
-0.003037316491827369
-0.003034804947674274
-0.003032302716746926
-0.003029813524335623
-0.003027340164408088
-0.00302488449960947
-0.003022447926923633
-0.003020031377673149
-0.003017634619027376
-0.003015256254002452
-0.003012895584106445
-0.00301055028103292
-0.003008218016475439
-0.003005895996466279
-0.003003580961376429
-0.003001269651576877
-0.002998959040269256
-0.002996646799147129
-0.002994330134242773
-0.002992007648572326
-0.002989678177982569
-0.002987340558320284
-0.002984995022416115
-0.002982642501592636
-0.002980283694341779
-0.002977920230478048
-0.002975554438307881
-0.002973188180476427
-0.002970824018120766
-0.002968464745208621
-0.002966112224385142
-0.002963768551126122
-0.002961435355246067
-0.002959114266559482
-0.002956805285066366
-0.002954508876428008
-0.00295222457498312
-0.002949951682239771
-0.002947688335552812
-0.002945434069260955
-0.002943187020719051
-0.002940945327281952
-0.002938707359135151
-0.002936471253633499
-0.002934235380962491
-0.002931998576968908
-0.002929760375991464
-0.002927519846707582
-0.002925276989117265
-0.002923032036051154
-0.002920785686001182
-0.002918538171797991
-0.002916290424764156
-0.002914043609052896
-0.002911798655986786
-0.002909556729719043
-0.002907318994402885
-0.002905086148530245
-0.002902859589084983
-0.002900639548897743
-0.002898426493629813
-0.002896220656111836
-0.002894021570682526
-0.002891829237341881
-0.002889643656089902
-0.002887464361265302
-0.002885290421545506
-0.002883121371269226
-0.002880955580621958
-0.002878793049603701
-0.002876632614061236
-0.002874474273994565
-0.002872317098081112
-0.002870161086320877
-0.002868005773052573
-0.0028658511582762
-0.002863697009161115
-0.00286154355853796
-0.002859391272068024
-0.002857240615412593
-0.002855091355741024
-0.002852944424375892
-0.00285080005414784
-0.002848659176379442
-0.002846522256731987
-0.002844389760866761
-0.002842262154445052
-0.002840139204636216
-0.002838021377101541
-0.002835908671841025
-0.002833800856024027
-0.002831697696819901
-0.002829599194228649
-0.002827504882588983
-0.002825414529070258
-0.002823327202349901
-0.002821242203935981
-0.002819159533828497
-0.002817078260704875
-0.002814998617395759
-0.002812920371070504
-0.002810843521729112
-0.002808768069371581
-0.002806694246828556
-0.002804622752591968
-0.002802554285153747
-0.002800488611683249
-0.002798426197841763
-0.002796367276459932
-0.0027943120803684
-0.002792260842397809
-0.002790213329717517
-0.002788169775158167
-0.002786129713058472
-0.002784093376249075
-0.002782059833407402
-0.002780029783025384
-0.00277800252661109
-0.002775978064164519
-0.002773956395685673
-0.002771936822682619
-0.002769919345155358
-0.002767904195934534
-0.002765890676528215
-0.00276387925259769
-0.002761870389804244
-0.002759864088147879
-0.00275786011479795
-0.002755858236923814
-0.002753859153017402
-0.002751863095909357
-0.00274987006559968
-0.002747879829257727
-0.002745892154052854
-0.002743907272815704
-0.002741925418376923
-0.002739946590736508
-0.002737970789894462
-0.002735998248681426
-0.002734028501436114
-0.002732061548158526
-0.002730097621679306
-0.002728136721998453
-0.00272617838345468
-0.002724222838878632
-0.002722269855439663
-0.002720319433137774
-0.002718371339142323
-0.00271642510779202
-0.002714480739086866
-0.002712538465857506
-0.002710598520934582
-0.002708660438656807
-0.002706724219024181
-0.00270479079335928
-0.002702859463170171
-0.002700930926948786
-0.002699004951864481
-0.002697082003578544
-0.002695162082090974
-0.002693244954571128
-0.002691331086680293
-0.002689420245587826
-0.002687511732801795
-0.002685606013983488
-0.002683703321963549
-0.002681803191080689
-0.002679904922842979
-0.002678008750081062
-0.002676114439964294
-0.002674222690984607
-0.002672332804650068
-0.002670444780960679
-0.002668559085577726
-0.00266667571850121
-0.002664794679731131
-0.002662915969267488
-0.002661039587110281
-0.002659165766090155
-0.002657294739037752
-0.00265542627312243
-0.002653560368344188
-0.002651697257533669
-0.002649836940690875
-0.002647979417815804
-0.002646123990416527
-0.002644271356984973
-0.002642421051859856
-0.002640573307871819
-0.002638727892190218
-0.002636884804815054
-0.002635043580085039
-0.002633204683661461
-0.002631367649883032
-0.002629532944411039
-0.002627700101584196
-0.002625869121402502
-0.002624040003865957
-0.002622213214635849
-0.002620388520881534
-0.002618565922603011
-0.002616745652630925
-0.002614928176626563
-0.002613113494589925
-0.002611301140859723
-0.002609491348266602
-0.002607684349641204
-0.002605879912152886
-0.002604077337309718
-0.00260227732360363
-0.002600479172542691
-0.002598682884126902
-0.002596888691186905
-0.002595096360892057
-0.002593305427581072
-0.002591516356915236
-0.002589729148894548
-0.002587944036349654
-0.002586160786449909
-0.002584379864856601
-0.002582600805908442
-0.002580824075266719
-0.002579049440100789
-0.002577277133241296
-0.002575506921857595
-0.002573739271610975
-0.002571973716840148
-0.002570210490375757
-0.002568449592217803
-0.002566691022366285
-0.002564935013651848
-0.002563181100413203
-0.002561429282650352
-0.002559679793193936
-0.00255793216638267
-0.002556186402216554
-0.00255444273352623
-0.002552701393142343
-0.002550962381064892
-0.002549225464463234
-0.002547490643337369
-0.002545757917687297
-0.002544027287513018
-0.002542298985645175
-0.002540573012083769
-0.002538849133998156
-0.002537127118557692
-0.002535407431423664
-0.002533689606934786
-0.0025319738779217
-0.002530260011553764
-0.002528548007830977
-0.002526838099583983
-0.002525130053982139
-0.002523423405364156
-0.002521718386560678
-0.00252001523040235
-0.002518313704058528
-0.002516613807529211
-0.0025149155408144
-0.002513219369575381
-0.002511525060981512
-0.002509832615032792
-0.002508142031729221
-0.0025064533110708
-0.002504766918718815
-0.002503082621842623
-0.002501400420442224
-0.002499720547348261
-0.002498043002560735
-0.002496367553249002
-0.002494694432243705
-0.002493023173883557
-0.002491354010999203
-0.002489686943590641
-0.002488022204488516
-0.00248635932803154
-0.002484697615727782
-0.002483037766069174
-0.002481379313394427
-0.002479722490534186
-0.002478066831827164
-0.00247641303576529
-0.002474760636687279
-0.002473109867423773
-0.00247146119363606
-0.002469814149662852
-0.002468168968334794
-0.002466526115313172
-0.002464885823428631
-0.00246324809268117
-0.002461612690240145
-0.0024599798489362
-0.002458349568769336
-0.002456721384078264
-0.002455095527693629
-0.002453471533954144
-0.002451849402859807
-0.00245022913441062
-0.002448610030114651
-0.002446992788463831
-0.002445376478135586
-0.002443761099129915
-0.002442146884277463
-0.002440534066408873
-0.002438923111185431
-0.00243731401860714
-0.002435706788673997
-0.00243410118855536
-0.002432497683912516
-0.002430896507576108
-0.002429296728223562
-0.002427699277177453
-0.002426103688776493
-0.002424510195851326
-0.002422918332740664
-0.002421328565105796
-0.002419740427285433
-0.002418153919279575
-0.002416569273918867
-0.002414986025542021
-0.00241340440697968
-0.002411824418231845
-0.002410245826467872
-0.002408669097349048
-0.002407093532383442
-0.002405520295724273
-0.002403948456048965
-0.002402378711849451
-0.00240081106312573
-0.002399245044216514
-0.002397680887952447
-0.002396118361502886
-0.002394557930529118
-0.002392999362200499
-0.002391442423686385
-0.002389887347817421
-0.002388333668932319
-0.002386782085523009
-0.002385231899097562
-0.00238368334248662
-0.002382136415690184
-0.002380591351538897
-0.002379048150032759
-0.002377506578341126
-0.002375966403633356
-0.002374427625909448
-0.002372890478000045
-0.002371354959905148
-0.002369821071624756
-0.00236828881315887
-0.002366757951676846
-0.002365228952839971
-0.002363701583817601
-0.002362175844609737
-0.002360651735216379
-0.00235912948846817
-0.00235760910436511
-0.0023560905829072
-0.002354573691263795
-0.002353058429434896
-0.002351544797420502
-0.002350032795220613
-0.002348522190004587
-0.002347012981772423
-0.002345504937693477
-0.002343998523429036
-0.002342493273317814
-0.002340989420190454
-0.002339486498385668
-0.002337984973564744
-0.002336485078558326
-0.002334986580535769
-0.002333489712327719
-0.002331994473934174
-0.002330500865355134
-0.002329009352251887
-0.00232751970179379
-0.002326031913980842
-0.002324546687304974
-0.002323063323274255
-0.002321582054719329
-0.002320102648809552
-0.002318625105544925
-0.00231714965775609
-0.002315675839781761
-0.00231420318596065
-0.002312732394784689
-0.002311263000592589
-0.002309794770553708
-0.002308327937498689
-0.002306862967088819
-0.00230539939366281
-0.002303937217220664
-0.002302476903423667
-0.002301017986610532
-0.002299560466781259
-0.002298104343935847
-0.002296649618074298
-0.002295196522027254
-0.002293744590133429
-0.002292293589562178
-0.002290843753144145
-0.002289394848048687
-0.002287947107106447
-0.002286500763148069
-0.002285055816173553
-0.002283612266182899
-0.002282170113176107
-0.002280729589983821
-0.002279290929436684
-0.002277853665873408
-0.002276418264955282
-0.002274984726682305
-0.002273553051054478
-0.002272123005241156
-0.002270694589242339
-0.002269268035888672
-0.002267842879518867
-0.002266419120132923
-0.002264997223392129
-0.002263576490804553
-0.002262156922370195
-0.002260738285258412
-0.002259320812299848
-0.002257904736325145
-0.002256490290164948
-0.002255077240988612
-0.002253665588796139
-0.002252255333587527
-0.002250846708193421
-0.002249439479783177
-0.002248033648356795
-0.002246628981083632
-0.002245225943624973
-0.002243824303150177
-0.002242424059659243
-0.002241025678813457
-0.002239629393443465
-0.002238234505057335
-0.002236841712146997
-0.002235450083389878
-0.002234060317277908
-0.002232671715319157
-0.002231284510344267
-0.002229898469522595
-0.002228513360023499
-0.002227129181846976
-0.002225746167823672
-0.002224364085122943
-0.002222983166575432
-0.002221603412181139
-0.002220225054770708
-0.002218848094344139
-0.002217472763732076
-0.002216098830103874
-0.002214726293459535
-0.002213355153799057
-0.002211985643953085
-0.002210617531090975
-0.002209250815212727
-0.002207885729148984
-0.002206522040069103
-0.002205159980803728
-0.002203799085691571
-0.002202440053224564
-0.002201082650572062
-0.002199726179242134
-0.002198371570557356
-0.00219701835885644
-0.002195666544139385
-0.002194316126406193
-0.002192966872826219
-0.00219161924906075
-0.002190272556617856
-0.002188927726820111
-0.002187583828344941
-0.002186241559684277
-0.00218490045517683
-0.002183560281991959
-0.002182221505790949
-0.00218088342808187
-0.00217954651452601
-0.002178210997954011
-0.002176876645535231
-0.002175543690100312
-0.002174212131649256
-0.002172881970182061
-0.002171553205698729
-0.002170225838199258
-0.002168900100514293
-0.00216757575981319
-0.002166252583265305
-0.002164931036531925
-0.002163610653951764
-0.002162291668355465
-0.00216097361408174
-0.00215965649113059
-0.002158340765163302
-0.002157025737687945
-0.00215571210719645
-0.002154399640858173
-0.002153088338673115
-0.002151778666302562
-0.002150470623746514
-0.002149164211004972
-0.002147860126569867
-0.002146557439118624
-0.002145256148651242
-0.002143956255167723
-0.002142657525837421
-0.002141359960660338
-0.002140063559636474
-0.002138768089935184
-0.002137473318725824
-0.002136179711669683
-0.002134887035936117
-0.002133595058694482
-0.002132304012775421
-0.002131014596670866
-0.002129726344719529
-0.002128439489752054
-0.002127153798937798
-0.002125869737938046
-0.002124587306752801
-0.00212330580689013
-0.002122026169672608
-0.002120747696608305
-0.002119470620527864
-0.002118195174261928
-0.002116921124979854
-0.002115647774189711
-0.002114375354722142
-0.002113103866577148
-0.002111833309754729
-0.002110563684254885
-0.002109294757246971
-0.002108026994392276
-0.002106760395690799
-0.00210549496114254
-0.002104230690747499
-0.002102967817336321
-0.002101706108078361
-0.002100445562973619
-0.002099186647683382
-0.002097929129377007
-0.002096673008054495
-0.002095418283715844
-0.002094164956361055
-0.002092913491651416
-0.002091663423925638
-0.002090414753183722
-0.002089167246595025
-0.002087920904159546
-0.002086675260215998
-0.002085431013256311
-0.002084187930449843
-0.002082946011796594
-0.002081705490127206
-0.002080465666949749
-0.002079226775094867
-0.002077988814562559
-0.00207675201818347
-0.002075516153126955
-0.002074281219393015
-0.002073047449812293
-0.002071814844384789
-0.002070583403110504
-0.002069353125989437
-0.002068124245852232
-0.002066896995529532
-0.002065671142190695
-0.002064446918666363
-0.002063223626464605
-0.00206200173124671
-0.00206078146584332
-0.002059562364593148
-0.002058344194665551
-0.002057127188891172
-0.002055911347270012
-0.002054696436971426
-0.002053482457995415
-0.002052269410341978
-0.002051057294011116
-0.002049845876172185
-0.002048634923994541
-0.002047424903139472
-0.002046216046437621
-0.002045008121058345
-0.00204380159266293
-0.002042596228420734
-0.002041392028331757
-0.002040188992395997
-0.002038987353444099
-0.002037787344306707
-0.002036588732153177
-0.002035391516983509
-0.002034195931628346
-0.002033001510426402
-0.002031808253377676
-0.002030615461990237
-0.00202942406758666
-0.002028233371675014
-0.002027043607085943
-0.002025854773819447
-0.002024666871875525
-0.002023479901254177
-0.002022293629124761
-0.002021108521148562
-0.002019924344494939
-0.002018741331994534
-0.002017559250816703
-0.00201637833379209
-0.002015199279412627
-0.002014021622017026
-0.002012845128774643
-0.002011670032516122
-0.002010496333241463
-0.002009323798120022
-0.002008152892813087
-0.002006983151659369
-0.002005814807489514
-0.00200464716181159
-0.002003480680286884
-0.002002315130084753
-0.002001150511205196
-0.001999986590817571
-0.001998823136091232
-0.001997660379856825
-0.001996498787775636
-0.001995338359847665
-0.001994178863242269
-0.001993020996451378
-0.001991864060983062
-0.001990708289667964
-0.001989553915336728
-0.00198840070515871
-0.001987248426303267
-0.001986097311601043
-0.001984946895390749
-0.001983797876164317
-0.00198264978826046
-0.00198150216601789
-0.001980355475097895
-0.001979209017008543
-0.001978063490241766
-0.00197691866196692
-0.001975774532184005
-0.001974631333723664
-0.001973489299416542
-0.001972347730770707
-0.001971207559108734
-0.001970068085938692
-0.001968929544091225
-0.001967792399227619
-0.001966656651347876
-0.001965521834790707
-0.001964388648048043
-0.001963256858289242
-0.001962125999853015
-0.001960996072739363
-0.001959867309778929
-0.001958739710971713
-0.001957612810656428
-0.001956486608833075
-0.001955361803993583
-0.001954237930476665
-0.001953115221112967
-0.001951993559487164
-0.00195087306201458
-0.001949753728695214
-0.001948635675944388
-0.00194751878734678
-0.001946402830071747
-0.001945288269780576
-0.001944174757227302
-0.001943062408827245
-0.001941951224580407
-0.001940841437317431
-0.001939732697792351
-0.001938625006005168
-0.001937518478371203
-0.001936412765644491
-0.001935307984240353
-0.00193420413415879
-0.00193310109898448
-0.001931998762302101
-0.001930897356942296
-0.001929796766489744
-0.001928697107359767
-0.001927598263137043
-0.001926500117406249
-0.001925402786582708
-0.001924306387081742
-0.001923210686072707
-0.001922116032801569
-0.001921022310853004
-0.001919929520227015
-0.0019188376609236
-0.001917746849358082
-0.001916656852699816
-0.001915567670948803
-0.001914479420520365
-0.00191339198499918
-0.001912305247969925
-0.001911219325847924
-0.001910133985802531
-0.001909049577079713
-0.001907966216094792
-0.001906883786432445
-0.001905802404507995
-0.001904722303152084
-0.001903643482364714
-0.001902566058561206
-0.00190149003174156
