0
0
0
0
0
0
0
0
0
0
0
0
0
0
0
0
0
0
0
0
0
0
0
0
0
0
0
0
0
0
0
0
0
0
0
0
0
0
0
0
0
0
0
0
0
0
0
0
0
0
0
0
0
0
0
0
0
0
0
0
0
0
0
0
0
0
0
0
0
0
0
0
0
0
0
0
0
0
0
0
0
0
0
0
0
0
0
0
0
0
0
0
0
0
0
0
0
0
0
0
0
0
0
0
0
0
0
0
0
0
0
0
0
0
0
0
0
0
0
0
0
0
0
0
0
0
0
0
0
0
0
0
0
0
0
0
0
0
0
0
0
0
0
0
0
0
0
0
0
0
0
0
0
0
0
0
0
0
0
0
0
0
0
0
0
0
0
0
0
0
0
0
0
0
0
0
0
0
0
0
0
0
0
0
0
0
0
0
0
0
0
0
0
0
0
0
0
0
0
0
0
0
0
0
0
0
0
0
0
0
0
0
0
0
0
0
0
0
0
0
0
0
0
0
0
0
0
0
0
0
0
0
0
0
0
0
0
0
0
0
0
0
0
0
0
0
0
0
0
0
0
0
0
0
0
0
0
0
0
0
0
0
0
0
0
0
0
0
0
0
0
0
0
0
0
0
0
0
0
0
0
0
0
0
0
0
0
0
0
0
0
0
0
0
0
0
0
0
0
0
0
0
0
0
0
0
0
0
0
0
0
0
0
0
0
0
0
0
0
0
0
0
0
0
0
0
0
0
0
0
0
0
0
0
0
0
0
0
0
0
0
0
0
0
0
0
0
0
0
0
0
0
0
0
0
0
0
0
0
0
0
0
0
0
0
0
0
0
0
0
0
0
0
0
0
0
0
0
0
0
0
0
0
0
0
0
0
0
0
0
0
0
0
0
0
0
0
0
0
0
0
0
0
0
0
0
0
0
0
0
0
0
0
0
0
0
0
0
0
0
0
0
0
0
0
0
0
0
0
0
0
0
0
0
0
0
0
0
0
0
0
0
0
0
0
0
0
0
0
0
0
0
0
0
0
0
0
0
0
0
0
0
0
0
0
0
0
0
0
0
0
0
0
0
0
0
0
0
0
0
0
0
0
0
0
0
0
0
0
0
0
0
0
0
0
0
0
0
0
0
0
0
0
0
0
0
0
0
0
0
0
0
0
0
0
0
0
0
0
0
0
0
0
0
0
0
0
0
0
0
0
0
0
0
0
0
0
0
0
0
0
0
0
0
0
0
0
0
0
0
0
0
0
0
0
0
0
0
0
0
0
0
0
0
0
0
0
0
0
0
0
0
0
0
0
0
0
0
0
0
0
0
0
0
0
0
0
0
0
0
0
0
0
0
0
0
0
0
0
0
0
0
0
0
0
0
0
0
0
0
0
0
0
0
0
0
0
0
0
0
0
0
0
0
0
0
0
0
0
0
0
0
0
0
0
0
0
0
0
0
0
0
0
0
0
0
0
0
0
0
0
0
0
0
0
0
0
0
0
0
0
0
0
0
0
0
0
0
0
0
0
0
0
0
0
0
0
0
0
0
0
0
0
0
0
0
0
0
0
0
0
0
0
0
0
0
0
0
0
0
0
0
0
0
0
0
0
0
0
0
0
0
0
0
0
0
0
0
0
0
0
0
0
0
0
0
0
0
0
0
0
0
0
0
0
0
0
0
0
0
0
0
0
0
0
0
0
0
0
0
0
0
0
0
0
0
0
0
0
0
0
0
0
0
0
0
0
0
0
0
0
0
0
0
0
0
0
0
0
0
0
0
0
0
0
0
0
0
0
0
0
0
0
0
0
0
0
0
0
0
0
0
0
0
0
0
0
0
0
0
0
0
0
0
0
0
0
0
0
0
0
0
0
0
0
0
0
0
0
0
0
0
0
0
0
0
0
0
0
0
0
0
0
0
0
0
0
0
0
0
0
0
0
0
0
0
0
0
0
0
0
0
0
0
0
0
0
0
0
0
0
0
0
0
0
0
0
0
0
0
0
0
0
0
0
0
0
0
0
0
0
0
0
0
0
0
0
0
0
0
0
0
0
0
0
0
0
0
0
0
0
0
0
0
0
0
0
0
0
0
0
0
0
0
0
0
0
0
0
0
0
0
0
0
0
0
0
0
0
0
0
0
0
0
0
0
0
0
0
0
0
0
0
0
0
0
0
0
0
0
0
0
0
0
0
0
0
0
0
0
0
0
0
0
0
0
0
0
0
0
0
0
0
0
0
0
0
0
0
0
0
0
0
0
0
0
0
0
0
0
0
0
0
0
0
0
0
0
0
0
0
0
0
0
0
0
0
0
0
0
0
0
0
0
0
0
0
0
0
0
0
0
0
0
0
0
0
0
7.006492321624085e-45
3.503246160812043e-44
8.688050478813866e-44
2.059908742557481e-43
4.722375824774634e-43
1.008934894313868e-42
2.090737308772627e-42
4.283769405440966e-42
8.711872552707388e-42
1.76171242934916e-41
3.544444335663192e-41
7.10164048735174e-41
1.417539513526342e-40
2.819720795883683e-40
5.590157924777063e-40
1.104537080743965e-39
2.175173949038983e-39
4.269467753314067e-39
8.352655296571578e-39
1.628751345600471e-38
3.165710915555038e-38
6.133103346206199e-38
1.184372417372864e-37
2.279823815185778e-37
4.374469961946731e-37
8.36694192677894e-37
1.59525897826697e-36
3.031968277206051e-36
5.744510098632975e-36
1.084980568344158e-35
2.042853922343444e-35
3.834463720326004e-35
7.175127403838638e-35
1.338498223905395e-34
2.489285382430077e-34
4.615361377555298e-34
8.531321065115605e-34
1.572214327004201e-33
2.88866698087939e-33
5.291497003776143e-33
9.664072604632071e-33
1.759736202079279e-32
3.194816439761591e-32
5.783090724936741e-32
1.043746589674217e-31
1.87826059217608e-31
3.370135485940264e-31
6.029404398955218e-31
1.075577613121037e-30
1.913172915454824e-30
3.393253839298337e-30
6.001129245919635e-30
1.058299557683724e-29
1.861006093645558e-29
3.263285767193457e-29
5.706041118642884e-29
9.949279462919115e-29
1.729934915072374e-28
2.999532369648609e-28
5.186414265920649e-28
8.942832288888581e-28
1.537734401082192e-27
2.636878316673034e-27
4.509262208595455e-27
7.690091897262459e-27
1.307893170406341e-26
2.218358216762336e-26
3.752439687259709e-26
6.33027041702599e-26
1.065028289149178e-25
1.787039642147564e-25
2.990509075858504e-25
4.991116537838487e-25
8.307983286643712e-25
1.379248055170104e-24
2.283714258076152e-24
3.771353872383499e-24
6.211727820412266e-24
1.020447432255468e-23
1.671996526186633e-23
2.732436524209729e-23
4.453875223175451e-23
7.241067213905295e-23
1.174213398969724e-22
1.899217339199416e-22
3.063998107444359e-22
4.930509904602035e-22
7.913849571951314e-22
1.267008154858154e-21
2.023344160873835e-21
3.223011513791272e-21
5.121045687850601e-21
8.116392297804774e-21
1.28315132364324e-20
2.023513353236432e-20
3.183101503264009e-20
4.994750475612169e-20
7.818057492984021e-20
1.220697959549264e-19
1.90127386247131e-19
2.954002071143113e-19
4.578351632662096e-19
7.07851744181281e-19
1.091723725795449e-18
1.679666437802854e-18
2.577956148701886e-18
3.947050284293769e-18
6.028604387259467e-18
9.185657068305386e-18
1.396224625707857e-17
2.117162491256819e-17
3.202648117180761e-17
4.833063456170141e-17
7.276058015539763e-17
1.092778910472046e-16
1.637317863416115e-16
2.447373852055825e-16
3.649524303655306e-16
5.429286374322197e-16
8.057896954426268e-16
1.193095034118623e-15
1.762400171649223e-15
2.597239550232206e-15
3.818557086878631e-15
5.6010320452569e-15
8.196342266193497e-15
1.196621825201106e-14
1.742931055829112e-14
2.532745402837079e-14
3.671914253775346e-14
5.311101900070878e-14
7.664243453211692e-14
1.103438155192378e-13
1.584973742963652e-13
2.271396097467196e-13
3.247594250813113e-13
4.632654936748137e-13
6.593237782993866e-13
9.362013117866774e-13
1.326302999718476e-12
1.874650391517352e-12
2.643643767438753e-12
3.719561551124295e-12
5.221407941430334e-12
7.31293411243561e-12
1.021891252173113e-11
1.42471373240638e-11
1.981806732609392e-11
2.750467041623406e-11
3.808587126230556e-11
5.261799329581152e-11
7.253009998153814e-11
9.975082565505389e-11
1.368767044152008e-10
1.873949606601144e-10
2.559777112498551e-10
3.488691835418223e-10
4.743945791751969e-10
6.436264299303218e-10
8.712551236023103e-10
1.176723274376457e-09
1.585700459827422e-09
2.131993692700007e-09
2.860017556116645e-09
3.827979710990803e-09
5.111974843430289e-09
6.81123424328689e-09
9.054843985722982e-09
1.201030297437455e-08
1.589441822602566e-08
2.098711604503478e-08
2.764891071649345e-08
3.634294287735429e-08
4.766268091316306e-08
6.236670913040143e-08
8.142215790485352e-08
1.060589056578465e-07
1.378370200200152e-07
1.787302750244635e-07
2.312294213879795e-07
2.984695299801388e-07
3.843863396468805e-07
4.93907919008052e-07
6.331886766020034e-07
8.098944022094656e-07
1.033547619044839e-06
1.315946519753197e-06
1.671669451752678e-06
2.118681322826887e-06
2.67906034423504e-06
3.379866939212661e-06
4.254174200468697e-06
5.342295480659232e-06
6.693229806842282e-06
8.366369002033025e-06
1.043349675455829e-05
1.298112510994542e-05
1.61132229550276e-05
1.995436468860134e-05
2.465338911861181e-05
3.038759314222261e-05
3.736753933480941e-05
4.584254565997981e-05
5.610691732726991e-05
6.850699719507247e-05
8.344904927071184e-05
0.000101408179034479
0.0001229381741723046
0.0001486824039602652
0.0001793858828023076
0.0002159084106096998
0.0002592387900222093
0.0003105102805420756
0.0003710171149577945
0.0004422319179866463
0.0005258240853436291
0.0006236790213733912
0.000737917551305145
0.000870916061103344
0.001025326317176223
0.001204094849526882
0.001410481403581798
0.001648076111450791
0.001920814160257578
0.00223298859782517
0.002589258132502437
0.00299465237185359
0.003454570891335607
0.003974775318056345
0.004561376292258501
0.005220809951424599
0.005959807429462671
0.00678535271435976
0.007704630959779024
0.00872496422380209
0.009853735566139221
0.01109829731285572
0.01246587187051773
0.01396343670785427
0.01559759676456451
0.01737444661557674
0.01929941773414612
0.02137712948024273
0.02361121028661728
0.02600414305925369
0.02855709381401539
0.03126973658800125
0.03414011001586914
0.03716445714235306
0.04033709317445755
0.0436503067612648
0.04709426313638687
0.05065697431564331
0.05432426184415817
0.058079794049263
0.06190516799688339
0.06578001379966736
0.06968219578266144
0.07358802109956741
0.07747252285480499
0.08130981773138046
0.08507344871759415
0.08873686194419861
0.09227383881807327
0.09565899521112442
0.09886831790208817
0.1018796637654305
0.1046732813119888
0.1072323098778725
0.1095432415604591
0.1115963533520699
0.1133859977126122
0.1149109378457069
0.1161745116114616
0.1171846613287926
0.1179539486765862
0.1184993609786034
0.1188420504331589
0.1190069243311882
0.1190221309661865
0.1189185082912445
0.1187287718057632
0.1184867918491364
0.1182266920804977
0.1179820224642754
0.1177848428487778
0.1176648810505867
0.1176486760377884
0.1177588477730751
0.1180134639143944
0.1184255331754684
0.1190026104450226
0.119746632874012
0.1206538751721382
0.1217151135206223
0.1229159832000732
0.1242374777793884
0.1256566494703293
0.1271474361419678
0.1286816447973251
0.1302298307418823
0.1317625045776367
0.1332511454820633
0.134669229388237
0.1359932422637939
0.1372034400701523
0.1382845789194107
0.1392264366149902
0.1400241553783417
0.1406782865524292
0.1411947160959244
0.1415842920541763
0.1418622881174088
0.1420476734638214
0.1421622931957245
0.1422298401594162
0.1422748118638992
0.1423214226961136
0.142392635345459
0.1425090879201889
0.1426882892847061
0.1429439634084702
0.1432854235172272
0.1437174528837204
0.1442400813102722
0.1448488235473633
0.1455349922180176
0.1462862491607666
0.1470873653888702
0.1479210555553436
0.1487689167261124
0.1496123373508453
0.1504334807395935
0.1512162089347839
0.1519467383623123
0.1526143997907639
0.1532119810581207
0.1537359356880188
0.1541866362094879
0.1545680016279221
0.1548872590065002
0.1551543325185776
0.1553813070058823
0.1555815935134888
0.1557691544294357
0.1559577137231827
0.1561600118875504
0.156387060880661
0.156647726893425
0.1569481790065765
0.1572917550802231
0.1576788574457169
0.1581071019172668
0.1585715413093567
0.1590651571750641
0.1595793217420578
0.1601044237613678
0.1606305241584778
0.1611479520797729
0.1616479456424713
0.162123054265976
0.1625676900148392
0.1629782319068909
0.1633532494306564
0.1636934280395508
0.16400146484375
0.1642818003892899
0.1645401269197464
0.1647831052541733
0.1650177538394928
0.1652510315179825
0.1654893755912781
0.1657382696866989
0.166001945734024
0.1662831902503967
0.1665832698345184
0.1669018119573593
0.1672370284795761
0.1675859242677689
0.1679444909095764
0.1683081686496735
0.1686720699071884
0.1690313816070557
0.169381782412529
0.1697195172309875
0.1700418144464493
0.1703468710184097
0.1706339418888092
0.1709033101797104
0.1711561679840088
0.1713944226503372
0.1716204136610031
0.171836718916893
0.1720458418130875
0.172249898314476
0.17245052754879
0.172648549079895
0.1728438884019852
0.1730354875326157
0.1732212603092194
0.1733981668949127
0.1735623776912689
0.1737091690301895
0.1738333255052567
0.1739291846752167
0.1739908158779144
0.174012154340744
0.1739871203899384
0.1739097535610199
0.1737741529941559
0.1735746115446091
0.1733056157827377
0.1729617714881897
0.1725376844406128
0.1720280647277832
0.1714276075363159
0.1707309633493423
0.1699328571557999
0.1690280735492706
0.1680115610361099
0.1668787151575089
0.1656254231929779
0.1642483323812485
0.1627451628446579
0.1611149311065674
0.1593581438064575
0.1574772000312805
0.1554764658212662
0.1533626019954681
0.1511445790529251
0.1488337218761444
0.146443784236908
0.1439907401800156
0.1414926648139954
0.1389695256948471
0.136442705988884
0.1339347213506699
0.1314686834812164
0.1290678530931473
0.126755028963089
0.1245519742369652
0.1224788650870323
0.120553731918335
0.118791863322258
0.1172053888440132
0.1158027797937393
0.1145885735750198
0.1135630831122398
0.1127222627401352
0.1120577529072762
0.1115569770336151
0.1112034246325493
0.11097701638937
0.1108547300100327
0.1108112260699272
0.1108196303248405
0.1108523681759834
0.1108821704983711
0.1108828783035278
0.1108305007219315
0.1107039824128151
0.1104860231280327
0.1101636961102486
0.1097289398312569
0.1091788411140442
0.1085156425833702
0.1077466607093811
0.1068838611245155
0.1059432774782181
0.1049442440271378
0.103908471763134
0.1028589308261871
0.1018188446760178
0.1008104979991913
0.0998542308807373
0.09896743297576904
0.09816374629735947
0.09745250642299652
0.09683830291032791
0.09632091969251633
0.0958954319357872
0.09555265307426453
0.09527968615293503
0.095060795545578
0.09487833082675934
0.09471379220485687
0.09454891830682755
0.09436668455600739
0.09415223449468613
0.09389370679855347
0.09358276426792145
0.09321501851081848
0.09279001504182816
0.09231118112802505
0.09178538620471954
0.0912223681807518
0.09063399583101273
0.09003335982561111
0.08943388611078262
0.08884842693805695
0.08828844875097275
0.08776330947875977
0.08727975189685822
0.08684153109788895
0.08644935488700867
0.08610094338655472
0.08579140901565552
0.08551370352506638
0.08525921404361725
0.08501847088336945
0.08478192239999771
0.08454056829214096
0.0842866450548172
0.08401408791542053
0.08371889591217041
0.08339928835630417
0.08305572718381882
0.08269068598747253
0.08230838924646378
0.08191434293985367
0.08151481300592422
0.08111625164747238
0.08072483539581299
0.08034592866897583
0.07998370379209518
0.07964091002941132
0.07931870967149734
0.07901672273874283
0.07873310148715973
0.07846485823392868
0.07820813357830048
0.07795863598585129
0.07771196961402893
0.07746408134698868
0.07721155136823654
0.07695182412862778
0.07668343186378479
0.07640593498945236
0.07611995935440063
0.07582705467939377
0.07552943378686905
0.07522977888584137
0.07493088394403458
0.07463547587394714
0.0743459090590477
0.0740639790892601
0.07379081100225449
0.07352679967880249
0.07327163964509964
0.07302441447973251
0.0727836936712265
0.07254774868488312
0.07231471687555313
0.07208283245563507
0.07185053080320358
0.07161658257246017
0.07138025015592575
0.07114122807979584
0.07089968770742416
0.07065620273351669
0.07041167467832565
0.07016716152429581
0.06992380321025848
0.06968268007040024
0.0694446861743927
0.06921049207448959
0.06898045539855957
0.06875459849834442
0.06853272020816803
0.0683143138885498
0.06809873878955841
0.06788522750139236
0.06767303496599197
0.06746144592761993
0.06724990904331207
0.06703799217939377
0.06682547926902771
0.06661231815814972
0.06639865040779114
0.06618469953536987
0.0659707710146904
0.06575716286897659
0.06554413586854935
0.06533186137676239
0.0651203989982605
0.06490962207317352
0.06469927728176117
0.0644889622926712
0.06427813321352005
0.06406614184379578
0.06385226547718048
0.06363572180271149
0.06341569125652313
0.06319134682416916
0.06296184659004211
0.06272633373737335
0.06248391419649124
0.06223364174365997
0.06197449192404747
0.0617053359746933
0.0614248588681221
0.06113160774111748
0.06082389503717422
0.06049982085824013
0.06015725061297417
0.05979379639029503
0.0594068244099617
0.05899346992373466
0.058550626039505
0.0580749586224556
0.05756289511919022
0.05701063200831413
0.0564141683280468
0.05576927587389946
0.05507151782512665
0.05431625619530678
0.05349864438176155
0.05261365324258804
0.0516560785472393
0.05062056705355644
0.04950163513422012
0.04829373955726624
0.04699127748608589
0.04558869078755379
0.04408049955964088
0.04246138408780098
0.04072626680135727
0.03887039795517921
0.03688943386077881
0.03477953001856804
0.03253745660185814
0.03016065992414951
0.02764737792313099
0.02499674633145332
0.02220886573195457
0.01928490959107876
0.01622720807790756
0.01303932163864374
0.009726114571094513
0.006293818820267916
0.002750070998445153
-0.0008960481500253081
-0.0046340087428689
-0.008451833389699459
-0.01233613304793835
-0.01627216301858425
-0.02024389803409576
-0.02423414960503578
-0.02822468988597393
-0.03219642862677574
-0.03612959384918213
-0.04000395536422729
-0.04379905387759209
-0.04749447479844093
-0.05107011646032333
-0.05450649559497833
-0.05778504908084869
-0.06088842824101448
-0.06380081176757812
-0.0665082186460495
-0.0689987912774086
-0.07126304507255554
-0.07329411804676056
-0.07508798688650131
-0.07664363831281662
-0.07796318084001541
-0.07905188947916031
-0.07991825044155121
-0.08057389408349991
-0.08103348314762115
-0.08131454139947891
-0.08143719285726547
-0.08142384141683578
-0.08129885047674179
-0.08108807355165482
-0.08081838488578796
-0.08051719516515732
-0.08021190762519836
-0.07992933690547943
-0.07969518005847931
-0.07953343540430069
-0.07946589589118958
-0.07951167970895767
-0.0796867311000824
-0.08000354468822479
-0.08047078549861908
-0.08109311759471893
-0.08187112212181091
-0.08280127495527267
-0.08387603610754013
-0.08508404344320297
-0.08641045540571213
-0.0878373458981514
-0.08934420347213745
-0.09090849757194519
-0.0925062820315361
-0.09411293268203735
-0.09570376574993134
-0.09725482761859894
-0.09874351322650909
-0.1001492813229561
-0.1014541685581207
-0.1026433706283569
-0.1037056148052216
-0.1046334952116013
-0.1054236441850662
-0.106076791882515
-0.1065977066755295
-0.1069949641823769
-0.1072806566953659
-0.1074699312448502
-0.1075804457068443
-0.1076317876577377
-0.1076446995139122
-0.1076404228806496
-0.1076399683952332
-0.1076633557677269
-0.1077289655804634
-0.107852891087532
-0.1080484688282013
-0.1083258092403412
-0.1086914837360382
-0.1091484129428864
-0.1096958145499229
-0.1103293150663376
-0.1110412180423737
-0.111820861697197
-0.1126551255583763
-0.1135289296507835
-0.1144259497523308
-0.1153292655944824
-0.1162220314145088
-0.117088183760643
-0.1179129853844643
-0.1186836734414101
-0.1193898543715477
-0.1200238913297653
-0.1205810680985451
-0.1210597157478333
-0.1214611828327179
-0.1217896193265915
-0.1220517158508301
-0.122256264090538
-0.1224136501550674
-0.1225353181362152
-0.122633159160614
-0.122718907892704
-0.1228035390377045
-0.122896708548069
-0.1230062991380692
-0.123137965798378
-0.123294897377491
-0.12347761541605
-0.12368393689394
-0.1239090263843536
-0.124145582318306
-0.1243841797113419
-0.1246135383844376
-0.1248210743069649
-0.1249933242797852
-0.1251164972782135
-0.1251769661903381
-0.1251617670059204
-0.1250589936971664
-0.1248582229018211
-0.1245507299900055
-0.1241297274827957
-0.1235904470086098
-0.122930146753788
-0.1221480146050453
-0.1212450191378593
-0.120223693549633
-0.1190878450870514
-0.1178422346711159
-0.1164923310279846
-0.115044005215168
-0.1135032922029495
-0.1118761599063873
-0.1101684272289276
-0.1083856374025345
-0.106533095240593
-0.1046159192919731
-0.1026391983032227
-0.1006081327795982
-0.09852829575538635
-0.09640587121248245
-0.09424784034490585
-0.09206224232912064
-0.08985834568738937
-0.08764674514532089
-0.08543941378593445
-0.08324966579675674
-0.08109202235937119
-0.07898204028606415
-0.07693593204021454
-0.07497026026248932
-0.07310145348310471
-0.07134533673524857
-0.06971665471792221
-0.06822849810123444
-0.0668918713927269
-0.06571523100137711
-0.06470409035682678
-0.06386075913906097
-0.06318409740924835
-0.06266944855451584
-0.06230870634317398
-0.06209041550755501
-0.06200006604194641
-0.0620204322040081
-0.06213207170367241
-0.06231382489204407
-0.06254343688488007
-0.06279818713665009
-0.06305550038814545
-0.06329360604286194
-0.06349218636751175
-0.06363285332918167
-0.06369972974061966
-0.0636797696352005
-0.06356313824653625
-0.06334338337182999
-0.0630175843834877
-0.06258630007505417
-0.06205350160598755
-0.06142632663249969
-0.06071479246020317
-0.05993141606450081
-0.0590907484292984
-0.058208879083395
-0.05730285495519638
-0.05639013275504112
-0.05548800900578499
-0.05461303144693375
-0.05378048121929169
-0.05300388112664223
-0.05229457840323448
-0.05166140198707581
-0.05111039057374001
-0.0506446473300457
-0.05026429519057274
-0.04996649175882339
-0.04974561929702759
-0.04959353804588318
-0.04949992522597313
-0.04945271462202072
-0.04943860322237015
-0.0494435727596283
-0.04945347458124161
-0.04945459589362144
-0.04943421110510826
-0.04938108846545219
-0.04928591474890709
-0.04914166405797005
-0.04894383996725082
-0.04869062453508377
-0.04838286712765694
-0.0480240024626255
-0.04761983454227448
-0.04717817902565002
-0.04670848324894905
-0.0462213046848774
-0.04572780057787895
-0.04523913934826851
-0.04476599767804146
-0.04431800544261932
-0.04390333592891693
-0.04352829232811928
-0.04319709539413452
-0.04291169717907906
-0.04267175123095512
-0.04247472435235977
-0.04231609031558037
-0.04218963161110878
-0.04208784177899361
-0.0420023612678051
-0.04192446917295456
-0.04184556379914284
-0.04175764322280884
-0.04165370017290115
-0.04152809455990791
-0.04137679934501648
-0.04119756817817688
-0.04098999127745628
-0.04075540974736214
-0.04049680009484291
-0.04021850228309631
-0.03992590680718422
-0.03962508961558342
-0.03932241350412369
-0.03902412950992584
-0.0387360118329525
-0.03846301883459091
-0.03820903971791267
-0.03797668218612671
-0.0377671979367733
-0.0375804603099823
-0.0374150387942791
-0.03726836293935776
-0.03713692352175713
-0.03701655939221382
-0.03690275549888611
-0.03679094836115837
-0.03667682036757469
-0.03655656799674034
-0.03642711788415909
-0.03628628700971603
-0.03613289073109627
-0.03596674278378487
-0.03578862547874451
-0.03560016304254532
-0.03540368750691414
-0.0352020263671875
-0.03499826788902283
-0.03479554131627083
-0.03459681570529938
-0.03440466895699501
-0.03422115370631218
-0.034047681838274
-0.03388495743274689
-0.03373296931385994
-0.03359103202819824
-0.03345788642764091
-0.03333181887865067
-0.03321079164743423
-0.03309264406561852
-0.03297524154186249
-0.03285661712288857
-0.03273512050509453
-0.03260950744152069
-0.03247901797294617
-0.03234337270259857
-0.03220279887318611
-0.03205794468522072
-0.03190981596708298
-0.03175969049334526
-0.03160897269845009
-0.03145909309387207
-0.03131139650940895
-0.03116704151034355
-0.03102692402899265
-0.03089161217212677
-0.0307613480836153
-0.03063602931797504
-0.03051525168120861
-0.03039835765957832
-0.03028450533747673
-0.03017274104058743
-0.03006209805607796
-0.0299516599625349
-0.02984063699841499
-0.02972841635346413
-0.02961460500955582
-0.02949903160333633
-0.0293817576020956
-0.02926304563879967
-0.029143325984478
-0.02902314811944962
-0.02890312299132347
-0.02878386899828911
-0.02866595610976219
-0.02854986488819122
-0.02843595668673515
-0.0283244401216507
-0.02821536734700203
-0.02810864523053169
-0.02800405211746693
-0.02790126577019691
-0.02779989689588547
-0.02769952826201916
-0.0275997519493103
-0.0275002047419548
-0.02740059234201908
-0.02730071544647217
-0.02720046788454056
-0.0270998552441597
-0.02699896693229675
-0.0268979649990797
-0.02679708227515221
-0.02669656276702881
-0.0265966635197401
-0.02649762108922005
-0.02639963291585445
-0.02630284056067467
-0.02620732225477695
-0.02611309103667736
-0.02602009475231171
-0.02592823095619678
-0.02583735622465611
-0.02574730478227139
-0.0256578978151083
-0.02556896954774857
-0.02548038028180599
-0.02539202012121677
-0.02530382201075554
-0.02521576732397079
-0.02512786723673344
-0.02504017576575279
-0.02495277673006058
-0.02486576326191425
-0.02477923594415188
-0.02469329349696636
-0.02460801787674427
-0.02452346868813038
-0.02443968690931797
-0.02435667626559734
-0.02427441813051701
-0.02419286966323853
-0.02411197125911713
-0.02403165586292744
-0.02395185455679893
-0.02387249283492565
-0.02379351854324341
-0.02371488884091377
-0.02363657392561436
-0.02355856448411942
-0.0234808661043644
-0.02340350300073624
-0.02332650311291218
-0.02324990183115005
-0.02317374013364315
-0.023098049685359
-0.02302285842597485
-0.02294818684458733
-0.02287404239177704
-0.02280042506754398
-0.02272731624543667
-0.0226546972990036
-0.02258254215121269
-0.02251081541180611
-0.02243949472904205
-0.02236855775117874
-0.02229797467589378
-0.02222773432731628
-0.02215782925486565
-0.02208825759589672
-0.0220190268009901
-0.02195014245808125
-0.02188161946833134
-0.02181347087025642
-0.0217457041144371
-0.02167833410203457
-0.02161136455833912
-0.0215448010712862
-0.02147863619029522
-0.02141286619007587
-0.02134747989475727
-0.02128246612846851
-0.02121781185269356
-0.02115350775420666
-0.02108953893184662
-0.02102589979767799
-0.02096258290112019
-0.02089958265423775
-0.02083689346909523
-0.02077451907098293
-0.02071245945990086
-0.02065072022378445
-0.02058930322527885
-0.02052821591496468
-0.02046745643019676
-0.02040702477097511
-0.02034692093729973
-0.02028714492917061
-0.02022769115865231
-0.02016855590045452
-0.02010972984135151
-0.02005121298134327
-0.01999299600720406
-0.01993507519364357
-0.01987744495272636
-0.01982009783387184
-0.01976303383708
-0.01970625482499599
-0.01964975520968437
-0.01959353685379028
-0.01953760161995888
-0.0194819513708353
-0.01942658424377441
-0.01937149651348591
-0.01931668817996979
-0.01926215551793575
-0.0192078985273838
-0.01915391534566879
-0.01910019852221012
-0.01904674619436264
-0.0189935564994812
-0.0189406294375658
-0.01888796128332615
-0.01883554831147194
-0.01878338865935802
-0.01873148232698441
-0.01867982745170593
-0.01862842030823231
-0.01857726089656353
-0.01852634735405445
-0.01847567968070507
-0.01842525787651539
-0.01837508007884026
-0.01832514256238937
-0.01827544160187244
-0.01822597905993462
-0.01817675307393074
-0.01812775991857052
-0.01807899586856365
-0.01803046278655529
-0.01798215322196484
-0.01793407090008259
-0.01788621209561825
-0.01783857680857182
-0.01779116690158844
-0.01774397492408752
-0.01769700273871422
-0.01765025034546852
-0.01760371401906013
-0.01755739375948906
-0.01751128770411015
-0.01746539212763309
-0.01741971075534821
-0.01737423799932003
-0.01732897572219372
-0.01728391833603382
-0.01723906770348549
-0.01719442196190357
-0.01714997738599777
-0.01710573025047779
-0.01706168241798878
-0.01701783388853073
-0.01697418093681335
-0.01693072356283665
-0.01688745990395546
-0.01684438809752464
-0.0168015081435442
-0.01675881817936897
-0.01671631634235382
-0.01667400076985359
-0.01663187332451344
-0.0165899321436882
-0.01654817536473274
-0.01650659926235676
-0.0164652056992054
-0.01642399467527866
-0.01638296060264111
-0.01634210348129272
-0.01630142331123352
-0.01626092195510864
-0.01622059382498264
-0.01618044078350067
-0.01614046096801758
-0.01610065437853336
-0.01606101915240288
-0.01602155715227127
-0.01598226092755795
-0.01594313234090805
-0.01590417511761189
-0.01586538180708885
-0.01582675613462925
-0.01578829251229763
-0.01574999280273914
-0.01571185328066349
-0.01567387208342552
-0.01563605107367039
-0.01559838838875294
-0.01556088216602802
-0.01552353240549564
-0.01548633724451065
-0.01544929761439562
-0.01541241072118282
-0.01537567749619484
-0.01533909514546394
-0.01530266646295786
-0.01526638865470886
-0.01523026172071695
-0.01519428379833698
-0.01515845395624638
-0.01512277219444513
-0.01508723571896553
-0.01505184359848499
-0.01501659490168095
-0.01498148776590824
-0.01494652312248945
-0.01491169817745686
-0.01487701386213303
-0.01484246645122766
-0.01480805594474077
-0.01477378234267235
-0.01473964564502239
-0.01470564492046833
-0.01467178296297789
-0.01463805604726076
-0.01460446324199438
-0.01457100454717875
-0.01453767903149128
-0.01450448669493198
-0.01447142660617828
-0.0144384978339076
-0.01440569758415222
-0.01437302678823471
-0.0143404845148325
-0.01430806890130043
-0.01427577808499336
-0.01424361299723387
-0.01421157363802195
-0.01417966093868017
-0.01414787024259567
-0.01411620154976845
-0.01408465672284365
-0.01405323389917612
-0.01402193401008844
-0.01399075426161289
-0.01395969465374947
-0.01392875425517559
-0.01389793399721384
-0.01386723108589649
-0.01383664458990097
-0.01380617450922728
-0.01377581991255283
-0.01374558079987764
-0.01371545530855656
-0.01368544343858957
-0.01365554518997669
-0.01362575963139534
-0.01359608676284552
-0.01356652472168207
-0.01353707350790501
-0.01350773125886917
-0.01347849797457457
-0.01344937272369862
-0.01342035457491875
-0.01339144352823496
-0.01336263865232468
-0.01333394087851048
-0.01330534834414721
-0.01327686291188002
-0.01324848365038633
-0.01322021055966616
-0.01319204084575176
-0.01316397357732058
-0.0131360087543726
-0.01310814637690783
-0.01308038458228111
-0.01305272337049246
-0.01302516181021929
-0.0129976999014616
-0.01297033857554197
-0.01294307690113783
-0.01291591394692659
-0.01288885064423084
-0.012861886061728
-0.01283501926809549
-0.01280825026333332
-0.01278157904744148
-0.01275500282645226
-0.01272852253168821
-0.01270213723182678
-0.01267584506422281
-0.0126496460288763
-0.01262353826314211
-0.01259752456098795
-0.0125716021284461
-0.01254577189683914
-0.01252003014087677
-0.01249437872320414
-0.01246881857514381
-0.01244334690272808
-0.01241796463727951
-0.01239267084747553
-0.01236746553331614
-0.01234234962612391
-0.01231732033193111
-0.01229238044470549
-0.01226752530783415
-0.01224275678396225
-0.01221807301044464
-0.01219347398728132
-0.01216895971447229
-0.01214452832937241
-0.01212018076330423
-0.01209591701626778
-0.01207173429429531
-0.01204763725399971
-0.01202362217009068
-0.01199969090521336
-0.0119758415967226
-0.01195207424461842
-0.01192838884890079
-0.01190478540956974
-0.01188126299530268
-0.01185781881213188
-0.01183445379137993
-0.01181116607040167
-0.01178795471787453
-0.0117648197337985
-0.01174176204949617
-0.01171877980232239
-0.01169587485492229
-0.01167304813861847
-0.01165029592812061
-0.01162762101739645
-0.01160502340644598
-0.01158250123262405
-0.01156005542725325
-0.01153768412768841
-0.01151538733392954
-0.01149316597729921
-0.01147101633250713
-0.0114489383995533
-0.01142693404108286
-0.01140500046312809
-0.01138313952833414
-0.01136134844273329
-0.01133962813764811
-0.01131797861307859
-0.01129639986902475
-0.01127489190548658
-0.01125345472246408
-0.01123208645731211
-0.01121078711003065
-0.01118955668061972
-0.01116839610040188
-0.01114730443805456
-0.01112628076225519
-0.01110532507300377
-0.01108443550765514
-0.01106361579149961
-0.01104286219924688
-0.0110221765935421
-0.01100155804306269
-0.0109810046851635
-0.01096051838248968
-0.01094009820371866
-0.01091974228620529
-0.01089945156127214
-0.01087922416627407
-0.01085906010121107
-0.01083895843476057
-0.01081891823559999
-0.01079893857240677
-0.01077902130782604
-0.01075916457921267
-0.01073937024921179
-0.01071963831782341
-0.01069996785372496
-0.010680359788239
-0.0106608122587204
-0.01064132805913687
-0.01062190625816584
-0.01060254499316216
-0.0105832451954484
-0.01056400593370199
-0.01054482534527779
-0.01052570249885321
-0.0105066392570734
-0.01048763375729322
-0.01046868693083525
-0.0104497978463769
-0.0104309655725956
-0.01041219010949135
-0.0103934733197093
-0.01037481334060431
-0.01035621203482151
-0.01033766847103834
-0.01031918171793222
-0.01030075270682573
-0.01028238236904144
-0.01026406604796648
-0.01024580653756857
-0.01022760197520256
-0.01020945142954588
-0.01019135396927595
-0.01017331145703793
-0.01015532296150923
-0.01013738662004471
-0.01011950243264437
-0.01010167226195335
-0.01008389517664909
-0.01006617024540901
-0.01004849933087826
-0.01003088150173426
-0.01001331675797701
-0.009995804168283939
-0.009978344663977623
-0.00996093824505806
-0.0099435830488801
-0.009926280006766319
-0.009909027256071568
-0.009891824796795845
-0.009874672628939152
-0.009857571683824062
-0.009840521030128002
-0.009823519736528397
-0.00980656873434782
-0.009789668954908848
-0.00977281853556633
-0.009756018407642841
-0.009739267639815807
-0.009722566232085228
-0.009705913253128529
-0.00968930684030056
-0.009672748856246471
-0.009656239300966263
-0.00963977538049221
-0.009623358026146889
-0.009606988169252872
-0.009590664878487587
-0.009574388153851032
-0.009558157995343208
-0.00954197533428669
-0.009525837376713753
-0.009509744122624397
-0.009493698365986347
-0.009477698244154453
-0.009461742825806141
-0.009445834904909134
-0.009429972618818283
-0.009414156898856163
-0.009398385882377625
-0.009382660500705242
-0.009366979822516441
-0.009351341985166073
-0.009335749782621861
-0.009320201352238655
-0.009304697625339031
-0.00928923673927784
-0.009273819625377655
-0.009258446283638477
-0.009243115782737732
-0.009227827191352844
-0.009212580509483814
-0.009197377599775791
-0.009182218462228775
-0.009167100302875042
-0.009152024984359741
-0.009136992506682873
-0.009122001938521862
-0.009107053279876709
-0.009092146530747414
-0.009077280759811401
-0.009062455967068672
-0.009047672152519226
-0.009032928384840488
-0.009018224664032459
-0.009003560990095139
-0.008988936431705952
-0.008974351920187473
-0.008959807455539703
-0.008945303037762642
-0.00893083680421114
-0.008916412480175495
-0.008902027271687984
-0.008887682110071182
-0.008873376995325089
-0.008859110996127129
-0.008844885043799877
-0.00883069634437561
-0.008816545829176903
-0.008802434429526329
-0.008788361214101315
-0.008774325251579285
-0.008760325610637665
-0.008746362291276455
-0.00873243622481823
-0.008718547411262989
-0.008704693987965584
-0.008690879680216312
-0.0086771035566926
-0.008663365617394447
-0.008649664930999279
-0.00863600242882967
-0.008622377179563046
-0.008608789183199406
-0.008595236577093601
-0.008581719361245632
-0.008568235673010349
-0.008554788306355476
-0.008541375398635864
-0.008527996018528938
-0.008514652028679848
-0.008501343429088593
-0.008488071151077747
-0.008474833332002163
-0.008461630903184414
-0.0084484638646245
-0.008435331284999847
-0.00842223409563303
-0.008409172296524048
-0.008396145887672901
-0.008383153006434441
-0.008370192721486092
-0.00835726410150528
-0.008344369009137154
-0.008331506513059139
-0.008318676613271236
-0.008305881172418594
-0.008293119259178638
-0.008280389942228794
-0.008267693221569061
-0.008255031891167164
-0.008242403157055378
-0.008229807950556278
-0.008217246271669865
-0.008204717189073563
-0.008192219771444798
-0.008179753087460995
-0.008167318068444729
-0.008154912851750851
-0.008142539300024509
-0.00813019648194313
-0.008117884397506714
-0.00810560304671526
-0.008093354292213917
-0.008081135340034962
-0.008068948984146118
-0.008056794293224812
-0.008044670335948467
-0.00803257804363966
-0.008020516484975815
-0.008008486591279507
-0.007996487431228161
-0.007984518073499203
-0.007972580380737782
-0.007960670627653599
-0.007948789745569229
-0.007936939597129822
-0.007925117388367653
-0.007913324981927872
-0.007901562377810478
-0.007889829576015472
-0.007878124713897705
-0.007866449654102325
-0.007854803465306759
-0.007843188010156155
-0.007831603288650513
-0.007820046506822109
-0.007808519061654806
-0.007797021884471178
-0.007785553578287363
-0.007774114143103361
-0.00776270218193531
-0.007751318160444498
-0.00773996114730835
-0.007728631142526865
-0.007717328146100044
-0.007706052158027887
-0.007694801781326532
-0.007683578412979841
-0.007672382052987814
-0.007661212235689163
-0.007650069426745176
-0.007638953626155853
-0.007627865299582481
-0.007616804447025061
-0.007605772465467453
-0.007594768889248371
-0.007583792321383953
-0.007572843693196774
-0.007561922073364258
-0.007551027461886406
-0.007540159858763218
-0.007529318332672119
-0.00751850288361311
-0.007507712114602327
-0.007496946956962347
-0.007486207410693169
-0.007475493941456079
-0.007464806083589792
-0.007454142440110445
-0.007443503942340612
-0.007432890590280294
-0.007422301452606916
-0.007411737460643053
-0.007401198614388704
-0.00739068491384387
-0.007380196359008551
-0.007369733415544033
-0.007359296083450317
-0.007348884828388691
-0.007338499184697866
-0.007328137755393982
-0.007317801471799612
-0.007307489402592182
-0.007297202479094267
-0.007286938838660717
-0.007276698481291533
-0.007266481872648001
-0.007256289012730122
-0.007246119901537895
-0.007235975004732609
-0.007225854322314262
-0.007215758319944143
-0.007205685134977102
-0.007195635698735714
-0.007185609079897404
-0.007175605278462172
-0.007165624760091305
-0.007155667059123516
-0.007145732175558805
-0.007135820109397173
-0.007125930860638618
-0.007116065360605717
-0.00710622314363718
-0.007096403278410435
-0.007086606230586767
-0.007076832465827465
-0.007067081984132528
-0.007057354785501957
-0.007047650404274464
-0.007037968374788761
-0.007028307765722275
-0.007018669042736292
-0.007009051740169525
-0.006999455392360687
-0.006989880930632353
-0.006980327423661947
-0.006970795337110758
-0.006961284670978785
-0.006951796356588602
-0.006942329462617636
-0.00693288492038846
-0.006923462729901075
-0.006914061494171619
-0.006904682144522667
-0.006895324680954218
-0.006885988637804985
-0.006876674480736256
-0.006867381744086742
-0.006858110893517733
-0.006848861929029226
-0.006839634384959936
-0.006830427795648575
-0.006821241695433855
-0.006812076084315777
-0.006802931893616915
-0.00679380726069212
-0.006784702651202679
-0.006775618065148592
-0.006766553036868572
-0.006757508032023907
-0.006748483050614595
-0.006739477161318064
-0.006730489898473024
-0.006721522659063339
-0.006712575908750296
-0.006703648716211319
-0.006694741081446409
-0.006685853935778141
-0.006676987279206514
-0.00666813924908638
-0.0066593112424016
-0.006650502327829599
-0.006641712971031666
-0.006632942240685225
-0.006624190602451563
-0.006615458521991968
-0.006606745067983866
-0.006598050240427256
-0.006589375436306
-0.006580720189958811
-0.006572084501385689
-0.006563469301909208
-0.006554875522851944
-0.006546300835907459
-0.006537745241075754
-0.006529208738356829
-0.006520691327750683
-0.006512192077934742
-0.006503711454570293
-0.006495247595012188
-0.006486801430583
-0.006478372029960155
-0.006469959858804941
-0.006461563985794783
-0.006453186273574829
-0.006444825790822506
-0.006436483468860388
-0.006428159307688475
-0.006419853772968054
-0.006411566399037838
-0.006403297651559114
-0.006395046599209309
-0.006386814173310995
-0.006378598976880312
-0.006370401475578547
-0.006362221203744411
-0.006354058161377907
-0.006345913745462894
-0.006337785627692938
-0.006329675670713186
-0.006321583408862352
-0.006313508842140436
-0.00630545150488615
-0.006297411397099495
-0.006289388053119183
-0.006281381472945213
-0.006273392122238874
-0.006265418604016304
-0.006257462315261364
-0.006249522790312767
-0.006241599563509226
-0.006233693100512028
-0.006225804332643747
-0.006217931862920523
-0.006210076622664928
-0.006202238611876965
-0.006194418296217918
-0.006186614744365215
-0.006178827490657568
-0.006171055603772402
-0.006163300015032291
-0.006155560258775949
-0.006147835403680801
-0.006140125915408134
-0.006132431328296661
-0.006124751642346382
-0.006117087323218584
-0.006109438370913267
-0.006101805251091719
-0.006094187498092651
-0.00608658604323864
-0.006079001352190971
-0.006071433424949646
-0.006063881795853376
-0.00605634693056345
-0.006048828363418579
-0.006041325628757477
-0.006033839657902718
-0.006026368588209152
-0.006018913350999355
-0.006011472549289465
-0.006004046648740768
-0.005996635649353266
-0.005989238619804382
-0.00598185695707798
-0.005974489264190197
-0.005967136938124895
-0.005959799978882074
-0.005952477920800447
-0.005945171229541302
-0.005937880370765924
-0.005930604413151741
-0.005923344288021326
-0.005916099529713392
-0.00590887013822794
-0.005901655647903681
-0.005894455593079329
-0.00588727043941617
-0.005880099255591631
-0.005872941575944424
-0.005865798331797123
-0.005858669057488441
-0.005851552821695805
-0.005844450555741787
-0.005837362259626389
-0.005830287002027035
-0.0058232257142663
-0.005816178862005472
-0.005809145979583263
-0.005802127532660961
-0.005795123986899853
-0.005788133945316076
-0.005781159736216068
-0.005774199496954679
-0.005767253693193197
-0.005760321859270334
-0.005753403063863516
-0.005746497772634029
-0.005739605519920588
-0.005732727237045765
-0.005725862458348274
-0.005719011183828115
-0.005712173879146576
-0.005705351009964943
-0.005698541179299355
-0.005691745784133673
-0.005684963893145323
-0.005678195506334305
-0.005671441089361906
-0.005664700642228127
-0.005657973699271679
-0.005651259794831276
-0.005644559860229492
-0.005637872964143753
-0.005631199106574059
-0.005624537821859121
-0.005617889575660229
-0.005611254833638668
-0.005604633130133152
-0.005598023999482393
-0.005591427907347679
-0.005584844388067722
-0.00557827390730381
-0.005571715533733368
-0.005565169733017683
-0.005558636039495468
-0.005552114453166723
-0.005545605439692736
-0.005539108999073505
-0.005532624665647745
-0.005526152439415455
-0.005519692786037922
-0.005513245705515146
-0.005506811197847128
-0.00550038879737258
-0.005493979901075363
-0.005487583577632904
-0.00548120029270649
-0.005474829114973545
-0.005468470975756645
-0.005462125409394503
-0.00545579195022583
-0.005449470598250628
-0.00544316042214632
-0.005436861421912909
-0.005430574063211679
-0.005424298346042633
-0.005418033804744482
-0.005411780439317226
-0.005405539181083441
-0.005399310030043125
-0.005393093917518854
-0.00538689037784934
-0.005380698479712009
-0.005374519154429436
-0.005368352402001619
-0.005362197756767273
-0.005356055684387684
-0.00534992478787899
-0.005343805998563766
-0.005337697453796864
-0.005331600084900856
-0.005325513891875744
-0.005319439340382814
-0.005313376430422068
-0.005307324230670929
-0.005301283206790686
-0.0052952547557652
-0.005289237946271896
-0.005283232312649488
-0.005277238786220551
-0.005271257366985083
-0.005265287589281797
-0.005259328987449408
-0.005253381561487913
-0.005247445311397314
-0.005241519305855036
-0.005235603544861078
-0.005229698494076729
-0.0052238036878407
-0.005217918660491705
-0.005212044809013605
-0.005206181667745113
-0.00520032923668623
-0.005194487515836954
-0.005188656970858574
-0.005182837601751089
-0.0051770294085145
-0.005171232391148806
-0.00516544608399272
-0.005159670952707529
-0.005153906065970659
-0.005148151889443398
-0.005142407957464457
-0.005136673804372549
-0.005130949430167675
-0.005125234834849834
-0.005119530484080315
-0.00511383730918169
-0.005108155310153961
-0.005102484486997128
-0.005096824839711189
-0.005091176833957434
-0.005085539072751999
-0.005079912953078747
-0.005074297077953815
-0.005068691447377205
-0.005063095595687628
-0.005057509522885084
-0.005051933228969574
-0.005046366713941097
-0.005040809046477079
-0.005035261623561382
-0.005029723048210144
-0.005024194717407227
-0.005018676165491343
-0.005013167858123779
-0.005007669795304537
-0.005002181977033615
-0.004996704868972301
-0.004991238005459309
-0.004985780920833349
-0.004980334080755711
-0.004974897485226393
-0.004969470202922821
-0.004964052699506283
-0.004958644043654203
-0.004953245166689157
-0.004947856068611145
-0.004942476283758879
-0.004937106743454933
-0.004931746982038021
-0.004926396999508142
-0.004921056795865297
-0.004915725905448198
-0.004910404793918133
-0.004905093461275101
-0.004899792373180389
-0.004894501529633999
-0.004889219999313354
-0.004883947316557169
-0.004878683481365442
-0.004873428493738174
-0.004868181888014078
-0.004862943198531866
-0.004857712425291538
-0.004852490499615669
-0.004847276955842972
-0.004842071793973446
-0.004836875479668379
-0.004831688012927771
-0.004826509859412909
-0.00482134148478508
-0.004816183354705572
-0.004811035934835672
-0.004805898293852806
-0.004800771828740835
-0.004795655608177185
-0.004790549166500568
-0.004785452503710985
-0.004780364222824574
-0.004775285720825195
-0.004770215600728989
-0.004765154328197241
-0.004760100971907377
-0.00475505692884326
-0.004750020336359739
-0.004744991660118103
-0.004739970900118351
-0.004734958056360483
-0.004729953594505787
-0.004724957514554262
-0.004719969350844622
-0.004714989103376865
-0.004710017237812281
-0.004705053754150867
-0.004700098652392626
-0.00469515286386013
-0.004690215457230806
-0.004685287363827229
-0.004680367652326822
-0.004675458651036024
-0.004670558497309685
-0.004665667656809092
-0.004660786129534245
-0.004655913449823856
-0.004651049617677927
-0.004646194167435169
-0.004641347099095583
-0.004636507946997881
-0.004631676245480776
-0.004626852460205555
-0.004622036591172218
-0.004617228172719479
-0.00461242813616991
-0.004607636015862226
-0.004602852277457714
-0.004598076920956373
-0.004593309946358204
-0.004588551819324493
-0.004583802539855242
-0.004579061642289162
-0.00457432959228754
-0.004569605458527803
-0.004564888309687376
-0.004560178611427546
-0.004555476363748312
-0.004550781566649675
-0.004546094220131636
-0.004541413392871618
-0.004536740016192198
-0.004532074090093374
-0.004527415614575148
-0.004522765055298805
-0.00451812194660306
-0.004513487219810486
-0.004508860874921083
-0.004504243843257427
-0.004499636124819517
-0.004495036322623491
-0.00449044443666935
-0.00448586093261838
-0.004481284879148006
-0.004476715810596943
-0.004472154658287764
-0.004467600025236607
-0.004463052377104759
-0.004458511713892221
-0.004453978035598993
-0.004449451342225075
-0.004444932099431753
-0.004440420772880316
-0.00443591782823205
-0.004431422334164381
-0.004426934290677309
-0.004422454629093409
-0.004417982883751392
-0.004413518588989973
-0.004409062676131725
-0.004404613748192787
-0.004400172736495733
-0.004395739175379276
-0.004391312133520842
-0.004386892076581717
-0.004382478538900614
-0.004378072917461395
-0.004373673349618912
-0.004369281232357025
-0.004364896565675735
-0.004360519349575043
-0.00435614911839366
-0.004351785872131586
-0.004347430542111397
-0.004343083128333092
-0.004338742699474096
-0.00433440925553441
-0.004330082330852747
-0.004325761925429106
-0.004321448970586061
-0.00431714253500104
-0.004312842153012753
-0.004308549221605062
-0.004304264206439257
-0.004299986641854048
-0.004295716527849436
-0.004291453864425421
-0.004287198185920715
-0.004282949957996607
-0.004278709180653095
-0.004274475853890181
-0.004270249046385288
-0.004266028758138418
-0.00426181498914957
-0.00425760680809617
-0.004253405146300793
-0.004249208606779575
-0.004245019052177668
-0.00424083648249507
-0.004236660897731781
-0.004232492297887802
-0.00422833114862442
-0.004224176984280348
-0.004220029804855585
-0.004215890076011419
-0.00421175779774785
-0.004207632038742304
-0.004203513264656067
-0.004199400544166565
-0.004195293877273798
-0.004191193263977766
-0.004187098704278469
-0.004183010198175907
-0.004178928676992655
-0.00417485274374485
-0.004170783795416355
-0.00416672183200717
-0.004162666387856007
-0.004158616997301579
-0.004154574126005173
-0.004150538239628077
-0.004146507941186428
-0.004142483230680227
-0.004138464573770761
-0.004134451504796743
-0.00413044448941946
-0.004126443527638912
-0.004122448153793812
-0.004118459299206734
-0.004114476963877678
-0.004110501147806644
-0.004106532316654921
-0.004102570004761219
-0.004098614677786827
-0.004094666801393032
-0.004090725444257259
-0.004086790606379509
-0.004082862753421068
-0.004078940954059362
-0.004075025208294392
-0.00407111644744873
-0.004067213740199804
-0.004063317086547613
-0.004059426486492157
-0.004055541474372149
-0.004051662981510162
-0.004047790076583624
-0.004043922759592533
-0.00404006103053689
-0.004036205355077982
-0.004032354801893234
-0.004028510302305222
-0.004024671390652657
-0.004020838066935539
-0.004017010796815157
-0.004013190511614084
-0.004009375814348459
-0.004005566705018282
-0.004001764580607414
-0.003997968975454569
-0.003994179889559746
-0.003990396857261658
-0.003986619412899017
-0.003982847556471825
-0.00397908128798008
-0.003975320607423782
-0.003971565514802933
-0.003967815078794956
-0.00396406976506114
-0.003960329107940197
-0.003956594038754702
-0.003952864091843367
-0.003949139732867479
-0.003945420496165752
-0.003941707778722048
-0.003938001114875078
-0.003934300970286131
-0.003930606413632631
-0.003926918376237154
-0.003923236858099699
-0.003919561859220266
-0.003915892913937569
-0.003912230487912893
-0.003908574115484953
-0.003904924727976322
-0.003901280928403139
-0.003897643415257335
-0.003894011257216334
-0.003890384919941425
-0.00388676393777132
-0.003883148310706019
-0.003879538038745522
-0.003875932656228542
-0.003872332395985723
-0.003868737025186419
-0.00386514631099999
-0.003861559554934502
-0.003857977688312531
-0.003854400245472789
-0.003850827226415277
-0.003847259562462568
-0.00384369702078402
-0.003840139834210277
-0.00383658823557198
-0.003833042457699776
-0.003829502500593662
-0.003825967898592353
-0.003822439117357135
-0.003818915924057364
-0.003815398318693042
-0.003811886301264167
-0.003808379638940096
-0.003804878564551473
-0.003801383078098297
-0.003797893179580569
-0.003794408403337002
-0.003790929447859526
-0.00378745561465621
-0.003783986903727055
-0.00378052331507206
-0.003777064615860581
-0.003773610107600689
-0.003770160488784313
-0.003766715060919523
-0.003763274056836963
-0.003759837476536632
-0.003756405552849174
-0.003752979217097163
-0.003749558003619313
-0.003746142378076911
-0.003742732340469956
-0.003739328123629093
-0.003735929727554321
-0.003732537152245641
-0.003729150397703052
-0.00372576923109591
-0.003722393419593573
-0.003719022497534752
-0.003715656232088804
-0.00371229462325573
-0.003708937205374241
-0.003705584444105625
-0.003702236106619239
-0.003698892658576369
-0.003695553867146373
-0.003692219732329249
-0.003688890254124999
-0.003685565432533622
-0.003682245267555118
-0.003678930224850774
-0.00367562030442059
-0.003672315739095211
-0.003669016296043992
-0.003665721509605646
-0.003662431379780173
-0.00365914567373693
-0.00365586462430656
-0.003652588231489062
-0.003649316262453794
-0.003646048717200756
-0.003642785362899303
-0.003639527130872011
-0.003636273788288236
-0.003633025335147977
-0.003629782237112522
-0.003626544261351228
-0.003623311407864094
-0.003620083443820477
-0.003616860369220376
-0.003613642184063792
-0.003610428655520082
-0.003607220249250531
-0.00360401626676321
-0.003600817173719406
-0.003597622737288475
-0.003594432957470417
-0.003591248067095876
-0.003588068066164851
-0.003584892954677343
-0.003581722732633352
-0.003578556934371591
-0.003575395559892058
-0.00357223954051733
-0.003569087479263544
-0.003565939608961344
-0.003562795696780086
-0.003559655277058482
-0.003556518815457821
-0.003553385846316814
-0.003550256602466106
-0.003547131316736341
-0.003544009756296873
-0.003540892619639635
-0.00353778013959527
-0.003534672548994422
-0.00353156984783709
-0.003528472036123276
-0.003525379579514265
-0.003522292478010058
-0.003519210265949368
-0.003516132710501552
-0.003513059578835964
-0.003509990405291319
-0.003506925189867616
-0.003503864165395498
-0.003500806633383036
-0.003497753059491515
-0.003494702978059649
-0.003491656854748726
-0.003488614922389388
-0.00348557741381228
-0.003482544329017401
-0.003479516133666039
-0.003476493526250124
-0.00347347604110837
-0.003470463678240776
-0.00346745690330863
-0.003464454784989357
-0.003461457556113601
-0.003458464751020074
-0.003455475904047489
-0.003452491015195847
-0.003449509618803859
-0.003446531249210238
-0.003443555673584342
-0.003440583124756813
-0.003437613137066364
-0.00343464664183557
-0.003431684104725718
-0.003428725292906165
-0.003425770439207554
-0.003422820242121816
-0.003419875167310238
-0.003416934981942177
-0.003413999453186989
-0.003411068813875318
-0.003408143296837807
-0.003405222902074456
-0.003402306698262691
-0.003399394918233156
-0.003396487794816494
-0.003393584629520774
-0.00339068565517664
-0.003387790638953447
-0.003384899813681841
-0.003382012713700533
-0.00337912910617888
-0.003376248991116881
-0.003373372601345181
-0.003370499704033136
-0.003367630066350102
-0.003364763921126723
-0.003361901268362999
-0.003359042340889573
-0.003356186905875802
-0.003353334963321686
-0.003350486513227224
-0.003347642021253705
-0.003344801021739841
-0.003341964446008205
-0.003339132061228156
-0.003336303867399693
-0.003333480097353458
-0.003330661216750741
-0.003327846992760897
-0.003325037192553282
-0.003322231117635965
-0.003319428768008947
-0.003316629910841584
-0.003313834313303232
-0.003311041975393891
-0.003308253129944205
-0.00330546754412353
-0.003302685217931867
-0.003299906384199858
-0.003297131275758147
-0.003294360358268023
-0.00329159339889884
-0.003288830630481243
-0.003286072518676519
-0.003283318364992738
-0.003280569100752473
-0.003277823561802506
-0.003275081980973482
-0.003272344125434756
-0.003269609762355685
-0.003266878658905625
-0.003264150582253933
-0.003261425532400608
-0.003258703742176294
-0.003255985211580992
-0.003253270406275988
-0.003250558860599995
-0.003247850574553013
-0.003245146246626973
-0.003242445876821876
-0.003239749232307076
-0.003237056313082576
-0.003234367584809661
-0.003231683047488332
-0.003229002235457301
-0.003226325381547213
-0.003223652020096779
-0.003220982151106
-0.003218316007405519
-0.003215652890503407
-0.003212992800399661
-0.00321033620275557
-0.003207682864740491
-0.003205033019185066
-0.003202386666089296
-0.003199743805453181
-0.003197104670107365
-0.003194469260051847
-0.00319183780811727
-0.00318921054713428
-0.003186587244272232
-0.003183968365192413
-0.003181353211402893
-0.003178741782903671
-0.003176134079694748
-0.003173529403284192
-0.003170927288010716
-0.003168328432366252
-0.003165732370689511
-0.003163139335811138
-0.003160549327731133
-0.003157962579280138
-0.003155378857627511
-0.00315279932692647
-0.003150223288685083
-0.00314765190705657
-0.003145084716379642
-0.003142521716654301
-0.003139962675049901
-0.003137407824397087
-0.003134856000542641
-0.003132307669147849
-0.003129762131720781
-0.003127219388261437
-0.003124679205939174
-0.00312214158475399
-0.003119606291875243
-0.003117073327302933
-0.003114542691037059
-0.003112015081569552
-0.003109490498900414
-0.003106968943029642
-0.003104450879618526
-0.003101936308667064
-0.003099425230175257
-0.003096917876973748
-0.003094414481893182
-0.003091915044933558
-0.003089418867602944
-0.003086926648393273
-0.003084437688812613
-0.003081952221691608
-0.003079470945522189
-0.003076992696151137
-0.003074518172070384
-0.003072046674787998
-0.003069578669965267
-0.00306711345911026
-0.003064651973545551
-0.00306219351477921
-0.003059737849980593
-0.003057285211980343
-0.003054835367947817
-0.003052388317883015
-0.003049943828955293
-0.003047502133995295
-0.003045063698664308
-0.003042627591639757
-0.003040194511413574
-0.003037764225155115
-0.00303533673286438
-0.003032912500202656
-0.003030491061508656
-0.003028072882443666
-0.003025657963007689
-0.003023246536031365
-0.003020838834345341
-0.003018434625118971
-0.003016033908352256
-0.003013636684045196
-0.003011243185028434
-0.003008853644132614
-0.003006467595696449
-0.003004085039719939
-0.003001705976203084
-0.00299933017231524
-0.00299695716239512
-0.002994587412104011
-0.002992219990119338
-0.002989854896441102
-0.002987492829561234
-0.002985133323818445
-0.002982776146382093
-0.002980420831590891
-0.002978068310767412
-0.00297571811825037
-0.002973370254039764
-0.002971025416627526
-0.002968683838844299
-0.00296634528785944
-0.002964009763672948
-0.002961677499115467
-0.002959348494186997
-0.002957022748887539
-0.002954700263217092
-0.002952381037175655
-0.00295006507076323
-0.00294775259681046
-0.002945443149656057
-0.002943136962130666
-0.002940834034234285
-0.002938534133136272
-0.00293623679317534
-0.002933942247182131
-0.002931650495156646
-0.002929361071437597
-0.002927073976024985
-0.002924789674580097
-0.002922508167102933
-0.002920229453593493
-0.002917953534051776
-0.002915680874139071
-0.002913411241024733
-0.002911144634708762
-0.002908881288021803
-0.002906621200963855
-0.002904364373534918
-0.002902110107243061
-0.002899858634918928
-0.002897610189393163
-0.002895364072173834
-0.002893120516091585
-0.002890879288315773
-0.002888640156015754
-0.002886403352022171
-0.002884168643504381
-0.002881936030462384
-0.002879705978557467
-0.002877478487789631
-0.002875253790989518
-0.00287303258664906
-0.002870814874768257
-0.002868600888177752
-0.002866390394046903
-0.002864183625206351
-0.002861980115994811
-0.002859779866412282
-0.002857582876458764
-0.00285538868047297
-0.002853197045624256
-0.002851007739081979
-0.002848820760846138
-0.00284663587808609
-0.002844452857971191
-0.002842271700501442
-0.002840092405676842
-0.002837915206328034
-0.002835740335285664
-0.002833568025380373
-0.002831398509442806
-0.002829232253134251
-0.002827068790793419
-0.002824908588081598
-0.002822750946506858
-0.002820595866069198
-0.002818443346768618
-0.002816293621435761
-0.002814146690070629
-0.002812002319842577
-0.002809860510751605
-0.002807721495628357
-0.002805585274472833
-0.002803451614454389
-0.002801320981234312
-0.002799192909151316
-0.002797067631036043
-0.002794945146888494
-0.002792825689539313
-0.002790708793327212
-0.002788594691082835
-0.002786483615636826
-0.002784375101327896
-0.002782268915325403
-0.002780165523290634
-0.002778064226731658
-0.002775965025648475
-0.002773867920041084
-0.00277177314274013
-0.002769680693745613
-0.002767590340226889
-0.002765502315014601
-0.002763416618108749
-0.002761333016678691
-0.002759251976385713
-0.002757173264399171
-0.002755097113549709
-0.002753023523837328
-0.002750952960923314
-0.002748885424807668
-0.002746820449829102
-0.002744758268818259
-0.002742699114605784
-0.002740642754361033
-0.002738589188084006
-0.002736538415774703
-0.002734491135925055
-0.00273244665004313
-0.002730405190959573
-0.002728366060182452
-0.002726329490542412
-0.002724295714870095
-0.002722264034673572
-0.002720234682783484
-0.002718207659199834
-0.002716182731091976
-0.002714159898459911
-0.002712138695642352
-0.002710119355469942
-0.002708101645112038
-0.002706085797399282
-0.002704071812331676
-0.00270205968990922
-0.002700049662962556
-0.002698041731491685
-0.002696035895496607
-0.002694033086299896
-0.002692032838240266
-0.002690035151317716
-0.002688040258362889
-0.002686048159375787
-0.002684058854356408
-0.002682072576135397
-0.00268008909188211
-0.002678107703104615
-0.002676128875464201
-0.00267415214329958
-0.002672177739441395
-0.002670205431059003
-0.002668235218152404
-0.002666267100721598
-0.002664301078766584
-0.002662337617948651
-0.002660376252606511
-0.002658417681232095
-0.002656460972502828
-0.002654506824910641
-0.002652555238455534
-0.002650605980306864
-0.002648659283295274
-0.002646715147420764
-0.002644773572683334
-0.002642834559082985
-0.002640898106619716
-0.002638963982462883
-0.002637032186612487
-0.002635102719068527
-0.00263317534700036
-0.002631250768899918
-0.002629328053444624
-0.002627407666295767
-0.002625489374622703
-0.002623573411256075
-0.002621659776195884
-0.002619748003780842
-0.002617838326841593
-0.002615931211039424
-0.002614026423543692
-0.002612123964354396
-0.002610223600640893
-0.002608325565233827
-0.002606429625302553
-0.002604535548016429
-0.002602643566206098
-0.002600753679871559
-0.002598865190520883
-0.002596979029476643
-0.002595094265416265
-0.002593212062492967
-0.002591331722214818
-0.002589454175904393
-0.002587578492239118
-0.002585705602541566
-0.00258383434265852
-0.00258196541108191
-0.002580099040642381
-0.002578234532848001
-0.002576372353360057
-0.002574512269347906
-0.002572653815150261
-0.002570797456428409
-0.002568942960351706
-0.002567090792581439
-0.002565240254625678
-0.00256339181214571
-0.002561545697972178
-0.002559701912105083
-0.002557859988883138
-0.002556019928306341
-0.002554182196035981
-0.002552346792072058
-0.00255051301792264
-0.002548681804910302
-0.002546853153035045
-0.002545026363804936
-0.002543202135711908
-0.002541380235925317
-0.002539560431614518
-0.002537742955610156
-0.002535927575081587
-0.002534114522859454
-0.002532303566113114
-0.002530495170503855
-0.002528689336031675
-0.002526885829865932
-0.00252508488483727
-0.0025232860352844
-0.002521489281207323
-0.002519694622606039
-0.002517901826649904
-0.002516110427677631
-0.002514320658519864
-0.002512532752007246
-0.00251074624247849
-0.002508961595594883
-0.002507178578525782
-0.002505397656932473
-0.002503618830814958
-0.002501842100173235
-0.002500067465007305
-0.002498294925317168
-0.002496524481102824
-0.002494755899533629
-0.002492989413440228
-0.002491225255653262
-0.002489462727680802
-0.002487702295184135
-0.002485943725332618
-0.002484187250956893
-0.002482432639226317
-0.002480680355802178
-0.002478929935023189
-0.002477181609719992
-0.002475435379892588
-0.00247369147837162
-0.002471949439495802
-0.002470209496095777
-0.002468472113832831
-0.002466737292706966
-0.002465004334226251
-0.002463273238390684
-0.00246154423803091
-0.002459816867485642
-0.002458090893924236
-0.002456366783007979
-0.002454644534736872
-0.002452923683449626
-0.002451204461976886
-0.002449487103149295
-0.002447771374136209
-0.00244605727493763
-0.002444345271214843
-0.002442635595798492
-0.002440928248688579
-0.002439223462715745
-0.002437520772218704
-0.0024358204100281
-0.002434121910482645
-0.002432425739243627
-0.002430731663480401
-0.002429039450362325
-0.002427348867058754
-0.002425659680739045
-0.002423971891403198
-0.002422285731881857
-0.00242060050368309
-0.002418917138129473
-0.002417235169559717
-0.002415555063635111
-0.00241387658752501
-0.002412199741229415
-0.002410524524748325
-0.002408851170912385
-0.002407179679721594
-0.002405510284006596
-0.002403842750936747
-0.00240217731334269
-0.002400514204055071
-0.002398853190243244
-0.00239719427190721
-0.002395537681877613
-0.002393882721662521
-0.002392230089753866
-0.002390579553321004
-0.002388931345194578
-0.002387285232543945
-0.002385640516877174
-0.002383997663855553
-0.00238235667347908
-0.002380717312917113
-0.002379079582169652
-0.002377443015575409
-0.002375807845965028
-0.002374174306169152
-0.002372542163357139
-0.002370911417528987
-0.002369282301515341
-0.002367654582485557
-0.002366028726100922
-0.002364404732361436
-0.002362782601267099
-0.002361162565648556
-0.002359544392675161
-0.002357927849516273
-0.002356312936171889
-0.002354700118303299
-0.002353089163079858
-0.002351480070501566
-0.002349872840568423
-0.002348267706111073
-0.002346664667129517
-0.002345063490793109
-0.002343464409932494
-0.00234186789020896
-0.002340274164453149
-0.002338682767003775
-0.00233709323219955
-0.002335506025701761
-0.002333920914679766
-0.002332337433472276
-0.002330755116418004
-0.002329174196347594
-0.002327594207599759
-0.002326015383005142
-0.002324437722563744
-0.002322861226275563
-0.002321285428479314
-0.002319711027666926
-0.002318137558177114
-0.00231656595133245
-0.002314995741471648
-0.002313427627086639
-0.002311861608177423
-0.002310297451913357
-0.002308735158294439
-0.002307174960151315
-0.002305616158992052
-0.002304059220477939
-0.002302504144608974
-0.002300950232893229
-0.002299397718161345
-0.002297846833243966
-0.00229629734531045
-0.002294749720022082
-0.002293204190209508
-0.002291660057380795
-0.002290117554366589
-0.002288576681166887
-0.002287037670612335
-0.002285500057041645
-0.00228396407328546
-0.002282430417835712
-0.002280898159369826
-0.002279367996379733
-0.002277839230373502
-0.002276312094181776
-0.002274786587804556
-0.002273262944072485
-0.002271741162985563
-0.002270221943035722
-0.002268704352900386
-0.002267188858240843
-0.002265675226226449
-0.002264163456857204
-0.002262653317302465
-0.002261144807562232
-0.00225963699631393
-0.002258130582049489
-0.002256625099107623
-0.002255120780318975
-0.002253617160022259
-0.002252114238217473
-0.002250612713396549
-0.0022491121198982
-0.002247612923383713
-0.002246115356683731
-0.002244619652628899
-0.002243126044049859
-0.0022416349966079
-0.00224014651030302
-0.002238660352304578
-0.002237176522612572
-0.002235695486888289
-0.002234217012301087
-0.002232740866020322
-0.002231267048045993
-0.002229794859886169
-0.002228323835879564
-0.002226853743195534
-0.002225384349003434
-0.002223915187641978
-0.002222446724772453
-0.002220978727564216
-0.002219511196017265
-0.002218044828623533
-0.002216578926891088
-0.002215114189311862
-0.002213650848716497
-0.002212189137935638
-0.002210729289799929
-0.002209271537140012
-0.002207816112786531
-0.002206362783908844
-0.002204911550506949
-0.00220346194691956
-0.002202014205977321
-0.002200568094849586
-0.00219912244938314
-0.002197677968069911
-0.002196234650909901
-0.002194791799411178
-0.002193349879235029
-0.002191908657550812
-0.002190468367189169
-0.002189029240980744
-0.002187591977417469
-0.002186156343668699
-0.002184722572565079
-0.002183290896937251
-0.002181861316785216
-0.002180433366447687
-0.002179007744416595
-0.002177583519369364
-0.002176161156967282
-0.002174740191549063
-0.00217331969179213
-0.002171900356188416
-0.002170481253415346
-0.002169062383472919
-0.002167643746361136
-0.002166224643588066
-0.002164805540814996
-0.002163385972380638
-0.002161966171115637
-0.002160545904189348
-0.002159125171601772
-0.002157704439014196
-0.00215628370642662
-0.002154863206669688
-0.002153442706912756
-0.00215202197432518
-0.002150601241737604
-0.002149180509150028
-0.002147759310901165
-0.002146337414160371
-0.002144914586097002
-0.002143490826711059
-0.002142065670341253
-0.002140638884156942
-0.002139210235327482
-0.002137779723852873
-0.002136347116902471
-0.002134911948814988
-0.002133474452421069
-0.002132033929228783
-0.002130590844899416
-0.002129144500941038
-0.002127695130184293
-0.002126242034137249
-0.002124784979969263
-0.002123324200510979
-0.002121858997270465
-0.002120389137417078
-0.002118914155289531
-0.002117433818057179
-0.002115948125720024
-0.002114456845447421
-0.002112959744408727
-0.002111456822603941
-0.002109948080033064
-0.002108434215188026
-0.002106914995238185
-0.002105390885844827
-0.002103862119838595
-0.002102328930050135
-0.002100791782140732
-0.002099250443279743
-0.0020977056119591
-0.002096157055348158
-0.002094605006277561
-0.002093049930408597
-0.002091492526233196
-0.002089933026582003
-0.002088371897116303
-0.002086810069158673
-0.002085248241201043
-0.0020836868789047
-0.002082126680761576
-0.002080568578094244
-0.00207901350222528
-0.002077462617307901
-0.00207591662183404
-0.002074376912787557
-0.002072844887152314
-0.0020713210105896
-0.002069807145744562
-0.00206830445677042
-0.002066814806312323
-0.002065339125692844
-0.00206387834623456
-0.002062433864921331
-0.00206100707873702
-0.002059599151834846
-0.002058211248368025
-0.00205684476532042
-0.002055500401183963
-0.002054179320111871
-0.002052881987765431
-0.002051609568297863
-0.00205036299303174
-0.00204914272762835
-0.002047949004918337
-0.002046782290562987
-0.002045642817392945
-0.002044530119746923
-0.002043444197624922
-0.002042384585365653
-0.002041351050138474
-0.002040342427790165
-0.002039358019828796
-0.002038396429270506
-0.002037456259131432
-0.002036536810919642
-0.002035635290667415
-0.002034750301390886
-0.002033879514783621
-0.002033020835369825
-0.002032172167673707
-0.002031330950558186
-0.002030494855716825
-0.002029661554843187
-0.002028828021138906
-0.002027991460636258
-0.002027149545028806
-0.002026299247518182
-0.002025438006967306
-0.002024563262239099
-0.002023672685027122
-0.00202276324853301
-0.00202183285728097
-0.002020879182964563
-0.002019900130107999
-0.002018893836066127
-0.002017858903855085
-0.002016793470829725
-0.002015696372836828
-0.002014566445723176
-0.002013403689488769
-0.002012207871302962
-0.00201097852550447
-0.002009715884923935
-0.002008420648053288
-0.002007093513384461
-0.002005736110731959
-0.002004348672926426
-0.002002932364121079
-0.002001488814130425
-0.00200001965276897
-0.001998526742681861
-0.001997011480852962
-0.001995475729927421
-0.001993921119719744
-0.00199234951287508
-0.001990763004869223
-0.00198916275985539
-0.001987550873309374
-0.001985928742215037
-0.001984297763556242
-0.001982658868655562
-0.001981014152988791
-0.00197936431504786
-0.001977710053324699
-0.001976052531972528
-0.001974391983821988
-0.001972729340195656
-0.001971065066754818
-0.001969398930668831
-0.001967731397598982
-0.001966062001883984
-0.001964391674846411
-0.00196272018365562
-0.001961047062650323
-0.001959373010322452
-0.001957698026672006
-0.001956022577360272
-0.001954347360879183
-0.001952672726474702
-0.001950999372638762
-0.001949328347109258
-0.001947661163285375
-0.001945999334566295
-0.001944345189258456
-0.001942701172083616
-0.001941070077009499
-0.001939454930834472
-0.001937858876772225
-0.001936285174451768
-0.001934737199917436
-0.001933218794874847
-0.001931733102537692
-0.001930283615365624
-0.001928873127326369
-0.001927504898048937
-0.001926181372255087
-0.001924904529005289
-0.001923676230944693
-0.001922497991472483
-0.001921370159834623
-0.001920293085277081
-0.001919266185723245
-0.001918288413435221
-0.00191735802218318
-0.001916472450830042
-0.001915628788992763
-0.00191482319496572
-0.001914051361382008
-0.001913308049552143
-0.001912587438710034
-0.001911883824504912
-0.001911190454848111
-0.001910500694066286
-0.001909807557240129
-0.001909103826619685
-0.001908382750116289
-0.001907637226395309
-0.001906860736198723
-0.001906047342345119
-0.001905191689729691
-0.001904288888908923
-0.00190333544742316
-0.001902328105643392
-0.001901264768093824
-0.001900144387036562
-0.001898966729640961
-0.001897733076475561
-0.001896445755846798
-0.001895107561722398
-0.001893722917884588
-0.001892296713776886
-0.001890834886580706
-0.001889344421215355
-0.001887832768261433
-0.001886307843960822
-0.001884777913801372
-0.001883251708932221
-0.001881738076917827
-0.001880245050415397
-0.001878780662082136
-0.001877352478913963
-0.001875967136584222
-0.001874630805104971
-0.001873347908258438
-0.001872122520580888
-0.001870956970378757
-0.001869852771051228
-0.001868809922598302
-0.001867827377282083
-0.00186690257396549
-0.001866032020188868
-0.001865211292169988
-0.001864434685558081
-0.001863695797510445
-0.00186298752669245
-0.001862302306108177
-0.001861632219515741
-0.001860968885011971
-0.001860304037109017
-0.00185962941031903
-0.001858937204815447
-0.001858219970017672
-0.001857471186667681
-0.001856685266830027
-0.001855857204645872
-0.001854983507655561
-0.001854061731137335
-0.001853090710937977
-0.001852070330642164
-0.001851002452895045
-0.001849889755249023
-0.001848735962994397
-0.001847545732744038
-0.001846324768848717
-0.001845079590566456
-0.0018438168335706
-0.001842543948441744
-0.001841268269345164
-0.001839997130446136
-0.001838737749494612
-0.001837496994994581
-0.001836281036958098
-0.001835095346905291
-0.00183394446503371
-0.001832832233048975
-0.001831761328503489
-0.001830733031965792
-0.001829748041927814
-0.001828805543482304
-0.001827903906814754
-0.001827040454372764
-0.001826211344450712
-0.001825412269681692
-0.001824637874960899
-0.001823882455937564
-0.00182313984259963
-0.001822403981350362
-0.00182166846934706
-0.001820927369408309
-0.001820175093598664
-0.001819406519643962
-0.001818617223761976
-0.001817803829908371
-0.001816963427700102
-0.001816094387322664
-0.00181519566103816
-0.001814267365261912
-0.001813310314901173
-0.001812326372601092
-0.001811318099498749
-0.001810288522392511
-0.001809241832233965
-0.001808181754313409
-0.001807113294489682
-0.001806040992960334
-0.001804969739168882
-0.001803904306143522
-0.001802848768420517
-0.001801807666197419
-0.001800784491933882
-0.001799782039597631
-0.001798802753910422
-0.001797847915440798
-0.001796918571926653
-0.001796014606952667
-0.001795135322026908
-0.001794278854504228
-0.001793443341739476
-0.001792626222595572
-0.001791824353858829
-0.001791034359484911
-0.001790252397768199
-0.001789475209079683
-0.001788699184544384
-0.001787920715287328
-0.001787136658094823
-0.001786344218999147
-0.00178554083686322
-0.001784724416211247
-0.001783893443644047
-0.001783046871423721
-0.001782184466719627
-0.001781306229531765
-0.001780412741936743
-0.001779505517333746
-0.001778586534783244
-0.001777657889761031
-0.001776722376234829
-0.001775782555341721
-0.001774841453880072
-0.00177390209864825
-0.00177296728361398
-0.001772039686329663
-0.001771121635101736
-0.001770215225405991
-0.001769322087056935
-0.00176844303496182
-0.001767578534781933
-0.001766728586517274
-0.001765892724506557
-0.001765070133842528
-0.001764259184710681
-0.001763458596542478
-0.001762666506692767
-0.001761880819685757
-0.001761099440045655
-0.001760320272296667
-0.001759541220963001
-0.00175876053981483
-0.001757976366207004
-0.001757187186740339
-0.001756391720846295
-0.00175558915361762
-0.001754778670147061
-0.001753960154019296
-0.001753133605234325
-0.001752299489453435
-0.001751458737999201
-0.001750612515024841
-0.001749762217514217
-0.001748909242451191
-0.001748055452480912
-0.001747202477417886
-0.001746351830661297
-0.001745505025610328
-0.001744663459248841
-0.001743828528560698
-0.00174300093203783
-0.001742181135341525
-0.001741369487717748
-0.001740566221997142
-0.00173977087251842
-0.001738982973620296
-0.001738201593980193
-0.00173742591869086
-0.001736655016429722
-0.001735887606628239
-0.001735122408717871
-0.001734358491376042
-0.00173359492328018
-0.001732830773107708
-0.001732065225951374
-0.001731297699734569
-0.001730527612380683
-0.001729754498228431
-0.001728978473693132
-0.001728199305944145
-0.001727417460642755
-0.001726633170619607
-0.001725846668705344
-0.00172505876980722
-0.001724270288832486
-0.001723481924273074
-0.001722694607451558
-0.00172190903685987
-0.001721126376651227
-0.001720347092486918
-0.001719571882858872
-0.001718801446259022
-0.00171803601551801
-0.00171727582346648
-0.001716520986519754
-0.001715771504677832
-0.001715027028694749
-0.001714287325739861
-0.001713551580905914
-0.001712819444946945
-0.001712090335786343
-0.001711363438516855
-0.001710638403892517
-0.001709914649836719
-0.001709191710688174
-0.001708469586446881
-0.001707747811451554
-0.001707026734948158
-0.00170630612410605
-0.001705586211755872
-0.00170486734714359
-0.001704149879515171
-0.001703434158116579
-0.00170272053219378
-0.001702009700238705
-0.001701301778666675
-0.001700597465969622
-0.001699897111393511
-0.001699201413430274
-0.001698510721325874
-0.001697825500741601
-0.001697145984508097
-0.00169647263828665
-0.001695805694907904
-0.001695145387202501
-0.001694491831585765
-0.001693845144473016
-0.00169320497661829
-0.001692571095190942
-0.001691943500190973
-0.001691321842372417
-0.001690706005319953
-0.001690095523372293
-0.001689490047283471
-0.001688889460638165
-0.001688293414190412
-0.001687702024355531
-0.001687115407548845
-0.001686533563770354
-0.001685956493020058
-0.001685384311713278
-0.001684817136265337
-0.001684255083091557
-0.001683698152191937
-0.001683146343566477
-0.001682599540799856
-0.001682057860307395
-0.001681520836427808
-0.001680988352745771
-0.001680460060015321
-0.001679935492575169
-0.001679414068348706
-0.001678895438089967
-0.001678378786891699
-0.001677863532677293
-0.001677348976954818
-0.001676834304817021
-0.001676318701356649
-0.001675801235251129
-0.001675281091593206
-0.001674756989814341
-0.001674227765761316
-0.001673692604526877
-0.001673150341957808
-0.001672600046731532
-0.001672040787525475
-0.001671471633017063
-0.001670891768299043
-0.001670300262048841
-0.001669696532189846
-0.001669079647399485
-0.001668449025601149
-0.001667803735472262
-0.00166714342776686
-0.001666467520408332
-0.001665775314904749
-0.001665065996348858
-0.001664339331910014
-0.001663594855926931
-0.001662832102738321
-0.001662050723098218
-0.001661250367760658
-0.001660430803894997
-0.001659592031501234
-0.001658734050579369
-0.001657856861129403
-0.001656961045227945
-0.001656046835705638
-0.00165511469822377
-0.001654165564104915
-0.001653200131841004
-0.001652219565585256
-0.00165122514590621
-0.001650218386203051
-0.001649200567044318
-0.001648173783905804
-0.001647139550186694
-0.001646100194193423
-0.001645057229325175
-0.001644012983888388
-0.001642969669774175
-0.001641929498873651
-0.001640894683077931
-0.001639867201447487
-0.001638849498704076
-0.001637843903154135
-0.001636852277442813
-0.001635876717045903
-0.001634919201023877
-0.001633981708437204
-0.001633066334761679
-0.001632174593396485
-0.001631308463402092
-0.001630469341762364
-0.001629658625461161
-0.001628877711482346
-0.001628127880394459
-0.001627409947104752
-0.001626724959351122
-0.001626073382794857
-0.001625455799512565
-0.00162487244233489
-0.001624323427677155
-0.00162380828987807
-0.001623326796106994
-0.001622878480702639
-0.001622462412342429
-0.001622077543288469
-0.001621722360141575
-0.001621395582333207
-0.001621095696464181
-0.001620821072719991
-0.001620569615624845
-0.001620339811779559
-0.001620129682123661
-0.001619937131181359
-0.001619760063476861
-0.001619596849195659
-0.001619445043615997
-0.001619302900508046
-0.001619168091565371
-0.001619038637727499
-0.00161891255993396
-0.001618787879124284
-0.001618662383407354
-0.001618534326553345
-0.001618401729501784
-0.001618262729607522
-0.001618115580640733
-0.001617958303540945
-0.001617789501324296
-0.001617607427760959
-0.001617410685867071
-0.001617197995074093
-0.001616968074813485
-0.00161671987734735
-0.001616452122107148
-0.001616163761354983
-0.001615853630937636
-0.001615521032363176
-0.001615164917893708
-0.001614784472621977
-0.001614379114471376
-0.001613947912119329
-0.001613490399904549
-0.001613005879335105
