0
0
0
0
0
0
0
0
0
0
0
0
0
0
0
0
0
0
0
0
0
0
0
0
0
0
0
0
0
0
0
0
0
0
0
0
0
0
0
0
0
0
0
0
0
0
0
0
0
0
0
0
0
0
0
0
0
0
0
0
0
0
0
0
0
0
0
0
0
0
0
0
0
0
0
0
0
0
0
0
0
0
0
0
0
0
0
0
0
0
0
0
0
0
0
0
0
0
0
0
0
0
0
0
0
0
0
0
0
0
0
0
0
0
0
0
0
0
0
0
0
0
0
0
0
0
0
0
0
0
0
0
0
0
0
0
0
0
0
0
0
0
0
0
0
0
0
0
0
0
0
0
0
0
0
0
0
0
0
0
0
0
0
0
0
0
0
0
0
0
0
0
0
0
0
0
0
0
0
0
0
0
0
0
0
0
0
0
0
0
0
0
0
0
0
0
0
0
0
0
0
0
0
0
0
0
0
0
0
0
0
0
0
0
0
0
0
0
0
0
0
0
0
0
0
0
0
0
0
0
0
0
0
0
0
0
0
0
0
0
0
0
0
0
0
0
0
0
0
0
0
0
0
0
0
0
0
0
0
0
0
0
0
0
0
0
0
0
0
0
0
0
0
0
0
0
0
0
0
0
0
0
0
0
0
0
0
0
0
0
0
0
0
0
0
0
0
0
0
0
0
0
0
0
0
0
0
0
0
0
0
0
0
0
0
0
0
0
0
0
0
0
0
0
0
0
0
0
0
0
0
0
0
0
0
0
0
0
0
0
0
0
0
0
0
0
0
0
0
0
0
0
0
0
0
0
0
0
0
0
0
0
0
0
0
0
0
0
0
0
0
0
0
0
0
0
0
0
0
0
0
0
0
0
0
0
0
0
0
0
0
0
0
0
0
0
0
0
0
0
0
0
0
0
0
0
0
0
0
0
0
0
0
0
0
0
0
0
0
0
0
0
0
0
0
0
0
0
0
0
0
0
0
0
0
0
0
0
0
0
0
0
0
0
0
0
0
0
0
0
0
0
0
0
0
0
0
0
0
0
0
0
0
0
0
0
0
0
0
0
0
0
0
0
0
0
0
0
0
0
0
0
0
0
0
0
0
0
0
0
0
0
0
0
0
0
0
0
0
0
0
0
0
0
0
0
0
0
0
0
0
0
0
0
0
0
0
0
0
0
0
0
0
0
0
0
0
0
0
0
0
0
0
0
0
0
0
0
0
0
0
0
0
0
0
0
0
0
0
0
0
0
0
0
0
0
0
0
0
0
0
0
0
0
0
0
0
0
0
0
0
0
0
0
0
0
0
0
0
0
0
0
0
0
0
0
0
0
0
0
0
0
0
0
0
0
0
0
0
0
0
0
0
0
0
0
0
0
0
0
0
0
0
0
0
0
0
0
0
0
0
0
0
0
0
0
0
0
0
0
0
0
0
0
0
0
0
0
0
0
0
0
0
0
0
0
0
0
0
0
0
0
0
0
0
0
0
0
0
0
0
0
0
0
0
0
0
0
0
0
0
0
0
0
0
0
0
0
0
0
0
0
0
0
0
0
0
0
0
0
0
0
0
0
0
0
0
0
0
0
0
0
0
0
0
0
0
2.802596928649634e-45
1.401298464324817e-44
5.324934164434305e-44
1.583467264687043e-43
4.147843454401459e-43
1.028553072814416e-42
2.471890491068977e-42
5.865835371663684e-42
1.382521064902865e-41
3.23433698550811e-41
7.522310286342051e-41
1.740608874476428e-40
4.007979854677199e-40
9.185147096048451e-40
2.095157004129108e-39
4.756965476068027e-39
1.075066933260135e-38
2.418483643477244e-38
5.415793235822355e-38
1.207261002281391e-37
2.678977292827705e-37
5.91798833738954e-37
1.301442070281683e-36
2.849242544782163e-36
6.210063330490181e-36
1.347512136140635e-35
2.911034847583363e-35
6.261061733901155e-35
1.340732925910029e-34
2.85849805611878e-34
6.067956481064862e-34
1.282517693170383e-33
2.699032191442907e-33
5.65566772505478e-33
1.180043367023176e-32
2.451644519663961e-32
5.071886667583311e-32
1.044818875621037e-31
2.143279084953147e-31
4.378138583790157e-31
8.905947691095372e-31
1.804085535065747e-30
3.639377529919835e-30
7.311331111606042e-30
1.462754927044597e-29
2.914464044005025e-29
5.783145122113319e-29
1.142862236438941e-28
2.2493352302849e-28
4.409109903330933e-28
8.607756108269173e-28
1.673698218104628e-27
3.241292333341097e-27
6.251998852230544e-27
1.20111553131803e-26
2.298377524463715e-26
4.380605312004126e-26
8.316266572667566e-26
1.572568330059634e-25
2.961984358563778e-25
5.557163680379824e-25
1.038546622991361e-24
1.933330840184793e-24
3.585078569111851e-24
6.622292450686805e-24
1.218540739634323e-23
2.233564674280306e-23
4.07838658307675e-23
7.418469409715017e-23
1.344252303981241e-22
2.426567194025062e-22
4.363684187901681e-22
7.817503528350648e-22
1.395214182584358e-21
2.480709406388345e-21
4.394174860957049e-21
7.754418384868996e-21
1.363313041376584e-20
2.387922925335267e-20
4.167036719304957e-20
7.24469919009745e-20
1.254882878573638e-19
2.165606406549048e-19
3.723513719340475e-19
6.378623898907325e-19
1.088692212248019e-18
1.85135966465954e-18
3.136803713240927e-18
5.29539066511185e-18
8.906888102888277e-18
1.49270680691992e-17
2.4925658391187e-17
4.147108382215027e-17
6.875015708283433e-17
1.135623557479843e-16
1.869091091726615e-16
3.065239917848106e-16
5.008864217930485e-16
8.155627615880469e-16
1.323187436355622e-15
2.139112886863771e-15
3.44585390799903e-15
5.531121333922319e-15
8.846774631225338e-15
1.409984765933254e-14
2.239255601690221e-14
3.543682274703697e-14
5.588172136941801e-14
8.781134321197634e-14
1.374988854328449e-13
2.145444195564283e-13
3.335849662906148e-13
5.16854896555341e-13
7.980044034426592e-13
1.227772332586252e-12
1.882382270890215e-12
2.875918253542054e-12
4.378499299240168e-12
6.642863342731786e-12
1.004309829744088e-11
1.513085663706892e-11
2.271662025155052e-11
3.398671621912541e-11
5.067114783319226e-11
7.528338369366949e-11
1.114615205688452e-10
1.644518687893282e-10
2.417915867525267e-10
3.542683923996037e-10
5.172646755369215e-10
7.526319012463034e-10
1.09129427716681e-09
1.576851316187344e-09
2.2705393121214e-09
3.258041392228961e-09
4.658790686562497e-09
6.638630534183676e-09
9.426967650938423e-09
1.333991672680668e-08
1.881140221371425e-08
2.64347672640497e-08
3.701818585000183e-08
5.165817285046614e-08
7.183666639321018e-08
9.954862889571814e-08
1.374690867805839e-07
1.891707341883375e-07
2.594062493699312e-07
3.544727178450557e-07
4.82679865854152e-07
6.549491899932036e-07
8.855762416715152e-07
1.193196567328414e-06
1.602003067091573e-06
2.143272467947099e-06
2.857271738321288e-06
3.795621523750015e-06
5.024217898608185e-06
6.626819867960876e-06
8.709426765562966e-06
1.140560289059067e-05
1.488289854023606e-05
1.935056025104132e-05
2.506872624508105e-05
3.235932672396302e-05
4.161891411058605e-05
5.333367516868748e-05
6.809684418840334e-05
8.662875188747421e-05
0.0001097997956094332
0.0001386564108543098
0.0001744502515066415
0.0002186706988140941
0.0002730805135797709
0.0003397547407075763
0.0004211225023027509
0.000520010944455862
0.0006396911921910942
0.000783925352152437
0.0009570125257596374
0.001163834123872221
0.001409895136021078
0.001701359287835658
0.002045077504590154
0.002448605140671134
0.002920204307883978
0.003468832466751337
0.004104106687009335
0.004836248699575663
0.005675997119396925
0.00663449615240097
0.007723148446530104
0.008953428827226162
0.01033666729927063
0.01188379991799593
0.01360507123172283
0.01550971437245607
0.01760560274124146
0.01989887282252312
0.02239354699850082
0.0250911433249712
0.02799029089510441
0.0310863871127367
0.03437128663063049
0.03783303871750832
0.0414557047188282
0.0452192947268486
0.04909976571798325
0.05306919291615486
0.05709603801369667
0.0611456073820591
0.06518059223890305
0.06916183233261108
0.0730491578578949
0.07680239528417587
0.08038242906332016
0.0837523341178894
0.08687859773635864
0.08973222225904465
0.09228987246751785
0.09453487396240234
0.09645798057317734
0.09805804491043091
0.09934235364198685
0.1003267243504524
0.1010352224111557
0.1014996692538261
0.1017586439847946
0.1018562838435173
0.1018409058451653
0.1017631739377975
0.1016742363572121
0.1016237884759903
0.1016580760478973
0.1018180102109909
0.1021374762058258
0.102641873061657
0.1033470928668976
0.1042587980628014
0.1053723320364952
0.106672927737236
0.1081365942955017
0.1097313389182091
0.1114188581705093
0.1131566241383553
0.1149000823497772
0.1166050359606743
0.118229977786541
0.1197383254766464
0.1211003586649895
0.1222947463393211
0.1233095154166222
0.1241426095366478
0.124801829457283
0.1253040581941605
0.1256741583347321
0.1259431689977646
0.1261463165283203
0.1263206899166107
0.1265029907226562
0.1267270892858505
0.1270221024751663
0.1274105608463287
0.1279072463512421
0.1285185068845749
0.1292420774698257
0.1300676465034485
0.1309778541326523
0.1319497972726822
0.132956862449646
0.1339707225561142
0.1349635422229767
0.1359099298715591
0.1367886960506439
0.1375841796398163
0.138287290930748
0.1388957798480988
0.1394141763448715
0.1398530900478363
0.1402281224727631
0.1405583620071411
0.1408648639917374
0.1411686986684799
0.1414894610643387
0.1418436169624329
0.1422434896230698
0.1426964551210403
0.1432045549154282
0.1437646746635437
0.1443691402673721
0.1450066119432449
0.1456632316112518
0.1463239938020706
0.1469741314649582
0.1476003676652908
0.148191973567009
0.1487416326999664
0.1492457687854767
0.1497046947479248
0.1501223891973495
0.1505058109760284
0.1508641391992569
0.1512077897787094
0.1515473574399948
0.1518926471471786
0.1522517949342728
0.1526306569576263
0.1530324220657349
0.1534574925899506
0.1539036184549332
0.1543663740158081
0.1548397243022919
0.1553167402744293
0.155790239572525
0.1562536805868149
0.1567016690969467
0.1571304649114609
0.1575381457805634
0.1579247713088989
0.1582921743392944
0.1586436033248901
0.1589833498001099
0.1593162566423416
0.1596470773220062
0.1599800437688828
0.1603185385465622
0.1606647670269012
0.1610195487737656
0.1613824814558029
0.1617519855499268
0.1621256619691849
0.1625005453824997
0.1628735512495041
0.1632417738437653
0.1636027693748474
0.1639547944068909
0.1642970144748688
0.1646293848752975
0.1649527549743652
0.1652685105800629
0.1655785292387009
0.1658848971128464
0.1661895662546158
0.16649429500103
0.1668003499507904
0.167108491063118
0.1674188822507858
0.1677311658859253
0.1680445373058319
0.1683578640222549
0.1686699390411377
0.1689795106649399
0.1692854911088943
0.1695870906114578
0.1698838770389557
0.1701757311820984
0.1704629212617874
0.1707460284233093
0.1710257679224014
0.1713029593229294
0.1715783774852753
0.1718527674674988
0.1721266359090805
0.1724002808332443
0.172673761844635
0.172946959733963
0.1732195317745209
0.1734910607337952
0.1737610548734665
0.174029067158699
0.1742946952581406
0.1745576858520508
0.1748179197311401
0.1750754117965698
0.175330325961113
0.1755829006433487
0.175833448767662
0.1760823130607605
0.1763297468423843
0.1765760332345963
0.176821306347847
0.1770656555891037
0.177309051156044
0.1775513887405396
0.1777925491333008
0.1780323535203934
0.1782706379890442
0.1785072386264801
0.1787420362234116
0.1789750009775162
0.1792061924934387
0.1794356107711792
0.1796633452177048
0.1798895001411438
0.1801141798496246
0.1803374886512756
0.1805595010519028
0.180780217051506
0.1809996515512466
0.1812177300453186
0.1814343482255936
0.1816493421792984
0.1818626075983047
0.1820739209651947
0.182283028960228
0.1824896633625031
0.1826935261487961
0.1828942745923996
0.183091476559639
0.18328458070755
0.1834729462862015
0.1836557686328888
0.1838321089744568
0.1840007752180099
0.1841603219509125
0.1843090057373047
0.1844447702169418
0.1845651715993881
0.1846673637628555
0.1847480088472366
0.184803307056427
0.1848288625478745
0.1848197281360626
0.1847703009843826
0.1846743524074554
0.1845249384641647
0.1843144446611404
0.1840345710515976
0.1836764365434647
0.1832305192947388
0.1826868504285812
0.1820351481437683
0.1812649220228195
0.1803657710552216
0.1793276220560074
0.1781409531831741
0.1767972409725189
0.1752892881631851
0.173611581325531
0.171760767698288
0.1697361320257187
0.1675399243831635
0.1651777625083923
0.1626590490341187
0.1599971652030945
0.157209649682045
0.1543183177709579
0.1513490229845047
0.1483315676450729
0.1452991962432861
0.1422879248857498
0.1393358260393143
0.1364819407463074
0.1337651759386063
0.1312229931354523
0.1288899928331375
0.1267964839935303
0.124967060983181
0.1234192401170731
0.1221623122692108
0.1211964339017868
0.120511956512928
0.1200892627239227
0.1198989674448967
0.1199026852846146
0.1200541853904724
0.1203010603785515
0.1205869913101196
0.1208541467785835
0.1210460290312767
0.1211103424429893
0.1210018023848534
0.1206848546862602
0.1201358512043953
0.1193447411060333
0.1183160468935966
0.1170689761638641
0.1156366467475891
0.1140643656253815
0.1124070882797241
0.1107260957360268
0.1090851426124573
0.1075462102890015
0.106165274977684
0.104988306760788
0.1040477752685547
0.1033601015806198
0.1029241606593132
0.1027210280299187
0.1027151122689247
0.1028565764427185
0.1030849888920784
0.1033338978886604
0.1035360768437386
0.1036289185285568
0.1035596430301666
0.1032897755503654
0.1027985215187073
0.1020847782492638
0.1011672988533974
0.1000832319259644
0.09888490289449692
0.09763519465923309
0.09640184789896011
0.09525115042924881
0.09424176812171936
0.09341908991336823
0.09281085431575775
0.09242433309555054
0.09224558621644974
0.09224078804254532
0.09235956519842148
0.09254008531570435
0.09271537512540817
0.09282024204730988
0.09279808402061462
0.09260685741901398
0.09222353249788284
0.09164648503065109
0.09089569002389908
0.09001031517982483
0.08904442936182022
0.08806074410676956
0.08712355047464371
0.08629132062196732
0.0856100469827652
0.08510789275169373
0.08479203283786774
0.08464795351028442
0.08464124798774719
0.08472192287445068
0.08483052253723145
0.08490542322397232
0.08489035815000534
0.08474130928516388
0.08443179726600647
0.08395595103502274
0.08332893997430801
0.08258463442325592
0.08177095651626587
0.08094334602355957
0.08015725016593933
0.07946065068244934
0.07888761162757874
0.07845372706651688
0.07815399765968323
0.07796361297369003
0.07784121483564377
0.07773453742265701
0.07758742570877075
0.07734722644090652
0.07697159051895142
0.07643374055624008
0.07572543621063232
0.07485713809728622
0.07385547459125519
0.07275839149951935
0.07160862535238266
0.07044653594493866
0.06930339336395264
0.06819597631692886
0.06712350994348526
0.06606713682413101
0.06499214470386505
0.06385261565446854
0.06259758770465851
0.06117800623178482
0.05955326184630394
0.05769633129239082
0.05559680610895157
0.05326134711503983
0.05071158334612846
0.04797977209091187
0.04510308429598808
0.04211737960577011
0.03905149921774864
0.03592311963438988
0.03273668885231018
0.02948386408388615
0.02614629454910755
0.02270032465457916
0.01912270300090313
0.01539644319564104
0.01151579059660435
0.007489469833672047
0.003341709263622761
-0.0008891245815902948
-0.005154016893357038
-0.009398320689797401
-0.01356745976954699
-0.01761233620345592
-0.02149362303316593
-0.02518424019217491
-0.02866973169147968
-0.03194658830761909
-0.03501893579959869
-0.03789427876472473
-0.04057918861508369
-0.04307575523853302
-0.04537945985794067
-0.04747890308499336
-0.04935741797089577
-0.05099627748131752
-0.05237883701920509
-0.0534949004650116
-0.05434446781873703
-0.05494014173746109
-0.05530776455998421
-0.05548517778515816
-0.05551927164196968
-0.0554618202149868
-0.05536488816142082
-0.05527645722031593
-0.05523703619837761
-0.05527769029140472
-0.05541967228055
-0.05567557364702225
-0.05605155229568481
-0.05655008554458618
-0.05717257410287857
-0.05792124941945076
-0.05879996344447136
-0.05981370061635971
-0.06096699461340904
-0.06226158887147903
-0.06369391083717346
-0.06525291502475739
-0.06691891700029373
-0.0686635822057724
-0.07045135647058487
-0.07224204391241074
-0.07399416714906693
-0.07566866278648376
-0.07723213732242584
-0.07865946739912033
-0.07993510365486145
-0.08105317503213882
-0.08201642334461212
-0.08283434808254242
-0.08352090418338776
-0.08409231156110764
-0.08456534892320633
-0.08495639264583588
-0.08528114855289459
-0.08555509150028229
-0.08579429984092712
-0.0860162153840065
-0.08624008297920227
-0.08648683130741119
-0.08677816390991211
-0.08713503926992416
-0.08757578581571579
-0.08811404556035995
-0.08875710517168045
-0.08950483798980713
-0.09034945070743561
-0.09127620607614517
-0.09226495027542114
-0.09329213947057724
-0.09433323889970779
-0.09536483883857727
-0.09636643528938293
-0.09732154756784439
-0.09821821004152298
-0.09904874861240387
-0.09980929642915726
-0.1004989370703697
-0.1011190041899681
-0.101672574877739
-0.1021642610430717
-0.1026002541184425
-0.1029885858297348
-0.1033392995595932
-0.1036645025014877
-0.1039780005812645
-0.104294665157795
-0.104629322886467
-0.1049955859780312
-0.1054044663906097
-0.1058633401989937
-0.1063752174377441
-0.1069385334849358
-0.1075474545359612
-0.1081927344202995
-0.1088628023862839
-0.1095450520515442
-0.1102270931005478
-0.1108977496623993
-0.1115477606654167
-0.1121701002120972
-0.1127600446343422
-0.1133149042725563
-0.1138338148593903
-0.114317387342453
-0.1147675141692162
-0.1151872873306274
-0.1155808866024017
-0.1159535869956017
-0.1163116842508316
-0.1166622564196587
-0.1170127615332603
-0.1173705384135246
-0.1177421510219574
-0.1181327775120735
-0.1185456961393356
-0.1189819127321243
-0.1194401383399963
-0.1199169680476189
-0.1204073205590248
-0.1209050789475441
-0.1214037537574768
-0.1218971610069275
-0.122379906475544
-0.1228478029370308
-0.1232980042695999
-0.1237289607524872
-0.1241403222084045
-0.1245326921343803
-0.1249073892831802
-0.1252662390470505
-0.1256114095449448
-0.1259453147649765
-0.1262704133987427
-0.1265891492366791
-0.1269037276506424
-0.1272159665822983
-0.1275270134210587
-0.1278371065855026
-0.1281454116106033
-0.1284499019384384
-0.1287473291158676
-0.1290332973003387
-0.1293025463819504
-0.1295492053031921
-0.1297670751810074
-0.1299499720335007
-0.1300919204950333
-0.1301872432231903
-0.130230724811554
-0.130217432975769
-0.1301426887512207
-0.1300019323825836
-0.1297905147075653
-0.1295035630464554
-0.1291360706090927
-0.1286827474832535
-0.1281380206346512
-0.1274962425231934
-0.1267516911029816
-0.1258987337350845
-0.1249319687485695
-0.1238463521003723
-0.1226374208927155
-0.121301494538784
-0.1198359578847885
-0.118239551782608
-0.1165126711130142
-0.1146576851606369
-0.1126792132854462
-0.1105843335390091
-0.1083827167749405
-0.1060866713523865
-0.1037110909819603
-0.1012733355164528
-0.09879294782876968
-0.09629138559103012
-0.0937916561961174
-0.09131782501935959
-0.08889457583427429
-0.08654673397541046
-0.08429869264364243
-0.08217381685972214
-0.08019383996725082
-0.07837825268507004
-0.07674366980791092
-0.07530326396226883
-0.07406621426343918
-0.073037289083004
-0.07221648842096329
-0.0715988352894783
-0.07117434591054916
-0.07092810422182083
-0.07084056735038757
-0.0708879828453064
-0.0710429847240448
-0.07127536833286285
-0.07155300676822662
-0.07184283435344696
-0.07211196422576904
-0.07232885807752609
-0.07246449589729309
-0.07249350100755692
-0.07239517569541931
-0.07215438038110733
-0.07176221162080765
-0.07121643424034119
-0.07052167505025864
-0.06968922168016434
-0.06873661279678345
-0.06768687814474106
-0.06656749546527863
-0.06540914624929428
-0.06424427032470703
-0.06310552358627319
-0.06202419474720955
-0.0610286258161068
-0.06014283001422882
-0.05938524007797241
-0.05876779183745384
-0.05829527601599693
-0.05796513706445694
-0.05776764079928398
-0.05768639966845512
-0.05769936367869377
-0.05778006836771965
-0.05789917334914207
-0.05802615731954575
-0.05813110992312431
-0.05818644165992737
-0.05816851928830147
-0.05805899947881699
-0.05784586817026138
-0.05752408131957054
-0.05709575489163399
-0.05656988918781281
-0.05596170201897621
-0.05529152974486351
-0.05458338931202888
-0.05386334657669067
-0.05315772816538811
-0.05249137431383133
-0.05188595503568649
-0.05135857686400414
-0.05092069134116173
-0.05057742446660995
-0.05032734572887421
-0.05016275867819786
-0.0500703789293766
-0.05003244057297707
-0.05002811923623085
-0.05003511905670166
-0.0500313900411129
-0.04999672994017601
-0.04991427063941956
-0.04977166280150414
-0.04956186190247536
-0.04928351193666458
-0.04894087091088295
-0.04854328185319901
-0.04810427129268646
-0.04764031618833542
-0.04716942831873894
-0.04670963063836098
-0.0462774969637394
-0.0458868108689785
-0.04554755240678787
-0.04526517167687416
-0.04504033550620079
-0.04486900568008423
-0.04474300518631935
-0.0446508564054966
-0.0445789061486721
-0.04451259970664978
-0.04443777725100517
-0.04434191435575485
-0.04421514645218849
-0.04405105113983154
-0.04384704679250717
-0.04360445961356163
-0.04332824051380157
-0.04302632808685303
-0.04270878434181213
-0.04238677769899368
-0.04207146540284157
-0.04177297279238701
-0.04149946570396423
-0.04125647246837616
-0.04104650393128395
-0.04086893424391747
-0.04072023555636406
-0.04059445485472679
-0.04048392176628113
-0.0403800867497921
-0.04027440026402473
-0.04015915095806122
-0.04002819210290909
-0.03987746313214302
-0.03970528766512871
-0.03951239958405495
-0.03930174931883812
-0.03907805681228638
-0.03884724155068398
-0.03861572220921516
-0.03838975355029106
-0.03817476704716682
-0.03797484561800957
-0.0377923808991909
-0.0376279205083847
-0.03748022764921188
-0.0373464934527874
-0.03722276166081429
-0.03710440173745155
-0.03698665276169777
-0.03686515614390373
-0.0367363803088665
-0.03659796342253685
-0.03644890710711479
-0.03628956899046898
-0.03612155094742775
-0.03594742342829704
-0.03577040880918503
-0.03559393063187599
-0.03542124107480049
-0.0352550595998764
-0.03509728983044624
-0.03494888916611671
-0.03480978682637215
-0.03467898815870285
-0.03455472737550735
-0.03443475067615509
-0.03431659564375877
-0.03419789299368858
-0.03407663479447365
-0.03395138308405876
-0.03382139652967453
-0.03368665650486946
-0.03354783356189728
-0.03340612724423409
-0.03326310589909554
-0.03312048316001892
-0.03297989442944527
-0.03284271433949471
-0.03270990401506424
-0.03258192166686058
-0.03245872631669044
-0.03233979269862175
-0.03222423046827316
-0.03211090341210365
-0.03199861198663712
-0.03188622742891312
-0.03177283704280853
-0.03165781870484352
-0.03154091909527779
-0.03142223507165909
-0.03130217269062996
-0.03118138574063778
-0.03106065280735493
-0.03094078227877617
-0.03082249872386456
-0.03070634976029396
-0.0305926650762558
-0.03048152476549149
-0.03037276864051819
-0.0302660409361124
-0.03016084618866444
-0.03005662932991982
-0.02995285019278526
-0.02984904870390892
-0.02974490262567997
-0.02964025363326073
-0.02953511103987694
-0.02942963875830173
-0.0293241124600172
-0.0292188785970211
-0.02911429479718208
-0.02901069074869156
-0.02890831418335438
-0.02880731597542763
-0.0287077259272337
-0.02860947139561176
-0.02851238660514355
-0.02841624431312084
-0.0283208005130291
-0.02822581864893436
-0.02813110500574112
-0.02803652174770832
-0.02794201299548149
-0.02784759365022182
-0.02775334380567074
-0.02765939012169838
-0.02756588160991669
-0.0274729672819376
-0.02738077752292156
-0.02728940546512604
-0.02719889208674431
-0.02710923179984093
-0.02702037990093231
-0.0269322507083416
-0.02684474177658558
-0.02675774693489075
-0.02667117118835449
-0.0265849381685257
-0.02649901062250137
-0.02641337178647518
-0.02632804587483406
-0.02624307386577129
-0.02615851163864136
-0.02607442252337933
-0.02599086426198483
-0.02590787224471569
-0.02582547627389431
-0.02574367634952068
-0.02566245570778847
-0.02558178082108498
-0.02550160698592663
-0.02542189136147499
-0.02534259296953678
-0.02526367828249931
-0.02518512681126595
-0.02510692551732063
-0.02502908371388912
-0.02495161816477776
-0.02487454377114773
-0.02479788288474083
-0.02472165785729885
-0.02464588172733784
-0.02457056567072868
-0.02449570596218109
-0.02442129701375961
-0.02434732019901276
-0.02427376061677933
-0.02420059777796268
-0.02412781305611134
-0.02405539713799953
-0.02398333884775639
-0.02391163632273674
-0.02384028770029545
-0.02376929484307766
-0.02369866333901882
-0.02362839877605438
-0.02355850860476494
-0.02348899468779564
-0.02341985702514648
-0.02335109747946262
-0.02328270673751831
-0.02321468107402325
-0.02314701490104198
-0.02307969890534878
-0.02301272563636303
-0.02294608950614929
-0.02287978306412697
-0.02281380258500576
-0.02274814806878567
-0.02268281579017639
-0.02261781133711338
-0.02255313470959663
-0.02248878590762615
-0.02242476306855679
-0.02236106619238853
-0.02229769341647625
-0.02223463915288448
-0.02217190526425838
-0.02210948243737221
-0.0220473688095808
-0.02198556065559387
-0.02192405052483082
-0.02186283841729164
-0.02180192060768604
-0.02174129895865917
-0.02168097347021103
-0.02162094041705132
-0.02156120352447033
-0.02150175906717777
-0.0214426051825285
-0.0213837381452322
-0.02132515609264374
-0.02126685529947281
-0.02120883576571941
-0.02115109376609325
-0.02109362371265888
-0.02103642746806145
-0.02097949758172035
-0.02092283591628075
-0.02086644060909748
-0.02081030979752541
-0.02075444161891937
-0.02069883793592453
-0.02064349316060543
-0.02058840543031693
-0.02053357474505901
-0.02047899924218655
-0.02042467892169952
-0.02037061378359795
-0.02031679823994637
-0.02026322856545448
-0.0202099047601223
-0.02015682868659496
-0.02010399661958218
-0.02005140297114849
-0.01999905146658421
-0.01994693651795387
-0.01989505626261234
-0.01984341070055962
-0.01979199983179569
-0.01974082365632057
-0.01968987658619881
-0.01963915675878525
-0.01958866231143475
-0.0195383932441473
-0.01948834769427776
-0.01943852752447128
-0.01938892900943756
-0.01933955028653145
-0.0192903894931078
-0.0192414466291666
-0.01919271983206272
-0.019144207239151
-0.01909590698778629
-0.01904781721532345
-0.01899994164705276
-0.01895227283239365
-0.01890480890870094
-0.01885755360126495
-0.01881050318479538
-0.01876365393400192
-0.01871700584888458
-0.01867055892944336
-0.01862430945038795
-0.01857825927436352
-0.0185324065387249
-0.0184867512434721
-0.01844129338860512
-0.01839602924883366
-0.01835095696151257
-0.01830607652664185
-0.01826138608157635
-0.01821688562631607
-0.01817257329821587
-0.01812845095992088
-0.01808451302349567
-0.01804075762629509
-0.01799718476831913
-0.0179537907242775
-0.01791057921946049
-0.01786754466593266
-0.0178246907889843
-0.01778201386332512
-0.01773951388895512
-0.01769718900322914
-0.01765503920614719
-0.01761306263506413
-0.01757125742733479
-0.01752962730824947
-0.01748816668987274
-0.01744687557220459
-0.01740575581789017
-0.01736480370163918
-0.01732401736080647
-0.01728339679539204
-0.01724294014275074
-0.01720264367759228
-0.01716251112520695
-0.0171225368976593
-0.01708272285759449
-0.01704306714236736
-0.01700356975197792
-0.01696422882378101
-0.01692504622042179
-0.01688601635396481
-0.01684713736176491
-0.01680841483175755
-0.01676984690129757
-0.01673142984509468
-0.01669316366314888
-0.01665504835546017
-0.01661708392202854
-0.01657926663756371
-0.01654159836471081
-0.0165040772408247
-0.01646670512855053
-0.01642947643995285
-0.01639239490032196
-0.01635545678436756
-0.0163186639547348
-0.01628201454877853
-0.01624550856649876
-0.01620914228260517
-0.01617291383445263
-0.01613682508468628
-0.01610087417066097
-0.01606506295502186
-0.01602938584983349
-0.01599384285509586
-0.01595843397080898
-0.01592316292226315
-0.0158880241215229
-0.01585301756858826
-0.01581814140081406
-0.01578339375555515
-0.01574877835810184
-0.01571429148316383
-0.01567993499338627
-0.01564570888876915
-0.01561161410063505
-0.01557764783501625
-0.01554381102323532
-0.01551010087132454
-0.01547651644796133
-0.01544305589050055
-0.01540971826761961
-0.01537650171667337
-0.01534340810030699
-0.01531043648719788
-0.01527758594602346
-0.0152448546141386
-0.01521224249154329
-0.01517974771559238
-0.01514737028628588
-0.0151151092723012
-0.01508296560496092
-0.01505094021558762
-0.01501903124153614
-0.01498723868280649
-0.01495556253939867
-0.0149240018799901
-0.01489255577325821
-0.01486122328788042
-0.01483000535517931
-0.0147989010438323
-0.01476790942251682
-0.01473702769726515
-0.0147062549367547
-0.01467559114098549
-0.01464503537863493
-0.01461458578705788
-0.01458424516022205
-0.01455400884151459
-0.01452388055622578
-0.01449385564774275
-0.01446393691003323
-0.01443412341177464
-0.01440441515296698
-0.01437481306493282
-0.01434531528502703
-0.01431592088192701
-0.01428662892431021
-0.01425744034349918
-0.01422835234552622
-0.01419936399906874
-0.01417047623544931
-0.0141416909173131
-0.01411300618201494
-0.01408442202955484
-0.01405593566596508
-0.01402754802256823
-0.01399925723671913
-0.01397106144577265
-0.01394296158105135
-0.01391495764255524
-0.01388704869896173
-0.01385923288762569
-0.01383151207119226
-0.0138038843870163
-0.01377635076642036
-0.01374891027808189
-0.01372156385332346
-0.01369430962949991
-0.01366715040057898
-0.01364008337259293
-0.01361310854554176
-0.01358622685074806
-0.01355943456292152
-0.01353273261338472
-0.01350612007081509
-0.01347959507256746
-0.01345315854996443
-0.01342680957168341
-0.01340054906904697
-0.01337437424808741
-0.01334828697144985
-0.01332228630781174
-0.01329637039452791
-0.01327053923159838
-0.01324479188770056
-0.01321912929415703
-0.01319355051964521
-0.01316805556416512
-0.01314264349639416
-0.01311731524765491
-0.01309207081794739
-0.01306690834462643
-0.01304182782769203
-0.01301682833582163
-0.01299190986901522
-0.01296707149595022
-0.01294231414794922
-0.01291763689368963
-0.01289303880184889
-0.01286852080374956
-0.01284408196806908
-0.01281972229480743
-0.01279544085264206
-0.0127712395042181
-0.01274711545556784
-0.01272306963801384
-0.01269910112023354
-0.01267520803958178
-0.01265139132738113
-0.01262765098363161
-0.01260398421436548
-0.01258039101958275
-0.01255687139928341
-0.01253342628479004
-0.01251005474478006
-0.01248675677925348
-0.01246353331953287
-0.01244038343429565
-0.01241730619221926
-0.01239430252462626
-0.0123713705688715
-0.01234850939363241
-0.012325718998909
-0.0123030012473464
-0.01228035520762205
-0.01225778087973595
-0.01223527733236551
-0.0122128427028656
-0.01219047699123621
-0.01216818019747734
-0.01214595139026642
-0.01212379150092602
-0.01210169866681099
-0.01207967568188906
-0.01205771788954735
-0.01203582808375359
-0.0120140053331852
-0.01199224684387445
-0.01197055727243423
-0.01194893289357424
-0.01192737463861704
-0.01190588250756264
-0.01188445556908846
-0.0118630938231945
-0.0118417963385582
-0.01182056497782469
-0.0117993988096714
-0.01177829597145319
-0.01175725646317005
-0.01173628214746714
-0.01171537023037672
-0.01169451978057623
-0.01167373079806566
-0.01165300235152245
-0.01163233537226915
-0.01161173079162836
-0.01159118767827749
-0.01157070510089397
-0.01155028399080038
-0.01152992434799671
-0.01150962524116039
-0.01148938573896885
-0.01146920677274466
-0.01144908927381039
-0.01142902951687574
-0.01140903029590845
-0.01138908974826336
-0.01136920694261789
-0.01134938467293978
-0.01132962014526129
-0.01130991335958242
-0.01129026524722576
-0.01127067487686872
-0.01125114131718874
-0.01123166363686323
-0.0112122418358922
-0.01119287591427565
-0.01117356587201357
-0.01115431264042854
-0.01113511528819799
-0.01111597288399935
-0.01109688635915518
-0.01107785478234291
-0.01105887722223997
-0.01103995367884636
-0.01102108601480722
-0.01100227236747742
-0.01098351273685694
-0.01096480526030064
-0.01094615086913109
-0.01092754956334829
-0.01090900041162968
-0.01089050434529781
-0.01087205950170755
-0.0108536658808589
-0.01083532813936472
-0.01081704348325729
-0.01079881191253662
-0.01078063249588013
-0.01076250523328781
-0.0107444291934371
-0.01072640437632799
-0.01070843078196049
-0.01069050934165716
-0.01067263633012772
-0.0106548136100173
-0.01063703931868076
-0.01061931345611811
-0.01060163788497448
-0.01058400981128216
-0.01056643016636372
-0.01054889801889658
-0.01053141430020332
-0.01051397807896137
-0.0104965902864933
-0.01047925092279911
-0.0104619599878788
-0.01044471748173237
-0.01042752247303724
-0.01041037775576115
-0.01039327867329121
-0.01037622801959515
-0.01035922486335039
-0.01034226827323437
-0.01032535824924707
-0.01030849479138851
-0.01029167789965868
-0.01027490757405758
-0.01025818288326263
-0.01024150289595127
-0.01022486854344606
-0.01020827982574701
-0.01019173581153154
-0.01017523743212223
-0.01015878468751907
-0.01014237571507692
-0.01012601144611835
-0.01010969001799822
-0.01009341329336166
-0.01007717847824097
-0.0100609865039587
-0.01004483737051487
-0.01002872921526432
-0.01001266576349735
-0.009996644221246243
-0.009980666451156139
-0.009964731521904469
-0.009948840364813805
-0.009932992979884148
-0.009917186573147774
-0.009901422075927258
-0.009885699488222599
-0.009870019741356373
-0.009854381904006004
-0.009838784113526344
-0.009823229163885117
-0.009807715192437172
-0.00979224219918251
-0.009776809252798557
-0.009761416353285313
-0.009746063500642776
-0.009730750694870949
-0.009715477004647255
-0.009700242429971695
-0.009685048833489418
-0.00966989528387785
-0.00965478178113699
-0.009639706462621689
-0.009624671190977097
-0.009609675034880638
-0.009594717994332314
-0.009579800069332123
-0.009564922191202641
-0.009550083428621292
-0.009535283781588078
-0.009520523250102997
-0.009505800902843475
-0.009491115808486938
-0.009476468898355961
-0.009461859241127968
-0.009447287768125534
-0.009432751685380936
-0.009418251924216747
-0.009403788484632969
-0.009389362297952175
-0.009374973364174366
-0.009360621683299541
-0.009346306324005127
-0.009332027286291122
-0.009317784570157528
-0.009303577244281769
-0.009289407171308994
-0.00927527341991663
-0.009261174127459526
-0.009247111156582832
-0.009233083575963974
-0.009219092316925526
-0.009205134585499763
-0.009191212244331837
-0.009177325293421745
-0.009163472801446915
-0.009149656631052494
-0.00913587398827076
-0.009122125804424286
-0.009108412079513073
-0.009094733744859695
-0.009081088006496429
-0.009067476727068424
-0.009053900837898254
-0.00904036033898592
-0.009026854299008846
-0.009013380855321884
-0.008999939076602459
-0.008986529894173145
-0.008973153308033943
-0.008959810249507427
-0.008946500718593597
-0.008933222852647305
-0.008919976651668549
-0.008906764909625053
-0.00889358576387167
-0.008880439214408398
-0.008867325261235237
-0.008854244835674763
-0.008841195143759251
-0.008828177116811275
-0.008815191686153412
-0.008802236989140511
-0.008789313025772572
-0.008776420727372169
-0.00876355916261673
-0.008750728331506252
-0.008737929165363312
-0.008725160732865334
-0.008712423965334892
-0.008699718862771988
-0.008687043562531471
-0.008674399927258492
-0.008661787025630474
-0.008649205788969994
-0.008636654354631901
-0.008624134585261345
-0.008611644618213177
-0.008599184453487396
-0.008586754091084003
-0.008574351668357849
-0.008561979047954082
-0.008549636229872704
-0.008537322282791138
-0.008525037206709385
-0.008512783795595169
-0.008500559255480766
-0.008488365449011326
-0.008476200513541698
-0.008464065380394459
-0.008451960049569607
-0.008439881727099419
-0.008427832275629044
-0.008415811695158482
-0.008403819054365158
-0.008391855284571648
-0.008379919454455376
-0.008368012495338917
-0.008356132544577122
-0.008344279602169991
-0.008332453668117523
-0.008320653811097145
-0.008308880031108856
-0.008297133259475231
-0.008285414427518845
-0.008273723535239697
-0.008262059651315212
-0.008250421844422817
-0.008238811977207661
-0.008227229118347168
-0.008215673267841339
-0.008204143494367599
-0.008192641660571098
-0.008181165903806686
-0.008169716224074364
-0.008158296346664429
-0.008146902546286583
-0.008135534822940826
-0.008124193176627159
-0.008112878538668156
-0.008101590909063816
-0.008090328425168991
-0.008079089224338531
-0.008067876100540161
-0.00805668905377388
-0.008045526221394539
-0.008034390397369862
-0.008023279719054699
-0.0080121960490942
-0.008001137524843216
-0.007990105077624321
-0.007979098707437515
-0.007968119345605373
-0.007957166060805321
-0.007946238853037357
-0.007935336790978909
-0.0079244589433074
-0.007913605310022831
-0.007902775891125202
-0.007891969755291939
-0.007881187833845615
-0.007870427332818508
-0.007859691046178341
-0.007848978042602539
-0.007838289253413677
-0.007827624678611755
-0.007816983386874199
-0.007806365843862295
-0.007795772980898619
-0.007785204332321882
-0.007774659898132086
-0.007764139678329229
-0.007753643207252026
-0.007743170484900475
-0.007732720114290714
-0.007722293492406607
-0.007711888756603003
-0.007701507769525051
-0.007691149599850178
-0.00768081471323967
-0.007670502178370953
-0.007660212460905313
-0.00764994602650404
-0.007639702875167131
-0.007629482541233301
-0.007619286421686411
-0.007609113585203886
-0.007598964031785727
-0.007588836830109358
-0.007578731514513493
-0.007568648084998131
-0.007558586075901985
-0.007548545487225056
-0.007538525853306055
-0.007528525777161121
-0.007518546655774117
-0.007508588954806328
-0.007498652208596468
-0.007488737348467112
-0.007478843908756971
-0.007468972820788622
-0.007459123618900776
-0.007449295837432146
-0.007439490873366594
-0.007429707329720259
-0.007419945206493139
-0.007410204038023949
-0.0074004833586514
-0.007390782702714205
-0.007381103001534939
-0.007371444255113602
-0.007361805066466331
-0.007352185901254416
-0.007342587225139141
-0.007333009969443083
-0.007323452737182379
-0.007313916925340891
-0.007304401602596045
-0.007294907700270414
-0.007285435218364
-0.007275984156876802
-0.007266553584486246
-0.007257144432514906
-0.007247756700962782
-0.007238388992846012
-0.007229041308164597
-0.007219713181257248
-0.007210403680801392
-0.007201112806797028
-0.007191840559244156
-0.007182586472481489
-0.007173351012170315
-0.007164134178310633
-0.007154936902225018
-0.007145758252590895
-0.007136599160730839
-0.007127460092306137
-0.00711834104731679
-0.007109241094440222
-0.007100161630660295
-0.007091101724654436
-0.007082060910761356
-0.007073039654642344
-0.007064037956297398
-0.007055055350065231
-0.007046091370284557
-0.007037146016955376
-0.007028219290077686
-0.007019310723990202
-0.007010420318692923
-0.007001549005508423
-0.006992696318775415
-0.006983861327171326
-0.006975044030696154
-0.006966244429349899
-0.00695746298879385
-0.006948699709028006
-0.006939954124391079
-0.006931226700544357
-0.006922517903149128
-0.006913827732205391
-0.006905156653374434
-0.006896504200994968
-0.006887869909405708
-0.006879254244267941
-0.006870656739920378
-0.006862076930701733
-0.006853514350950718
-0.006844968069344759
-0.00683643901720643
-0.006827926263213158
-0.006819430273026228
-0.006810950580984354
-0.00680248811841011
-0.006794042885303497
-0.00678561395034194
-0.0067772027105093
-0.006768807768821716
-0.006760430056601763
-0.00675206957384944
-0.00674372585490346
-0.006735398899763823
-0.006727089639753103
-0.00671879667788744
-0.006710521411150694
-0.006702262908220291
-0.006694021634757519
-0.006685796659439802
-0.006677588447928429
-0.006669397000223398
-0.006661222316324711
-0.006653063464909792
-0.006644921377301216
-0.006636795587837696
-0.006628685630857944
-0.006620591972023249
-0.006612514145672321
-0.006604453083127737
-0.006596407853066921
-0.006588378455489874
-0.00658036582171917
-0.006572369486093521
-0.006564388517290354
-0.006556423380970955
-0.006548473611474037
-0.006540539674460888
-0.006532621569931507
-0.006524719297885895
-0.006516832858324051
-0.006508962716907263
-0.006501107942312956
-0.006493269931524992
-0.006485447753220797
-0.006477640941739082
-0.006469849497079849
-0.006462073884904385
-0.006454314570873976
-0.006446570158004761
-0.00643884064629674
-0.006431126035749912
-0.006423425860702991
-0.006415740121155977
-0.006408067885786295
-0.006400409154593945
-0.006392764393240213
-0.006385134067386389
-0.006377519108355045
-0.006369919516146183
-0.006362334825098515
-0.006354765500873327
-0.006347211077809334
-0.006339672487229109
-0.006332149729132652
-0.006324642337858677
-0.006317150313407183
-0.006309672724455595
-0.006302209105342627
-0.006294759456068277
-0.00628732331097126
-0.006279900204390287
-0.006272491067647934
-0.0062650959007442
-0.006257714703679085
-0.006250347010791302
-0.006242993753403425
-0.006235654931515455
-0.006228329613804817
-0.00622101966291666
-0.006213724613189697
-0.006206444930285215
-0.006199179217219353
-0.006191927939653397
-0.006184691097587347
-0.006177468225359917
-0.006170258857309818
-0.006163062527775764
-0.006155879236757755
-0.006148708984255791
-0.006141551770269871
-0.006134407594799995
-0.006127276457846165
-0.006120158359408379
-0.006113053299486637
-0.00610596127808094
-0.006098881829530001
-0.00609181635081768
-0.006084763910621405
-0.006077725440263748
-0.006070700939744711
-0.00606369087472558
-0.006056694779545069
-0.006049713119864464
-0.006042745430022478
-0.006035790778696537
-0.006028848700225353
-0.006021919660270214
-0.006015003193169832
-0.00600809883326292
-0.006001207046210766
-0.005994326435029507
-0.005987458862364292
-0.005980603862553835
-0.005973761901259422
-0.005966932512819767
-0.005960117094218731
-0.005953315645456314
-0.005946527700871229
-0.005939754191786051
-0.005932994186878204
-0.005926248151808977
-0.005919515620917082
-0.005912794731557369
-0.005906085949391127
-0.005899388343095779
-0.005892702378332615
-0.005886026192456484
-0.005879360251128674
-0.005872705485671759
-0.005866061896085739
-0.00585943041369319
-0.00585281103849411
-0.005846204236149788
-0.005839610937982798
-0.005833030678331852
-0.005826462991535664
-0.005819908808916807
-0.005813366733491421
-0.005806837696582079
-0.005800320766866207
-0.005793816410005093
-0.005787324160337448
-0.005780843552201986
-0.005774375051259995
-0.005767918657511473
-0.005761474836617708
-0.005755042657256126
-0.005748620722442865
-0.005742209497839212
-0.005735808983445168
-0.005729418713599443
-0.005723039153963327
-0.005716670304536819
-0.005710311699658632
-0.005703963804990053
-0.005697627086192369
-0.005691302474588156
-0.005684990435838699
-0.005678690504282713
-0.005672402679920197
-0.00566612696275115
-0.005659862421452999
-0.005653609521687031
-0.005647367797791958
-0.00564113724976778
-0.005634917877614498
-0.005628708284348249
-0.005622509866952896
-0.005616323091089725
-0.005610147025436163
-0.005603982135653496
-0.005597828421741724
-0.00559168541803956
-0.005585554987192154
-0.005579435266554356
-0.005573326721787453
-0.005567229352891445
-0.005561143159866333
-0.005555067677050829
-0.005549002438783646
-0.005542948376387358
-0.005536904558539391
-0.005530870985239744
-0.005524847190827131
-0.005518834106624126
-0.00551283173263073
-0.005506841000169516
-0.005500861443579197
-0.005494892597198486
-0.005488934461027384
-0.005482986103743315
-0.005477048456668854
-0.005471121519804001
-0.005465203896164894
-0.005459296517074108
-0.005453399382531643
-0.005447512492537498
-0.005441636312752962
-0.005435770843178034
-0.005429916083812714
-0.005424072965979576
-0.005418240558356047
-0.005412418860942125
-0.005406607873737812
-0.005400807596743107
-0.005395017098635435
-0.005389236379414797
-0.005383464973419905
-0.005377703346312046
-0.005371951032429934
-0.00536620756611228
-0.005360473413020372
-0.005354748573154211
-0.005349033046513796
-0.005343326833099127
-0.005337629467248917
-0.00533194188028574
-0.005326264537870884
-0.005320596508681774
-0.00531493965536356
-0.005309291649609804
-0.005303653888404369
-0.005298025440424681
-0.005292406771332026
-0.005286798812448978
-0.005281201098114252
-0.005275613162666559
-0.005270034540444613
-0.005264465697109699
-0.005258906632661819
-0.005253356881439686
-0.005247816443443298
-0.005242285318672657
-0.005236763972789049
-0.005231252405792475
-0.005225750152021646
-0.005220257677137852
-0.005214774515479803
-0.005209300667047501
-0.005203837063163519
-0.005198382306843996
-0.005192936863750219
-0.005187500733882189
-0.005182073917239904
-0.005176656879484653
-0.005171249154955149
-0.005165849812328815
-0.005160458851605654
-0.005155077204108238
-0.005149704404175282
-0.005144339986145496
-0.00513898441568017
-0.005133639089763165
-0.005128302145749331
-0.00512297498062253
-0.005117656663060188
-0.005112347193062305
-0.005107047036290169
-0.005101756192743778
-0.005096474196761847
-0.005091201048344374
-0.00508593674749136
-0.005080681294202805
-0.005075435154139996
-0.005070196930319071
-0.005064967554062605
-0.005059747025370598
-0.005054534878581762
-0.005049332045018673
-0.005044137593358755
-0.005038951057940722
-0.005033771973103285
-0.005028600804507732
-0.005023438483476639
-0.005018285010010004
-0.005013139918446541
-0.005008002743124962
-0.005002873949706554
-0.004997754469513893
-0.004992644302546978
-0.004987542983144522
-0.004982450511306524
-0.004977367352694273
-0.004972292110323906
-0.00496722524985671
-0.004962166771292686
-0.004957117605954409
-0.004952076356858015
-0.004947043489664793
-0.00494201947003603
-0.004937003832310438
-0.004931996576488018
-0.004926997702568769
-0.004922008141875267
-0.004917026963084936
-0.004912053234875202
-0.004907087422907352
-0.004902129527181387
-0.004897178616374731
-0.004892234224826097
-0.004887296818196774
-0.004882365930825472
-0.00487744202837348
-0.004872526042163372
-0.004867617972195148
-0.004862717818468809
-0.004857826046645641
-0.004852942656725645
-0.00484806764870882
-0.004843201022595167
-0.00483834370970726
-0.004833494778722525
-0.004828654695302248
-0.004823822993785143
-0.004818999674171209
-0.00481418427079916
-0.004809376783668995
-0.004804576747119427
-0.004799784626811743
-0.004794999957084656
-0.004790221806615591
-0.004785450641065836
-0.004780686926096678
-0.004775930196046829
-0.00477118045091629
-0.004766438156366348
-0.004761702846735716
-0.004756974056363106
-0.004752252716571093
-0.004747539293020964
-0.004742833785712719
-0.004738136660307646
-0.004733447451144457
-0.004728766158223152
-0.004724093247205019
-0.00471942825242877
-0.004714771639555693
-0.004710122477263212
-0.004705481231212616
-0.004700847435742617
-0.004696221090853214
-0.004691601730883121
-0.004686989355832338
-0.004682384431362152
-0.004677786491811275
-0.004673195537179708
-0.004668612033128738
-0.004664035979658365
-0.004659467376768589
-0.00465490622445941
-0.004650352522730827
-0.004645806271582842
-0.004641267005354166
-0.004636735189706087
-0.004632209893316031
-0.004627691581845284
-0.004623180720955133
-0.00461867731064558
-0.004614180419594049
-0.004609690047800541
-0.004605206660926342
-0.004600730258971453
-0.004596260841935873
-0.00459179887548089
-0.004587342962622643
-0.004582894500344992
-0.004578452557325363
-0.004574016202241182
-0.004569585900753736
-0.0045651625841856
-0.004560745321214199
-0.00455633457750082
-0.004551930353045464
-0.004547533113509417
-0.004543142858892679
-0.004538759123533964
-0.004534382838755846
-0.004530014470219612
-0.004525653086602688
-0.004521299619227648
-0.00451695267111063
-0.004512613639235497
-0.004508281592279673
-0.004503956530243158
-0.004499637521803379
-0.004495325498282909
-0.004491020459681749
-0.004486722871661186
-0.004482431337237358
-0.00447814678773284
-0.004473868291825056
-0.004469596780836582
-0.004465331789106131
-0.004461073782294989
-0.004456821363419294
-0.004452575463801622
-0.004448335617780685
-0.004444101825356483
-0.004439874086529016
-0.004435652401298285
-0.004431436769664288
-0.004427227657288313
-0.004423025064170361
-0.004418829455971718
-0.004414639435708523
-0.00441045593470335
-0.004406279418617487
-0.004402108956128359
-0.004397944547235966
-0.004393786657601595
-0.004389635752886534
-0.004385491367429495
-0.004381353035569191
-0.004377220757305622
-0.004373094998300076
-0.004368975292891264
-0.004364861641079187
-0.004360754042863846
-0.004356652963906527
-0.004352558869868517
-0.00434847129508853
-0.004344390239566565
-0.004340316634625196
-0.004336250014603138
-0.004332189448177814
-0.004328134935349226
-0.00432408694177866
-0.004320045001804829
-0.004316008649766445
-0.004311977885663509
-0.004307952243834734
-0.004303932189941406
-0.004299916792660952
-0.004295906983315945
-0.004291902296245098
-0.004287903197109699
-0.004283909220248461
-0.00427992083132267
-0.004275938495993614
-0.004271962679922581
-0.004267992917448282
-0.004264029208570719
-0.004260072484612465
-0.004256121814250946
-0.004252176266163588
-0.004248236306011677
-0.004244301468133926
-0.004240372218191624
-0.004236449021846056
-0.004232532810419798
-0.004228622652590275
-0.004224719014018774
-0.004220821894705296
-0.004216930828988552
-0.004213046748191118
-0.004209169186651707
-0.004205298144370317
-0.004201433621346951
-0.004197574686259031
-0.004193721804767847
-0.004189874511212111
-0.004186030942946672
-0.004182192496955395
-0.004178358241915703
-0.004174529109150171
-0.0041707050986588
-0.004166886676102877
-0.004163073375821114
-0.004159265663474798
-0.004155464004725218
-0.004151668399572372
-0.004147878848016262
-0.004144094884395599
-0.004140317440032959
-0.004136545583605766
-0.004132779315114021
-0.004129018634557724
-0.004125263076275587
-0.004121512640267611
-0.004117768257856369
-0.004114028997719288
-0.00411029439419508
-0.004106565378606319
-0.004102841950953007
-0.004099123645573854
-0.004095410462468863
-0.004091703332960606
-0.004088001325726509
-0.00408430490642786
-0.004080614075064659
-0.004076928831636906
-0.004073248710483313
-0.004069575108587742
-0.004065906163305044
-0.004062243271619081
-0.004058585036545992
-0.004054931923747063
-0.004051284398883581
-0.00404764199629426
-0.004044004715979099
-0.004040372092276812
-0.004036744125187397
-0.004033120814710855
-0.004029502160847187
-0.004025888629257679
-0.004022280219942331
-0.004018676932901144
-0.004015079233795404
-0.004011487122625113
-0.004007900133728981
-0.00400431826710701
-0.004000741988420486
-0.003997171763330698
-0.00399360666051507
-0.00399004714563489
-0.003986492287367582
-0.003982942551374435
-0.003979397471994162
-0.003975857049226761
-0.003972321283072233
-0.003968790173530579
-0.00396526325494051
-0.003961740992963314
-0.003958224318921566
-0.003954712301492691
-0.003951205871999264
-0.003947705030441284
-0.003944209776818752
-0.003940719645470381
-0.00393723463639617
-0.003933753818273544
-0.003930277656763792
-0.0039268066175282
-0.003923339303582907
-0.003919876646250486
-0.003916418179869652
-0.00391296437010169
-0.003909514751285315
-0.003906071186065674
-0.003902633441612124
-0.003899201285094023
-0.003895775182172656
-0.003892354900017381
-0.003888940205797553
-0.003885530866682529
-0.00388212688267231
-0.00387872732244432
-0.00387533288449049
-0.003871943103149533
-0.003868558211252093
-0.003865177510306239
-0.003861801233142614
-0.003858429379761219
-0.003855062182992697
-0.003851699642837048
-0.003848341759294271
-0.003844988299533725
-0.003841639263555408
-0.003838294884189963
-0.003834954928606749
-0.003831619396805763
-0.00382828782312572
-0.003824960207566619
-0.003821636782959104
-0.003818317782133818
-0.003815002739429474
-0.00381169212050736
-0.003808385692536831
-0.003805083688348532
-0.003801786340773106
-0.003798493882641196
-0.00379520608112216
-0.00379192316904664
-0.003788644913583994
-0.003785371547564864
-0.003782102605327964
-0.00377883855253458
-0.003775578923523426
-0.003772323951125145
-0.003769073402509093
-0.003765827510505915
-0.003762586042284966
-0.003759349463507533
-0.003756117774173617
-0.003752890508621931
-0.003749668132513762
-0.003746450413018465
-0.003743237350136042
-0.003740028711035848
-0.003736824262887239
-0.003733624238520861
-0.00373042793944478
-0.003727235365658998
-0.003724046517163515
-0.00372086139395833
-0.003717679996043444
-0.003714502556249499
-0.003711328841745853
-0.003708159551024437
-0.00370499468408525
-0.003701834473758936
-0.003698678920045495
-0.003695528022944927
-0.003692381549626589
-0.00368923950009048
-0.003686102107167244
-0.003682969138026237
-0.003679840825498104
-0.0036767169367522
-0.003673597704619169
-0.003670483129099011
-0.003667373675853014
-0.003664268413558602
-0.003661168040707707
-0.003658072324469686
-0.00365498149767518
-0.003651895327493548
-0.003648813581094146
-0.003645736491307616
-0.003642663592472672
-0.003639594651758671
-0.003636529203504324
-0.003633467247709632
-0.003630408784374595
-0.003627353347837925
-0.003624301170930266
-0.003621252253651619
-0.003618206596001983
-0.003615164663642645
-0.003612126456573606
-0.003609091974794865
-0.00360606168396771
-0.003603035351261497
-0.003600013209506869
-0.003596995258703828
-0.003593981266021729
-0.003590971231460571
-0.003587966086342931
-0.003584965132176876
-0.003581968368962407
-0.003578975796699524
-0.003575987415388227
-0.003573003225028515
-0.003570022759959102
-0.003567046485841274
-0.003564074169844389
-0.003561105811968446
-0.003558141179382801
-0.003555180504918098
-0.003552224021404982
-0.003549271263182163
-0.003546322695910931
-0.003543377853929996
-0.003540436504408717
-0.003537498414516449
-0.003534564282745123
-0.003531633876264095
-0.003528707660734653
-0.00352578517049551
-0.003522866638377309
-0.003519952297210693
-0.00351704191416502
-0.003514135256409645
-0.003511232323944569
-0.003508333582431078
-0.003505438799038529
-0.003502548206597567
-0.003499661572277546
-0.003496779361739755
-0.003493901807814837
-0.003491028677672148
-0.003488159505650401
-0.003485294291749597
-0.003482433035969734
-0.00347957550548017
-0.003476721467450261
-0.003473870456218719
-0.003471022704616189
-0.003468177979812026
-0.003465336281806231
-0.00346249807626009
-0.00345966313034296
-0.003456831909716129
-0.003454004880040884
-0.003451181808486581
-0.00344836269505322
-0.003445547539740801
-0.00344273610971868
-0.003439928404986858
-0.003437124658375978
-0.003434324404224753
-0.003431527409702539
-0.00342873390763998
-0.003425943665206432
-0.003423156449571252
-0.003420371795073152
-0.003417590633034706
-0.003414812730625272
-0.003412037855014205
-0.003409266471862793
-0.003406498115509748
-0.003403732553124428
-0.003400970716029406
-0.003398212371394038
-0.003395457752048969
-0.003392707323655486
-0.003389960853382945
-0.00338721857406199
-0.003384480951353908
-0.003381747985258698
-0.003379019442945719
-0.003376294858753681
-0.003373574232682586
-0.003370857331901789
-0.003368143923580647
-0.003365433076396585
-0.003362724790349603
-0.003360019298270345
-0.003357316367328167
-0.003354616230353713
-0.003351919120177627
-0.003349225269630551
-0.003346534678712487
-0.003343847813084722
-0.003341164905577898
-0.00333848618902266
-0.003335811430588365
-0.003333140630275011
-0.0033304737880826
-0.003327810671180487
-0.003325151279568672
-0.003322495380416512
-0.003319842973724008
-0.003317193826660514
-0.003314547939226031
-0.00331190531142056
-0.003309266176074743
-0.003306630766019225
-0.003303999081254005
-0.003301371354609728
-0.003298747120425105
-0.003296126378700137
-0.00329350889660418
-0.003290894674137235
-0.003288283478468657
-0.003285674611106515
-0.00328306807205081
-0.003280464094132185
-0.003277862444519997
-0.003275263123214245
-0.003272665897384286
-0.003270071465522051
-0.00326747982762754
-0.003264891682192683
-0.003262307029217482
-0.003259726334363222
-0.003257149364799261
-0.003254576120525599
-0.003252007532864809
-0.003249442670494318
-0.003246881999075413
-0.003244324820116162
-0.003241771133616567
-0.003239220473915339
-0.003236672608181834
-0.003234127769246697
-0.003231585724279284
-0.003229046240448952
-0.003226509783416986
-0.003223976353183389
-0.003221445716917515
-0.003218918107450008
-0.003216393757611513
-0.003213872434571385
-0.003211354603990912
-0.003208839567378163
-0.003206327324733138
-0.00320381810888648
-0.003201312152668834
-0.003198809456080198
-0.003196310019120574
-0.00319381314329803
-0.00319131906144321
-0.003188828006386757
-0.003186339978128672
-0.003183855675160885
-0.003181374631822109
-0.003178897313773632
-0.003176423255354166
-0.003173952922224998
-0.003171485615894198
-0.003169021802023053
-0.003166561247780919
-0.003164103953167796
-0.003161649452522397
-0.003159198211506009
-0.003156749997287989
-0.003154304111376405
-0.003151861019432545
-0.003149420721456409
-0.003146982984617352
-0.003144547808915377
-0.003142115194350481
-0.003139685140922666
-0.003137257881462574
-0.00313483364880085
-0.003132412442937493
-0.003129994263872504
-0.003127579344436526
-0.003125167451798916
-0.003122758585959673
-0.003120353212580085
-0.003117951098829508
-0.003115552244707942
-0.003113156417384744
-0.003110763849690557
-0.003108374541625381
-0.003105988493189216
-0.003103605704382062
-0.003101225942373276
-0.003098849207162857
-0.003096475265920162
-0.003094104351475835
-0.003091735998168588
-0.003089369973167777
-0.003087006043642759
-0.003084644209593534
-0.003082284703850746
-0.003079927526414394
-0.003077572677284479
-0.003075220622122288
-0.003072871593758464
-0.003070525592193007
-0.003068182850256562
-0.003065843367949128
-0.003063507378101349
-0.003061174880713224
-0.003058845875784755
-0.003056520130485296
-0.003054196946322918
-0.003051876788958907
-0.003049559658393264
-0.003047244856134057
-0.003044932149350643
-0.003042622236534953
-0.003040314884856343
-0.003038010094314814
-0.003035707864910364
-0.003033408196642995
-0.003031111089512706
-0.003028817009180784
-0.003026525722816586
-0.003024237463250756
-0.003021951764822006
-0.003019669093191624
-0.003017388982698321
-0.003015111899003386
-0.003012837143614888
-0.00301056494936347
-0.003008295083418489
-0.003006027545779943
-0.003003762569278479
-0.003001499455422163
-0.002999238902702928
-0.002996980212628841
-0.002994724316522479
-0.002992470981553197
-0.002990220440551639
-0.002987972926348448
-0.002985728206112981
-0.002983486745506525
-0.002981248777359724
-0.002979014068841934
-0.002976782852783799
-0.002974554663524032
-0.002972329268231988
-0.002970106666907668
-0.002967886859551072
-0.0029656698461622
-0.002963454928249121
-0.002961242105811834
-0.002959031611680984
-0.002956823213025928
-0.002954616909846663
-0.00295241316780448
-0.002950211754068732
-0.002948012668639421
-0.002945816377177835
-0.002943622646853328
-0.002941431943327188
-0.002939244033768773
-0.002937059383839369
-0.002934877527877688
-0.002932698698714375
-0.002930522663518786
-0.002928349422290921
-0.00292617897503078
-0.002924011088907719
-0.002921845531091094
-0.002919682301580906
-0.002917521400377154
-0.002915362827479839
-0.002913206815719604
-0.002911053132265806
-0.002908901777118444
-0.002906753215938807
-0.002904606983065605
-0.002902462845668197
-0.002900321502238512
-0.002898182487115264
-0.002896045800298452
-0.002893911674618721
-0.002891779877245426
-0.002889650408178568
-0.002887523034587502
-0.002885397989302874
-0.002883275272324681
-0.002881154883652925
-0.002879036590456963
-0.002876920159906149
-0.002874805824831128
-0.0028726935852319
-0.002870583673939109
-0.002868476323783398
-0.002866371534764767
-0.002864269772544503
-0.002862171037122607
-0.002860075328499079
-0.002857982879504561
-0.002855893690139055
-0.002853807527571917
-0.002851723926141858
-0.002849643118679523
-0.002847565105184913
-0.002845489187166095
-0.002843415597453713
-0.002841344336047769
-0.002839274937286973
-0.002837207401171327
-0.00283514172770083
-0.002833078382536769
-0.002831017365679145
-0.002828957978636026
-0.002826901152729988
-0.002824846422299743
-0.002822794020175934
-0.002820743946358562
-0.002818696200847626
-0.002816650783643126
-0.002814607694745064
-0.002812567166984081
-0.002810528967529535
-0.002808493096381426
-0.002806459786370397
-0.002804428804665804
-0.00280239968560636
-0.002800372894853354
-0.002798348432406783
-0.002796326065436006
-0.002794306026771665
-0.002792288782075047
-0.002790273632854223
-0.002788260811939836
-0.002786250319331884
-0.00278424215503037
-0.002782236319035292
-0.002780233044177294
-0.002778232330456376
-0.002776233945041895
-0.002774238353595138
-0.00277224532328546
-0.002770254388451576
-0.002768266014754772
-0.002766280202195048
-0.002764296717941761
-0.002762315794825554
-0.00276033696718514
-0.002758360235020518
-0.002756385365501046
-0.002754412358626723
-0.00275244121439755
-0.002750471932813525
-0.002748504281044006
-0.00274653872475028
-0.002744575031101704
-0.002742613665759563
-0.002740654861554503
-0.002738698618486524
-0.00273674470372498
-0.002734793350100517
-0.002732844790443778
-0.002730898791924119
-0.002728954888880253
-0.002727013546973467
-0.002725074533373117
-0.002723137848079205
-0.002721203025430441
-0.002719270065426826
-0.002717338968068361
-0.002715409733355045
-0.002713482361286879
-0.002711556851863861
-0.002709633205085993
-0.002707711420953274
-0.002705791732296348
-0.002703874139115214
-0.002701958874240518
-0.002700045704841614
-0.002698134630918503
-0.002696225652471185
-0.00269431876949966
-0.002692414214834571
-0.002690511522814631
-0.002688611391931772
-0.00268671358935535
-0.002684817649424076
-0.002682923572137952
-0.002681031590327621
-0.002679141703993082
-0.002677253913134336
-0.002675367752090096
-0.002673483220860362
-0.002671600785106421
-0.002669719979166985
-0.002667841035872698
-0.00266596395522356
-0.002664088970050216
-0.002662216080352664
-0.002660345286130905
-0.002658477053046227
-0.002656611148267984
-0.002654747804626822
-0.002652887254953384
-0.002651029033586383
-0.002649173373356462
-0.002647320507094264
-0.002645470201969147
-0.002643622225150466
-0.002641776576638222
-0.002639933256432414
-0.002638091798871756
-0.002636252203956246
-0.00263441470451653
-0.002632579300552607
-0.002630745759233832
-0.002628914080560207
-0.002627084264531732
-0.002625255845487118
-0.002623429289087653
-0.00262160412967205
-0.002619780600070953
-0.002617958933115005
-0.002616138430312276
-0.002614320255815983
-0.002612503478303552
-0.002610689029097557
-0.002608876442536712
-0.002607065951451659
-0.002605257788673043
-0.002603451954200864
-0.002601648215204477
-0.002599846804514527
-0.00259804748930037
-0.002596250269562006
-0.002594454679638147
-0.002592660952359438
-0.002590868854895234
-0.002589078387245536
-0.002587289083749056
-0.002585501875728369
-0.002583716064691544
-0.002581932116299868
-0.002580150263383985
-0.002578370040282607
-0.002576591214165092
-0.002574814250692725
-0.002573039615526795
-0.002571267075836658
-0.002569496398791671
-0.002567727817222476
-0.00256596109829843
-0.002564196940511465
-0.002562434645369649
-0.002560674445703626
-0.002558916807174683
-0.002557161496952176
-0.002555408515036106
-0.002553657861426473
-0.002551909536123276
-0.002550163539126515
-0.002548420103266835
-0.002546678995713592
-0.002544940216466784
-0.002543203067034483
-0.002541468013077974
-0.002539734356105328
-0.002538002328947186
-0.002536272164434195
-0.002534542931243777
-0.002532815327867866
-0.002531089121475816
-0.002529363846406341
-0.002527639735490084
-0.002525917021557689
-0.002524195704609156
-0.002522475784644485
-0.002520757261663675
-0.002519041066989303
-0.002517326734960079
-0.002515614731237292
-0.002513904822990298
-0.002512197243049741
-0.002510491758584976
-0.002508788369596004
-0.002507087076082826
-0.002505387645214796
-0.002503690076991916
-0.002501994138583541
-0.002500299829989672
-0.002498607151210308
-0.002496915869414806
-0.002495225751772523
-0.002493537031114101
-0.002491849474608898
-0.0024901635479182
-0.002488479716703296
-0.002486797515302896
-0.002485117642208934
-0.002483439864590764
-0.002481764182448387
-0.00248009106144309
-0.002478420734405518
-0.002476752735674381
-0.002475087530910969
-0.002473424421623349
-0.002471763640642166
-0.002470104256644845
-0.002468446735292673
-0.002466790843755007
-0.002465136349201202
-0.002463483018800616
-0.002461831085383892
-0.00246018054895103
-0.002458531409502029
-0.002456883667036891
-0.002455237321555614
-0.0024535923730582
-0.002451948821544647
-0.0024503068998456
-0.002448666142299771
-0.002447027014568448
-0.00244538951665163
-0.002443753415718675
-0.002442118711769581
-0.002440485870465636
-0.002438854891806841
-0.002437225310131907
-0.00243559735827148
-0.002433971036225557
-0.002432347042486072
-0.002430724678561091
-0.002429104642942548
-0.002427486935630441
-0.002425870858132839
-0.002424256643280387
-0.00242264405824244
-0.002421033335849643
-0.002419424243271351
-0.002417816780507565
-0.002416210249066353
-0.002414605347439647
-0.002413001842796803
-0.002411399269476533
-0.002409798325970769
-0.002408198546618223
-0.002406599698588252
-0.002405002480372787
-0.002403406193479896
-0.002401810605078936
-0.00240021594800055
-0.002398621989414096
-0.002397028729319572
-0.002395435934886336
-0.002393843606114388
-0.002392251044511795
-0.002390658250078559
-0.002389064757153392
-0.002387470100075006
-0.00238587474450469
-0.002384277991950512
-0.002382680075243115
-0.002381080063059926
-0.002379477955400944
-0.002377873519435525
-0.002376266522333026
-0.002374656265601516
-0.002373042050749063
-0.002371423412114382
-0.002369800349697471
-0.002368171932175756
-0.002366537926718593
-0.002364897169172764
-0.002363248728215694
-0.00236159167252481
-0.002359925303608179
-0.002358247991651297
-0.002356559736654162
-0.002354858908802271
-0.002353144343942404
-0.002351414645090699
-0.002349667716771364
-0.002347902162000537
-0.002346116583794355
-0.002344308421015739
-0.00234247581101954
-0.002340616658329964
-0.002338728401809931
-0.002336808945983648
-0.002334855496883392
-0.002332865260541439
-0.002330835442990065
-0.002328763250261545
-0.00232664542272687
-0.002324479399248958
-0.002322261920198798
-0.002319989260286093
-0.002317657927051187
-0.002315264660865068
-0.00231280573643744
-0.002310276729986072
-0.002307674149051309
-0.002304993569850922
-0.002302230568602681
-0.002299380954355001
-0.002296440070495009
-0.002293403260409832
-0.002290266333147883
-0.002287024632096291
-0.002283674431964755
-0.002280211076140404
-0.002276630839332938
-0.002272929763421416
-0.00226910412311554
-0.002265150425955653
-0.002261065877974033
-0.002256846986711025
-0.002252490725368261
-0.002247995231300592
-0.002243357943370938
-0.002238577697426081
-0.002233652397990227
-0.002228582045063376
-0.00222336663864553
-0.002218007110059261
-0.002212504390627146
-0.00220686080865562
-0.002201079623773694
-0.002195163862779737
-0.002189118647947907
-0.002182949800044298
-0.002176662441343069
-0.002170264255255461
-0.002163762925192714
-0.002157167764380574
-0.002150488784536719
-0.002143736695870757
-0.002136923372745514
-0.002130061388015747
-0.002123163780197501
-0.00211624545045197
-0.002109321532770991
-0.002102407859638333
-0.00209552189335227
-0.002088680630549788
-0.002081902464851737
-0.00207520485855639
-0.00206860713660717
-0.00206212792545557
-0.002055786550045013
-0.002049602102488279
-0.002043593674898148
-0.002037780359387398
-0.002032181015238166
-0.002026813803240657
-0.002021696418523788
-0.002016846090555191
-0.002012278884649277
-0.002008010633289814
-0.002004055539146066
-0.002000427106395364
-0.001997137209400535
-0.001994196092709899
-0.001991612138226628
-0.001989393262192607
-0.001987545052543283
-0.001986071933060884
-0.001984975300729275
-0.001984256319701672
-0.001983913825824857
-0.001983945025131106
-0.001984345726668835
-0.00198511010967195
-0.001986231189221144
-0.001987699884921312
-0.001989507349207997
-0.001991642639040947
-0.001994094345718622
-0.001996849430724978
-0.001999895321205258
-0.002003218047320843
-0.002006803872063756
-0.002010638359934092
-0.00201470754109323
-0.002018996514379978
-0.002023491775617003
-0.002028179820626974
-0.002033047843724489
-0.002038083970546722
-0.002043277258053422
-0.002048616763204336
-0.002054093405604362
-0.002059698104858398
-0.002065423410385847
-0.002071262570098042
-0.002077209763228893
-0.002083259169012308
-0.002089406363666058
-0.0020956473890692
-0.002101978054270148
-0.002108394633978605
-0.002114893402904272
-0.002121470170095563
-0.002128120278939605
-0.002134838839992881
-0.002141619566828012
-0.002148456173017621
-0.002155340276658535
-0.002162262331694365
-0.002169211627915502
-0.002176175126805902
-0.002183138392865658
-0.002190084662288427
-0.002196995774284005
-0.00220385123975575
-0.002210629871115088
-0.002217307221144438
-0.002223857678472996
-0.002230255398899317
-0.002236472442746162
-0.002242480637505651
-0.002248251345008612
-0.002253756392747164
-0.002258967142552137
-0.002263857051730156
-0.00226840004324913
-0.002272572834044695
-0.002276354236528277
-0.002279725857079029
-0.002282672794535756
-0.002285183174535632
-0.002287249080836773
-0.002288867952302098
-0.002290041651576757
-0.002290776697918773
-0.002291084732860327
-0.002290982287377119
-0.002290491014719009
-0.002289637690410018
-0.002288453513756394
-0.002286974107846618
-0.002285239286720753
-0.002283292356878519
-0.002281179185956717
-0.002278948901221156
-0.002276651095598936
-0.002274336759001017
-0.002272057114169002
-0.00226986245252192
-0.002267802134156227
-0.002265922492370009
-0.002264267299324274
-0.002262876601889729
-0.002261785790324211
-0.002261025132611394
-0.002260618843138218
-0.002260586014017463
-0.002260938752442598
-0.002261682180687785
-0.002262814901769161
-0.002264328300952911
-0.002266207709908485
-0.002268431475386024
-0.002270971657708287
-0.002273795427754521
-0.002276865066960454
-0.002280137967318296
-0.002283568261191249
-0.002287107985466719
-0.002290706848725677
-0.002294314093887806
-0.002297878731042147
-0.002301352098584175
-0.002304686931893229
-0.002307838760316372
-0.002310767536982894
-0.00231343787163496
-0.002315819496288896
-0.002317888662219048
-0.002319627674296498
-0.002321025589480996
-0.002322078216820955
-0.002322789048776031
-0.002323167165741324
-0.002323228633031249
-0.002322995336726308
-0.002322495216503739
-0.002321760635823011
-0.002320827916264534
-0.002319736173376441
-0.002318527549505234
-0.002317245118319988
-0.00231593195348978
-0.002314630895853043
-0.002313383389264345
-0.002312228316441178
-0.002311201533302665
-0.00231033400632441
-0.002309653209522367
-0.002309181494638324
-0.002308934926986694
-0.002308923983946443
-0.002309153089299798
-0.002309621311724186
-0.00231032189913094
-0.002311242278665304
-0.002312365686520934
-0.002313669538125396
-0.002315128454938531
-0.002316713333129883
-0.002318392507731915
-0.002320133615285158
-0.00232190266251564
-0.002323666587471962
-0.002325392793864012
-0.002327050315216184
-0.002328610513359308
-0.002330048009753227
-0.002331341616809368
-0.002332473872229457
-0.002333431970328093
-0.002334207762032747
-0.002334798220545053
-0.002335204510018229
-0.00233543268404901
-0.00233549322001636
-0.00233540078625083
-0.002335172845050693
-0.002334830118343234
-0.002334394725039601
-0.002333892043679953
-0.002333346987143159
-0.002332784701138735
-0.002332230331376195
-0.002331707160919905
-0.002331237308681011
-0.002330840099602938
-0.002330532064661384
-0.002330326708033681
-0.002330233808606863
-0.002330260584130883
-0.002330409130081534
-0.002330678747966886
-0.00233106454834342
-0.002331558847799897
-0.002332150703296065
-0.002332826843485236
-0.002333571668714285
-0.002334367949515581
-0.002335197757929564
-0.00233604246750474
-0.002336883684620261
-0.002337703015655279
-0.002338483929634094
-0.002339211525395513
-0.00233987276442349
-0.002340456703677773
-0.002340954961255193
-0.002341362182050943
-0.002341675804927945
-0.002341896528378129
-0.002342026913538575
-0.002342072548344731
-0.002342041814699769
-0.002341944025829434
-0.00234179082326591
-0.002341595012694597
-0.002341369865462184
-0.00234112935140729
-0.002340887207537889
-0.002340656705200672
-0.002340450417250395
-0.002340278821066022
-0.002340150997042656
-0.002340074861422181
-0.002340055769309402
-0.002340096514672041
-0.00234019779600203
-0.002340358449146152
-0.002340575680136681
-0.002340843435376883
-0.002341155428439379
-0.002341503743082285
-0.002341878367587924
-0.002342270221561193
-0.002342668827623129
-0.002343064174056053
-0.002343446249142289
-0.002343806438148022
-0.002344136824831367
-0.002344430889934301
-0.002344683045521379
-0.002344888867810369
-0.002345046726986766
-0.002345156157389283
-0.002345217624679208
-0.002345234388485551
-0.002345210406929255
-0.002345150802284479
-0.002345062093809247
-0.002344951499253511
-0.002344826003536582
-0.002344693755730987
-0.002344562672078609
-0.002344439504668117
-0.00234433077275753
-0.002344242762774229
-0.002344180131331086
-0.002344146138057113
-0.002344142645597458
-0.002344171283766627
-0.002344231121242046
-0.002344320528209209
-0.002344436245039105
-0.002344574080780149
-0.002344729378819466
-0.002344896318390965
-0.0023450693115592
-0.002345242304727435
-0.002345409709960222
-0.002345565939322114
-0.002345706336200237
-0.00234582694247365
-0.002345924498513341
-0.002345996908843517
-0.002346043242141604
-0.002346062799915671
-0.002346056280657649
-0.00234602577984333
-0.002345974091440439
-0.002345904475077987
-0.002345820423215628
-0.002345725893974304
-0.002345625543966889
-0.002345523564144969
-0.002345424145460129
-0.002345330780372024
-0.002345247194170952
-0.002345176413655281
-0.00234512030147016
-0.002345080021768808
-0.002345056040212512
-0.002345048123970628
-0.002345055807381868
-0.002345076994970441
-0.002345109824091196
-0.002345150802284479
-0.002345197601243854
-0.002345246495679021
-0.00234529422596097
-0.002345337765291333
-0.002345374086871743
-0.002345400396734476
-0.00234541529789567
-0.002345417393371463
-0.00234540575183928
-0.002345380606129766
-0.002345342189073563
-0.002345291431993246
-0.002345230430364609
-0.002345161279663444
-0.002345086541026831
-0.002345009008422494
-0.002344931475818157
-0.002344856737181544
-0.002344787353649735
-0.002344726119190454
-0.002344674663618207
-0.002344635082408786
-0.002344608539715409
-0.002344596432521939
-0.002344598760828376
-0.002344615291804075
-0.002344646025449038
-0.002344690030440688
-0.00234474684111774
-0.002344814827665687
-0.002344892825931311
-0.002344980137422681
-0.002345075597986579
-0.002345179207623005
-0.002345291199162602
-0.002345411106944084
-0.002345540095120668
-0.002345679327845573
-0.002345830434933305
-0.002345995511859655
-0.002346176654100418
-0.002346376655623317
-0.002346598543226719
-0.002346845343708992
-0.002347120316699147
-0.002347426488995552
-0.002347767120227218
-0.002348146168515086
-0.002348566194996238
-0.00234903022646904
-0.002349541056901217
-0.002350101713091135
-0.002350714523345232
-0.002351382747292519
-0.002352108247578144
-0.002352893818169832
-0.002353741554543376
-0.002354653319343925
-0.002355631673708558
-0.00235667871311307
-0.002357796765863895
-0.002358988393098116
-0.002360256388783455
-0.002361602615565062
-0.002363030100241303
-0.002364541636779904
-0.002366140019148588
-0.002367828041315079
-0.0023696084972471
-0.002371484646573663
-0.002373459050431848
-0.002375534269958735
-0.002377712866291404
-0.002379996934905648
-0.002382388105615973
-0.002384887775406241
-0.002387497341260314
-0.002390216803178191
-0.002393046859651804
-0.002395985880866647
-0.002399032702669501
-0.002402184996753931
-0.002405439969152212
-0.002408794360235333
-0.002412243979051709
-0.002415784168988466
-0.002419409109279513
-0.002423112513497472
-0.002426887862384319
-0.002430728171020746
-0.002434625755995512
-0.002438572002574801
-0.002442558528855443
-0.002446575555950403
-0.002450613072142005
-0.002454660600051284
-0.002458706265315413
-0.002462739124894142
-0.002466745907440782
-0.002470714738592505
-0.002474631415680051
-0.002478482201695442
-0.002482252195477486
-0.002485927427187562
-0.002489492762833834
-0.002492933068424463
-0.002496232744306326
-0.002499376190826297
-0.002502348273992538
-0.002505133161321282
-0.002507715951651335
-0.002510081743821502
-0.002512215869501233
-0.002514104591682553
-0.002515734639018774
-0.002517093205824494
-0.002518168883398175
-0.002518950030207634
-0.002519426867365837
-0.002519590547308326
-0.002519433386623859
-0.002518948400393128
-0.002518130466341972
-0.002516975160688162
-0.002515479456633329
-0.002513641957193613
-0.002511462429538369
-0.002508942037820816
-0.002506082411855459
-0.002502887276932597
-0.00249936175532639
-0.002495512133464217
-0.002491345861926675
-0.002486870856955647
-0.002482097595930099
-0.002477036556228995
-0.002471699612215161
-0.002466100035235286
-0.002460250863805413
-0.002454166766256094
-0.002447862178087234
-0.00244135269895196
-0.002434654161334038
-0.002427782397717237
-0.002420754171907902
-0.00241358601488173
-0.002406293991953135
-0.002398895332589746
-0.002391406334936619
-0.002383843529969454
-0.002376223681494594
-0.002368562621995807
-0.002360875951126218
-0.002353179268538952
-0.002345486776903272
-0.002337813377380371
-0.002330173039808869
-0.002322579035535455
-0.002315044635906816
-0.002307582413777709
-0.002300204942002892
-0.002292924094945192
-0.002285751281306148
-0.002278697676956654
-0.002271774923428893
-0.002264993265271187
-0.00225836387835443
-0.002251897472888231
-0.002245604293420911
-0.002239494817331433
-0.002233578590676188
-0.002227866090834141
-0.002222366631031036
-0.002217089291661978
-0.002212042920291424
-0.002207235665991902
-0.002202675910666585
-0.002198370406404138
-0.002194325206801295
-0.002190545666962862
-0.002187036210671067
-0.002183799631893635
-0.002180837793275714
-0.002178150694817305
-0.002175737172365189
-0.002173594199120998
-0.002171716652810574
-0.002170096850022674
-0.00216872594319284
-0.002167592523619533
-0.002166683087125421
-0.002165982034057379
-0.002165471203625202
-0.002165131270885468
-0.002164940116927028
-0.00216487399302423
-0.00216490775346756
-0.002165015088394284
-0.002165167825296521
-0.002165338024497032
-0.002165496116504073
-0.002165612997487187
-0.002165660029277205
-0.002165609039366245
-0.002165432786568999
-0.002165105426684022
-0.002164602978155017
-0.002163903554901481
-0.002162988297641277
-0.002161840908229351
-0.002160448115319014
-0.002158800140023232
-0.00215689092874527
-0.002154718851670623
-0.002152286004275084
-0.002149598672986031
-0.002146667335182428
-0.002143506426364183
-0.002140134107321501
-0.002136572264134884
-0.002132846275344491
-0.002128984779119492
-0.002125018276274204
-0.002120979130268097
-0.002116902498528361
-0.002112822374328971
-0.002108774846419692
-0.002104794606566429
-0.002100915182381868
-0.002097169170156121
-0.002093585906550288
-0.002090192632749677
-0.002087013097479939
-0.002084066858515143
-0.002081369981169701
-0.00207893387414515
-0.002076764823868871
-0.002074863994494081
-0.002073228592053056
-0.002071850467473269
-0.002070716116577387
-0.00206980830989778
-0.002069105627015233
-0.00206858292222023
-0.002068211790174246
-0.002067961264401674
-0.002067797817289829
-0.002067688154056668
-0.002067597350105643
-0.002067491179332137
-0.002067336114123464
-0.002067100023850799
-0.002066753106191754
-0.002066268585622311
-0.002065623179078102
-0.002064798260107636
-0.002063778229057789
-0.002062553074210882
-0.002061117440462112
-0.002059470396488905
-0.002057616598904133
-0.002055565128102899
-0.002053329721093178
-0.002050927840173244
-0.002048380440101027
-0.002045712433755398
-0.002042950829491019
-0.002040124731138349
-0.002037263941019773
-0.002034398959949613
-0.002031559124588966
-0.002028773771598935
-0.002026069909334183
-0.002023472683504224
-0.002021003514528275
-0.002018681028857827
-0.002016519894823432
-0.002014530124142766
-0.002012717770412564
-0.002011084230616689
-0.002009626943618059
-0.002008338226005435
-0.002007206901907921
-0.002006217604503036
-0.002005352638661861
-0.002004591515287757
-0.002003911184147
-0.002003287896513939
-0.002002696273848414
-0.0020021116361022
-0.002001509536057711
-0.002000866690650582
-0.002000162610784173
-0.001999377738684416
-0.001998495776206255
-0.001997504150494933
-0.001996393315494061
-0.001995157217606902
-0.001993793761357665
-0.001992304343730211
-0.001990694319829345
-0.001988972071558237
-0.001987149240449071
-0.001985239796340466
-0.00198326027020812
-0.001981228124350309
-0.001979162683710456
-0.00197708373889327
-0.001975011080503464
-0.001972963800653815
-0.001970959594473243
-0.001969014527276158
-0.001967142568901181
-0.001965355593711138
-0.001963662216439843
-0.001962068257853389
-0.001960576279088855
-0.001959186047315598
-0.001957894302904606
-0.001956694759428501
-0.001955578802153468
-0.001954535720869899
-0.001953552477061749
-0.001952615450136364
-0.001951709622517228
-0.001950819976627827
-0.001949931611306965
-0.001949029974639416
-0.001948101911693811
-0.001947135198861361
-0.001946119591593742
-0.001945046940818429
-0.001943911192938685
-0.001942708739079535
-0.001941438298672438
-0.001940101035870612
-0.001938700093887746
-0.001937240944243968
-0.001935730688273907
-0.001934178173542023
-0.001932593062520027
-0.001930986065417528
-0.001929368474520743
-0.001927751116454601
-0.001926145050674677
-0.001924560056068003
-0.001923005795106292
-0.001921489951200783
-0.0019200190436095
-0.001918597845360637
-0.001917229266837239
-0.00191591470502317
-0.001914653461426497
-0.001913443091325462
-0.001912279753014445
-0.001911158091388643
-0.001910071587190032
-0.001909013139083982
-0.001907974714413285
-0.001906947931274772
-0.001905924757011235
-0.001904897158965468
-0.001903857453726232
-0.001902799238450825
-0.001901716692373157
-0.001900605740956962
-0.001899462891742587
-0.001898286282084882
-0.001897075679153204
-0.001895832130685449
-0.001894557615742087
-0.001893255510367453
-0.001891930238343775
-0.001890587038360536
-0.001889231498353183
-0.001887869788333774
-0.001886507729068398
-0.001885151374153793
-0.001883806427940726
-0.001882477896288037
-0.001881169970147312
-0.001879885792732239
-0.001878628041595221
-0.001877398113720119
-0.001876196125522256
-0.001875021727755666
-0.001873873290605843
-0.001872748369351029
-0.001871643587946892
-0.001870555570349097
-0.001869480009190738
-0.001868412713520229
-0.001867349026724696
-0.001866284874267876
-0.001865216414444149
-0.001864139921963215
-0.001863052486442029
-0.001861951546743512
-0.001860835705883801
-0.001859703916125
-0.001858556061051786
-0.001857392955571413
-0.001856215531006455
-0.001855025766417384
-0.001853825873695314
-0.00185261876322329
-0.001851407345384359
-0.00185019476339221
-0.001848984276875854
-0.001847779029048979
-0.001846581813879311
-0.001845394726842642
-0.001844219979830086
-0.001843058736994863
-0.001841911813244224
-0.001840779790654778
-0.001839662436395884
-0.001838558935560286
-0.001837468123994768
-0.001836388371884823
-0.001835317700169981
-0.001834253896959126
-0.001833194633945823
-0.001832137699238956
-0.001831080648116767
-0.001830021501518786
-0.001828958280384541
-0.001827889704145491
-0.001826814492233098
-0.001825732062570751
-0.001824642065912485
-0.001823544618673623
-0.00182244018651545
-0.0018213294679299
-0.001820213976316154
-0.001819094875827432
-0.00181797391269356
-0.001816852833144367
-0.001815733150579035
-0.001814616611227393
-0.001813504612073302
-0.001812398666515946
-0.001811299822293222
-0.001810208894312382
-0.001809126581065357
-0.001808052766136825
-0.001806987333111465
-0.001805929699912667
-0.001804879168048501
-0.001803834573365748
-0.001802794635295868
-0.001801758306100965
-0.001800724188797176
-0.001799691352061927
-0.001798658398911357
-0.001797624165192246
-0.001796587952412665
-0.001795548945665359
-0.00179450714495033
-0.001793462201021612
-0.001792414230294526
-0.001791363698430359
-0.0017903110710904
-0.001789257046766579
-0.001788202207535505
-0.001787147484719753
-0.001786093460395932
-0.001785040949471295
-0.001783990999683738
-0.001782944076694548
-0.001781900646165013
-0.001780861290171742
-0.001779826357960701
-0.001778795616701245
-0.001777769415639341
-0.001776747405529022
-0.001775729469954967
-0.001774715026840568
-0.001773703726939857
-0.001772695104591548
-0.001771688461303711
-0.001770683098584414
-0.001769678550772369
-0.001768674585036933
-0.00176767073571682
-0.001766666420735419
-0.001765661407262087
-0.001764655811712146
-0.001763649517670274
-0.001762642292305827
-0.001761634484864771
-0.001760626444593072
-0.001759618404321373
-0.00175861082971096
-0.001757604186423123
-0.001756599056534469
-0.001755595905706286
-0.001754594966769218
-0.001753596472553909
-0.001752600888721645
-0.001751608098857105
-0.001750618102960289
-0.001749630784615874
-0.001748646143823862
-0.001747663714922965
-0.001746683148667216
-0.001745704212225974
-0.001744727022014558
-0.001743750995956361
-0.001742775901220739
-0.001741801621392369
-0.001740828156471252
-0.001739855157211423
-0.001738882740028203
-0.001737911021336913
