0
0
0
0
0
0
0
0
0
0
0
0
0
0
0
0
0
0
0
0
0
0
0
0
0
0
0
0
0
0
0
0
0
0
0
0
0
0
0
0
0
0
0
0
0
0
0
0
0
0
0
0
0
0
0
0
0
0
0
0
0
0
0
0
0
0
0
0
0
0
0
0
0
0
0
0
0
0
0
0
0
0
0
0
0
0
0
0
0
0
0
0
0
0
0
0
0
0
0
0
0
0
0
0
0
0
0
0
0
0
0
0
0
0
0
0
0
0
0
0
0
0
0
0
0
0
0
0
0
0
0
0
0
0
0
0
0
0
0
0
0
0
0
0
0
0
0
0
0
0
0
0
0
0
0
0
0
0
0
0
0
0
0
0
0
0
0
0
0
0
0
0
0
0
0
0
0
0
0
0
0
0
0
0
0
0
0
0
0
0
0
0
0
0
0
0
0
0
0
0
0
0
0
0
0
0
0
0
0
0
0
0
0
0
0
0
0
0
0
0
0
0
0
0
0
0
0
0
0
0
0
0
0
0
0
0
0
0
0
0
0
0
0
0
0
0
0
0
0
0
0
0
0
0
0
0
0
0
0
0
0
0
0
0
0
0
0
0
0
0
0
0
0
0
0
0
0
0
0
0
0
0
0
0
0
0
0
0
0
0
0
0
0
0
0
0
0
0
0
0
0
0
0
0
0
0
0
0
0
0
0
0
0
1.401298464324817e-44
1.050973848243613e-43
4.694349855488137e-43
1.905765911481751e-42
7.485736396423173e-42
2.881069642651824e-41
1.091191114169735e-40
4.068319766551025e-40
1.493707091554717e-39
5.402409153929895e-39
1.92524339961648e-38
6.761772360411328e-38
2.341044415118463e-37
7.991486311934657e-37
2.690332339385372e-36
8.933749891601248e-36
2.926830265936612e-35
9.461958679923538e-35
3.019018467797035e-34
9.508918186912076e-34
2.957017936617875e-33
9.080488883274746e-33
2.754036621056355e-32
8.250996445702802e-32
2.442239036714727e-31
7.143024018534403e-31
2.06468379292553e-30
5.898833777850061e-30
1.666026751635117e-29
4.652231234678735e-29
1.284585041403457e-28
3.507875800679787e-28
9.474604657693229e-28
2.531442896681566e-27
6.691419413527924e-27
1.75010193900281e-26
4.529539169421942e-26
1.160217669391869e-25
2.941493450031629e-25
7.382205217522213e-25
1.834171616044191e-24
4.512054030479863e-24
1.099088187036046e-23
2.651291136055075e-23
6.334181357666185e-23
1.498899207445575e-22
3.513523362981969e-22
8.159066416359414e-22
1.877168058431539e-21
4.279251281877947e-21
9.666529573522715e-21
2.163947618615195e-20
4.800988263883024e-20
1.055737595137848e-19
2.301206641352749e-19
4.972349649142408e-19
1.065137106932229e-18
2.262130939408474e-18
4.763524698178523e-18
9.946415904851018e-18
2.059496091161052e-17
4.229016468214518e-17
8.612497997039227e-17
1.739629649625982e-16
3.485366671499463e-16
6.926748510234786e-16
1.365602928826736e-15
2.670900923457229e-15
5.182663837883161e-15
9.977765209651275e-15
1.905991674439143e-14
3.612751712915065e-14
6.795260155349064e-14
1.268369361363125e-13
2.34951056006516e-13
4.319375803210623e-13
7.881261832390352e-13
1.427317465607647e-12
2.565746443430883e-12
4.578183318559859e-12
8.109164381653322e-12
1.425868537824337e-11
2.488970488045972e-11
4.313331289362843e-11
7.42119907193306e-11
1.267706217777942e-10
2.150111338972138e-10
3.620888588962146e-10
6.054732271110197e-10
1.005341143667238e-09
1.657614046024491e-09
2.714045654883535e-09
4.412924248242689e-09
7.125622758508143e-09
1.142660188691025e-08
1.81978396796012e-08
2.878333482669859e-08
4.521582752659015e-08
7.054677553242072e-08
1.093225776571671e-07
1.682661405766339e-07
2.572442383552698e-07
3.906285428456613e-07
5.891941441404924e-07
8.827456667859224e-07
1.31371541556291e-06
1.942052449521725e-06
2.851803628800553e-06
4.15988824897795e-06
6.027692961652065e-06
8.676234756421763e-06
1.240581605088664e-05
1.762120336934458e-05
2.486359335307498e-05
3.485070919850841e-05
4.852655547438189e-05
6.712244066875428e-05
9.223080996889621e-05
0.0001258935226360336
0.0001707057963358238
0.0002299368061358109
0.0003076671855524182
0.0004089431022293866
0.0005399450892582536
0.0007081680814735591
0.0009226091206073761
0.001193953910842538
0.001534753828309476
0.001959583256393671
0.002485158387571573
0.003130404744297266
0.003916454501450062
0.00486654881387949
0.006005828734487295
0.007360991090536118
0.008959795348346233
0.010830401442945
0.01300053484737873
0.01549647375941277
0.01834188401699066
0.02155650220811367
0.0251547209918499
0.02914412319660187
0.0335240438580513
0.03828421980142593
0.04340362548828125
0.04884960874915123
0.05457743257284164
0.06053026765584946
0.06663978844881058
0.07282736897468567
0.07900599390268326
0.08508278429508209
0.09096211940050125
0.09654929488897324
0.1017545759677887
0.1064972952008247
0.1107100322842598
0.1143423765897751
0.1173641830682755
0.1197679042816162
0.1215699315071106
0.1228106170892715
0.1235530227422714
0.1238802447915077
0.1238914281129837
0.1236967146396637
0.1234112158417702
0.1231486573815346
0.1230147182941437
0.1231009289622307
0.1234792247414589
0.1241977736353874
0.1252783685922623
0.1267156004905701
0.1284779012203217
0.1305104941129684
0.1327399909496307
0.1350803673267365
0.1374398171901703
0.1397278606891632
0.1418623626232147
0.1437756568193436
0.1454194486141205
0.1467679440975189
0.1478190571069717
0.148593544960022
0.1491322219371796
0.1494915932416916
0.1497381776571274
0.1499422490596771
0.1501713246107101
0.1504843682050705
0.1509269326925278
0.1515277624130249
0.1522972285747528
0.1532275229692459
0.1542946398258209
0.155461773276329
0.1566838622093201
0.1579126715660095
0.159101814031601
0.1602114140987396
0.161211684346199
0.1620853841304779
0.1628286242485046
0.1634502410888672
0.1639700382947922
0.164415717124939
0.1648193150758743
0.1652133911848068
0.1656274348497391
0.1660849303007126
0.1666011959314346
0.1671824157238007
0.167825847864151
0.1685208529233932
0.1692509353160858
0.1699961125850677
0.1707357168197632
0.1714507937431335
0.172126293182373
0.1727524846792221
0.1733256131410599
0.1738478243350983
0.1743263602256775
0.1747720986604691
0.1751979738473892
0.1756170988082886
0.1760412305593491
0.1764793395996094
0.1769368648529053
0.1774154007434845
0.1779128462076187
0.1784241795539856
0.178942397236824
0.1794596314430237
0.1799683272838593
0.1804621815681458
0.1809368282556534
0.1813902854919434
0.1818228960037231
0.1822370886802673
0.1826367527246475
0.1830266267061234
0.1834115087985992
0.183795690536499
0.184182345867157
0.1845733225345612
0.1849690079689026
0.1853684484958649
0.1857697367668152
0.1861702501773834
0.1865673065185547
0.1869584023952484
0.1873416602611542
0.1877159476280212
0.1880810409784317
0.1884375065565109
0.1887864917516708
0.1891295462846756
0.1894683241844177
0.1898043900728226
0.1901389509439468
0.1904727816581726
0.1908061355352402
0.1911388337612152
0.1914702653884888
0.1917996555566788
0.1921261101961136
0.1924488693475723
0.192767322063446
0.1930811405181885
0.1933902502059937
0.1936948895454407
0.193995475769043
0.1942925453186035
0.1945866644382477
0.1948783099651337
0.1951678693294525
0.1954555660486221
0.1957414746284485
0.196025475859642
0.196307435631752
0.196587085723877
0.1968641877174377
0.1971385329961777
0.1974100023508072
0.1976785361766815
0.197944164276123
0.1982070356607437
0.1984673291444778
0.1987251937389374
0.198980838060379
0.1992343962192535
0.1994859576225281
0.1997355967760086
0.1999833285808563
0.2002291083335876
0.2004729211330414
0.2007146775722504
0.2009543180465698
0.2011918276548386
0.2014272063970566
0.2016604542732239
0.2018916457891464
0.2021208554506302
0.2023481130599976
0.2025735229253769
0.2027971148490906
0.2030189335346222
0.2032390385866165
0.2034574151039124
0.2036740928888321
0.2038890570402145
0.2041023224592209
0.2043138891458511
0.2045237571001053
0.2047319114208221
0.2049383819103241
0.2051431983709335
0.2053463757038116
0.2055479884147644
0.2057480216026306
0.2059465199708939
0.2061435133218765
0.206339031457901
0.2065331041812897
0.206725686788559
0.2069168239831924
0.2071065306663513
0.2072948068380356
0.2074816673994064
0.2076671123504639
0.2078511714935303
0.2080338597297668
0.208215206861496
0.2083952128887177
0.2085739076137543
0.2087513357400894
0.2089274823665619
0.2091023474931717
0.20927594602108
0.2094482630491257
0.209619328379631
0.2097891867160797
0.2099578529596329
0.2101252973079681
0.2102915793657303
0.2104567140340805
0.2106206715106964
0.2107834815979004
0.2109451442956924
0.211105689406395
0.2112651467323303
0.2114234864711761
0.2115807384252548
0.2117369174957275
0.2118920385837555
0.2120461016893387
0.2121991217136383
0.2123510986566544
0.212502047419548
0.2126519978046417
0.2128009349107742
0.2129488885402679
0.2130958139896393
0.213241770863533
0.2133867740631104
0.2135308235883713
0.2136739045381546
0.2138160616159439
0.2139572650194168
0.2140975147485733
0.2142367959022522
0.2143751233816147
0.214512512087822
0.2146489769220352
0.2147844582796097
0.2149188816547394
0.2150522321462631
0.2151844501495361
0.2153154313564301
0.2154450565576553
0.2155731618404388
0.2156995534896851
0.2158239185810089
0.2159458994865417
0.2160650193691254
0.2161806374788284
0.2162919938564301
0.2163981199264526
0.2164977639913559
0.2165894508361816
0.2166713625192642
0.2167411744594574
0.2167961597442627
0.2168329656124115
0.2168475687503815
0.2168352007865906
0.2167903631925583
0.2167064994573593
0.2165760844945908
0.2163905203342438
0.2161400318145752
0.2158136814832687
0.2153992652893066
0.2148834764957428
0.2142518907785416
0.2134891897439957
0.2125792503356934
0.2115055918693542
0.2102514952421188
0.2088006734848022
0.20713771879673
0.2052486687898636
0.2031217217445374
0.2007480263710022
0.1981222927570343
0.1952436715364456
0.19211645424366
0.1887506991624832
0.1851627975702286
0.1813758015632629
0.1774196922779083
0.1733312904834747
0.1691537499427795
0.1649359613656998
0.1607314497232437
0.1565971076488495
0.152591347694397
0.1487722247838974
0.1451953053474426
0.1419112086296082
0.13896344602108
0.1363860815763474
0.13420170545578
0.1324198842048645
0.1310359835624695
0.1300306618213654
0.1293701678514481
0.1290071606636047
0.1288826018571854
0.1289281994104385
0.1290696114301682
0.1292300820350647
0.12933449447155
0.1293134987354279
0.1291074156761169
0.1286697387695312
0.1279700100421906
0.1269956082105637
0.1257525980472565
0.1242652088403702
0.1225742697715759
0.1207343488931656
0.1188098937273026
0.116870641708374
0.1149866357445717
0.1132230758666992
0.1116356402635574
0.1102663278579712
0.109140545129776
0.1082653254270554
0.1076291799545288
0.1072032600641251
0.1069441065192223
0.1067975088953972
0.1067032143473625
0.1066001802682877
0.1064317747950554
0.1061505600810051
0.105722077190876
0.1051275134086609
0.1043648049235344
0.1034481972455978
0.1024063527584076
0.1012790203094482
0.1001128181815147
0.09895651042461395
0.0978560745716095
0.09685030579566956
0.09596731513738632
0.09522207081317902
0.09461548924446106
0.09413494914770126
0.09375615417957306
0.09344619512557983
0.09316727519035339
0.09288090467453003
0.09255189448595047
0.09215180575847626
0.09166142344474792
0.09107213467359543
0.0903860330581665
0.08961469680070877
0.08877702057361603
0.0878961980342865
0.08699639886617661
0.08609942346811295
0.08522176742553711
0.08437243103981018
0.08355166763067245
0.08275078982114792
0.08195291459560394
0.08113471418619156
0.08026856929063797
0.07932518422603607
0.07827607542276382
0.07709571719169617
0.07576309144496918
0.07426256686449051
0.07258391380310059
0.07072166353464127
0.06867381930351257
0.06644027680158615
0.06402115523815155
0.06141524761915207
0.05861890688538551
0.05562542006373405
0.05242509394884109
0.04900586232542992
0.04535441473126411
0.04145776480436325
0.03730492666363716
0.03288861364126205
0.02820669114589691
0.02326325140893459
0.01806928031146526
0.01264279615134001
0.007008558604866266
0.00119737209752202
-0.004754845052957535
-0.01080814097076654
-0.01691960543394089
-0.02304436080157757
-0.0291364137083292
-0.03514930605888367
-0.04103666916489601
-0.04675261303782463
-0.0522521547973156
-0.05749167129397392
-0.06242946535348892
-0.06702651828527451
-0.07124738395214081
-0.07506132125854492
-0.07844343781471252
-0.08137588202953339
-0.08384900540113449
-0.08586227148771286
-0.08742492645978928
-0.08855629712343216
-0.089285708963871
-0.08965198695659637
-0.08970247954130173
-0.08949178457260132
-0.0890800952911377
-0.08853137493133545
-0.08791132271289825
-0.08728528767824173
-0.08671622723340988
-0.08626271039247513
-0.08597706258296967
-0.08590377122163773
-0.08607811480760574
-0.08652511239051819
-0.08725875616073608
-0.08828170597553253
-0.08958523720502853
-0.09114975482225418
-0.09294556081295013
-0.0949341207742691
-0.0970696359872818
-0.09930098056793213
-0.1015738621354103
-0.1038331091403961
-0.1060250923037529
-0.1081000342965126
-0.1100142076611519
-0.1117317825555801
-0.1132263541221619
-0.1144820228219032
-0.115493930876255
-0.1162682101130486
-0.1168214678764343
-0.1171797215938568
-0.1173768192529678
-0.1174525916576385
-0.1174506023526192
-0.1174159049987793
-0.1173926293849945
-0.1174217388033867
-0.1175390109419823
-0.1177733168005943
-0.1181453615427017
-0.1186668425798416
-0.1193401664495468
-0.1201587095856667
-0.1211075335741043
-0.1221645548939705
-0.1233021393418312
-0.1244888752698898
-0.1256916522979736
-0.1268776059150696
-0.1280161589384079
-0.129080668091774
-0.130050003528595
-0.1309094727039337
-0.1316515654325485
-0.1322760581970215
-0.1327896863222122
-0.1332053691148758
-0.1335411369800568
-0.1338187009096146
-0.1340618878602982
-0.1342948973178864
-0.1345407664775848
-0.1348198652267456
-0.1351486891508102
-0.1355389356613159
-0.1359969526529312
-0.1365236341953278
-0.1371146589517593
-0.1377611309289932
-0.138450413942337
-0.1391672939062119
-0.1398952156305313
-0.1406175643205643
-0.1413188427686691
-0.1419858336448669
-0.1426083296537399
-0.1431797593832016
-0.1436975002288818
-0.1441627442836761
-0.144580215215683
-0.1449576318264008
-0.1453048437833786
-0.1456330269575119
-0.1459536701440811
-0.1462777107954025
-0.1466146856546402
-0.1469720900058746
-0.1473549157381058
-0.1477654874324799
-0.1482034027576447
-0.1486657559871674
-0.1491475850343704
-0.1496424078941345
-0.1501429080963135
-0.1506415456533432
-0.1511312276124954
-0.1516058593988419
-0.1520608365535736
-0.1524932682514191
-0.1529021114110947
-0.1532881408929825
-0.1536537557840347
-0.1540026068687439
-0.1543392241001129
-0.1546685099601746
-0.1549953818321228
-0.1553242057561874
-0.1556585282087326
-0.1560007929801941
-0.1563522070646286
-0.156712681055069
-0.1570809781551361
-0.1574548929929733
-0.1578313708305359
-0.1582070291042328
-0.1585782468318939
-0.1589415669441223
-0.1592938601970673
-0.1596325188875198
-0.1599555164575577
-0.160261407494545
-0.1605492681264877
-0.1608185172080994
-0.1610686779022217
-0.1612991392612457
-0.1615089625120163
-0.1616965234279633
-0.1618593484163284
-0.1619939208030701
-0.1620956212282181
-0.1621585190296173
-0.1621755808591843
-0.1621385365724564
-0.1620380431413651
-0.1618639230728149
-0.161605179309845
-0.1612503826618195
-0.1607877314090729
-0.1602052301168442
-0.159491091966629
-0.158633828163147
-0.1576225310564041
-0.1564471423625946
-0.1550986915826797
-0.1535697281360626
-0.1518545746803284
-0.1499498337507248
-0.1478546410799026
-0.1455711871385574
-0.143105149269104
-0.1404659897089005
-0.1376673728227615
-0.1347273290157318
-0.1316684633493423
-0.1285178065299988
-0.125306710600853
-0.1220703795552254
-0.1188472136855125
-0.1156779825687408
-0.1126047670841217
-0.1096696779131889
-0.1069134697318077
-0.1043739840388298
-0.1020846664905548
-0.1000729650259018
-0.09835895150899887
-0.09695408493280411
-0.09586023539304733
-0.09506911784410477
-0.09456205368041992
-0.09431026875972748
-0.09427563846111298
-0.09441201388835907
-0.09466690570116043
-0.09498365968465805
-0.095303975045681
-0.09557058662176132
-0.09573010355234146
-0.09573572874069214
-0.09554979205131531
-0.09514583647251129
-0.09451022744178772
-0.09364302456378937
-0.09255816042423248
-0.09128275513648987
-0.08985558897256851
-0.08832485228776932
-0.08674522489309311
-0.08517444133758545
-0.08366959542036057
-0.08228340744972229
-0.08106068521738052
-0.08003527671098709
-0.07922770828008652
-0.07864378392696381
-0.07827416807413101
-0.07809512317180634
-0.078070268034935
-0.0781533345580101
-0.07829174399375916
-0.07843062281608582
-0.07851706445217133
-0.07850424200296402
-0.07835505157709122
-0.07804495841264725
-0.0775638148188591
-0.07691644877195358
-0.07612203061580658
-0.07521217316389084
-0.07422797381877899
-0.0732162669301033
-0.07222534716129303
-0.07130067050457001
-0.0704808235168457
-0.06979408860206604
-0.06925616413354874
-0.06886894255876541
-0.0686207115650177
-0.06848756968975067
-0.06843607872724533
-0.06842676550149918
-0.06841813027858734
-0.06837074458599091
-0.06825117766857147
-0.06803509593009949
-0.06770943850278854
-0.06727336347103119
-0.06673789024353027
-0.06612434238195419
-0.06546168774366379
-0.06478320062160492
-0.06412272900342941
-0.06351102143526077
-0.0629725307226181
-0.06252294778823853
-0.06216783821582794
-0.06190245971083641
-0.06171273812651634
-0.06157724186778069
-0.06146995723247528
-0.06136344373226166
-0.06123209372162819
-0.06105497851967812
-0.06081806495785713
-0.06051553413271904
-0.06015003100037575
-0.05973192676901817
-0.05927765369415283
-0.05880741029977798
-0.05834247916936874
-0.05790256708860397
-0.05750346556305885
-0.0571552962064743
-0.05686157196760178
-0.05661912262439728
-0.05641890317201614
-0.05624745786190033
-0.05608890578150749
-0.05592713505029678
-0.0557478591799736
-0.05554039031267166
-0.05529876425862312
-0.0550222285091877
-0.05471501126885414
-0.05438540130853653
-0.05404439568519592
-0.05370403081178665
-0.05337566509842873
-0.05306852608919144
-0.05278855934739113
-0.05253787338733673
-0.05231470614671707
-0.05211395025253296
-0.0519280880689621
-0.05174843594431877
-0.05156642198562622
-0.05137478187680244
-0.05116846784949303
-0.0509452112019062
-0.05070560798048973
-0.05045280605554581
-0.05019186064600945
-0.04992883279919624
-0.04966983571648598
-0.04942013323307037
-0.04918345808982849
-0.04896156489849091
-0.04875415563583374
-0.04855907708406448
-0.04837281256914139
-0.04819110035896301
-0.04800964891910553
-0.04782477021217346
-0.04763386771082878
-0.04743574932217598
-0.04723066464066505
-0.04702012985944748
-0.04680657759308815
-0.04659289866685867
-0.04638196527957916
-0.04617617279291153
-0.04597712308168411
-0.04578543454408646
-0.04560075700283051
-0.04542190954089165
-0.04524714127182961
-0.045074462890625
-0.04490197077393532
-0.04472815990447998
-0.04455208033323288
-0.04437347501516342
-0.04419270902872086
-0.04401066899299622
-0.04382855445146561
-0.0436476469039917
-0.04346909746527672
-0.04329376667737961
-0.04312208667397499
-0.04295404627919197
-0.04278925806283951
-0.04262703657150269
-0.04246654361486435
-0.04230694845318794
-0.04214754700660706
-0.04198787733912468
-0.04182777181267738
-0.04166731983423233
-0.04150684922933578
-0.04134683683514595
-0.04118779301643372
-0.04103020206093788
-0.0408744141459465
-0.0407206192612648
-0.04056882485747337
-0.04041886702179909
-0.04027047008275986
-0.04012329503893852
-0.03997701033949852
-0.03983133658766747
-0.03968608751893044
-0.03954119980335236
-0.03939671441912651
-0.03925276920199394
-0.03910953924059868
-0.03896722570061684
-0.03882600367069244
-0.03868598490953445
-0.03854722157120705
-0.03840969130396843
-0.03827333077788353
-0.0381380133330822
-0.03800360858440399
-0.03786998987197876
-0.03773706778883934
-0.03760477527976036
-0.03747308999300003
-0.03734204173088074
-0.03721169009804726
-0.03708208352327347
-0.03695329651236534
-0.03682538494467735
-0.03669837489724159
-0.03657227009534836
-0.03644705563783646
-0.0363226905465126
-0.03619912639260292
-0.03607631474733353
-0.03595420718193054
-0.03583277389407158
-0.03571199253201485
-0.03559186309576035
-0.03547239303588867
-0.03535359725356102
-0.03523550182580948
-0.03511812165379524
-0.03500146418809891
-0.03488554060459137
-0.03477032855153084
-0.03465582430362701
-0.03454200923442841
-0.03442886471748352
-0.03431636840105057
-0.03420450165867805
-0.03409326076507568
-0.03398263454437256
-0.03387262299656868
-0.03376322984695435
-0.03365445137023926
-0.03354629501700401
-0.03343875333666801
-0.03333183005452156
-0.03322552517056465
-0.03311982750892639
-0.03301471844315529
-0.03291019797325134
-0.03280625119805336
-0.03270287811756134
-0.03260006383061409
-0.03249781206250191
-0.03239612281322479
-0.03229498863220215
-0.03219440579414368
-0.03209437429904938
-0.03199489414691925
-0.031895961612463
-0.03179756551980972
-0.03169970586895943
-0.03160237893462181
-0.03150557354092598
-0.03140928223729134
-0.03131350129842758
-0.03121822699904442
-0.03112345561385155
-0.03102918155491352
-0.03093540482223034
-0.0308421216905117
-0.03074932843446732
-0.03065702132880688
-0.03056520223617554
-0.03047386184334755
-0.03038299828767776
-0.03029261156916618
-0.03020269423723221
-0.03011324442923069
-0.03002426028251648
-0.02993573248386383
-0.02984765730798244
-0.02976003289222717
-0.02967285178601742
-0.02958611398935318
-0.02949981205165386
-0.02941394597291946
-0.02932851575314999
-0.02924351580440998
-0.0291589442640543
-0.02907479554414749
-0.02899107150733471
-0.02890776470303535
-0.02882487699389458
-0.02874239720404148
-0.02866032533347607
-0.02857865765690804
-0.02849739044904709
-0.02841652370989323
-0.02833605371415615
-0.02825597859919071
-0.02817629463970661
-0.0280969999730587
-0.02801808901131153
-0.0279395617544651
-0.02786141447722912
-0.02778364531695843
-0.02770625054836273
-0.02762923017144203
-0.02755257487297058
-0.02747628837823868
-0.02740036882460117
-0.02732481062412262
-0.02724961191415787
-0.02717476896941662
-0.02710028178989887
-0.02702614478766918
-0.02695235796272755
-0.02687891945242882
-0.02680581994354725
-0.02673305943608284
-0.02666063979268074
-0.0265885554254055
-0.02651680447161198
-0.02644538320600986
-0.02637429349124432
-0.02630353532731533
-0.02623310312628746
-0.02616299688816071
-0.02609321661293507
-0.02602375671267509
-0.02595461532473564
-0.02588578499853611
-0.0258172694593668
-0.02574906125664711
-0.0256811585277319
-0.02561355940997601
-0.02554626390337944
-0.0254792682826519
-0.02541257068514824
-0.0253461729735136
-0.02528007514774799
-0.02521427720785141
-0.02514877542853355
-0.02508356794714928
-0.02501865290105343
-0.02495402842760086
-0.02488969266414642
-0.02482564002275467
-0.0247618705034256
-0.02469837851822376
-0.02463516220450401
-0.0245722234249115
-0.02450955472886562
-0.02444715425372124
-0.02438502386212349
-0.02432315796613693
-0.02426155656576157
-0.02420021966099739
-0.02413914725184441
-0.02407833561301231
-0.02401778474450111
-0.02395749650895596
-0.02389746531844139
-0.02383769489824772
-0.02377818338572979
-0.02371892519295216
-0.02365992031991482
-0.02360116690397263
-0.02354266494512558
-0.02348440885543823
-0.02342639677226543
-0.02336862683296204
-0.02331109903752804
-0.02325380779802799
-0.02319675497710705
-0.02313993684947491
-0.02308335714042187
-0.02302701026201248
-0.0229708980768919
-0.02291501872241497
-0.0228593684732914
-0.02280394919216633
-0.02274876087903976
-0.02269379794597626
-0.02263906039297581
-0.02258454822003841
-0.02253025956451893
-0.02247619070112705
-0.02242233976721764
-0.02236870676279068
-0.02231528796255589
-0.0222620852291584
-0.02220909483730793
-0.02215631678700447
-0.02210375480353832
-0.02205140143632889
-0.02199926041066647
-0.02194732613861561
-0.02189560048282146
-0.02184407971799374
-0.02179276756942272
-0.02174166217446327
-0.02169075794517994
-0.02164005488157272
-0.02158955112099648
-0.02153924666345119
-0.02148913964629173
-0.02143923006951809
-0.02138951793313026
-0.02133999951183796
-0.02129067108035088
-0.02124153450131416
-0.02119259163737297
-0.021143838763237
-0.0210952740162611
-0.02104689553380013
-0.02099870331585407
-0.02095069549977779
-0.02090287394821644
-0.02085523679852486
-0.0208077821880579
-0.02076051011681557
-0.02071341872215271
-0.02066650800406933
-0.02061977796256542
-0.02057322673499584
-0.02052685432136059
-0.02048065699636936
-0.02043463476002216
-0.02038879133760929
-0.0203431211411953
-0.02029762230813503
-0.02025229670107365
-0.02020714059472084
-0.02016215026378632
-0.02011732570827007
-0.02007266692817211
-0.02002817019820213
-0.01998383924365044
-0.01993967220187187
-0.01989566534757614
-0.01985182054340839
-0.01980813965201378
-0.01976462081074715
-0.0197212640196085
-0.01967807114124298
-0.01963503658771515
-0.01959216222167015
-0.01954944431781769
-0.01950688287615776
-0.01946447603404522
-0.01942222379148006
-0.019380122423172
-0.01933817565441132
-0.01929637975990772
-0.01925473287701607
-0.0192132368683815
-0.01917188987135887
-0.01913069374859333
-0.01908964477479458
-0.01904874294996262
-0.01900799199938774
-0.01896738447248936
-0.01892692409455776
-0.01888660900294781
-0.01884643733501434
-0.01880640909075737
-0.01876652240753174
-0.0187267754226923
-0.01868717186152935
-0.0186477042734623
-0.01860837452113628
-0.01856918260455132
-0.01853013038635254
-0.01849121786653996
-0.01845244131982327
-0.01841380074620247
-0.01837529800832272
-0.01833692751824856
-0.01829869486391544
-0.01826059445738792
-0.01822262443602085
-0.01818478479981422
-0.01814707554876804
-0.01810949668288231
-0.01807204820215702
-0.01803473010659218
-0.01799753680825233
-0.01796047016978264
-0.01792352832853794
-0.01788671128451824
-0.01785001903772354
-0.01781345345079899
-0.01777701452374458
-0.01774070039391518
-0.01770450919866562
-0.01766844466328621
-0.0176325049251318
-0.01759668625891209
-0.01756099052727222
-0.01752541773021221
-0.01748996786773205
-0.01745463721454144
-0.01741942390799522
-0.01738432794809341
-0.01734934933483601
-0.01731448620557785
-0.01727973856031895
-0.0172450989484787
-0.01721057668328285
-0.01717616803944111
-0.01714187487959862
-0.01710769347846508
-0.01707362569868565
-0.01703966781497002
-0.01700582168996334
-0.01697208546102047
-0.01693846099078655
-0.01690494827926159
-0.01687154732644558
-0.01683825813233852
-0.01680507883429527
-0.01677200756967068
-0.01673904620110989
-0.0167061947286129
-0.01667344942688942
-0.01664081029593945
-0.01660827733576298
-0.01657584868371487
-0.01654352806508541
-0.01651130989193916
-0.01647919975221157
-0.01644719019532204
-0.01641528494656086
-0.01638348028063774
-0.01635177619755268
-0.01632017642259598
-0.01628867723047733
-0.01625727862119675
-0.01622597873210907
-0.0161947812885046
-0.01616367883980274
-0.01613267324864864
-0.01610176265239716
-0.01607095263898373
-0.01604024134576321
-0.0160096250474453
-0.01597910560667515
-0.01594868116080761
-0.01591835170984268
-0.01588811911642551
-0.01585798151791096
-0.01582794077694416
-0.01579799316823483
-0.0157681405544281
-0.01573838107287884
-0.01570871286094189
-0.0156791377812624
-0.01564965583384037
-0.01562026608735323
-0.01559096854180098
-0.01556176319718361
-0.01553265191614628
-0.01550363097339869
-0.01547469850629568
-0.01544585451483727
-0.01541709993034601
-0.0153884319588542
-0.01535985060036182
-0.01533135585486889
-0.01530294492840767
-0.01527461968362331
-0.01524638012051582
-0.01521822530776262
-0.01519015524536371
-0.01516216993331909
-0.01513427123427391
-0.01510645821690559
-0.01507872901856899
-0.01505108457058668
-0.01502352394163609
-0.01499604806303978
-0.01496865507215261
-0.01494134590029716
-0.01491412241011858
-0.01488698180764914
-0.01485992129892111
-0.01483294181525707
-0.01480604242533445
-0.01477922406047583
-0.01475248206406832
-0.0147258173674345
-0.01469923090189695
-0.01467272266745567
-0.01464629173278809
-0.01461993996053934
-0.01459366828203201
-0.01456747390329838
-0.01454135682433844
-0.01451531611382961
-0.01448935363441706
-0.01446346845477819
-0.01443766057491302
-0.01441192999482155
-0.01438627392053604
-0.01436069142073393
-0.01433518249541521
-0.01430974807590246
-0.01428438536822796
-0.01425909716635942
-0.01423388160765171
-0.01420874055474997
-0.01418367307633162
-0.01415867637842894
-0.01413375418633223
-0.01410890463739634
-0.01408412773162127
-0.01405942253768444
-0.01403479091823101
-0.01401023007929325
-0.01398574002087116
-0.01396132074296474
-0.01393697131425142
-0.01391269080340862
-0.01388847827911377
-0.01386433281004429
-0.01384025625884533
-0.01381624676287174
-0.0137923052534461
-0.01376843173056841
-0.01374462526291609
-0.01372088678181171
-0.01369721628725529
-0.01367361284792423
-0.0136500746011734
-0.01362660340964794
-0.01360319741070271
-0.01357985846698284
-0.01355658285319805
-0.01353337243199348
-0.01351022720336914
-0.01348714623600245
-0.0134641295298934
-0.013441177085042
-0.01341828890144825
-0.01339546404778957
-0.0133727015927434
-0.01335000339895487
-0.01332736946642399
-0.01330479886382818
-0.01328229065984488
-0.01325984578579664
-0.01323746331036091
-0.01321514509618282
-0.01319288928061724
-0.013170694001019
-0.01314856018871069
-0.01312648598104715
-0.01310447324067354
-0.01308252103626728
-0.01306062657386065
-0.01303879171609879
-0.01301701739430428
-0.01299530174583197
-0.01297364663332701
-0.01295205112546682
-0.01293051429092884
-0.01290903706103563
-0.01288762036710978
-0.01286626141518354
-0.01284496020525694
-0.01282371580600739
-0.01280252821743488
-0.01278139837086201
-0.01276032347232103
-0.01273930445313454
-0.01271833945065737
-0.01269742846488953
-0.01267657149583101
-0.0126557694748044
-0.01263502240180969
-0.01261433027684689
-0.01259369216859341
-0.01257311087101698
-0.01255258452147245
-0.01253211405128241
-0.01251170039176941
-0.01249134261161089
-0.01247103977948427
-0.01245079096406698
-0.01243059802800417
-0.01241045910865068
-0.01239037420600653
-0.01237034145742655
-0.01235036179423332
-0.01233043521642685
-0.01231055986136198
-0.01229073572903872
-0.0122709609568119
-0.01225123833864927
-0.01223156694322824
-0.01221194490790367
-0.01219237316399813
-0.01217285264283419
-0.01215338334441185
-0.01213396340608597
-0.01211459469050169
-0.01209527626633644
-0.01207600813359022
-0.01205679029226303
-0.01203762367367744
-0.01201850548386574
-0.01199943944811821
-0.01198042277246714
-0.01196145638823509
-0.01194254029542208
-0.01192367356270552
-0.01190485432744026
-0.01188608445227146
-0.01186736114323139
-0.01184868533164263
-0.01183005794882774
-0.01181147806346416
-0.01179294381290674
-0.01177445612847805
-0.01175601314753294
-0.01173761673271656
-0.01171926595270634
-0.01170096267014742
-0.01168270409107208
-0.01166449207812548
-0.0116463266313076
-0.01162820588797331
-0.0116101335734129
-0.01159210689365864
-0.01157412678003311
-0.01155619230121374
-0.0115383043885231
-0.01152046117931604
-0.01150266267359257
-0.01148490980267525
-0.01146720070391893
-0.01144953537732363
-0.0114319147542119
-0.01141433883458376
-0.0113968076184392
-0.01137931831181049
-0.01136187184602022
-0.01134446728974581
-0.01132710557430983
-0.01130978483706713
-0.01129250694066286
-0.01127527002245188
-0.0112580768764019
-0.01124092563986778
-0.01122381817549467
-0.01120675448328257
-0.01118973456323147
-0.0111727574840188
-0.01115582231432199
-0.01113892905414104
-0.01112207677215338
-0.01110526733100414
-0.01108849793672562
-0.0110717685893178
-0.01105507835745811
-0.01103842817246914
-0.01102181803435087
-0.01100524794310331
-0.01098871789872646
-0.01097222790122032
-0.01095577888190746
-0.01093936990946531
-0.01092300098389387
-0.01090667210519314
-0.01089038234204054
-0.01087413262575865
-0.01085792295634747
-0.01084175240248442
-0.0108256209641695
-0.01080952864140272
-0.01079347729682922
-0.01077746506780386
-0.01076149009168148
-0.01074555423110723
-0.01072965655475855
-0.01071379706263542
-0.01069797482341528
-0.01068218890577555
-0.0106664402410388
-0.01065072882920504
-0.01063505467027426
-0.01061941869556904
-0.0106038199737668
-0.01058825757354498
-0.01057273242622614
-0.01055724266916513
-0.01054178830236197
-0.01052637025713921
-0.01051098760217428
-0.01049564126878977
-0.01048033218830824
-0.01046505849808455
-0.01044982019811869
-0.01043461915105581
-0.01041945442557335
-0.01040432322770357
-0.01038922742009163
-0.01037416607141495
-0.01035913825035095
-0.01034414581954479
-0.01032918971031904
-0.01031426899135113
-0.01029938366264105
-0.01028453465551138
-0.01026972103863955
-0.01025494281202555
-0.01024019997566938
-0.01022549346089363
-0.01021082233637571
-0.01019618567079306
-0.01018158160150051
-0.0101670091971755
-0.01015246938914061
-0.01013796124607325
-0.010123485699296
-0.01010904181748629
-0.01009463146328926
-0.01008025370538235
-0.01006590761244297
-0.01005159597843885
-0.01003731880337
-0.01002307515591383
-0.01000886503607035
-0.00999468844383955
-0.009980545379221439
-0.00996643491089344
-0.009952356107532978
-0.009938308037817478
-0.009924289770424366
-0.009910302236676216
-0.009896345436573029
-0.009882418438792229
-0.009868521243333817
-0.009854655712842941
-0.009840822778642178
-0.009827022440731525
-0.009813254699110985
-0.009799518622457981
-0.009785815142095089
-0.009772144258022308
-0.009758505038917065
-0.009744896553456783
-0.009731319732964039
-0.009717772714793682
-0.009704254567623138
-0.009690765291452408
-0.009677303023636341
-0.009663869626820087
-0.009650466032326221
-0.009637092240154743
-0.009623747318983078
-0.009610431268811226
-0.009597145020961761
-0.009583889506757259
-0.009570665657520294
-0.009557470679283142
-0.009544306434690952
-0.00953117199242115
-0.009518065489828587
-0.009504989720880985
-0.009491943754255772
-0.009478925727307796
-0.009465934708714485
-0.009452971629798412
-0.009440037421882153
-0.009427132084965706
-0.009414254687726498
-0.009401405230164528
-0.009388582780957222
-0.009375789202749729
-0.009363023564219475
-0.009350287728011608
-0.00933757983148098
-0.009324898943305016
-0.00931224599480629
-0.009299620985984802
-0.009287022985517979
-0.009274451062083244
-0.009261905215680599
-0.009249387308955193
-0.009236894547939301
-0.009224428795278072
-0.009211990050971508
-0.009199580177664757
-0.009187198244035244
-0.009174843318760395
-0.00916251540184021
-0.009150215424597263
-0.009137942455708981
-0.009125695563852787
-0.009113474749028683
-0.009101280942559242
-0.009089112281799316
-0.00907696969807148
-0.009064853191375732
-0.0090527618303895
-0.009040694683790207
-0.009028654545545578
-0.009016641415655613
-0.009004652500152588
-0.008992688730359077
-0.008980750106275082
-0.008968839421868324
-0.008956952951848507
-0.008945091627538204
-0.008933254517614841
-0.008921442553400993
-0.008909653872251511
-0.008897889405488968
-0.008886149153113365
-0.008874434977769852
-0.008862745948135853
-0.008851082064211369
-0.008839444257318974
-0.008827831596136093
-0.008816243149340153
-0.008804677985608578
-0.008793137036263943
-0.008781620301306248
-0.008770125918090343
-0.008758656680583954
-0.00874721072614193
-0.008735788054764271
-0.008724387735128403
-0.0087130106985569
-0.008701659739017487
-0.008690332993865013
-0.008679031394422054
-0.008667754009366035
-0.008656499907374382
-0.008645270951092243
-0.008634064346551895
-0.008622882887721062
-0.008611724711954594
-0.008600589819252491
-0.008589478209614754
-0.008578390814363956
-0.00856732577085495
-0.00855628214776516
-0.00854526087641716
-0.008534260094165802
-0.00852328073233366
-0.00851232185959816
-0.00850138533860445
-0.008490470238029957
-0.008479577489197254
-0.008468707092106342
-0.008457857184112072
-0.008447029627859592
-0.008436225354671478
-0.008425443433225155
-0.008414684794843197
-0.00840394850820303
-0.008393234573304653
-0.008382541127502918
-0.008371869102120399
-0.008361220359802246
-0.008350594900548458
-0.008339990861713886
-0.008329409174621105
-0.008318849839270115
-0.008308312855660915
-0.008297797292470932
-0.008287303149700165
-0.008276830427348614
-0.008266379125416279
-0.008255947381258011
-0.008245537988841534
-0.008235149085521698
-0.008224780671298504
-0.008214433677494526
-0.008204106241464615
-0.008193796500563622
-0.00818350538611412
-0.008173233829438686
-0.008162981830537319
-0.008152748458087444
-0.008142535574734211
-0.008132345043122768
-0.008122175000607967
-0.008112025447189808
-0.008101899176836014
-0.008091794326901436
-0.008081710897386074
-0.008071648888289928
-0.00806160643696785
-0.008051584474742413
-0.008041582070291042
-0.008031599223613739
-0.008021636866033077
-0.008011694066226482
-0.008001770824193954
-0.007991868071258068
-0.007981984876096249
-0.007972122170031071
-0.00796227902173996
-0.007952452637255192
-0.007942645810544491
-0.007932856678962708
-0.007923087105154991
-0.007913334295153618
-0.007903599180281162
-0.007893881760537624
-0.007884182967245579
-0.007874502800405025
-0.007864841260015965
-0.007855200208723545
-0.007845578715205193
-0.007835975848138332
-0.007826393470168114
-0.007816830649971962
-0.007807289715856314
-0.007797768339514732
-0.007788266055285931
-0.007778782397508621
-0.007769316434860229
-0.007759868167340755
-0.007750436663627625
-0.007741021458059549
-0.007731623016297817
-0.007722241338342428
-0.007712875958532095
-0.007703528273850679
-0.007694199215620756
-0.007684887386858463
-0.007675594184547663
-0.007666320074349642
-0.007657064590603113
-0.00764782726764679
-0.007638609036803246
-0.007629409898072481
-0.007620228454470634
-0.007611065171658993
-0.007601919583976269
-0.007592790760099888
-0.007583679631352425
-0.007574585732072592
-0.007565508130937815
-0.007556447293609381
-0.007547402754426003
-0.007538374979048967
-0.007529363967478275
-0.007520369719713926
-0.007511392701417208
-0.00750243291258812
-0.007493490818887949
-0.007484566420316696
-0.007475659251213074
-0.007466769311577082
-0.007457897067070007
-0.007449042517691851
-0.007440205663442612
-0.007431386969983578
-0.007422585971653461
-0.007413801737129688
-0.007405034732073545
-0.007396283559501171
-0.007387548219412565
-0.007378828711807728
-0.007370124105364084
-0.007361434400081635
-0.007352760527282953
-0.007344101089984179
-0.007335457485169172
-0.00732682878151536
-0.007318214979022741
-0.007309617474675179
-0.007301035802811384
-0.007292469963431358
-0.007283919956535101
-0.007275386247783899
-0.007266868371516466
-0.007258367259055376
-0.007249881513416767
-0.007241411600261927
-0.007232957519590855
-0.007224519271403551
-0.007216096855700016
-0.007207690738141537
-0.007199300918728113
-0.007190927397459745
-0.007182570174336433
-0.007174229249358177
-0.007165905088186264
-0.007157597225159407
-0.007149304263293743
-0.007141025736927986
-0.00713276257738471
-0.007124514784663916
-0.007116280496120453
-0.007108061108738184
-0.007099856156855822
-0.007091665640473366
-0.007083489093929529
-0.007075326517224312
-0.007067178841680288
-0.007059045601636171
-0.007050927262753248
-0.007042823825031519
-0.007034734822809696
-0.007026661187410355
-0.007018602918833494
-0.007010560017079115
-0.007002532016485929
-0.006994518451392651
-0.006986518856137991
-0.006978533230721951
-0.006970562040805817
-0.006962605752050877
-0.006954662501811981
-0.006946733221411705
-0.006938817910850048
-0.00693091657012701
-0.006923029664903879
-0.006915156729519367
-0.006907298229634762
-0.006899454165250063
-0.006891625002026558
-0.006883810739964247
-0.006876010913401842
-0.006868225988000631
-0.006860455963760614
-0.006852700375020504
-0.006844958756119013
-0.006837232038378716
-0.00682951882481575
-0.006821818649768829
-0.006814131513237953
-0.006806457880884409
-0.006798797752708197
-0.006791150663048029
-0.006783516611903906
-0.006775895599275827
-0.006768288090825081
-0.006760693155229092
-0.006753112655133009
-0.006745545193552971
-0.006737991701811552
-0.00673045264557004
-0.006722927093505859
-0.006715415511280298
-0.006707917898893356
-0.006700433325022459
-0.006692962255328894
-0.006685504224151373
-0.006678058765828609
-0.006670625880360603
-0.006663205567747355
-0.006655797362327576
-0.006648402195423841
-0.006641020067036152
-0.00663365051150322
-0.006626293528825045
-0.006618949584662914
-0.006611619144678116
-0.006604302208870649
-0.006596998311579227
-0.006589706521481276
-0.006582428235560656
-0.006575162056833506
-0.006567907519638538
-0.006560665555298328
-0.006553436629474163
-0.00654621934518218
-0.00653901370242238
-0.006531821098178625
-0.006524641066789627
-0.006517473142594099
-0.006510317791253328
-0.006503175478428602
-0.006496046204119921
-0.006488929502665997
-0.006481826305389404
-0.006474735215306282
-0.00646765623241663
-0.006460590288043022
-0.00645353551954031
-0.006446493323892355
-0.00643946323543787
-0.006432444788515568
-0.006425437517464161
-0.006418441887944937
-0.00641145883128047
-0.00640448834747076
-0.006397529970854521
-0.006390583701431751
-0.006383650470525026
-0.006376729346811771
-0.006369820795953274
-0.006362924352288246
-0.006356039550155401
-0.006349166855216026
-0.006342305801808834
-0.006335455924272537
-0.006328616756945848
-0.006321788299828768
-0.006314970552921295
-0.006308163050562143
-0.0063013662584126
-0.006294580176472664
-0.006287805270403624
-0.006281041540205479
-0.006274289451539516
-0.00626754853874445
-0.00626082019880414
-0.006254103500396013
-0.006247398909181356
-0.00624070642516017
-0.00623402651399374
-0.006227358244359493
-0.006220701150596142
-0.006214056629687548
-0.006207424215972424
-0.006200802512466908
-0.006194193381816149
-0.006187595427036285
-0.006181009113788605
-0.006174433976411819
-0.006167868617922068
-0.006161314900964499
-0.006154770962893963
-0.006148237735033035
-0.006141714751720428
-0.00613520247861743
-0.006128700450062752
-0.006122209131717682
-0.00611572852358222
-0.006109258159995079
-0.006102798040956259
-0.006096348632127047
-0.006089909933507442
-0.006083482876420021
-0.006077065598219633
-0.006070659495890141
-0.006064264103770256
-0.00605787942185998
-0.006051504984498024
-0.006045141257345676
-0.006038788240402937
-0.006032445468008518
-0.006026113871484995
-0.006019792519509792
-0.006013481877744198
-0.006007181946188211
-0.006000892259180546
-0.005994612816721201
-0.005988344084471464
-0.005982086062431335
-0.005975838284939528
-0.00596960261464119
-0.005963376723229885
-0.005957160610705614
-0.005950955208390951
-0.005944759584963322
-0.005938573740422726
-0.005932398606091738
-0.005926232319325209
-0.005920075345784426
-0.005913927685469389
-0.005907788872718811
-0.005901659838855267
-0.005895540118217468
-0.005889430176466703
-0.005883330479264259
-0.005877240560948849
-0.005871160421520472
-0.00586509145796299
-0.005859033204615116
-0.005852985195815563
-0.005846947431564331
-0.00584091991186142
-0.005834903102368116
-0.005828896537423134
-0.005822899751365185
-0.005816912278532982
-0.005810934584587812
-0.005804967135190964
-0.005799009464681149
-0.005793061107397079
-0.005787122529000044
-0.005781193263828754
-0.005775273311883211
-0.005769362673163414
-0.005763460882008076
-0.005757567472755909
-0.005751683376729488
-0.005745808128267527
-0.005739942658692598
-0.005734086036682129
-0.005728237796574831
-0.005722398404031992
-0.005716568324714899
-0.00571074802428484
-0.005704937968403101
-0.005699137225747108
-0.005693346727639437
-0.005687565542757511
-0.005681794602423906
-0.005676032975316048
-0.005670281127095222
-0.005664539057761431
-0.005658806301653385
-0.005653082858771086
-0.005647368263453245
-0.005641662515699863
-0.005635965615510941
-0.005630277562886477
-0.005624597892165184
-0.005618926137685776
-0.005613262765109539
-0.005607606843113899
-0.005601959768682718
-0.005596320610493422
-0.005590690299868584
-0.005585069302469492
-0.005579458083957434
-0.005573856644332409
-0.00556826451793313
-0.005562682636082172
-0.005557110998779535
-0.005551548209041357
-0.005545994732528925
-0.005540451034903526
-0.005534916184842587
-0.005529388785362244
-0.00552387023344636
-0.005518358666449785
-0.005512853618711233
-0.005507356952875853
-0.005501867271959782
-0.005496385507285595
-0.005490912590175867
-0.005485447589308023
-0.005479991901665926
-0.005474545527249575
-0.005469108931720257
-0.00546368258073926
-0.005458265542984009
-0.005452857818454504
-0.005447459872812033
-0.005442071240395308
-0.005436691455543041
-0.005431320518255234
-0.005425957031548023
-0.00542060099542141
-0.005415251944214106
-0.005409909877926111
-0.005404575262218714
-0.005399247631430626
-0.00539392838254571
-0.005388615652918816
-0.005383310839533806
-0.00537801394239068
-0.005372725427150726
-0.005367445293813944
-0.00536217400804162
-0.005356912035495043
-0.005351659841835499
-0.005346416961401701
-0.005341181997209787
-0.005335955414921045
-0.005330737680196762
-0.005325527396053076
-0.005320324562489986
-0.005315128248184919
-0.005309939384460449
-0.005304758436977863
-0.0052995840087533
-0.005294417031109333
-0.005289257038384676
-0.005284104961901903
-0.005278960801661015
-0.005273824092000723
-0.005268695298582315
-0.005263573955744505
-0.005258460994809866
-0.005253356415778399
-0.005248260218650103
-0.005243172869086266
-0.005238093435764313
-0.005233021918684244
-0.005227958783507347
-0.005222904030233622
-0.00521785719320178
-0.005212817806750536
-0.005207786336541176
-0.005202762316912413
-0.005197745747864246
-0.005192735698074102
-0.005187733098864555
-0.005182737484574318
-0.005177749320864677
-0.005172768142074347
-0.005167793948203325
-0.005162827670574188
-0.005157868843525648
-0.005152917932718992
-0.005147974472492933
-0.005143038462847471
-0.005138109903782606
-0.005133188795298338
-0.005128275137394667
-0.005123368930071592
-0.005118469707667828
-0.005113578401505947
-0.005108694080263376
-0.00510381767526269
-0.0050989487208426
-0.005094087217003107
-0.005089232698082924
-0.005084384698420763
-0.005079544149339199
-0.005074711050838232
-0.005069884005934
-0.005065063945949078
-0.005060250870883465
-0.005055444315075874
-0.005050644744187593
-0.005045852158218622
-0.005041066557168961
-0.005036288406699896
-0.005031518172472715
-0.005026755388826132
-0.00502200098708272
-0.005017254035919905
-0.005012515466660261
-0.005007784347981215
-0.005003060214221478
-0.00499834306538105
-0.00499363336712122
-0.004988930653780699
-0.004984233994036913
-0.004979543853551149
-0.004974859766662121
-0.004970181733369827
-0.004965509753674269
-0.004960844293236732
-0.004956185352057219
-0.00495153246447444
-0.004946886096149683
-0.004942247178405523
-0.004937614779919386
-0.004932989832013845
-0.004928372334688902
-0.004923761356621981
-0.004919157829135656
-0.004914560820907354
-0.004909970797598362
-0.004905388690531254
-0.004900814034044743
-0.004896245431154966
-0.004891683347523212
-0.004887127317488194
-0.004882577806711197
-0.004878033883869648
-0.004873496480286121
-0.00486896513029933
-0.004864440765231848
-0.004859922453761101
-0.004855411592870951
-0.004850906785577536
-0.00484640896320343
-0.00484191719442606
-0.004837432410567999
-0.004832955077290535
-0.004828484728932381
-0.004824020434170961
-0.004819562658667564
-0.004815111868083477
-0.004810667131096125
-0.004806228913366795
-0.0048017967492342
-0.004797371104359627
-0.004792951978743076
-0.004788538906723261
-0.00478413188830018
-0.004779731389135122
-0.004775336477905512
-0.004770947620272636
-0.004766565281897783
-0.004762188997119665
-0.004757818300276995
-0.004753453191369772
-0.004749094136059284
-0.004744741600006819
-0.004740395583212376
-0.004736056085675955
-0.004731721710413694
-0.004727394320070744
-0.004723073448985815
-0.004718759562820196
-0.004714451730251312
-0.004710151348263025
-0.004705857019871473
-0.004701568279415369
-0.004697286523878574
-0.004693010821938515
-0.00468874117359519
-0.004684478044509888
-0.004680220037698746
-0.004675967618823051
-0.004671720787882805
-0.004667480476200581
-0.004663245286792517
-0.004659016150981188
-0.004654792603105307
-0.00465057510882616
-0.004646364133805037
-0.004642159212380648
-0.004637959878891706
-0.0046337665989995
-0.004629579838365316
-0.00462539866566658
-0.004621223080903292
-0.004617054481059313
-0.004612891469150782
-0.004608734510838985
-0.004604583140462637
-0.004600438289344311
-0.00459629949182272
-0.004592166282236576
-0.004588038194924593
-0.004583916626870632
-0.004579800646752119
-0.004575691185891628
-0.00457158824428916
-0.004567490890622139
-0.004563398659229279
-0.004559312015771866
-0.004555230494588614
-0.004551153630018234
-0.004547080956399441
-0.004543012473732233
-0.00453895004466176
-0.004534893669188023
-0.004530842415988445
-0.004526796750724316
-0.004522756673395634
-0.004518723580986261
-0.004514696542173624
-0.004510675091296434
-0.004506660159677267
-0.004502651281654835
-0.004498649388551712
-0.004494653549045324
-0.004490663297474384
-0.004486679099500179
-0.004482700489461422
-0.004478727001696825
-0.004474758636206388
-0.0044707958586514
-0.004466838203370571
-0.004462885204702616
-0.004458936862647533
-0.004454993642866611
-0.00445105554535985
-0.004447122570127249
-0.004443195182830095
-0.004439273849129677
-0.004435358103364706
-0.00443144841119647
-0.004427544306963682
-0.004423645790666342
-0.004419752862304449
-0.004415865521878004
-0.004411983303725719
-0.004408106207847595
-0.004404233768582344
-0.004400365985929966
-0.004396501928567886
-0.004392642993479967
-0.004388789180666208
-0.004384939558804035
-0.004381095990538597
-0.004377257544547319
-0.004373424686491489
-0.004369596485048532
-0.004365773405879736
-0.004361955914646387
-0.004358144011348486
-0.004354337695986032
-0.004350536502897739
-0.004346739966422319
-0.004342948086559772
-0.004339160863310099
-0.004335379227995872
-0.004331603646278381
-0.004327833652496338
-0.004324069246649742
-0.004320310894399881
-0.004316558595746756
-0.004312812350690365
-0.004309071693569422
-0.004305336158722639
-0.004301606211811304
-0.004297881852835417
-0.004294163081794977
-0.004290449433028698
-0.004286739975214005
-0.004283034708350897
-0.004279333166778088
-0.004275635816156864
-0.004271943122148514
-0.004268254619091749
-0.004264570772647858
-0.004260892048478127
-0.004257217049598694
-0.004253547172993422
-0.00424988241866231
-0.004246221855282784
-0.004242566414177418
-0.004238915164023638
-0.004235269036144018
-0.004231628030538559
-0.004227991681545973
-0.00422435998916626
-0.00422073295339942
-0.004217110108584166
-0.004213492386043072
-0.004209878388792276
-0.004206269513815641
-0.00420266529545188
-0.004199066665023565
-0.004195473156869411
-0.004191884770989418
-0.00418830243870616
-0.004184725228697062
-0.004181153606623411
-0.004177588038146496
-0.004174027591943741
-0.004170472733676434
-0.004166922997683287
-0.004163377918303013
-0.004159838426858187
-0.004156303592026234
-0.004152772482484579
-0.004149246029555798
-0.004145723767578602
-0.004142205230891705
-0.004138690419495106
-0.004135179799050093
-0.004131672903895378
-0.004128170665353537
-0.004124671220779419
-0.004121176432818174
-0.004117686301469803
-0.004114200361073017
-0.004110719077289104
-0.004107242450118065
-0.004103771410882473
-0.004100305493921041
-0.00409684469923377
-0.004093389492481947
-0.004089939408004284
-0.004086494911462069
-0.004083055071532726
-0.004079620819538832
-0.004076192155480385
-0.004072768148034811
-0.00406934879720211
-0.004065933171659708
-0.004062521271407604
-0.004059113562107086
-0.004055709112435579
-0.004052308388054371
-0.004048910923302174
-0.004045518115162849
-0.004042128566652536
-0.004038742277771235
-0.004035359248518944
-0.004031979478895664
-0.00402860390022397
-0.004025232512503862
-0.004021864850074053
-0.004018501844257116
-0.004015143495053053
-0.004011789336800575
-0.004008440300822258
-0.004005095921456814
-0.00400175666436553
-0.003998422995209694
-0.003995093982666731
-0.003991771023720503
-0.003988453187048435
-0.003985140472650528
-0.003981832880526781
-0.003978529945015907
-0.003975230734795332
-0.00397193618118763
-0.003968645352870226
-0.003965358249843121
-0.003962074872106314
-0.003958795219659805
-0.003955519292503595
-0.003952247090637684
-0.003948978614062071
-0.003945714328438044
-0.003942453768104315
-0.003939197398722172
-0.003935946617275476
-0.00393269956111908
-0.003929456230252981
-0.003926217555999756
-0.003922983538359404
-0.003919753711670637
-0.003916528075933456
-0.003913306631147861
-0.003910088911652565
-0.003906875383108854
-0.003903666511178017
-0.003900461597368121
-0.003897260408848524
-0.003894063178449869
-0.003890869906172156
-0.003887679893523455
-0.003884493140503764
-0.003881310112774372
-0.003878130344673991
-0.003874954301863909
-0.003871781518682837
-0.003868612693622708
-0.003865447593852878
-0.003862286452203989
-0.00385912973433733
-0.003855977207422256
-0.003852829104289412
-0.003849685424938798
-0.003846546402201056
-0.003843412268906832
-0.00384028279222548
-0.003837157506495714
-0.003834037110209465
-0.003830920904874802
-0.003827808890491724
-0.003824701532721519
-0.003821598133072257
-0.003818498458713293
-0.003815402509644628
-0.003812310053035617
-0.003809221554547548
-0.003806137014180422
-0.003803056199103594
-0.003799978643655777
-0.003796904580667615
-0.003793833777308464
-0.003790766466408968
-0.00378770288079977
-0.003784643020480871
-0.003781586652621627
-0.003778533777222037
-0.003775484627112746
-0.003772439202293754
-0.003769397735595703
-0.003766360227018595
-0.003763326676562428
-0.003760296851396561
-0.003757271217182279
-0.003754249541088939
-0.003751231590285897
-0.003748218063265085
-0.003745208261534572
-0.003742202417925
-0.003739200765267015
-0.003736203070729971
-0.003733209101483226
-0.003730219090357423
-0.003727233037352562
-0.003724250476807356
-0.003721271641552448
-0.003718296298757195
-0.003715324448421597
-0.003712356323376298
-0.003709391225129366
-0.003706429619342089
-0.003703471040353179
-0.003700516419485211
-0.003697564592584968
-0.003694616258144379
-0.003691671183332801
-0.003688729600980878
-0.00368579151108861
-0.00368285714648664
-0.003679926972836256
-0.003677000990137458
-0.003674079198390245
-0.003671161597594619
-0.003668247954919934
-0.003665338037535548
-0.003662431379780173
-0.003659528214484453
-0.003656628075987101
-0.003653731197118759
-0.003650837112218142
-0.003647945821285248
-0.003645057789981365
-0.00364217278547585
-0.00363929127342999
-0.003636413486674428
-0.003633539192378521
-0.003630668390542269
-0.003627801779657602
-0.003624939592555165
-0.00362208136357367
-0.003619227558374405
-0.003616377711296082
-0.0036135318223387
-0.003610689891502261
-0.003607851453125477
-0.003605016274377704
-0.003602184355258942
-0.003599355462938547
-0.00359652959741652
-0.003593706991523504
-0.0035908876452595
-0.003588070860132575
-0.003585257334634662
-0.003582447068765759
-0.003579640062525868
-0.003576836781576276
-0.003574036993086338
-0.003571240697056055
-0.003568447893485427
-0.003565658582374454
-0.003562872763723135
-0.003560090204700828
-0.003557310672476888
-0.003554534399881959
-0.003551761619746685
-0.003548992099240422
-0.003546226071193814
-0.003543464001268148
-0.003540705423802137
-0.003537950804457068
-0.003535199444741011
-0.003532451344653964
-0.003529706969857216
-0.003526965854689479
-0.003524227067828178
-0.003521491307765245
-0.003518758108839393
-0.00351602747105062
-0.003513299860060215
-0.003510575275868177
-0.003507853718474507
-0.003505135653540492
-0.003502420848235488
-0.003499709535390139
-0.003497002413496375
-0.00349429901689291
-0.003491599345579743
-0.003488903865218163
-0.003486211877316236
-0.003483522916212678
-0.003480837214738131
-0.003478154772892594
-0.003475475125014782
-0.00347279803827405
-0.003470123279839754
-0.003467451082542539
-0.003464781679213047
-0.003462115069851279
-0.003459451487287879
-0.003456791397184134
-0.003454134566709399
-0.003451480995863676
-0.003448831150308251
-0.003446185030043125
-0.00344354216940701
-0.00344090280123055
-0.003438267158344388
-0.003435635240748525
-0.003433006815612316
-0.003430381882935762
-0.003427760442718863
-0.003425142029300332
-0.003422526875510812
-0.003419914748519659
-0.00341730541549623
-0.003414699109271169
-0.003412095597013831
-0.003409494645893574
-0.003406895790249109
-0.003404299262911081
-0.003401704831048846
-0.00339911226183176
-0.003396522253751755
-0.003393934806808829
-0.003391349455341697
-0.003388766897842288
-0.003386187367141247
-0.003383611096069217
-0.003381037851795554
-0.00337846833281219
-0.003375902539119124
-0.003373340703547001
-0.003370782826095819
-0.003368228673934937
-0.003365678247064352
-0.003363131545484066
-0.003360588569194078
-0.003358049318194389
-0.003355513559654355
-0.003352981293573976
-0.003350452054291964
-0.003347925608977675
-0.003345401957631111
-0.003342881333082914
-0.00334036280401051
-0.00333784706890583
-0.003335333662107587
-0.00333282258361578
-0.003330313367769122
-0.003327806247398257
-0.003325301455333829
-0.003322799224406481
-0.003320299554616213
-0.003317802678793669
-0.003315308596938848
-0.003312817309051752
-0.00331032881513238
-0.003307843580842018
-0.003305361373350024
-0.003302882192656398
-0.003300406038761139
-0.003297932678833604
-0.003295462112873793
-0.003292994108051062
-0.003290529130026698
-0.003288066945970058
-0.003285607090219855
-0.003283150494098663
-0.003280696691945195
-0.003278246149420738
-0.00327579933218658
-0.00327335624024272
-0.003270916640758514
-0.003268480766564608
-0.003266047686338425
-0.00326361833140254
-0.003261192003265023
-0.003258768236264586
-0.003256347263231874
-0.003253929084166884
-0.003251513000577688
-0.003249099012464285
-0.003246686886996031
-0.003244277089834213
-0.003241869155317545
-0.003239463083446026
-0.003237060038372874
-0.003234659321606159
-0.003232261398807168
-0.003229866269975901
-0.003227473935112357
-0.003225084627047181
-0.003222698578611016
-0.003220315324142575
-0.003217935096472502
-0.003215557662770152
-0.003213183023035526
-0.003210811177268624
-0.003208441892638803
-0.003206074936315417
-0.003203710541129112
-0.003201349172741175
-0.003198990365490317
-0.003196634352207184
-0.003194281598553061
-0.003191931638866663
-0.003189584473147988
-0.003187240567058325
-0.003184899687767029
-0.003182561602443457
-0.003180226311087608
-0.00317789358086884
-0.003175563411787152
-0.003173235803842545
-0.003170910524204373
-0.003168587572872639
-0.003166266949847341
-0.003163948887959123
-0.003161633154377341
-0.003159319516271353
-0.003157008672133088
-0.003154700389131904
-0.003152394201606512
-0.003150090342387557
-0.003147789044305682
-0.003145490307360888
-0.003143193898722529
-0.003140900284051895
-0.003138608997687697
-0.003136320738121867
-0.003134035272523761
-0.003131752600893378
-0.00312947272323072
-0.003127195639535785
-0.003124921349808574
-0.003122649854049087
-0.003120380686596036
-0.003118114313110709
-0.003115850500762463
-0.003113589715212584
-0.003111331490799785
-0.003109075827524066
-0.003106822725385427
-0.003104572184383869
-0.003102323971688747
-0.003100078552961349
-0.003097835462540388
-0.003095594700425863
-0.003093356266617775
-0.00309111992828548
-0.003088885918259621
-0.003086654236540198
-0.003084424883127213
-0.003082198090851307
-0.003079973859712481
-0.003077751956880093
-0.003075532848015428
-0.003073316300287843
-0.003071101848036051
-0.003068890422582626
-0.003066681325435638
-0.003064475022256374
-0.00306227128021419
-0.003060069633647799
-0.003057870082557201
-0.003055672626942396
-0.00305347703397274
-0.003051283769309521
-0.003049092600122094
-0.003046903060749173
-0.003044715616852045
-0.003042530501261353
-0.003040347713977098
-0.003038167487829924
-0.003035990055650473
-0.003033815417438745
-0.003031643573194742
-0.003029474755749106
-0.003027309430763125
-0.003025146899744868
-0.003022987395524979
-0.003020830452442169
-0.003018676303327084
-0.003016524948179722
-0.003014376387000084
-0.003012230386957526
-0.003010086482390761
-0.003007944440469146
-0.003005804494023323
-0.003003666643053293
-0.003001530421897769
-0.002999396529048681
-0.002997264266014099
-0.00299513409845531
-0.002993006026372313
-0.002990880282595754
-0.002988756634294987
-0.002986635081470013
-0.002984515856951475
-0.002982398727908731
-0.002980284160003066
-0.002978172153234482
-0.002976062474772334
-0.002973954658955336
-0.002971849171444774
-0.002969745779410005
-0.002967644482851028
-0.002965545514598489
-0.002963448641821742
-0.002961354563012719
-0.002959263045340776
-0.00295717385597527
-0.002955087227746844
-0.002953003393486142
-0.00295092212036252
-0.002948843175545335
-0.002946766326203942
-0.002944691572338343
-0.002942618913948536
-0.002940547885373235
-0.002938478486612439
-0.002936410950496793
-0.002934345277026296
-0.002932281931862235
-0.002930221147835255
-0.002928162459284067
-0.002926106564700603
-0.002924052998423576
-0.002922002458944917
-0.002919954713433981
-0.002917909761890769
-0.002915867371484637
-0.002913827309384942
-0.00291178934276104
-0.002909753238782287
-0.00290771946310997
-0.002905687317252159
-0.002903657034039497
-0.002901628380641341
-0.002899601589888334
-0.002897576428949833
-0.002895553130656481
-0.002893531695008278
-0.002891512122005224
-0.002889495342969894
-0.002887480892241001
-0.002885468769818544
-0.002883458510041237
-0.00288145081140101
-0.002879445673897862
-0.002877442631870508
-0.002875442150980234
-0.002873443998396397
-0.002871447941288352
-0.0028694539796561
-0.002867462346330285
-0.002865472575649619
-0.002863484667614102
-0.002861498622223735
-0.002859514905139804
-0.002857533050701022
-0.002855553291738033
-0.002853575861081481
-0.002851600293070078
-0.002849626820534468
-0.002847656141966581
-0.002845687791705132
-0.002843721769750118
-0.002841758308932185
-0.002839797176420689
-0.002837838605046272
-0.002835882594808936
-0.002833928912878036
-0.002831977559253573
-0.00283002806827426
-0.002828080207109451
-0.002826133975759149
-0.002824189141392708
-0.002822245936840773
-0.002820303896442056
-0.002818363485857844
-0.002816424705088139
-0.002814487786963582
-0.002812552731484175
-0.002810619538649917
-0.002808688674122095
-0.002806759905070066
-0.002804833697155118
-0.002802909584715962
-0.002800988033413887
-0.002799068577587605
-0.002797151682898402
-0.002795236883684993
-0.00279332441277802
-0.002791413571685553
-0.002789504593238235
-0.002787597244605422
-0.002785691525787115
-0.00278378720395267
-0.002781884977594018
-0.002779984381049871
-0.002778085879981518
-0.002776189241558313
-0.002774295164272189
-0.002772403415292501
-0.00277051399461925
-0.002768627367913723
-0.002766743069514632
-0.002764861099421978
-0.002762981224805117
-0.002761103445664048
-0.002759227529168129
-0.002757353242486715
-0.002755480585619807
-0.002753609325736761
-0.002751739462837577
-0.002749871229752898
-0.002748004626482725
-0.002746139420196414
-0.002744275843724608
-0.002742414595559239
-0.002740555675700307
-0.002738698851317167
-0.002736844588071108
-0.002734993118792772
-0.002733143977820873
-0.002731297397986054
-0.002729453146457672
-0.002727610757574439
-0.002725770231336355
-0.002723931102082133
-0.00272209313698113
-0.002720256568863988
-0.002718421397730708
-0.002716587856411934
-0.002714755944907665
-0.002712925663217902
-0.002711097011342645
-0.002709270222112536
-0.002707445062696934
-0.002705621998757124
-0.002703801030293107
-0.002701982390135527
-0.002700166311115026
-0.002698352793231606
-0.002696541370823979
-0.002694732276722789
-0.002692925510928035
-0.002691120840609074
-0.002689317800104618
-0.002687516389414668
-0.002685717074200511
-0.002683919388800859
-0.00268212310038507
-0.002680328674614429
-0.002678536577150226
-0.002676746342331171
-0.002674957970157266
-0.002673171693459153
-0.002671386813744903
-0.002669603796675801
-0.002667821943759918
-0.002666041720658541
-0.002664263127371669
-0.002662485698238015
-0.00266070943325758
-0.002658934565261006
-0.002657161327078938
-0.002655389253050089
-0.002653619041666389
-0.00265185022726655
-0.002650082809850574
-0.002648317022249103
-0.002646553097292781
-0.002644791267812252
-0.00264303176663816
-0.00264127436093986
-0.002639519050717354
-0.002637766534462571
-0.002636016812175512
-0.00263426941819489
-0.002632524585351348
-0.002630782313644886
-0.002629042137414217
-0.002627304056659341
-0.002625567838549614
-0.002623833483085036
-0.002622100757434964
-0.002620369428768754
-0.002618639962747693
-0.002616911893710494
-0.002615184988826513
-0.002613459480926394
-0.002611735137179494
-0.002610011724755168
-0.00260828947648406
-0.002606568625196815
-0.002604849170893431
-0.002603131113573909
-0.002601414453238249
-0.002599699189886451
-0.002597985323518515
-0.002596273319795728
-0.00259456317871809
-0.002592854900285602
-0.002591148717328906
-0.00258944439701736
-0.002587742172181606
-0.002586042275652289
-0.002584344474598765
-0.002582649001851678
-0.002580955857411027
-0.002579265041276813
-0.002577576320618391
-0.002575889928266406
-0.00257420539855957
-0.002572522265836596
-0.002570840530097485
-0.002569159958511591
-0.002567481016740203
-0.002565803239122033
-0.002564126625657082
-0.002562451409175992
-0.002560777356848121
-0.002559104468673468
-0.002557432977482677
-0.002555763116106391
-0.002554095117375255
-0.002552428748458624
-0.002550764475017786
-0.002549102064222097
-0.002547441283240914
-0.002545782132074237
-0.002544124843552709
-0.00254246941767633
-0.002540815621614456
-0.002539163455367088
-0.002537512686103582
-0.002535863546654582
-0.002534216269850731
-0.002532571088522673
-0.002530927769839764
-0.002529286546632648
-0.002527647418901324
-0.00252601015381515
-0.002524374751374125
-0.002522740978747606
-0.002521108835935593
-0.002519478322938085
-0.002517849206924438
-0.002516221487894654
-0.002514595165848732
-0.002512970240786672
-0.002511346247047186
-0.002509723650291562
-0.002508102683350444
-0.002506483113393188
-0.002504864940419793
-0.002503247931599617
-0.002501632319763303
-0.002500017872080207
-0.002498405054211617
-0.002496793633326888
-0.002495183609426022
-0.002493575215339661
-0.002491968451067805
-0.002490363316610456
-0.002488759579136968
-0.002487157471477985
-0.002485556993633509
-0.002483958145603538
-0.002482361393049359
-0.00248076650314033
-0.002479173010215163
-0.002477580914273858
-0.002475990913808346
-0.002474402310326695
-0.002472815336659551
-0.002471230458468199
-0.00246964767575264
-0.002468066988512874
-0.002466488163918257
-0.002464911201968789
-0.002463336335495114
-0.002461763564497232
-0.002460192888975143
-0.002458624076098204
-0.002457056660205126
-0.002455490175634623
-0.002453924622386694
-0.00245236000046134
-0.002450796309858561
-0.002449233084917068
-0.002447670325636864
-0.00244610826484859
-0.002444547368213534
-0.002442987402901053
-0.002441429067403078
-0.002439872827380896
-0.002438318217173219
-0.002436765236780047
-0.002435214351862669
-0.002433665795251727
-0.002432119566947222
-0.002430575434118509
-0.002429032931104302
-0.002427492057904601
-0.002425952581688762
-0.002424414502456784
-0.002422877354547381
-0.00242134160362184
-0.002419807016849518
-0.00241827336139977
-0.00241674087010324
-0.002415210008621216
-0.002413680776953697
-0.002412153640761971
-0.002410628832876682
-0.002409105654805899
-0.002407584572210908
-0.00240606558509171
-0.002404547994956374
-0.0024030318018049
-0.002401517238467932
-0.002400004072114825
-0.002398491837084293
-0.00239698076620698
-0.002395470393821597
-0.002393961185589433
-0.002392453141510487
-0.002390946028754115
-0.002389440080150962
-0.002387935528531671
-0.002386432141065598
-0.00238493038341403
-0.002383429789915681
-0.002381930826231837
-0.002380433492362499
-0.00237893802113831
-0.002377444179728627
-0.00237595196813345
-0.002374461619183421
-0.002372973132878542
-0.002371486276388168
-0.0023700010497123
-0.002368516987189651
-0.00236703478731215
-0.002365553751587868
-0.002364074112847447
-0.002362595871090889
-0.002361119026318192
-0.002359643578529358
-0.002358169527724385
-0.002356697106733918
-0.002355226315557957
-0.002353756921365857
-0.002352289389818907
-0.002350823488086462
-0.002349359216168523
-0.002347896108403802
-0.002346434164792299
-0.002344973385334015
-0.002343513304367661
-0.002342053921893239
-0.002340595237910748
-0.002339137019589543
-0.002337679965421557
-0.002336223842576146
-0.002334768651053309
-0.002333314390853047
-0.002331861760467291
-0.002330410992726684
-0.002328962087631226
-0.00232751527801156
-0.002326071029528975
-0.002324629109352827
-0.002323189051821828
-0.002321751089766622
-0.002320314990356565
-0.002318880753591657
-0.002317448146641254
-0.00231601670384407
-0.002314586425200105
-0.002313156612217426
-0.00231172819621861
-0.002310300013050437
-0.002308872295543551
-0.002307445276528597
-0.002306019188836217
-0.002304594032466412
-0.002303169807419181
-0.002301746513694525
-0.002300324849784374
-0.002298905048519373
-0.00229748641140759
-0.0022960698697716
-0.002294655190780759
-0.002293242374435067
-0.002291831420734525
-0.002290422096848488
-0.002289014169946313
-0.002287607640028
-0.002286202274262905
-0.002284798305481672
-0.00228339503519237
-0.002281992463395
-0.002280590357258916
-0.002279189182445407
-0.002277788938954473
-0.002276389859616756
-0.002274992177262902
-0.00227359589189291
-0.00227220100350678
-0.002270807744935155
-0.002269416349008679
-0.002268026582896709
-0.002266638912260532
-0.002265253104269505
-0.002263869158923626
-0.002262487076222897
-0.002261106623336673
-0.002259727567434311
-0.002258350141346455
-0.002256973879411817
-0.002255598548799753
-0.002254224149510264
-0.002252850448712707
-0.002251477679237723
-0.002250106073915958
-0.002248735399916768
-0.002247365657240152
-0.002245996845886111
-0.002244629431515932
-0.002243262715637684
-0.002241897163912654
-0.002240533009171486
-0.002239170018583536
-0.002237808657810092
-0.00223644869402051
-0.002235090127214789
-0.002233732957392931
-0.002232376951724291
-0.002231021877378225
-0.002229667967185378
-0.002228315453976393
-0.002226964337751269
-0.002225614152848721
-0.00222426513209939
-0.002222917042672634
-0.002221570815891027
-0.002220225520431995
-0.002218881854787469
-0.002217540051788092
-0.00221619987860322
-0.002214861568063498
-0.002213524654507637
-0.002212189137935638
-0.002210854785516858
-0.002209521597251296
-0.002208189340308309
-0.002206858014687896
-0.002205528318881989
-0.002204199321568012
-0.002202871488407254
-0.002201544586569071
-0.002200218848884106
-0.002198894042521715
-0.002197570400312543
-0.002196248155087233
-0.002194926841184497
-0.002193606924265623
-0.002192288404330611
-0.002190970815718174
-0.002189654158428311
-0.002188338665291667
-0.00218702363781631
-0.002185709541663527
-0.00218439637683332
-0.002183084608986974
-0.002181774005293846
-0.002180464565753937
-0.002179156290367246
-0.00217784964479506
-0.002176544396206737
-0.002175240544602275
-0.002173938322812319
-0.002172637730836868
-0.002171338303014636
-0.002170040505006909
-0.002168744336813688
-0.002167449565604329
-0.002166155958548188
-0.002164863981306553
-0.002163572702556849
-0.002162282587960362
-0.002160993404686451
-0.002159705385565758
-0.002158418297767639
-0.002157132141292095
-0.002155846683308482
-0.002154562156647444
-0.002153279026970267
-0.002151997294276953
-0.0021507169585675
-0.002149438019841909
-0.002148160478100181
-0.002146884333342314
-0.002145609119907022
-0.002144334837794304
-0.002143061719834805
-0.00214178953319788
-0.00214051827788353
-0.002139247953891754
-0.002137978561222553
-0.002136710332706571
-0.00213544350117445
-0.002134177600964904
-0.002132912632077932
-0.002131649060174823
-0.002130386419594288
-0.002129124710336328
-0.002127864630892873
-0.002126605482771993
-0.002125347964465618
-0.002124091843143106
-0.002122836885973811
-0.002121583092957735
-0.002120330696925521
-0.002119079465046525
-0.002117829397320747
-0.002116580726578832
-0.002115332754328847
-0.002114085713401437
-0.002112839836627245
-0.002111594658344984
-0.00211034994572401
-0.002109105931594968
-0.0021078628487885
-0.002106620464473963
-0.002105379011482
-0.002104138489812613
-0.002102899132296443
-0.002101661404594779
-0.002100425306707621
-0.002099190838634968
-0.002097958466038108
-0.002096727723255754
-0.002095498843118548
-0.002094271592795849
-0.002093045972287655
-0.002091821748763323
-0.002090598456561565
-0.002089376328513026
-0.002088154898956418
-0.002086933935061097
-0.002085713436827064
-0.002084493171423674
-0.002083272906020284
-0.00208205240778625
-0.002080832375213504
-0.002079612808302045
-0.002078394405543804
-0.002077176934108138
-0.002075961092486978
-0.002074746647849679
-0.00207353406585753
-0.002072322880849242
-0.002071113558486104
-0.002069905865937471
-0.002068700268864632
-0.002067496068775654
-0.002066293032839894
-0.002065091161057353
-0.002063890220597386
-0.002062690444290638
-0.002061491366475821
-0.002060293219983578
-0.00205909600481391
-0.002057899255305529
-0.002056703437119722
-0.002055508317425847
-0.002054314129054546
-0.00205312087200582
-0.002051928779110312
-0.002050738083198667
-0.002049548784270883
-0.002048360649496317
-0.002047174144536257
-0.002045989036560059
-0.002044804859906435
-0.00204362184740603
-0.002042439999058843
-0.002041258849203587
-0.002040078630670905
-0.002038899343460798
-0.00203772122040391
-0.002036543563008308
-0.002035366836935282
-0.002034190809354186
-0.002033015945926309
-0.002031842013821006
-0.002030669013038278
-0.002029497409239411
-0.002028326969593763
-0.002027157228440046
-0.002025988651439548
-0.002024821238592267
-0.002023654524236917
-0.00202248920686543
-0.002021324587985873
-0.002020160900428891
-0.002018998144194484
-0.002017836552113295
-0.002016676124185324
-0.002015516860410571
-0.002014358760789037
-0.002013201592490077
-0.002012045821174979
-0.002010890748351812
-0.00200973660685122
-0.002008583396673203
-0.002007430884987116
-0.002006279304623604
-0.002005128655582666
-0.002003978937864304
-0.002002829918637872
-0.002001681365072727
-0.002000533975660801
-0.001999387517571449
-0.001998241990804672
-0.00199709739536047
-0.001995954196900129
-0.001994812628254294
-0.001993672456592321
-0.001992533449083567
-0.001991395838558674
-0.001990259857848287
-0.001989125041291118
-0.001987991156056523
-0.001986858202144504
-0.001985725946724415
-0.001984594389796257
-0.001983463764190674
-0.001982333837077022
-0.0019812046084553
-0.001980075612664223
-0.001978947781026363
-0.001977820415049791
-0.00197669374756515
-0.001975568011403084
-0.001974443439394236
-0.001973319798707962
-0.001972197089344263
-0.001971075311303139
-0.00196995516307652
-0.001968835946172476
-0.001967717660591006
-0.001966600771993399
-0.001965484581887722
-0.001964369788765907
-0.001963255926966667
-0.001962142996490002
-0.001961031230166554
-0.001959920627996325
-0.001958811189979315
-0.001957703148946166
-0.001956596504896879
-0.001955491025000811
-0.001954386476427317
-0.001953282859176397
-0.001952180289663374
-0.001951078651472926
-0.001949977944605052
-0.001948878169059753
-0.001947779092006385
-0.001946680597029626
-0.001945582684129477
-0.001944485120475292
-0.001943388255313039
-0.001942292088642716
-0.001941196504049003
-0.001940101501531899
-0.001939007081091404
-0.001937913475558162
-0.001936820335686207
-0.001935728127136827
-0.001934636849910021
-0.001933546620421112
-0.001932457438670099
-0.001931369421072304
-0.001930282567627728
-0.001929196994751692
-0.001928112818859518
-0.001927029807120562
-0.001925947959534824
-0.001924867392517626
-0.001923787989653647
-0.001922709750942886
-0.001921632443554699
-0.001920556416735053
-0.001919481204822659
-0.001918407157063484
-0.001917334273457527
-0.001916262437589467
-0.001915191882289946
-0.001914122374728322
-0.001913053914904594
-0.001911986735649407
-0.001910920487716794
-0.001909855171106756
-0.001908790436573327
-0.001907726167701185
-0.00190666236449033
-0.001905599026940763
-0.001904536038637161
-0.001903473515994847
-0.001902411575429142
-0.001901349984109402
-0.001900288858450949
-0.001899228431284428
-0.001898168819025159
-0.001897110138088465
-0.001896052388474345
-0.001894996035844088
-0.001893940614536405
-0.001892886473797262
-0.001891833730041981
-0.001890782150439918
-0.001889731734991074
-0.001888682483695447
-0.001887634512968361
-0.001886587822809815
-0.001885541947558522
-0.00188449677079916
-0.001883452408947051
-0.001882408978417516
-0.001881366246379912
-0.001880324212834239
-0.001879282877780497
-0.001878242241218686
-0.001877202303148806
-0.001876162947155535
-0.001875124289654195
-0.001874086330644786
-0.001873049070127308
-0.001872012275271118
-0.001870976178906858
-0.001869940897449851
-0.001868906547315419
-0.001867873244918883
-0.001866840873844922
-0.001865809899754822
-0.001864779973402619
-0.001863751327618957
-0.001862723962403834
-0.001861697761341929
-0.001860672840848565
-0.001859649084508419
-0.001858626143075526
-0.001857604132965207
-0.001856582821346819
-0.001855562091805041
-0.00185454182792455
-0.001853521913290024
-0.001852502347901464
-0.001851483131758869
-0.001850464381277561
-0.001849446212872863
-0.001848428510129452
-0.001847411505877972
-0.001846395432949066
-0.001845380174927413
-0.001844365848228335
-0.001843352569267154
-0.001842340570874512
-0.001841329736635089
-0.001840319950133562
-0.001839311327785254
-0.00183830363675952
-0.00183729687705636
-0.001836291281506419
-0.00183528708294034
-0.001834283932112157
-0.001833282061852515
-0.001832281588576734
-0.001831282512284815
-0.001830284483730793
-0.001829287735745311
-0.001828291919082403
-0.001827297382988036
-0.001826303778216243
-0.001825311104767025
-0.001824319246225059
-0.001823327736929059
-0.00182233692612499
-0.001821346464566886
-0.001820356235839427
-0.001819366007111967
-0.001818375778384507
-0.001817385549657047
-0.001816395437344909
-0.001815405557863414
-0.001814416027627885
-0.001813426846638322
-0.001812438247725368
-0.001811450347304344
-0.001810463494621217
-0.001809477806091309
-0.001808493165299296
-0.001807509688660502
-0.001806527259759605
-0.001805546111427248
-0.001804565894417465
-0.001803586725145578
-0.001802608603611588
-0.001801631413400173
-0.001800654805265367
-0.001799678895622492
-0.001798703800886869
-0.001797729404643178
-0.001796755939722061
-0.001795783406123519
-0.001794811803847551
-0.001793841132894158
-0.001792871509678662
-0.001791902934201062
-0.00179093552287668
-0.001789969275705516
-0.001789003959856927
-0.001788039458915591
-0.001787076005712152
-0.001786112901754677
-0.001785150379873812
-0.001784188323654234
-0.001783226616680622
-0.001782265258952975
-0.001781304599717259
-0.001780344638973475
-0.001779385376721621
-0.001778427045792341
-0.001777469762600958
-0.001776513643562794
-0.001775558805093169
-0.001774605014361441
-0.001773652620613575
-0.001772701274603605
-0.00177175085991621
-0.001770801609382033
-0.001769853057339787
-0.001768905087374151
-0.001767957699485123
-0.001767010777257383
-0.00176606432069093
-0.001765118213370442
-0.001764172222465277
-0.001763226580806077
-0.001762281521223485
-0.001761336927302182
-0.001760393148288131
-0.001759450184181333
-0.001758507918566465
-0.001757566467858851
-0.001756626181304455
-0.00175568659324199
-0.001754748169332743
-0.00175381067674607
-0.001752874115481973
-0.00175193848554045
-0.001751003786921501
-0.001750069786794484
-0.001749136485159397
-0.00174820376560092
-0.001747271628119051
-0.001746340072713792
-0.001745409099385142
-0.00174447859171778
-0.00174354889895767
-0.001742619904689491
-0.001741691725328565
-0.001740764244459569
-0.001739837578497827
-0.001738911843858659
-0.001737987156957388
-0.001737063284963369
-0.001736140344291925
-0.001735218218527734
-0.001734296907670796
-0.00173337641172111
-0.001732456847093999
-0.001731538097374141
-0.001730620046146214
-0.00172970280982554
-0.001728786271996796
-0.001727870316244662
-0.00172695517539978
-0.001726041082292795
-0.001725127920508385
-0.001724215340800583
-0.001723303576000035
-0.001722392626106739
-0.001721482374705374
-0.001720572588965297
-0.001719663268886507
-0.001718754530884326
-0.001717846258543432
-0.001716938451863825
-0.00171603134367615
-0.001715124933980405
-0.001714218989945948
-0.001713313860818744
-0.00171240943018347
-0.001711505581624806
-0.001710602431558073
-0.001709700096398592
-0.001708798343315721
-0.00170789728872478
-0.001706996816210449
-0.001706096925772727
-0.001705197617411613
-0.001704299007542431
-0.001703400979749858
-0.001702503766864538
-0.001701607601717114
-0.001700712484307587
-0.0016998186474666
-0.001698926091194153
-0.001698034699074924
-0.001697144703939557
-0.001696255872957408
-0.001695367856882513
-0.001694480539299548
-0.001693594036623836
-0.001692707999609411
-0.001691822311840951
-0.001690936856903136
-0.001690051634795964
-0.001689166412688792
-0.001688281656242907
-0.00168739736545831
-0.001686513307504356
-0.001685629948042333
-0.001684747403487563
-0.001683865441009402
-0.001682984293438494
-0.001682103960774839
-0.001681224559433758
-0.001680346089415252
-0.001679468434303999
-0.001678591826930642
-0.001677716034464538
-0.001676840824075043
-0.001675966312177479
-0.001675092382356524
-0.001674219151027501
-0.001673346501775086
-0.001672474318183959
-0.001671602833084762
-0.001670731813646853
-0.001669861259870231
-0.001668991171754897
-0.001668121898546815
-0.001667253323830664
-0.001666385447606444
-0.001665518269874156
-0.001664651907049119
-0.001663786475546658
-0.001662921742536128
-0.001662057940848172
-0.001661195186898112
-0.001660333597101271
-0.001659472822211683
-0.001658612978644669
-0.001657753949984908
-0.001656895619817078
-0.001656037871725857
-0.001655180589295924
-0.001654323772527277
-0.001653467305004597
-0.001652611303143203
-0.001651755650527775
-0.001650900347158313
-0.001650045393034816
-0.001649190904572606
-0.001648336881771684
-0.001647483557462692
-0.001646630698814988
-0.001645778538659215
-0.001644927193410695
-0.001644076663069427
-0.001643227180466056
-0.001642378512769938
-0.001641530892811716
-0.001640684204176068
-0.001639838563278317
-0.001638993853703141
-0.001638149959035218
-0.001637306879274547
-0.001636464847251773
-0.001635623746551573
-0.001634783344343305
-0.001633943640626967
-0.001633104402571917
-0.001632265630178154
-0.001631427323445678
-0.001630589249543846
-0.001629751408472657
-0.001628914033062756
-0.001628077239729464
-0.001627240795642138
-0.001626405050046742
-0.001625569653697312
-0.001624734839424491
-0.001623900723643601
-0.001623067422769964
-0.001622234703972936
-0.001621402916498482
-0.001620571711100638
-0.001619741204194725
-0.001618911512196064
-0.001618082402274013
-0.001617253758013248
-0.001616425812244415
-0.001615598564967513
-0.001614771783351898
-0.001613945700228214
-0.001613120315596461
-0.001612295396625996
-0.001611470943316817
-0.001610646955668926
-0.001609823433682323
-0.001609000493772328
-0.001608178135938942
-0.001607356476597488
-0.001606535399332643
-0.00160571513697505
-0.001604895805940032
-0.001604077289812267
-0.001603259588591754
-0.001602442702278495
-0.001601626630872488
-0.001600811490789056
-0.001599997282028198
-0.001599183888174593
-0.00159837119281292
-0.001597559079527855
-0.001596747664734721
-0.001595936948433518
-0.001595126581378281
-0.001594316796399653
-0.00159350736066699
-0.001592698390595615
-0.001591890002600849
-0.00159108208026737
-0.0015902747400105
-0.001589467865414917
-0.001588661572895944
-0.00158785586245358
-0.001587050850503147
-0.001586246420629323
-0.001585442572832108
-0.001584639423526824
-0.001583836739882827
-0.001583034405484796
-0.001582232769578695
-0.001581431832164526
-0.001580631243996322
-0.001579831354320049
-0.001579031813889742
-0.001578232855536044
-0.001577434479258955
-0.001576636568643153
-0.001575839589349926
-0.001575043075717986
-0.00157424749340862
-0.001573452726006508
-0.00157265888992697
-0.001571865868754685
-0.001571073895320296
-0.001570282969623804
-0.001569492858834565
-0.001568703213706613
-0.00156791415065527
-0.001567125553265214
-0.001566337305121124
-0.001565549173392355
-0.001564761041663587
-0.001563973026350141
-0.001563185243867338
-0.001562397577799857
-0.001561610260978341
-0.001560823176987469
-0.001560036442242563
-0.001559250056743622
-0.001558464020490646
-0.001557678449898958
-0.001556893461383879
-0.001556109054945409
-0.001555324997752905
-0.001554541173391044
-0.001553757349029183
-0.001552973757497966
-0.001552189816720784
-0.001551405410282314
-0.001550620538182557
-0.001549835200421512
-0.001549049047753215
-0.001548262196592987
-0.001547474414110184
-0.001546685700304806
-0.001545895938761532
-0.00154510501306504
-0.001544312806800008
-0.001543519087135792
-0.001542723621241748
-0.001541926176287234
-0.001541126519441605
-0.001540324301458895
-0.001539519056677818
-0.00153871055226773
-0.001537898206152022
-0.001537081552669406
-0.001536260358989239
-0.001535434043034911
-0.001534602139145136
-0.001533764065243304
-0.001532919588498771
-0.001532067894004285
-0.001531208516098559
-0.001530340639874339
-0.001529463566839695
-0.00152857624925673
-0.001527677988633513
-0.001526767737232149
-0.001525843981653452
-0.001524905674159527
-0.001523951534181833
-0.001522980281151831
-0.001521990285255015
-0.001520979916676879
-0.001519947778433561
-0.001518892007879913
-0.001517810975201428
-0.001516702701337636
-0.00151556555647403
-0.001514397445134819
-0.00151319638825953
-0.00151196017395705
-0.001510686823166907
-0.001509373891167343
-0.001508019282482564
-0.001506620435975492
-0.001505175023339689
-0.001503680599853396
-0.001502134255133569
-0.001500533311627805
-0.001498874858953059
-0.001497156219556928
-0.001495374250225723
-0.00149352615699172
-0.001491608796641231
-0.001489619142375886
-0.001487554516643286
-0.001485412125475705
-0.001483189174905419
-0.001480882870964706
-0.001478490768931806
-0.001476010424084961
-0.001473439624533057
-0.001470776158384979
-0.001468018046580255
-0.001465163542889059
-0.001462211133912206
-0.001459159539081156
-0.001456007943488657
-0.001452755415812135
-0.001449401723220944
-0.00144594709854573
-0.001442392240278423
-0.001438738079741597
-0.001434986363165081
-0.001431139302439988
-0.001427199575118721
-0.00142317044083029
-0.001419055857695639
-0.001414860133081675
-0.001410588738508523
-0.001406247145496309
-0.001401841873303056
-0.001397380023263395
-0.001392869278788567
-0.001388318138197064
-0.001383735449053347
-0.00137913110665977
-0.001374515471979976
-0.001369899953715503
-0.001365296309813857
-0.001360717113129795
-0.001356175285764039
-0.001351684448309243
-0.001347258919849992
-0.001342913252301514
-0.001338662230409682
-0.001334521570242941
-0.001330506522208452
-0.001326632802374661
-0.001322916243225336
-0.001319372560828924
-0.00131601735483855
-0.001312866224907339
-0.001309934305027127
-0.001307236612774432
-0.001304787583649158
-0.001302601536735892
-0.001300691394135356
-0.001299070077948272
-0.001297749229706824
-0.001296739559620619
-0.001296050846576691
-0.001295691821724176
-0.001295670052058995
-0.001295991358347237
-0.001296660513617098
-0.001297680661082268
-0.001299053546972573
-0.001300779404118657
-0.001302856835536659
-0.001305283047258854
-0.001308053499087691
-0.001311162137426436
-0.001314601628109813
-0.001318362774327397
-0.001322435215115547
-0.001326806959696114
-0.001331464853137732
-0.001336394459940493
-0.001341579831205308
-0.001347004435956478
-0.001352650229819119
-0.001358498353511095
-0.001364529365673661
-0.001370723126456141
-0.001377058913931251
-0.001383515307679772
-0.001390071236528456
-0.001396704697981477
-0.001403394737280905
-0.001410119701176882
-0.001416858751326799
-0.001423591398634017
-0.001430297619663179
-0.001436957973055542
-0.00144355371594429
-0.001450067036785185
-0.001456481055356562
-0.00146277982275933
-0.00146894808858633
-0.001474971999414265
-0.00148083851672709
-0.001486535766161978
-0.001492053153924644
-0.001497381017543375
-0.001502510393038392
-0.00150743406265974
-0.001512145274318755
-0.001516638789325953
-0.001520910300314426
-0.001524956314824522
-0.001528774038888514
-0.001532361842691898
-0.001535719027742743
-0.001538845244795084
-0.001541741075925529
-0.001544408150948584
-0.001546848099678755
-0.001549063483253121
-0.001551057561300695
-0.001552833942696452
-0.001554397400468588
-0.001555752707645297
-0.001556906034238636
-0.001557863550260663
-0.001558632822707295
-0.001559221767820418
-0.001559639582410455
-0.001559895812533796
-0.001560001051984727
-0.001559966709464788
-0.001559805241413414
-0.001559529919177294
-0.001559154829010367
-0.001558694639243186
-0.001558165298774838
-0.001557583105750382
-0.001556965406052768
-0.001556329661980271
-0.001555693917907774
-0.001555076334625483
-0.001554495305754244
-0.001553969108499587
-0.001553515787236392
-0.001553152571432292
-0.001552896457724273
-0.001552763162180781
-0.001552767469547689
-0.001552922651171684
-0.001553240232169628
-0.001553729991428554
-0.001554399379529059
-0.001555253751575947
-0.001556296134367585
-0.00155752687714994
-0.001558943651616573
-0.001560541684739292
-0.001562313176691532
-0.001564247766509652
-0.001566332764923573
-0.00156855268869549
-0.001570889726281166
-0.001573324552737176
-0.00157583539839834
-0.001578399096615613
-0.00158099178224802
-0.001583588309586048
-0.00158616341650486
-0.001588691491633654
-0.001591147272847593
-0.001593507011421025
-0.00159574777353555
-0.001597848255187273
-0.001599789247848094
-0.001601554336957633
-0.001603129669092596
-0.001604504534043372
-0.00160567183047533
-0.001606627600267529
-0.001607371727004647
-0.00160790781956166
-0.001608243095688522
-0.001608388498425484
-0.001608358346857131
-0.001608169986866415
-0.001607843558304012
-0.001607401762157679
-0.001606869045644999
-0.001606271718628705
-0.001605636905878782
-0.001604992081411183
-0.001604364486411214
-0.001603780896402895
-0.001603267155587673
-0.001602846430614591
-0.001602540723979473
-0.001602368545718491
-0.001602345611900091
-0.001602484495379031
-0.001602793694473803
-0.001603278098627925
-0.001603938871994615
-0.001604772871360183
-0.001605773577466607
-0.00160693028010428
-0.001608229009434581
-0.001609652652405202
-0.001611181767657399
-0.001612794119864702
-0.001614466076716781
-0.001616172725334764
-0.001617888687178493
-0.001619588467292488
-0.0016212472692132
-0.001622841344214976
-0.001624348922632635
-0.001625750679522753
-0.001627029967494309
-0.001628172933124006
-0.001629169215448201
-0.001630012062378228
-0.001630698912777007
-0.00163123058155179
-0.00163161160890013
-0.001631850027479231
-0.001631957478821278
-0.001631947932764888
-0.001631838269531727
-0.001631647464819252
-0.001631395891308784
-0.001631105085834861
-0.001630796818062663
-0.001630493090488017
-0.001630214625038207
-0.001629981677979231
-0.001629812410101295
-0.001629722770303488
-0.001629725913517177
-0.001629832782782614
-0.001630050828680396
-0.001630383892916143
-0.001630832906812429
-0.001631395425647497
-0.00163206597790122
-0.001632835948839784
-0.001633694162592292
-0.001634627464227378
-0.001635620719753206
-0.001636657398194075
-0.001637720037251711
-0.001638790941797197
-0.001639852300286293
-0.0016408875817433
-0.001641880604438484
-0.001642817282117903
-0.001643685274757445
-0.001644473988562822
