0
0
0
0
0
0
0
0
0
0
0
0
0
0
0
0
0
0
0
0
0
0
0
0
0
0
0
0
0
0
0
0
0
0
0
0
0
0
0
0
0
0
0
0
0
0
0
0
0
0
0
0
0
0
0
0
0
0
0
0
0
0
0
0
0
0
0
0
0
0
0
0
0
0
0
0
0
0
0
0
0
0
0
0
0
0
0
0
0
0
0
0
0
0
0
0
0
0
0
0
0
0
0
0
0
0
0
0
0
0
0
0
0
0
0
0
0
0
0
0
0
0
0
0
0
0
0
0
0
0
0
0
0
0
0
0
0
0
0
0
0
0
0
0
0
0
0
0
0
0
0
0
0
0
0
0
0
0
0
0
0
0
0
0
0
0
0
0
0
0
0
0
0
0
0
0
0
0
0
0
0
0
0
0
0
0
0
0
0
0
0
0
0
0
0
0
0
0
0
0
0
0
0
0
0
0
0
0
0
0
0
0
0
0
0
0
0
0
0
0
0
0
0
0
0
0
0
0
0
0
0
0
0
0
0
0
0
0
0
0
0
0
0
0
0
0
0
0
0
0
0
0
0
0
0
0
0
0
0
0
0
0
0
0
0
0
0
0
0
0
0
0
0
0
0
0
0
0
0
0
0
0
0
0
0
0
0
0
0
0
0
0
0
0
0
0
0
0
0
0
0
0
0
0
0
0
0
0
0
0
0
0
0
0
0
0
0
0
0
0
0
0
0
0
0
0
0
0
0
0
0
0
0
0
0
0
0
0
0
0
0
0
0
0
0
0
0
0
0
0
0
0
0
0
0
0
0
0
0
0
0
0
0
0
0
0
0
0
0
0
0
0
0
0
0
0
0
0
0
0
0
0
0
0
0
0
0
0
0
0
0
0
0
0
0
0
0
0
0
0
0
0
0
0
0
0
0
0
0
0
0
0
0
0
0
0
0
0
0
0
0
0
0
0
0
0
0
0
0
0
0
0
0
0
0
0
0
0
0
0
0
0
0
0
0
0
0
0
0
0
0
0
0
0
0
0
0
0
0
0
0
0
0
0
0
0
0
0
0
0
0
0
0
0
0
0
0
0
0
0
0
0
0
0
0
0
0
0
0
0
0
0
0
0
0
0
0
0
0
0
0
0
0
0
0
0
0
0
0
0
0
0
0
0
0
0
0
0
0
0
0
0
0
0
0
0
0
0
0
0
0
0
0
0
0
0
0
0
0
0
0
0
0
0
0
0
0
0
0
0
0
0
0
0
0
0
0
0
0
0
0
0
0
0
0
0
0
0
0
0
0
0
0
0
0
0
0
0
0
0
0
0
0
0
0
0
0
0
0
0
0
0
0
0
0
0
0
0
0
0
0
0
0
0
0
0
0
0
0
0
0
0
0
0
0
0
0
0
0
0
0
0
0
0
0
0
0
0
0
0
0
0
0
0
0
0
0
0
0
0
0
0
0
0
0
0
0
0
0
0
0
0
0
0
0
0
0
0
0
0
0
0
0
0
0
0
0
0
0
0
0
0
0
0
0
0
0
0
0
0
0
0
0
0
0
0
0
0
0
0
0
0
0
0
0
0
0
0
0
0
0
0
0
0
0
0
0
0
0
0
0
0
0
0
0
0
0
0
0
0
0
0
0
0
0
0
0
0
0
0
0
0
0
0
0
0
0
0
0
0
0
0
0
0
0
0
0
0
0
0
0
0
0
0
0
0
0
0
0
0
0
0
0
0
0
0
0
0
0
0
0
0
0
0
0
0
0
0
0
0
0
0
0
0
0
0
0
0
0
0
0
0
0
0
0
0
0
0
0
0
0
0
0
0
0
0
0
0
0
0
0
0
0
0
0
0
0
0
0
0
0
0
0
0
0
0
0
0
0
0
0
0
0
0
0
0
0
0
0
0
0
0
0
0
0
0
0
0
0
0
0
0
0
0
0
0
0
0
0
0
0
0
0
0
0
0
0
0
0
0
0
0
0
0
0
0
0
0
0
0
0
0
0
0
0
0
0
0
0
0
0
0
0
0
0
0
0
0
0
0
0
0
0
0
0
0
0
0
0
0
0
0
0
0
0
0
0
0
0
0
0
0
0
0
0
0
0
0
0
0
0
0
0
0
0
0
0
0
0
0
0
0
0
0
0
0
0
0
0
0
0
0
0
0
0
0
0
0
0
0
0
0
0
0
0
0
0
0
0
0
0
0
0
0
0
0
0
0
0
0
0
0
0
0
0
0
0
0
0
0
0
0
0
0
0
0
0
0
0
0
0
0
0
0
0
0
0
0
0
0
0
0
0
0
0
0
0
0
0
0
0
0
0
0
0
0
0
0
0
0
0
0
0
0
0
0
0
0
0
0
0
0
0
0
0
0
0
0
0
0
0
0
0
0
0
0
0
0
0
0
0
0
0
0
0
0
0
0
0
0
0
0
0
0
0
0
0
0
0
0
0
0
0
0
0
0
0
0
0
0
0
0
0
0
0
0
0
0
0
0
0
0
0
0
0
0
0
0
0
0
0
0
0
0
0
0
0
0
0
0
0
0
0
0
0
0
0
0
0
0
0
0
0
0
0
0
0
0
0
0
0
0
0
0
0
0
0
0
0
0
0
0
0
0
0
0
0
0
0
0
0
0
0
0
0
0
0
0
0
0
0
0
0
0
0
0
0
0
0
0
0
0
0
0
0
0
0
0
0
0
0
0
0
0
0
0
0
0
0
0
0
0
0
0
0
0
0
0
0
0
0
0
0
0
0
0
0
0
0
0
0
0
0
0
0
0
0
0
0
0
0
0
0
0
0
0
0
0
0
0
0
0
0
0
0
0
0
0
0
0
0
0
0
0
0
0
0
0
0
0
0
0
0
0
0
0
0
0
0
0
0
0
0
0
0
0
0
0
0
0
0
0
0
0
0
0
0
0
0
0
0
0
0
0
0
0
0
0
0
0
0
0
0
0
0
0
0
0
0
0
0
0
0
0
0
0
0
0
0
0
0
0
0
0
0
0
0
0
0
0
0
0
0
0
0
0
0
0
0
0
0
0
0
0
0
0
0
0
0
0
0
0
0
0
0
0
0
0
0
0
0
0
0
0
0
0
0
0
0
0
0
0
0
0
0
0
0
0
0
0
0
0
0
0
0
0
0
0
0
0
0
0
0
0
0
0
0
0
0
0
0
0
0
0
0
0
0
0
0
0
0
0
0
0
0
0
0
0
0
0
0
0
0
0
0
0
0
0
0
0
0
0
0
0
0
0
0
0
0
0
0
0
0
0
0
0
0
0
0
0
0
0
0
0
0
0
0
0
0
0
0
0
0
0
0
0
0
0
0
0
0
0
0
0
0
0
0
0
0
0
0
0
0
0
0
0
0
0
0
0
0
0
0
0
0
0
0
0
0
0
0
0
0
0
0
0
0
0
0
0
0
0
0
0
0
0
0
0
0
0
0
0
0
0
0
0
0
0
0
0
0
0
0
0
0
0
0
0
0
0
0
0
0
0
0
0
0
0
0
0
0
0
0
0
0
0
0
0
0
0
0
0
0
0
0
0
0
0
0
0
0
0
0
0
0
0
0
0
0
0
0
0
0
0
0
0
0
0
0
0
0
0
0
0
0
0
0
0
0
0
0
0
0
0
0
0
0
0
0
0
0
0
0
0
0
0
0
0
0
0
0
0
0
0
0
0
0
0
0
0
0
0
0
0
0
0
0
0
0
0
0
0
0
0
0
0
0
0
0
0
0
0
0
0
0
0
0
0
0
0
0
0
0
0
0
0
0
0
0
0
0
0
0
0
0
0
0
0
0
0
0
0
0
0
0
0
0
0
0
0
0
0
0
0
0
0
0
2.802596928649634e-45
1.401298464324817e-44
3.503246160812043e-44
6.726232628759122e-44
1.163077725389598e-43
2.003856803984488e-43
3.405155268309305e-43
5.689271765158757e-43
9.304621803116785e-43
1.507797147613503e-42
2.439660626389507e-42
3.925036998573813e-42
6.297435298675728e-42
1.009495413699598e-41
1.615136609980784e-41
2.581752290672043e-41
4.120378004500692e-41
6.56634447397966e-41
1.045116420662735e-40
1.661519589149936e-40
2.638154553861117e-40
4.18378676001139e-40
6.626852541669206e-40
1.048389853875398e-39
1.656609439330941e-39
2.614537069543386e-39
4.121476622496723e-39
6.489247835069438e-39
1.020513823524584e-38
1.60297824385507e-38
2.514901946132963e-38
3.940940334845435e-38
6.168283784932153e-38
9.643062287181744e-38
1.505747552427643e-37
2.348423989143229e-37
3.658377972291954e-37
5.692313815968991e-37
8.846628139269491e-37
1.373269894228371e-36
2.129235573846593e-36
3.297476176035823e-36
5.100705244930329e-36
7.880793508711084e-36
1.216189529029148e-35
1.874668977553028e-35
2.886293216974698e-35
4.438634239295377e-35
6.817916022376601e-35
1.046038902840656e-34
1.603017743207767e-34
2.453712214227058e-34
3.751493334200884e-34
5.729020592927006e-34
8.738816940199856e-34
1.331439472164203e-33
2.026222571386416e-33
3.079996686232964e-33
4.676393503427472e-33
7.092021170055826e-33
1.074305078772819e-32
1.625489751364383e-32
2.4566321421945e-32
3.708479259206511e-32
5.591801353733079e-32
8.421862778055277e-32
1.266967559621355e-31
1.903812312879904e-31
2.857488058515584e-31
4.283973492927706e-31
6.415219512409225e-31
9.595752226440387e-31
1.433671466477569e-30
2.139556200304545e-30
3.189345630278147e-30
4.74879743732195e-30
7.062689794203727e-30
1.049207663713448e-29
1.556889868827938e-29
2.307596296291315e-29
3.416390878314612e-29
5.052210772941507e-29
7.46279858042136e-29
1.101104825237844e-28
1.622791219294358e-28
2.388933373408892e-28
3.512796310946453e-28
5.159525876484573e-28
7.569633645925787e-28
1.109298284926127e-27
1.623792943606683e-27
2.374225190868353e-27
3.467548272091776e-27
5.058627177070103e-27
7.371444476847658e-27
1.072957527619495e-26
1.559993548266741e-26
2.265549971524437e-26
3.286512243988936e-26
4.762203216357982e-26
6.892739335805051e-26
9.965228685826869e-26
1.439111307304673e-25
2.075933571148241e-25
2.991194645288947e-25
4.30514922567578e-25
6.189339060453575e-25
8.888184565976977e-25
1.274954924258323e-24
1.826794583289017e-24
2.614556013623377e-24
3.737831228216132e-24
5.337710563764004e-24
7.61384879892164e-24
1.084844356759194e-23
1.54399122254004e-23
2.195010359715078e-23
3.117042503106613e-23
4.42143820938585e-23
6.264683343004938e-23
8.86644568935353e-23
1.253473220234283e-22
1.770091285087557e-22
2.496844981913902e-22
3.518057104376455e-22
4.951419136211461e-22
6.96100707751118e-22
9.775301804589521e-22
1.371210394794157e-21
1.921294387871156e-21
2.689055119278355e-21
3.759425620231623e-21
5.250001852877911e-21
7.323415280463387e-21
1.020432056409793e-20
1.420269757988402e-20
1.97457657271597e-20
2.742164799806948e-20
3.803904430394177e-20
5.270867564608918e-20
7.295435088450214e-20
1.008641549974258e-19
1.392961294793759e-19
1.921577527594307e-19
2.647849860234108e-19
3.644562690293527e-19
5.010881273038777e-19
6.881758057456353e-19
9.440636112510316e-19
1.293658469051921e-18
1.770739333437672e-18
2.421063354352881e-18
3.306542208912574e-18
4.510850799545625e-18
6.14694332723314e-18
8.367125456237212e-18
1.137652598435211e-17
1.545109360469644e-17
2.096162360737568e-17
2.84057726643201e-17
3.845070329858434e-17
5.198976064555833e-17
7.021778063029532e-17
9.473099353317357e-17
1.276593265657906e-16
1.718416635904284e-16
2.310572737118335e-16
3.103315637013963e-16
4.163392193579297e-16
5.579349907631321e-16
7.468520841814885e-16
9.986196575608244e-16
1.333767301383302e-15
1.779402769878577e-15
2.371277841442597e-15
3.156490300799779e-15
4.197011407711853e-15
5.574285709397924e-15
7.395228669075746e-15
9.800020427867644e-15
1.297224521269562e-14
1.715204448740279e-14
2.265316772598162e-14
2.98850537144759e-14
3.938138064350089e-14
5.183694931089854e-14
6.815522538700103e-14
8.950964427122121e-14
1.17422469859442e-13
1.538661098489033e-13
2.01393209834505e-13
2.633034036029352e-13
3.438567789879055e-13
4.485468257670738e-13
5.84449155738298e-13
7.606662153457344e-13
9.888935373694729e-13
1.284140979315729e-12
1.665647762945366e-12
2.158045226893779e-12
2.792829769532323e-12
3.61022691776347e-12
4.661548924644876e-12
6.012169928570898e-12
7.745279244353309e-12
9.966607400491156e-12
1.281036648287381e-11
1.644671725198332e-11
2.109113231285598e-11
2.701612718258861e-11
3.456593344886016e-11
4.41748408686049e-11
5.639007316649014e-11
7.190031903192562e-11
9.15711811932951e-11
1.164893598248895e-10
1.480172789891654e-10
1.878610877970033e-10
2.381545516350059e-10
3.015629412850274e-10
3.814112081723664e-10
4.818420662466849e-10
6.08010530811498e-10
7.663231715859808e-10
9.647320720063135e-10
1.213094291685479e-09
1.523613679665914e-09
1.911379499119903e-09
2.39502506715894e-09
2.997530001991322e-09
3.747197219183818e-09
4.678842202565647e-09
5.835232741446816e-09
7.268842416863208e-09
9.043963800081656e-09
1.123926551827026e-08
1.395088666811262e-08
1.729615561885112e-08
2.141807620148484e-08
2.649070651727925e-08
3.272561954759112e-08
4.03796569514725e-08
4.976416789759242e-08
6.125609530727161e-08
7.531116352765821e-08
9.247960264247013e-08
1.134248179823771e-07
1.389455803746387e-07
1.700023091188996e-07
2.077481866535891e-07
2.535659859859152e-07
3.091113285336178e-07
3.76363914256217e-07
4.576873777750734e-07
5.558999873755965e-07
6.743571248080116e-07
8.170482033165172e-07
9.887091891869204e-07
1.194954506900103e-06
1.442430061615596e-06
1.7389917275068e-06
2.093911234624102e-06
2.518115479688277e-06
3.024463694600854e-06
3.628064405347686e-06
4.346644345787354e-06
5.200968189456034e-06
6.215324901859276e-06
7.418080258503323e-06
8.842310307954904e-06
1.052652351063443e-05
1.251548019354232e-05
1.486113069404382e-05
1.762366809998639e-05
2.087272514472716e-05
2.468873026373331e-05
2.916441917477641e-05
3.440655200392939e-05
4.05378159484826e-05
4.769897350342944e-05
5.605126352747902e-05
6.577904423465952e-05
7.709274359513074e-05
9.023214079206809e-05
0.0001054699678206816
0.0001231158967129886
0.000143520868732594
0.0001670819328865036
0.0001942474045790732
0.000225522555410862
0.0002614757977426052
0.0003027453494723886
0.0003500463499221951
0.0004041786014568061
0.0004660346894524992
0.0005366089171729982
0.0006170063279569149
0.0007084527751430869
0.0008123047882691026
0.0009300605161115527
0.001063370844349265
0.001214050455018878
0.001384089584462345
0.001575666363351047
0.001791158108972013
0.002033153083175421
0.002304461551830173
0.002608127892017365
0.00294744037091732
0.003325940808281302
0.003747432958334684
0.004215989727526903
0.00473595829680562
0.005311965476721525
0.005948916543275118
0.006651993375271559
0.007426651660352945
0.008278612047433853
0.009213848970830441
0.01023857295513153
0.01135921292006969
0.01258238684386015
0.0139148710295558
0.01536356471478939
0.01693544536828995
0.01863752119243145
0.02047677151858807
0.02246009185910225
0.02459421195089817
0.0268856342881918
0.02934053353965282
0.03196468204259872
0.03476335108280182
0.03774121031165123
0.04090222343802452
0.0442495234310627
0.04778533056378365
0.05151081457734108
0.05542600527405739
0.05952965095639229
0.06381913274526596
0.0682903453707695
0.07293763011693954
0.07775367051362991
0.08272939920425415
0.08785394579172134
0.09311462938785553
0.0984969288110733
0.1039844378829002
0.1095588952302933
0.1152002587914467
0.1208867803215981
0.1265950947999954
0.1323003470897675
0.1379763931035995
0.1435959935188293
0.1491309404373169
0.1545524895191193
0.1598314791917801
0.164938747882843
0.1698454618453979
0.1745234578847885
0.1789455711841583
0.183086022734642
0.1869208961725235
0.1904284507036209
0.1935894787311554
0.1963877230882645
0.1988101303577423
0.2008472084999084
0.2024932950735092
0.2037467509508133
0.2046101689338684
0.2050904482603073
0.2051988393068314
0.2049508988857269
0.2043664455413818
0.2034693956375122
0.2022874504327774
0.2008517980575562
0.1991967707872391
0.1973593533039093
0.1953785717487335
0.1932950019836426
0.1911500990390778
0.188985601067543
0.1868427395820618
0.1847615838050842
0.1827801913022995
0.1809341162443161
0.1792555600404739
0.1777728199958801
0.1765097379684448
0.1754850894212723
0.1747121810913086
0.1741986572742462
0.1739460974931717
0.1739499866962433
0.1741996854543686
0.1746786385774612
0.1753646731376648
0.1762302368879318
0.1772430390119553
0.1783665716648102
0.1795610040426254
0.1807837933301926
0.1819907575845718
0.1831368505954742
0.1841773092746735
0.1850685030221939
0.1857689619064331
0.1862403601408005
0.1864483505487442
0.1863633543252945
0.1859613209962845
0.1852242201566696
0.1841404885053635
0.1827054172754288
0.1809210777282715
0.1787964552640915
0.1763471215963364
0.1735949218273163
0.1705674380064011
0.1672973483800888
0.1638215631246567
0.1601803600788116
0.1564164459705353
0.1525739580392838
0.1486973911523819
0.1448305696249008
0.1410156637430191
0.137292206287384
0.1336963325738907
0.1302600055932999
0.1270104199647903
0.1239695474505424
0.1211538463830948
0.1185741648077965
0.116235725581646
0.1141383722424507
0.1122768968343735
0.1106415241956711
0.1092185378074646
0.1079909577965736
0.1069393008947372
0.1060424074530602
0.105278268456459
0.1046248003840446
0.104060634970665
0.1035657450556755
0.1031220704317093
0.1027139723300934
0.1023285686969757
0.1019559502601624
0.1015892326831818
0.1012244522571564
0.1008603945374489
0.1004982218146324
0.1001410484313965
0.09979341924190521
0.09946075081825256
0.09914872795343399
0.09886271506547928
0.09860719740390778
0.09838530421257019
0.0981983095407486
0.09804541617631912
0.09792349487543106
0.09782703965902328
0.09774824976921082
0.09767722338438034
0.09760227799415588
0.09751042723655701
0.09738785773515701
0.09722055494785309
0.09699501097202301
0.09669878333806992
0.09632118791341782
0.09585387259721756
0.09529134631156921
0.09463133662939072
0.09387511014938354
0.09302756190299988
0.09209724515676498
0.09109614789485931
0.09003935754299164
0.08894462138414383
0.08783169835805893
0.08672167360782623
0.0856361910700798
0.08459661900997162
0.08362320065498352
0.08273430168628693
0.08194559812545776
0.08126947283744812
0.08071450889110565
0.08028507977724075
0.07998117059469223
0.07979836314916611
0.079727903008461
0.07975714653730392
0.07986997067928314
0.08004742115736008
0.08026847243309021
0.08051085472106934
0.08075195550918579
0.0809696763753891
0.08114338666200638
0.08125463128089905
0.08128791302442551
0.0812312439084053
0.08107657730579376
0.08082011342048645
0.08046231418848038
0.08000782132148743
0.07946522533893585
0.07884657382965088
0.07816679775714874
0.07744301855564117
0.07669379562139511
0.07593828439712524
0.07519540935754776
0.07448305934667587
0.07381735742092133
0.07321202009916306
0.07267780601978302
0.07222218066453934
0.07184905558824539
0.07155875861644745
0.07134811580181122
0.07121072709560394
0.07113736122846603
0.07111644744873047
0.07113467156887054
0.07117767632007599
0.07123072445392609
0.0712793692946434
0.0713101327419281
0.07131104916334152
0.07127215713262558
0.0711858794093132
0.07104726880788803
0.07085414975881577
0.07060705125331879
0.07030909508466721
0.06996572017669678
0.06958432495594025
0.06917381286621094
0.06874410063028336
0.068305604159832
0.06786870956420898
0.06744326651096344
0.06703814119100571
0.06666082888841629
0.06631715595722198
0.06601107120513916
0.06574456393718719
0.06551764905452728
0.06532847136259079
0.06517347693443298
0.0650477334856987
0.06494518369436264
0.0648590624332428
0.06478225439786911
0.06470764428377151
0.06462852656841278
0.06453888118267059
0.06443368643522263
0.06430907547473907
0.0641624927520752
0.06399272382259369
0.06379994004964828
0.0635855421423912
0.06335204839706421
0.06310290843248367
0.06284221261739731
0.06257451325654984
0.06230450049042702
0.06203676015138626
0.06177554279565811
0.06152453646063805
0.06128671765327454
0.06106423586606979
0.0608583427965641
0.06066937744617462
0.06049681082367897
0.06033932417631149
0.06019491702318192
0.06006107479333878
0.05993494763970375
0.0598134808242321
0.05969364568591118
0.05957258492708206
0.0594477616250515
0.05931707844138145
0.05917896702885628
0.05903244018554688
0.05887710675597191
0.058713149279356
0.05854130163788795
0.05836274102330208
0.05817900225520134
0.0579918771982193
0.05780329555273056
0.05761517956852913
0.05742935463786125
0.05724744871258736
0.05707079917192459
0.05690040811896324
0.05673690140247345
0.05658050626516342
0.05643108114600182
0.05628812685608864
0.05615086108446121
0.05601826682686806
0.05588916689157486
0.05576230958104134
0.0556364506483078
0.05551041290163994
0.05538318306207657
0.05525390803813934
0.05512198433279991
0.05498706549406052
0.0548490434885025
0.05470806732773781
0.05456450954079628
0.0544189065694809
0.05427194759249687
0.05412439629435539
0.05397705361247063
0.05383069440722466
0.05368604138493538
0.05354368314146996
0.05340410023927689
0.05326759070158005
0.05313428491353989
0.05300414934754372
0.05287699028849602
0.05275249481201172
0.0526302382349968
0.05250972136855125
0.05239041894674301
0.05227179825305939
0.05215336754918098
0.05203469842672348
0.05191545188426971
0.05179537832736969
0.05167435854673386
0.05155237019062042
0.05142951011657715
0.05130596458911896
0.05118198692798615
0.05105788633227348
0.05093399062752724
0.05081064999103546
0.05068816989660263
0.05056682601571083
0.05044683068990707
0.05032831057906151
0.0502113439142704
0.05009591206908226
0.04998192936182022
0.04986924678087234
0.04975765570998192
0.04964691027998924
0.04953676089644432
0.04942693561315536
0.04931719973683357
0.04920731857419014
0.04909712448716164
0.04898646473884583
0.04887524247169495
0.04876339808106422
0.04865092411637306
0.04853782430291176
0.048424132168293
0.04830989986658096
0.04819514229893684
0.04807987436652184
0.04796406254172325
0.04784763231873512
0.0477304644882679
0.04761237651109695
0.04749311506748199
0.04737235978245735
0.04724973812699318
0.04712481051683426
0.0469970703125
0.04686596617102623
0.0467308983206749
0.04659120365977287
0.04644619300961494
0.04629511386156082
0.04613718017935753
0.04597152769565582
0.04579723998904228
0.04561333358287811
0.04541873186826706
0.0452122651040554
0.04499265551567078
0.04475849121809006
0.04450822621583939
0.04424017667770386
0.04395248368382454
0.04364311322569847
0.04330985993146896
0.04295032098889351
0.04256189987063408
0.04214179888367653
0.04168701171875
0.04119433462619781
0.04066035151481628
0.04008142650127411
0.03945374861359596
0.03877329081296921
0.03803582116961479
0.03723691031336784
0.03637193888425827
0.03543609380722046
0.03442439809441566
0.03333169594407082
0.0321526937186718
0.03088195249438286
0.02951392531394958
0.02804297581315041
0.02646341547369957
0.02476952038705349
0.02295559458434582
0.02101600356400013
0.01894521526992321
0.01673787087202072
0.01438882574439049
0.01189322490245104
0.009246565401554108
0.006444761529564857
0.003484215354546905
0.0003618992341216654
-0.002924576168879867
-0.006376879755407572
-0.009995887987315655
-0.01378160994499922
-0.01773310825228691
-0.02184843458235264
-0.02612455002963543
-0.03055727668106556
-0.0351412259042263
-0.0398697555065155
-0.04473491758108139
-0.0497274287045002
-0.05483664199709892
-0.06005053967237473
-0.06535571813583374
-0.07073742896318436
-0.07617958635091782
-0.0816648006439209
-0.08717450499534607
-0.09268895536661148
-0.09818737953901291
-0.1036480814218521
-0.1090485900640488
-0.1143657937645912
-0.119576096534729
-0.1246556788682938
-0.1295806467533112
-0.1343272477388382
-0.1388721317052841
-0.1431926041841507
-0.1472668051719666
-0.1510740369558334
-0.1545950174331665
-0.157812088727951
-0.1607095003128052
-0.1632736325263977
-0.1654932200908661
-0.1673596054315567
-0.1688668727874756
-0.1700120568275452
-0.1707952320575714
-0.1712195873260498
-0.1712915748357773
-0.171020895242691
-0.1704204380512238
-0.1695061922073364
-0.1682971715927124
-0.1668152660131454
-0.1650849431753159
-0.1631330847740173
-0.16098852455616
-0.1586818397045135
-0.1562448590993881
-0.1537102609872818
-0.1511111110448837
-0.1484803110361099
-0.1458501517772675
-0.1432517617940903
-0.1407146602869034
-0.1382661908864975
-0.1359310895204544
-0.1337309926748276
-0.1316841095685959
-0.1298048049211502
-0.1281033307313919
-0.1265856176614761
-0.1252531111240387
-0.1241027042269707
-0.1231268122792244
-0.1223134770989418
-0.1216465383768082
-0.1211059615015984
-0.1206682249903679
-0.1203067749738693
-0.1199925616383553
-0.1196946576237679
-0.1193809509277344
-0.1190187931060791
-0.1185758039355278
-0.1180205494165421
-0.1173233538866043
-0.1164569705724716
-0.1153973117470741
-0.1141240745782852
-0.1126213222742081
-0.1108779534697533
-0.1088881343603134
-0.1066515147686005
-0.1041734889149666
-0.1014651358127594
-0.0985431894659996
-0.09542978554964066
-0.09215211123228073
-0.08874195069074631
-0.08523506671190262
-0.08167049288749695
-0.07808971405029297
-0.07453581690788269
-0.07105255872011185
-0.06768340617418289
-0.06447054445743561
-0.06145390868186951
-0.05867030471563339
-0.05615248158574104
-0.05392837524414062
-0.05202043056488037
-0.05044503509998322
-0.04921212047338486
-0.04832489043474197
-0.04777971655130386
-0.04756621643900871
-0.0476674772799015
-0.04806044697761536
-0.04871648177504539
-0.04960202053189278
-0.05067938938736916
-0.05190770328044891
-0.05324386060237885
-0.05464356392621994
-0.05606238543987274
-0.05745683237910271
-0.0587853342294693
-0.06000925227999687
-0.06109374016523361
-0.06200847774744034
-0.06272837519645691
-0.06323400884866714
-0.06351201981306076
-0.06355524063110352
-0.0633627325296402
-0.06293962150812149
-0.0622967816889286
-0.06145036965608597
-0.06042120978236198
-0.05923410877585411
-0.0579170361161232
-0.05650027468800545
-0.05501549318432808
-0.05349482595920563
-0.0519699938595295
-0.05047140643000603
-0.04902738705277443
-0.04766346141695976
-0.04640176147222519
-0.04526054114103317
-0.04425384104251862
-0.04339126497507095
-0.04267793521285057
-0.04211457446217537
-0.04169770330190659
-0.04141996428370476
-0.04127058386802673
-0.04123584553599358
-0.04129971191287041
-0.04144442081451416
-0.04165115207433701
-0.04190066829323769
-0.04217393323779106
-0.04245269298553467
-0.04271997883915901
-0.04296056553721428
-0.04316134005784988
-0.04331153631210327
-0.04340292513370514
-0.04342986270785332
-0.04338927939534187
-0.04328056797385216
-0.04310538992285728
-0.04286742582917213
-0.04257209599018097
-0.04222617670893669
-0.04183749109506607
-0.04141451790928841
-0.04096604883670807
-0.04050085693597794
-0.04002740606665611
-0.03955358639359474
-0.03908652067184448
-0.03863240405917168
-0.03819639608263969
-0.03778259828686714
-0.03739401698112488
-0.03703263774514198
-0.03669948130846024
-0.03639473021030426
-0.03611782565712929
-0.03586763143539429
-0.03564253449440002
-0.03544060885906219
-0.03525971621274948
-0.03509760275483131
-0.03495200350880623
-0.03482067584991455
-0.03470145538449287
-0.03459227457642555
-0.03449114784598351
-0.03439618274569511
-0.03430554270744324
-0.03421743214130402
-0.03413006290793419
-0.03404165804386139
-0.03395042568445206
-0.03385457769036293
-0.03375235572457314
-0.03364204615354538
-0.03352203592658043
-0.03339088335633278
-0.03324737399816513
-0.03309058025479317
-0.03291995823383331
-0.03273538127541542
-0.03253720700740814
-0.03232628852128983
-0.03210399299860001
-0.03187219053506851
-0.03163321688771248
-0.03138981387019157
-0.03114501945674419
-0.03090208396315575
-0.03066432476043701
-0.03043499402701855
-0.03021714463829994
-0.03001347742974758
-0.02982622012495995
-0.02965701371431351
-0.02950682677328587
-0.02937588468194008
-0.02926366217434406
-0.02916887775063515
-0.0290895439684391
-0.02902304567396641
-0.02896625548601151
-0.02891566418111324
-0.02886754646897316
-0.02881812304258347
-0.02876375615596771
-0.02870109677314758
-0.02862725034356117
-0.02853991650044918
-0.02843749523162842
-0.02831915579736233
-0.02818487398326397
-0.02803543023765087
-0.02787235751748085
-0.02769786864519119
-0.0275147333741188
-0.02732614241540432
-0.02713552862405777
-0.02694641426205635
-0.0267622135579586
-0.02658607997000217
-0.02642073854804039
-0.0262683629989624
-0.02613047137856483
-0.02600786276161671
-0.02590059489011765
-0.02580798789858818
-0.02572868205606937
-0.02566071785986423
-0.02560165338218212
-0.02554870769381523
-0.02549890242516994
-0.0254492312669754
-0.02539681829512119
-0.02533905580639839
-0.0252737570554018
-0.02519922889769077
-0.02511437796056271
-0.02501872926950455
-0.02491244301199913
-0.02479628473520279
-0.02467156015336514
-0.02454002946615219
-0.02440379559993744
-0.02426518127322197
-0.0241265781223774
-0.0239903274923563
-0.02385859191417694
-0.0237332358956337
-0.02361573092639446
-0.02350709028542042
-0.02340783178806305
-0.02331795543432236
-0.02323697693645954
-0.02316397055983543
-0.02309762500226498
-0.02303634956479073
-0.02297836914658546
-0.0229218378663063
-0.0228649377822876
-0.02280599065124989
-0.02274354733526707
-0.02267645858228207
-0.02260393090546131
-0.02252556011080742
-0.02244133315980434
-0.02235161513090134
-0.02225710451602936
-0.0221587885171175
-0.02205785922706127
-0.02195563912391663
-0.02185349725186825
-0.02175275608897209
-0.02165462262928486
-0.02156011946499348
-0.02147002704441547
-0.02138485200703144
-0.02130481041967869
-0.0212298147380352
-0.02115951664745808
-0.02109332010149956
-0.02103044465184212
-0.02096997015178204
-0.02091091312468052
-0.02085227705538273
-0.0207931324839592
-0.02073265053331852
-0.02067016437649727
-0.02060519717633724
-0.02053748071193695
-0.02046696655452251
-0.02039380557835102
-0.02031834609806538
-0.02024107985198498
-0.02016262151300907
-0.02008364535868168
-0.02000485546886921
-0.01992692425847054
-0.01985046081244946
-0.01977596804499626
-0.01970381662249565
-0.01963423565030098
-0.01956729590892792
-0.01950291730463505
-0.01944088190793991
-0.01938086561858654
-0.01932244561612606
-0.01926515065133572
-0.01920848526060581
-0.0191519670188427
-0.01909515634179115
-0.01903769187629223
-0.01897929795086384
-0.0189197976142168
-0.0188591331243515
-0.01879734173417091
-0.01873456686735153
-0.01867102831602097
-0.01860700733959675
-0.0185428261756897
-0.01847882010042667
-0.01841531693935394
-0.01835260540246964
-0.01829092763364315
-0.01823046803474426
-0.01817132160067558
-0.01811352372169495
-0.01805703341960907
-0.01800173707306385
-0.01794747449457645
-0.01789404079318047
-0.01784121431410313
-0.01778876595199108
-0.01773647218942642
-0.01768413744866848
-0.01763160340487957
-0.01757876016199589
-0.01752554811537266
-0.01747195422649384
-0.01741801388561726
-0.01736381091177464
-0.01730945892632008
-0.01725509576499462
-0.01720086671411991
-0.01714692637324333
-0.01709341257810593
-0.0170404426753521
-0.0169881097972393
-0.01693646796047688
-0.01688554137945175
-0.01683531887829304
-0.01678575947880745
-0.01673679240047932
-0.01668833009898663
-0.01664027199149132
-0.01659251376986504
-0.01654495112597942
-0.01649750024080276
-0.01645008660852909
-0.01640265993773937
-0.01635519042611122
-0.01630767807364464
-0.01626013778150082
-0.01621261052787304
-0.01616514287889004
-0.01611779630184174
-0.01607063598930836
-0.01602372527122498
-0.01597712561488152
-0.01593088172376156
-0.01588502898812294
-0.015839584171772
-0.01579456031322479
-0.01574993692338467
-0.01570569537580013
-0.01566180028021336
-0.01561820972710848
-0.01557487901300192
-0.01553176250308752
-0.01548882015049458
-0.01544601377099752
-0.015403320081532
-0.01536071952432394
-0.01531820837408304
-0.01527578849345446
-0.01523347292095423
-0.0151912784203887
-0.01514922827482224
-0.0151073494926095
-0.01506566908210516
-0.015024209395051
-0.01498299371451139
-0.01494203601032495
-0.01490134652704
-0.01486092898994684
-0.01482077874243259
-0.01478088460862637
-0.01474123355001211
-0.01470180694013834
-0.01466258428990841
-0.0146235479041934
-0.01458468101918697
-0.01454596593976021
-0.01450739335268736
-0.01446895394474268
-0.01443064492195845
-0.01439246721565723
-0.01435442175716162
-0.01431651879101992
-0.01427876856178045
-0.01424118131399155
-0.01420376636087894
-0.01416653394699097
-0.01412949338555336
-0.01409264747053385
-0.01405599899590015
-0.01401954982429743
-0.01398329436779022
-0.01394722983241081
-0.01391134783625603
-0.01387564092874527
-0.01384009886533022
-0.01380471512675285
-0.01376947853714228
-0.01373438630253077
-0.01369943376630545
-0.01366461720317602
-0.01362993568181992
-0.01359538733959198
-0.01356097776442766
-0.01352670975029469
-0.01349258609116077
-0.01345860864967108
-0.01342478394508362
-0.01339111384004354
-0.01335760112851858
-0.01332424581050873
-0.01329104788601398
-0.01325800642371178
-0.01322511769831181
-0.0131923807784915
-0.01315979100763798
-0.01312734186649323
-0.01309503428637981
-0.0130628626793623
-0.01303082425147295
-0.01299891620874405
-0.01296713761985302
-0.01293548569083214
-0.01290396321564913
-0.01287256833165884
-0.01284130197018385
-0.0128101659938693
-0.01277916040271521
-0.0127482870593667
-0.0127175459638238
-0.01268693804740906
-0.01265646331012249
-0.01262612082064152
-0.01259591057896614
-0.01256582885980606
-0.0125358747318387
-0.01250604633241892
-0.01247634179890156
-0.01244675740599632
-0.01241729222238064
-0.01238794717937708
-0.01235871948301792
-0.01232960913330317
-0.01230061613023281
-0.01227173954248428
-0.01224298030138016
-0.01221433654427528
-0.01218580827116966
-0.01215739641338587
-0.01212910003960133
-0.01210091821849346
-0.01207285281270742
-0.01204490289092064
-0.01201706845313311
-0.01198934763669968
-0.01196173671633005
-0.01193423755466938
-0.01190684828907251
-0.01187956798821688
-0.0118523957207799
-0.01182532869279385
-0.0117983678355813
-0.01177151314914227
-0.01174476370215416
-0.01171811763197184
-0.01169157493859529
-0.01166513562202454
-0.01163880154490471
-0.01161257084459066
-0.0115864435210824
-0.0115604205057025
-0.01153449807316065
-0.01150867715477943
-0.0114829558879137
-0.01145733520388603
-0.01143181230872869
-0.01140638720244169
-0.01138105895370245
-0.01135582849383354
-0.01133069489151239
-0.01130565907806158
-0.01128071825951338
-0.01125587336719036
-0.01123112346976995
-0.01120646856725216
-0.01118190586566925
-0.0111574362963438
-0.01113306079059839
-0.01110877841711044
-0.01108458824455738
-0.01106048934161663
-0.01103647984564304
-0.01101255975663662
-0.01098872814327478
-0.01096498593688011
-0.01094133127480745
-0.01091776415705681
-0.0108942836523056
-0.01087089162319899
-0.01084758620709181
-0.01082436740398407
-0.0108012342825532
-0.01077818870544434
-0.01075522694736719
-0.01073235273361206
-0.01070956233888865
-0.01068685669451952
-0.01066423580050468
-0.01064169872552156
-0.01061924453824759
-0.01059687230736017
-0.01057458110153675
-0.0105523718520999
-0.01053024083375931
-0.01050818897783756
-0.01048621628433466
-0.01046431995928288
-0.01044250372797251
-0.01042076386511326
-0.01039910316467285
-0.01037751976400614
-0.01035601366311312
-0.01033458486199379
-0.01031323336064816
-0.01029195822775364
-0.01027075853198767
-0.01024963520467281
-0.0102285873144865
-0.01020761486142874
-0.01018671598285437
-0.01016589254140854
-0.01014514267444611
-0.01012446545064449
-0.01010385900735855
-0.01008332520723343
-0.0100628612563014
-0.0100424699485302
-0.01002214848995209
-0.01000189688056707
-0.009981715120375156
-0.00996160414069891
-0.009941562078893185
-0.009921591728925705
-0.009901690296828747
-0.009881858713924885
-0.009862097911536694
-0.009842404164373875
-0.009822778403759003
-0.009803221561014652
-0.009783732704818249
-0.009764309972524643
-0.009744953364133835
-0.00972566194832325
-0.009706436656415462
-0.009687276557087898
-0.009668181650340557
-0.00964915007352829
-0.009630182757973671
-0.009611278772354126
-0.009592439979314804
-0.009573664516210556
-0.009554953314363956
-0.009536303579807281
-0.009517715312540531
-0.00949918944388628
-0.009480725042521954
-0.009462322108447552
-0.0094439797103405
-0.009425699710845947
-0.009407478384673595
-0.009389318525791168
-0.009371217340230942
-0.00935317762196064
-0.009335198439657688
-0.009317280724644661
-0.009299423545598984
-0.009281626902520657
-0.009263889864087105
-0.009246210567653179
-0.009228590875864029
-0.009211029857397079
-0.009193524718284607
-0.009176075458526611
-0.009158683009445667
-0.009141347371041775
-0.00912406574934721
-0.009106839075684547
-0.009089667350053787
-0.009072551503777504
-0.009055490605533123
-0.009038484655320644
-0.009021534584462643
-0.009004638530313969
-0.008987798355519772
-0.008971013128757477
-0.00895428191870451
-0.008937603794038296
-0.008920978754758835
-0.008904406800866127
-0.008887887932360172
-0.008871421217918396
-0.008855003863573074
-0.008838638663291931
-0.008822324685752392
-0.008806063793599606
-0.008789852261543274
-0.008773691952228546
-0.008757584728300571
-0.008741527795791626
-0.00872552115470171
-0.008709564805030823
-0.00869365967810154
-0.008677803911268711
-0.008661999367177486
-0.008646245114505291
-0.008630541153252125
-0.008614885620772839
-0.008599280379712582
-0.008583723567426205
-0.008568217046558857
-0.00855275709182024
-0.008537344634532928
-0.008521978743374348
-0.008506660349667072
-0.008491387590765953
-0.008476161397993565
-0.008460981771349907
-0.008445847779512405
-0.008430760353803635
-0.008415717631578445
-0.008400721475481987
-0.008385771885514259
-0.008370867930352688
-0.008356010541319847
-0.008341197855770588
-0.00832643173635006
-0.008311710320413113
-0.008297032676637173
-0.008282397873699665
-0.008267806842923164
-0.008253259584307671
-0.008238755166530609
-0.00822429358959198
-0.008209875784814358
-0.008195501752197742
-0.008181171491742134
-0.008166884072124958
-0.008152640424668789
-0.008138440549373627
-0.008124281652271748
-0.008110163733363152
-0.008096089586615562
-0.008082058280706406
-0.008068067952990532
-0.008054118603467941
-0.008040211163461208
-0.008026343770325184
-0.008012517355382442
-0.00799873098731041
-0.007984984666109085
-0.007971278391778469
-0.007957612164318562
-0.007943986915051937
-0.007930400781333447
-0.007916855625808239
-0.007903351448476315
-0.007889887318015099
-0.007876463234424591
-0.007863080129027367
-0.007849737070500851
-0.007836432196199894
-0.007823165506124496
-0.007809937000274658
-0.007796745281666517
-0.007783590815961361
-0.007770473603159189
-0.007757392711937428
-0.007744348607957363
-0.007731341756880283
-0.007718372624367476
-0.007705440744757652
-0.007692546118050814
-0.00767968874424696
-0.00766686862334609
-0.007654086221009493
-0.007641339674592018
-0.007628629449754953
-0.007615956012159586
-0.007603319361805916
-0.007590718101710081
-0.007578151300549507
-0.007565619889646769
-0.007553123869001865
-0.00754066277295351
-0.007528237067162991
-0.007515844888985157
-0.007503486704081297
-0.007491162978112698
-0.007478874176740646
-0.007466619834303856
-0.007454400882124901
-0.007442214991897345
-0.007430063560605049
-0.00741794565692544
-0.007405860815197229
-0.00739380856975913
-0.007381787989288568
-0.007369800005108118
-0.007357846014201641
-0.007345926016569138
-0.00733403954654932
-0.007322186138480902
-0.007310366258025169
-0.00729858037084341
-0.00728682754561305
-0.007275107316672802
-0.007263419684022665
-0.007251764182001352
-0.007240142207592726
-0.007228551432490349
-0.007216991391032934
-0.007205462548881769
-0.007193965371698141
-0.007182499393820763
-0.007171065546572208
-0.007159662432968616
-0.007148290984332561
-0.007136950269341469
-0.007125640287995338
-0.00711436104029417
-0.007103112060576677
-0.007091892883181572
-0.007080704439431429
-0.007069546263664961
-0.007058417424559593
-0.007047318853437901
-0.007036249153316021
-0.007025208324193954
-0.007014196366071701
-0.007003213278949261
-0.006992259994149208
-0.006981335580348969
-0.006970440037548542
-0.006959572900086641
-0.006948734633624554
-0.006937923841178417
-0.006927140988409519
-0.006916385143995285
-0.006905657239258289
-0.006894957739859819
-0.006884287111461163
-0.006873645354062319
-0.006863032467663288
-0.006852447055280209
-0.006841890979558229
-0.006831363309174776
-0.006820864509791136
-0.006810394115746021
-0.006799952127039433
-0.006789538078010082
-0.006779151502996683
-0.006768791936337948
-0.006758459378033876
-0.006748152896761894
-0.006737872958183289
-0.006727619096636772
-0.00671739038079977
-0.006707187741994858
-0.006697011180222034
-0.006686859764158726
-0.006676734425127506
-0.006666634231805801
-0.006656560115516186
-0.006646511144936085
-0.006636487785726786
-0.006626489572227001
-0.006616516970098019
-0.006606570445001125
-0.006596648599952459
-0.006586752366274595
-0.006576881278306246
-0.006567035801708698
-0.006557215470820665
-0.006547420285642147
-0.006537649780511856
-0.006527904886752367
-0.006518184673041105
-0.006508490070700645
-0.006498820148408413
-0.00648917444050312
-0.006479552946984768
-0.006469956133514643
-0.006460384465754032
-0.006450837012380362
-0.006441314239054918
-0.006431816145777702
-0.006422341801226139
-0.006412892136722803
-0.00640346622094512
-0.006394063588231802
-0.006384685169905424
-0.006375330500304699
-0.006365998648107052
-0.006356689613312483
-0.006347403395920992
-0.006338139995932579
-0.00632889848202467
-0.006319679319858551
-0.006310482509434223
-0.006301307585090399
-0.006292154081165791
-0.006283021997660398
-0.00627391180023551
-0.006264823954552412
-0.006255757994949818
-0.006246713921427727
-0.006237692665308714
-0.006228693760931492
-0.006219717673957348
-0.006210764404386282
-0.006201833952218294
-0.006192925851792097
-0.006184040103107691
-0.006175175774842501
-0.006166332866996527
-0.006157511845231056
-0.006148712709546089
-0.006139934994280338
-0.006131178699433804
-0.006122443825006485
-0.006113729439675808
-0.006105035077780485
-0.006096361670643091
-0.006087708286941051
-0.006079076323658228
-0.006070464383810759
-0.006061872467398643
-0.00605330104008317
-0.006044750101864338
-0.00603621918708086
-0.006027710158377886
-0.006019221153110266
-0.006010752636939287
-0.00600230460986495
-0.005993876606225967
-0.005985469091683626
-0.005977081600576639
-0.005968715064227581
-0.005960369482636452
-0.005952043458819389
-0.005943737458437681
-0.005935450550168753
-0.005927183199673891
-0.005918935406953096
-0.005910706706345081
-0.005902496632188559
-0.005894304718822241
-0.00588613236322999
-0.005877978634089231
-0.00586984446272254
-0.005861729383468628
-0.005853633861988783
-0.005845557898283005
-0.005837501026690006
-0.005829463712871075
-0.005821444559842348
-0.005813444033265114
-0.005805461667478085
-0.005797498393803835
-0.005789553746581078
-0.005781626794487238
-0.005773717537522316
-0.005765826441347599
-0.005757953505963087
-0.005750097800046206
-0.005742259789258242
-0.005734438542276621
-0.00572663452476263
-0.005718848202377558
-0.00571108004078269
-0.005703330039978027
-0.005695598665624857
-0.005687885452061892
-0.005680191330611706
-0.005672514904290438
-0.005664857104420662
-0.005657217931002378
-0.005649596452713013
-0.005641992669552565
-0.005634406581521034
-0.005626837257295847
-0.005619284696877003
-0.005611750297248363
-0.005604232661426067
-0.005596732255071402
-0.005589249543845654
-0.005581784527748823
-0.005574336741119623
-0.005566905718296766
-0.005559490993618965
-0.005552092101424932
-0.005544709041714668
-0.005537341348826885
-0.005529989022761583
-0.005522652063518763
-0.005515330471098423
-0.005508024711161852
-0.005500734318047762
-0.005493459291756153
-0.005486201494932175
-0.005478959996253252
-0.005471735261380672
-0.005464527290314436
-0.005457336083054543
-0.005450161173939705
-0.005443002562969923
-0.005435860715806484
-0.005428735166788101
-0.005421625915914774
-0.005414532963186502
-0.005407456308603287
-0.005400395952165127
-0.005393351428210735
-0.005386321805417538
-0.005379308015108109
-0.005372308660298586
-0.005365324672311544
-0.005358356051146984
-0.005351403262466192
-0.005344465840607882
-0.005337543785572052
-0.005330637563019991
-0.005323745775967836
-0.005316869355738163
-0.005310007836669683
-0.005303162150084972
-0.005296330899000168
-0.005289514549076557
-0.005282712634652853
-0.005275925621390343
-0.005269152577966452
-0.005262393038719893
-0.005255647469311953
-0.005248916801065207
-0.005242199636995792
-0.005235496908426285
-0.005228808615356684
-0.005222134292125702
-0.005215474870055914
-0.005208829883486032
-0.005202197935432196
-0.005195580888539553
-0.005188976880162954
-0.00518238777294755
-0.005175812169909477
-0.005169251002371311
-0.005162703339010477
-0.005156170111149549
-0.005149650387465954
-0.005143145099282265
-0.005136654712259769
-0.005130178760737181
-0.005123717710375786
-0.00511727062985301
-0.005110837519168854
-0.005104418843984604
-0.005098014604300261
-0.005091623868793249
-0.005085246171802282
-0.00507888151332736
-0.00507253035902977
-0.005066192243248224
-0.005059866700321436
-0.005053555127233267
-0.00504725705832243
-0.005040972027927637
-0.005034700501710176
-0.00502844201400876
-0.005022195167839527
-0.005015960428863764
-0.005009738728404045
-0.005003529135137796
-0.004997332114726305
-0.004991147667169571
-0.004984976258128881
-0.004978818353265524
-0.004972673021256924
-0.004966540262103081
-0.004960420075803995
-0.004954312928020954
-0.004948219284415245
-0.004942138213664293
-0.004936069715768099
-0.004930014256387949
-0.004923971369862556
-0.004917940590530634
-0.004911922384053469
-0.004905915353447199
-0.004899920430034399
-0.004893938079476357
-0.004887969233095646
-0.004882014356553555
-0.00487607205286622
-0.004870142322033644
-0.004864226095378399
-0.004858323372900486
-0.004852432757616043
-0.00484655424952507
-0.00484068738296628
-0.004834831226617098
-0.004828986246138811
-0.00482315244153142
-0.004817328415811062
-0.004811515100300312
-0.004805712029337883
-0.004799919668585062
-0.004794138018041849
-0.004788367543369532
-0.00478260824456811
-0.00477686058729887
-0.004771124105900526
-0.004765399266034365
-0.004759685602039099
-0.004753983113914728
-0.00474829226732254
-0.00474261213093996
-0.004736943170428276
-0.0047312849201262
-0.004725637380033731
-0.004720000084489584
-0.004714372102171183
-0.004708754830062389
-0.004703146871179342
-0.004697549622505903
-0.004691962152719498
-0.004686384927481413
-0.004680816549807787
-0.004675257951021194
-0.004669708199799061
-0.004664167761802673
-0.004658636637032032
-0.00465311435982585
-0.004647600464522839
-0.004642094485461712
-0.004636596888303757
-0.004631107207387686
-0.004625625442713499
-0.004620150662958622
-0.004614682402461767
-0.004609222058206797
-0.004603767301887274
-0.004598319064825773
-0.004592877347022295
-0.004587441682815552
-0.004582012072205544
-0.004576589446514845
-0.004571173340082169
-0.004565765149891376
-0.004560363478958607
-0.004554968792945147
-0.004549580160528421
-0.004544198047369719
-0.004538821522146463
-0.004533451050519943
-0.004528086166828871
-0.004522727802395821
-0.004517375025898218
-0.004512028302997351
-0.004506687633693218
-0.004501354414969683
-0.004496029112488031
-0.004490712657570839
-0.004485404118895531
-0.004480104427784681
-0.004474813584238291
-0.004469532053917646
-0.004464260302484035
-0.00445899972692132
-0.0044537503272295
-0.004448513500392437
-0.004443288780748844
-0.004438078962266445
-0.00443288404494524
-0.004427705891430378
-0.004422545898705721
-0.004417404532432556
-0.004412282258272171
-0.004407182335853577
-0.004402104299515486
-0.00439704954624176
-0.0043920180760324
-0.004387011751532555
-0.004382031504064798
-0.004377078264951706
-0.00437215156853199
-0.004367254208773375
-0.004362385720014572
-0.004357547499239445
-0.004352740477770567
-0.004347965121269226
-0.004343222826719284
-0.004338512662798166
-0.004333836026489735
-0.004329193383455276
-0.004324583802372217
-0.004320007283240557
-0.004315464291721582
-0.004310953430831432
-0.004306473769247532
-0.004302024375647306
-0.004297603387385607
-0.004293209407478571
-0.004288839641958475
-0.004284492693841457
-0.004280166234821081
-0.004275858402252197
-0.004271566402167082
-0.004267288371920586
-0.00426302058622241
-0.004258760251104832
-0.004254505503922701
-0.004250252619385719
-0.004245997872203588
-0.004241739399731159
-0.004237473476678133
-0.004233197309076786
-0.004228907637298107
-0.004224601667374372
-0.004220277070999146
-0.00421592965722084
-0.004211557563394308
-0.004207158461213112
-0.004202729091048241
-0.004198267590254545
-0.004193771630525589
-0.004189239349216223
-0.004184671211987734
-0.00418006582185626
-0.004175422247499228
-0.00417074142023921
-0.004166022874414921
-0.004161267541348934
-0.004156476352363825
-0.004151650704443455
-0.004146792460232973
-0.004141904413700104
-0.004136988893151283
-0.004132048226892948
-0.004127085208892822
-0.004122104495763779
-0.004117109347134829
-0.004112103953957558
-0.004107091575860977
-0.004102076403796673
-0.00409706262871623
-0.004092054441571236
-0.004087056498974562
-0.004082072991877794
-0.004077109042555094
-0.004072168376296759
-0.004067255649715662
-0.004062374588102102
-0.004057528916746378
-0.004052721429616213
-0.004047955386340618
-0.004043233580887318
-0.004038559272885323
-0.004033933859318495
-0.004029359668493271
-0.004024837166070938
-0.004020368680357933
-0.004015953745692968
-0.004011593293398619
-0.004007287323474884
-0.004003035370260477
-0.003998836502432823
-0.00399468932300806
-0.00399059196934104
-0.003986543510109186
-0.003982541617006063
-0.003978582099080086
-0.003974663559347391
-0.003970782272517681
-0.00396693404763937
-0.003963115625083447
-0.003959323279559612
-0.003955552820116282
-0.003951799124479294
-0.003948058467358351
-0.003944327123463154
-0.003940600901842117
-0.003936874680221081
-0.003933145198971033
-0.003929408732801676
-0.003925661090761423
-0.003921900410205126
-0.003918122500181198
-0.003914325498044491
-0.003910507075488567
-0.003906664438545704
-0.003902796655893326
-0.003898902563378215
-0.00389498146250844
-0.003891032887622714
-0.003887058002874255
-0.003883057506754994
-0.00387903256341815
-0.003874985734000802
-0.003870919579640031
-0.003866836195811629
-0.003862738842144608
-0.003858631011098623
-0.003854516660794616
-0.003850399516522884
-0.003846283303573728
-0.003842172212898731
-0.003838070435449481
-0.003833982395008206
-0.003829912049695849
-0.00382586382329464
-0.003821841906756163
-0.003817850025370717
-0.00381389120593667
-0.00380996847525239
-0.003806083928793669
-0.003802239429205656
-0.00379843614064157
-0.003794674994423985
-0.003790955757722259
-0.003787276800721884
-0.00378363742493093
-0.003780035069212317
-0.003776467405259609
-0.003772930474951863
-0.003769421251490712
-0.003765935078263283
-0.00376246846280992
-0.003759016282856464
-0.003755574813112617
-0.003752139396965504
-0.003748705144971609
-0.003745267866179347
-0.003741823369637132
-0.003738367464393377
-0.003734896890819073
-0.00373140862211585
-0.003727900795638561
-0.003724371315911412
-0.003720819018781185
-0.003717243438586593
-0.003713644808158278
-0.003710024524480104
-0.003706383286044002
-0.003702723886817694
-0.003699049353599548
-0.003695362946018577
-0.003691668855026364
-0.003687971737235785
-0.003684276016429067
-0.003680586349219084
-0.003676907625049353
-0.003673244966194034
-0.003669602097943425
-0.003665982978418469
-0.003662391565740108
-0.003658830188214779
-0.003655301174148917
-0.003651805687695742
-0.003648344660177827
-0.003644917625933886
-0.003641523886471987
-0.003638161811977625
-0.003634829772636294
-0.003631524508818984
-0.00362824322655797
-0.00362498196773231
-0.003621736541390419
-0.003618503920733929
-0.003615278983488679
-0.003612058237195015
-0.003608837258070707
-0.00360561185516417
-0.003602379001677036
-0.003599135437980294
-0.00359587837010622
-0.003592606168240309
-0.003589317435398698
-0.003586011938750744
-0.003582689678296447
-0.003579352283850312
-0.003576000686734915
-0.003572637680917978
-0.003569265361875296
-0.003565887454897165
-0.003562507452443242
-0.003559128846973181
-0.003555755596607924
-0.003552391659468412
-0.003549040528014302
-0.003545705461874604
-0.003542389720678329
-0.003539095865562558
-0.00353582575917244
-0.003532580332830548
-0.003529360517859459
-0.003526165848597884
-0.00352299609221518
-0.003519850084558129
-0.003516725730150938
-0.00351362070068717
-0.003510532435029745
-0.003507458604872227
-0.003504395950585604
-0.003501341212540865
-0.003498290665447712
-0.003495241049677134
-0.003492189571261406
-0.003489134134724736
-0.003486072411760688
-0.003483002539724112
-0.00347992405295372
-0.003476835787296295
-0.003473737509921193
-0.003470630384981632
-0.003467515110969543
-0.003464394016191363
-0.00346126826480031
-0.003458140650764108
-0.00345501396805048
-0.003451890544965863
-0.003448773175477982
-0.003445664886385202
-0.003442568005993962
-0.003439484629780054
-0.003436416387557983
-0.003433365141972899
-0.003430330893024802
-0.003427314572036266
-0.003424315480515361
-0.003421333385631442
-0.003418367588892579
-0.003415416460484266
-0.003412478137761354
-0.003409550525248051
-0.003406631760299206
-0.003403719747439027
-0.003400813089683652
-0.003397909458726645
-0.003395007457584143
-0.003392105456441641
-0.003389202523976564
-0.003386297263205051
-0.003383389441296458
-0.003380478592589498
-0.003377564717084169
-0.003374648513272405
-0.003371730679646134
-0.003368811914697289
-0.003365893149748445
-0.003362975781783462
-0.00336006167344749
-0.003357151756063104
-0.00335424835793674
-0.003351352177560329
-0.003348464611917734
-0.003345586592331529
-0.003342719515785575
-0.003339863382279873
-0.003337018424645066
-0.003334184875711799
-0.00333136273548007
-0.003328551538288593
-0.003325751051306725
-0.003322960110381246
-0.003320177784189582
-0.003317402908578515
-0.003314634319394827
-0.003311870619654655
-0.003309110412374139
-0.003306352766230702
-0.003303596051409841
-0.003300840267911553
-0.003298084484413266
-0.003295328468084335
-0.003292571986094117
-0.003289815504103899
-0.003287059720605612
-0.003284305101260543
-0.00328155281022191
-0.003278803778812289
-0.003276058938354254
-0.003273319220170379
-0.003270585555583239
-0.003267858410254121
-0.003265139413997531
-0.003262428799644113
-0.003259726800024509
-0.003257033415138721
-0.003254348179325461
-0.003251671558246017
-0.003249002620577812
-0.003246340900659561
-0.00324368616566062
-0.003241037717089057
-0.003238395089283586
-0.003235757118090987
-0.003233123570680618
-0.003230493282899261
-0.00322786602191627
-0.003225241554901004
-0.003222619416192174
-0.003219999838620424
-0.003217382356524467
-0.003214766969904304
-0.003212153911590576
-0.003209543647244573
-0.003206936875358224
-0.003204334061592817
-0.003201735438778996
-0.003199141705408692
-0.003196553559973836
-0.003193971468135715
-0.003191395895555615
-0.003188827307894826
-0.003186265705153346
-0.003183711320161819
-0.003181163687258959
-0.003178623039275408
-0.003176088677719235
-0.003173560835421085
-0.003171038813889027
-0.003168523078784347
-0.003166012698784471
-0.003163507208228111
-0.003161006141453981
-0.003158509265631437
-0.003156016813591123
-0.003153528552502394
-0.003151044482365251
-0.003148565068840981
-0.003146090311929584
-0.00314362021163106
-0.003141155233606696
-0.003138695610687137
-0.003136241342872381
-0.003133793361485004
-0.00313135189935565
-0.003128916257992387
-0.00312648736871779
-0.003124065231531858
-0.00312164961360395
-0.003119241213425994
-0.003116839565336704
-0.003114445134997368
-0.003112058155238628
-0.003109678393229842
-0.003107306081801653
-0.003104940988123417
-0.003102583577856421
-0.003100233385339379
-0.00309789041057229
-0.003095554420724511
-0.003093225648626685
-0.003090903395786881
-0.003088587895035744
-0.003086278680711985
-0.003083975752815604
-0.003081678645685315
-0.003079387359321117
-0.003077101893723011
-0.003074822016060352
-0.003072547260671854
-0.00307027786038816
-0.003068013582378626
-0.003065753960981965
-0.003063498996198177
-0.003061248455196619
-0.003059001872316003
-0.003056759247556329
-0.003054519882425666
-0.00305228354409337
-0.003050049534067512
-0.003047817386686802
-0.003045586869120598
-0.003043356817215681
-0.003041126765310764
-0.003038896480575204
-0.003036664333194494
-0.003034429857507348
-0.003032192355021834
-0.003029950428754091
-0.003027703380212188
-0.003025450278073549
-0.003023190423846245
-0.003020923119038343
-0.003018647199496627
-0.003016362199559808
-0.003014067886397243
-0.003011763095855713
-0.003009447129443288
-0.00300711952149868
-0.003004780504852533
-0.003002429381012917
-0.003000065917149186
-0.002997690346091986
-0.002995301969349384
-0.002992900786921382
-0.002990486798807979
-0.002988060005009174
-0.002985620638355613
-0.002983168000355363
-0.002980703022330999
-0.002978225937113166
-0.002975736977532506
-0.002973236842080951
-0.002970725996419787
-0.002968205837532878
-0.002965677296742797
-0.002963141771033406
-0.002960600890219212
-0.002958056051284075
-0.002955509116873145
-0.002952962182462215
-0.002950417576357722
-0.002947877161204815
-0.002945343498140574
-0.002942818915471435
-0.002940305508673191
-0.002937805838882923
-0.002935322467237711
-0.002932857489213347
-0.002930413465946913
-0.002927993191406131
-0.002925598295405507
-0.002923231106251478
-0.002920893952250481
-0.002918589161708951
-0.002916318597272038
-0.002914083888754249
-0.002911886898800731
-0.00290972925722599
-0.002907611662521958
-0.002905535511672497
-0.002903501503169537
-0.002901510102674365
-0.002899561310186982
-0.002897654660046101
-0.002895789919421077
-0.002893965691328049
-0.002892181742936373
-0.002890435978770256
-0.002888726769015193
-0.002887052251026034
-0.002885409165173769
-0.00288379518315196
-0.002882207278162241
-0.002880641724914312
-0.00287909503094852
-0.002877563703805208
-0.002876043785363436
-0.002874530619010329
-0.002873020246624947
-0.002871508011594415
-0.002869989722967148
-0.00286846118979156
-0.002866917289793491
-0.002865353832021356
-0.002863766858354211
-0.002862152410671115
-0.002860506530851126
-0.002858826192095876
-0.00285710790194571
-0.00285534979775548
-0.002853549318388104
-0.002851704834029078
-0.002849815180525184
-0.00284788035787642
-0.0028458999004215
-0.002843874273821712
-0.002841804642230272
-0.002839692402631044
-0.002837539417669177
-0.00283534754998982
-0.00283312052488327
-0.002830860903486609
-0.002828571945428848
-0.002826257608830929
-0.002823922550305724
-0.00282157096080482
-0.002819206565618515
-0.002816834487020969
-0.002814459381625056
-0.002812086138874292
-0.002809719415381551
-0.002807363402098417
-0.002805022755637765
-0.002802701899781823
-0.00280040455982089
-0.002798134693875909
-0.002795894863083959
-0.002793688327074051
-0.002791517646983266
-0.002789384685456753
-0.00278729060664773
-0.002785235876217484
-0.002783220959827304
-0.002781245391815901
-0.002779308240860701
-0.002777407877147198
-0.002775542205199599
-0.002773708896711469
-0.002771905157715082
-0.002770127961412072
-0.002768374048173428
-0.002766639459878206
-0.002764920005574822
-0.002763211727142334
-0.002761510433629155
-0.002759812166914344
-0.002758112736046314
-0.002756407717242837
-0.002754693618044257
-0.002752966247498989
-0.002751222113147378
-0.002749458188191056
-0.0027476716786623
-0.002745860256254673
-0.002744022291153669
-0.002742156619206071
-0.002740262541919947
-0.002738340059295297
-0.002736389171332121
-0.002734410809352994
-0.002732406836003065
-0.00273037888109684
-0.002728329738602042
-0.002726261736825109
-0.00272417813539505
-0.002722082426771522
-0.002719977637752891
-0.002717867959290743
-0.002715756883844733
-0.002713647671043873
-0.00271154404617846
-0.002709449967369437
-0.002707368694245815
-0.002705302787944674
-0.00270325574092567
-0.002701229881495237
-0.002699227072298527
-0.0026972487103194
-0.002695295959711075
-0.002693370217457414
-0.002691471250727773
-0.002689598593860865
-0.002687751781195402
-0.002685928717255592
-0.002684128005057573
-0.002682347083464265
-0.002680583158507943
-0.002678833669051528
-0.002677094889804721
-0.002675364026799798
-0.002673637820407748
-0.002671912545338273
-0.002670184941962361
-0.002668451517820358
-0.00266670947894454
-0.002664955798536539
-0.002663187915459275
-0.002661404432728887
-0.002659603487700224
-0.002657784149050713
-0.002655946416780353
-0.0026540900580585
-0.002652215771377087
-0.002650324255228043
-0.00264841690659523
-0.002646495355293155
-0.00264456239528954
-0.002642620587721467
-0.002640672028064728
-0.00263871974311769
-0.002636766759678721
-0.002634816570207477
-0.002632871968671679
-0.002630935749039054
-0.002629010006785393
-0.00262709753587842
-0.002625200431793928
-0.002623320324346423
-0.002621458144858479
-0.002619614358991385
-0.002617789665237069
-0.00261598383076489
-0.002614195924252272
-0.002612425247207284
-0.002610669936984777
-0.002608928130939603
-0.002607197035104036
-0.002605474786832929
-0.0026037588249892
-0.002602046821266413
-0.002600335981696844
-0.002598623745143414
-0.002596908016130328
-0.002595187164843082
-0.00259345886297524
-0.002591721480712295
-0.002589974086731672
-0.002588215982541442
-0.002586446236819029
-0.00258466531522572
-0.002582873217761517
-0.002581070410087705
-0.002579258056357503
-0.002577437786385417
-0.002575610997155309
-0.002573779551312327
-0.002571945311501622
-0.002570110838860273
-0.00256827799603343
-0.002566449344158173
-0.002564626978710294
-0.002562812296673656
-0.002561007626354694
-0.002559213666245341
-0.002557432046160102
-0.002555663231760263
-0.002553907223045826
-0.002552164485678077
-0.002550434321165085
-0.002548716263845563
-0.002547008916735649
-0.002545311115682125
-0.002543621230870485
-0.002541937166824937
-0.002540257759392262
-0.002538580680266023
-0.002536904532462358
-0.002535226987674832
-0.002533546183258295
-0.002531861187890172
-0.002530170604586601
-0.002528473734855652
-0.002526769647374749
-0.002525058342143893
-0.00252333958633244
-0.002521614078432322
-0.002519882516935468
-0.002518145134672523
-0.002516403794288635
-0.00251465942710638
-0.002512913662940264
-0.002511168597266078
-0.002509425859898329
-0.002507686149328947
-0.002505951561033726
-0.002504223259165883
-0.002502502175047994
-0.002500789472833276
-0.00249908585101366
-0.002497391542419791
-0.002495706547051668
-0.002494030632078648
-0.002492363099008799
-0.002490703482180834
-0.002489049918949604
-0.002487402409315109
-0.002485758857801557
-0.002484118565917015
-0.002482479671016335
-0.002480841241776943
-0.002479202346876264
-0.002477561123669147
-0.002475917339324951
-0.0024742700625211
-0.002472618827596307
-0.002470963867381215
-0.002469304949045181
-0.002467642072588205
-0.002465976402163506
-0.002464307937771082
-0.002462638076394796
-0.002460967982187867
-0.002459298120811582
-0.002457629889249802
-0.002455963985994458
-0.002454301342368126
-0.002452642889693379
-0.00245098932646215
-0.002449341351166368
-0.002447698963806033
-0.00244606239721179
-0.002444431884214282
-0.002442806959152222
-0.002441187622025609
-0.0024395736400038
-0.002437964081764221
-0.002436358015984297
-0.002434755209833384
-0.002433154964819551
-0.002431556116789579
-0.002429957967251539
-0.002428359817713499
-0.002426761668175459
-0.0024251623544842
-0.00242356164380908
-0.002421959768980742
-0.002420356264337897
-0.002418751362711191
-0.00241714552976191
-0.002415539463981986
-0.002413933165371418
-0.002412327332422137
-0.002410722663626075
-0.002409119391813874
-0.002407518215477467
-0.002405919367447495
-0.002404323546215892
-0.002402730984613299
-0.002401141682639718
-0.002399555174633861
-0.002397972159087658
-0.002396392868831754
-0.002394817071035504
-0.00239324476569891
-0.00239167595282197
-0.002390110166743398
-0.002388547407463193
-0.002386987209320068
-0.00238542933948338
-0.002383873332291842
-0.002382318489253521
-0.002380765043199062
-0.002379212062805891
-0.002377659548074007
-0.002376106800511479
-0.002374554285779595
-0.002373001771047711
-0.002371449023485184
-0.002369896275922656
-0.002368343528360128
-0.002366791479289532
-0.002365240128710866
-0.002363689709454775
-0.002362141385674477
-0.002360595157369971
-0.002359050791710615
-0.002357508987188339
-0.002355969743803144
-0.002354433294385672
-0.002352899638935924
-0.002351369243115187
-0.002349841641262174
-0.002348317066207528
-0.002346795285120606
-0.002345275599509478
-0.002343758009374142
-0.002342242281883955
-0.002340728184208274
-0.002339215017855167
-0.002337703015655279
-0.002336191711947322
-0.002334681339561939
-0.002333171898499131
-0.002331663388758898
-0.002330155577510595
-0.002328648697584867
-0.002327142748981714
-0.002325637964531779
-0.002324134577065706
-0.002322632586583495
-0.002321131993085146
-0.002319633262231946
-0.002318135928362608
-0.002316640457138419
-0.00231514684855938
-0.002313654636964202
-0.00231216405518353
-0.002310675336048007
-0.002309188479557633
-0.002307703485712409
-0.002306220587342978
-0.002304739784449339
-0.00230326084420085
-0.002301783766597509
-0.002300308551639318
-0.002298835664987564
-0.002297364408150315
-0.002295895013958216
-0.002294427249580622
-0.00229296088218689
-0.00229149591177702
-0.002290032571181655
-0.002288570161908865
-0.00228710868395865
-0.002285648602992296
-0.002284189453348517
-0.002282731235027313
-0.002281273948028684
-0.002279818058013916
-0.002278363797813654
-0.00227691070176661
-0.002275459002703428
-0.002274009166285396
-0.002272561425343156
-0.002271115547046065
-0.002269671531394124
-0.002268229145556688
-0.002266788156703115
-0.00226534903049469
-0.002263911534100771
-0.002262475667521358
-0.002261040965095162
-0.002259607193991542
-0.002258174819871783
-0.002256743609905243
-0.002255313796922565
-0.002253884915262461
-0.002252457896247506
-0.002251032274216413
-0.002249608049169183
-0.002248185686767101
-0.002246764954179525
-0.002245346084237099
-0.002243929076939821
-0.002242513699457049
-0.002241100184619427
-0.002239688532426953
-0.002238278510048985
-0.002236869651824236
-0.002235462423413992
-0.002234056824818254
-0.00223265215754509
-0.002231248421594501
-0.002229846082627773
-0.002228444907814264
-0.002227044897153974
-0.002225646283477545
-0.002224249066784978
-0.002222853247076273
-0.002221458358690143
-0.002220064867287874
-0.002218672772869468
-0.002217282308265567
-0.002215893706306815
-0.002214506501331925
-0.00221312022767961
-0.002211736049503088
-0.002210353035479784
-0.002208971651270986
-0.002207592129707336
-0.002206214005127549
-0.002204837510362267
-0.002203462645411491
-0.002202089410275221
-0.002200717804953456
-0.002199347596615553
-0.002197979018092155
-0.002196611370891333
-0.002195245353505015
-0.00219388073310256
-0.002192516811192036
-0.002191154286265373
-0.002189793391153216
-0.002188433660194278
-0.002187075093388557
-0.002185717690736055
-0.002184361685067415
-0.002183007076382637
-0.002181654330343008
-0.002180302748456597
-0.002178952563554049
-0.002177604008466005
-0.002176257083192468
-0.002174911322072148
-0.002173566725105047
-0.002172223059460521
-0.002170880790799856
-0.002169539220631123
-0.002168199047446251
-0.002166859805583954
-0.002165521727874875
-0.002164185047149658
-0.002162849297747016
-0.002161515178158879
-0.002160182688385248
-0.002158851828426123
-0.00215752306394279
-0.002156195929273963
-0.002154870657250285
-0.002153546549379826
-0.002152223605662584
-0.002150902291759849
-0.002149582142010331
-0.002148263389244676
-0.002146946033462882
-0.00214563007466495
-0.002144315047189593
-0.002143001183867455
-0.002141688484698534
-0.002140376949682832
-0.002139066578820348
-0.002137757604941726
-0.002136450260877609
-0.002135144313797355
-0.002133839763700962
-0.002132536610588431
-0.002131234854459763
-0.002129934728145599
