0
0
0
0
0
0
0
0
0
0
0
0
0
0
0
0
0
0
0
0
0
0
0
0
0
0
0
0
0
0
0
0
0
0
0
0
0
0
0
0
0
0
0
0
0
0
0
0
0
0
0
0
0
0
0
0
0
0
0
0
0
0
0
0
0
0
0
0
0
0
0
0
0
0
0
0
0
0
0
0
0
0
0
0
0
0
0
0
0
0
0
0
0
0
0
0
0
0
0
0
0
0
0
0
0
0
0
0
0
0
0
0
0
0
0
0
0
0
0
0
0
0
0
0
0
0
0
0
0
0
0
0
0
0
0
0
0
0
0
0
0
0
0
0
0
0
0
0
0
0
0
0
0
0
0
0
0
0
0
0
0
0
0
0
0
0
0
0
0
0
0
0
0
0
0
0
0
0
0
0
0
0
0
0
0
0
0
0
0
0
0
0
0
0
0
0
0
0
0
0
0
0
0
0
0
0
0
0
0
0
0
0
0
0
0
0
0
0
0
0
0
0
0
0
0
0
0
0
0
0
0
0
0
0
0
0
0
0
0
0
0
0
0
0
0
0
0
0
0
0
0
0
0
0
0
0
0
0
0
0
0
0
0
0
0
0
0
0
0
0
0
0
0
0
0
0
0
0
0
0
0
0
0
0
0
0
0
0
0
0
0
0
0
0
0
0
0
0
0
0
0
0
0
0
0
0
0
0
0
0
0
0
0
0
0
0
0
0
0
0
0
0
0
0
0
0
0
0
0
0
0
0
0
0
0
0
0
0
0
0
0
0
0
0
0
0
0
0
0
0
0
0
0
0
0
0
0
0
0
0
0
0
0
0
0
0
0
0
0
0
0
0
0
0
0
0
0
0
0
0
0
0
0
0
0
0
0
0
0
0
0
0
0
0
0
0
0
0
0
0
0
0
0
0
0
0
0
0
0
0
0
0
0
0
0
0
0
0
0
0
0
0
0
0
0
0
0
0
0
0
0
0
0
0
0
0
0
0
0
0
0
0
0
0
0
0
0
0
0
0
0
0
0
0
0
0
0
0
0
0
0
0
0
0
0
0
0
0
0
0
0
0
0
0
0
0
0
0
0
0
0
0
0
0
0
0
0
0
0
0
0
0
0
0
0
0
0
0
0
0
0
0
0
0
0
0
0
0
0
0
0
0
0
0
0
0
0
0
0
0
0
0
0
0
0
0
0
0
0
0
0
0
0
0
0
0
0
0
0
0
0
0
0
0
0
0
0
0
0
0
0
0
0
0
0
0
0
0
0
0
0
0
0
0
0
0
0
0
0
0
0
0
0
0
0
0
0
0
0
0
0
0
0
0
0
0
0
0
0
0
0
0
0
0
0
0
0
0
0
0
0
0
0
0
0
0
0
0
0
0
0
0
0
0
0
0
0
0
0
0
0
0
0
0
0
0
0
0
0
0
0
0
0
0
0
0
0
0
0
0
0
0
0
0
0
0
0
0
0
0
0
0
0
0
0
0
0
0
0
0
0
0
0
0
0
0
0
0
0
0
0
0
0
0
0
0
0
0
0
0
0
0
0
0
0
0
0
0
0
0
0
0
0
0
0
0
0
0
0
0
0
0
0
0
0
0
0
0
0
0
0
0
0
0
0
0
0
0
0
0
0
0
0
0
0
0
0
0
0
0
0
0
0
0
0
0
0
0
0
0
0
0
0
0
0
0
0
0
0
0
0
0
0
0
0
0
0
0
0
0
0
0
0
0
0
0
0
0
0
0
0
0
0
0
0
0
0
0
0
0
0
0
0
0
0
0
0
0
0
0
0
0
0
0
0
0
0
0
0
0
0
0
0
0
0
0
0
0
0
0
0
0
0
0
0
0
0
0
0
0
0
0
0
0
0
0
0
0
0
0
0
0
0
0
0
0
0
0
0
0
0
0
0
0
0
0
0
0
0
0
0
0
0
0
0
0
0
0
0
0
0
0
0
0
0
0
0
0
0
0
0
0
0
0
0
0
0
0
0
0
0
0
0
0
0
0
0
0
0
0
0
0
0
0
0
0
0
0
0
0
0
0
0
0
0
0
0
0
0
0
0
0
0
0
0
0
0
0
0
0
0
0
0
0
0
0
0
0
0
0
0
0
0
0
0
0
0
0
0
0
0
0
0
0
0
0
0
0
0
0
0
0
0
0
0
0
0
0
0
0
0
0
0
0
0
0
0
0
0
0
0
0
0
0
0
0
0
0
0
0
0
0
0
0
0
0
0
0
0
0
0
0
0
0
0
0
0
0
0
0
0
0
0
0
0
0
0
0
0
0
0
0
0
0
0
0
0
0
0
0
0
0
0
0
0
0
0
0
0
0
0
0
0
0
0
0
0
0
0
0
0
0
0
0
0
0
0
0
0
0
0
0
0
0
0
0
0
0
0
0
0
0
0
0
0
0
0
0
0
0
0
0
0
0
0
0
0
0
0
0
0
0
0
0
0
0
0
0
0
0
0
0
0
0
0
0
0
0
0
0
0
0
0
0
0
0
0
0
0
0
0
0
0
0
0
0
0
0
0
0
0
0
0
0
0
0
0
0
0
0
0
0
0
0
0
0
0
0
0
0
0
0
0
0
0
0
0
0
0
0
0
0
0
0
0
0
0
0
0
0
0
0
0
0
0
0
0
0
0
0
0
0
0
0
0
0
0
0
0
0
0
0
0
0
0
0
0
0
0
0
0
0
0
0
0
0
0
0
0
0
0
0
0
0
0
0
0
0
0
0
0
0
0
0
0
0
0
0
0
0
0
0
0
0
0
0
0
0
0
0
0
0
0
0
0
0
0
0
0
0
0
0
0
0
0
0
0
0
0
0
0
0
0
0
0
0
0
0
0
0
0
0
0
0
0
0
0
0
0
0
0
0
0
0
0
0
0
0
0
0
0
0
0
0
0
0
0
0
0
0
0
0
0
0
0
0
0
0
0
0
0
0
0
0
0
0
0
0
0
0
0
0
0
0
0
0
0
0
0
0
0
0
0
0
0
0
0
0
0
0
0
0
0
0
0
0
0
0
0
0
0
0
0
0
0
0
0
0
0
0
0
0
0
0
0
0
0
0
0
0
0
0
0
0
0
0
0
0
0
0
0
0
0
0
0
0
0
0
0
0
0
0
0
0
0
0
0
0
0
0
0
0
0
0
0
0
0
0
0
0
0
0
0
0
0
0
0
0
0
0
0
0
0
0
0
0
0
0
0
0
0
0
0
0
0
0
0
0
0
0
0
0
0
0
0
0
0
0
0
0
0
0
0
0
0
0
0
0
0
0
0
0
0
0
0
0
0
0
0
0
0
0
0
0
0
0
0
0
0
0
0
0
0
0
0
0
0
0
0
0
0
0
0
0
0
0
0
0
0
0
0
0
0
0
0
0
0
0
0
0
0
0
0
0
0
0
0
0
0
0
0
0
0
0
0
0
0
0
0
0
0
0
0
0
0
0
0
0
0
0
0
0
0
0
0
0
0
0
0
0
0
0
0
0
0
0
0
0
0
0
0
0
0
0
0
0
0
0
0
0
0
0
0
0
0
0
0
0
0
0
0
0
0
0
0
0
0
0
0
0
0
0
0
0
0
0
0
0
0
0
0
0
0
0
0
0
0
0
0
0
0
0
0
0
0
0
0
0
0
0
0
0
0
0
0
0
0
0
0
0
0
0
0
0
0
0
0
0
0
0
0
0
0
0
0
0
0
0
0
0
0
0
0
0
0
0
0
0
0
0
0
0
0
0
0
0
0
0
0
0
0
0
0
0
0
0
0
0
0
0
0
0
0
0
0
0
0
0
0
0
2.802596928649634e-45
1.401298464324817e-44
3.503246160812043e-44
6.726232628759122e-44
1.121038771459854e-43
1.933791880768248e-43
3.222986467947079e-43
5.156778348715327e-43
8.407790785948902e-43
1.359259510395073e-42
2.186025604346715e-42
3.489233176168795e-42
5.570161395691148e-42
8.881429666890691e-42
1.416432487739525e-41
2.255530008177226e-41
3.587464198517964e-41
5.697399296251841e-41
9.036973796430745e-41
1.431678615031379e-40
2.265241006534997e-40
3.580009290687756e-40
5.651380654683414e-40
8.911011077472587e-40
1.40345085876602e-39
2.207835413645466e-39
3.46925626526138e-39
5.44512213242098e-39
8.536502852494066e-39
1.336761243160798e-38
2.090881642514453e-38
3.266686240816742e-38
5.097866079716954e-38
7.9464429740974e-38
1.237259663494025e-37
1.924212828673877e-37
2.989165357774332e-37
4.638224825187245e-37
7.18884542076034e-37
1.112941284205845e-36
1.721042936382631e-36
2.658384886793208e-36
4.101578812085022e-36
6.321087423091496e-36
9.730617253736343e-36
1.496226233830003e-35
2.298068066504644e-35
3.525636157000731e-35
5.402833193571433e-35
8.270189931238353e-35
1.264502232053574e-34
1.931231377991696e-34
2.946184883737834e-34
4.489489350633752e-34
6.833538043833667e-34
1.038977763376564e-33
1.577899495229358e-33
2.393674942284763e-33
3.627138429675867e-33
5.490052693309413e-33
8.300469035635478e-33
1.253553493999023e-32
1.891026284501857e-32
2.849489407205414e-32
4.288956295931407e-32
6.448393491132086e-32
9.684277883154768e-32
1.452777246359224e-31
2.176943597468606e-31
3.258456939843782e-31
4.871848562124219e-31
7.276002522267785e-31
1.085449132560599e-30
1.617498658482889e-30
2.407667841896591e-30
3.579872689327538e-30
5.316885833289038e-30
7.887984629610961e-30
1.168944985305156e-29
1.730380647483878e-29
2.558638857129761e-29
3.779169575068775e-29
5.575759180142379e-29
8.217359275185943e-29
1.209710181473028e-28
1.778899637607853e-28
2.613020618745694e-28
3.834032758985494e-28
5.619407613807621e-28
8.227108573305674e-28
1.203167821526069e-27
1.757630437674018e-27
2.564788640331681e-27
3.73850966708355e-27
5.443378290966108e-27
7.917021141121696e-27
1.150213819185458e-26
1.669241076952932e-26
2.419822044524907e-26
3.504062825316589e-26
5.06855981409089e-26
7.323551683585801e-26
1.057020611404086e-25
1.523947381204403e-25
2.194731832650967e-25
3.157315932938783e-25
4.537116240046348e-25
6.512792246154886e-25
9.338563992214152e-25
1.337576773674643e-24
1.913741254540666e-24
2.73510342627201e-24
3.904724613476953e-24
5.56843739018395e-24
7.932365588900917e-24
1.128752196971615e-23
1.604431220743178e-23
2.278087352682256e-23
3.231071084778861e-23
4.577723545395891e-23
6.47857761320146e-23
9.158766617480953e-23
1.293366357973416e-22
1.824456044578534e-22
2.570825998436211e-22
3.618590800315269e-22
5.087844362507149e-22
7.145880732726431e-22
1.002548455995042e-21
1.405020594538695e-21
1.966925434777603e-21
2.750558300033339e-21
3.8422151712176e-21
5.361304901189959e-21
7.472867591664826e-21
1.040475838186432e-20
1.447120493036271e-20
2.010506261221462e-20
2.790192327888454e-20
3.868040331552874e-20
5.356434552216127e-20
7.409495540103034e-20
1.023834014393502e-19
1.413183146584295e-19
1.948477441114531e-19
2.683615598957252e-19
3.69209714118177e-19
5.074039097746615e-19
6.965662088914904e-19
9.552099734027602e-19
1.308467897148764e-18
1.790420234956993e-18
2.447228524694005e-18
3.341347694342121e-18
4.557181599245026e-18
6.208667958132154e-18
8.449439026172977e-18
1.148641692872978e-17
1.559798268351238e-17
2.115822954972851e-17
2.866930909875704e-17
3.880448513785082e-17
5.246544243733553e-17
7.085839561877069e-17
9.559513257549547e-17
1.288268953091316e-16
1.734217241441925e-16
2.331989171096272e-16
3.132386337159322e-16
4.20290760405769e-16
5.633131205826048e-16
7.541804544224551e-16
1.008616022766964e-15
1.347414802108581e-15
1.79804956493767e-15
2.396771203814346e-15
3.19135989438116e-15
4.244721385498898e-15
5.639576279521706e-15
7.484580480615708e-15
9.922289633803802e-15
1.313951982021824e-14
1.738081114579723e-14
2.296589059604202e-14
3.031230390933455e-14
3.996471529361598e-14
5.263278758682079e-14
6.924007808079002e-14
9.098713400551225e-14
1.194327568700831e-13
1.565984484013655e-13
2.051028888828271e-13
2.683342643135939e-13
3.50671179377357e-13
4.577657697346638e-13
5.969054460777667e-13
7.774747100459944e-13
1.011545014417692e-12
1.314625166538852e-12
1.706617052538162e-12
2.213029889550078e-12
2.866520605951384e-12
3.708848332617531e-12
4.79334627545569e-12
6.188050506034104e-12
7.979648192213418e-12
1.027846037449098e-11
1.322471646081347e-11
1.699644765207342e-11
2.181940218781708e-11
2.797950759969581e-11
3.583845720189771e-11
4.585323440386979e-11
5.860053414741273e-11
7.480721597730167e-11
9.538834305766741e-11
1.21494439508929e-10
1.545703703920154e-10
1.964283180555526e-10
2.493386330737479e-10
3.161418349328926e-10
4.003876397096207e-10
5.065065034060012e-10
6.400212027024565e-10
8.078078761464269e-10
1.018416684317458e-09
1.282466355334577e-09
1.613127853516971e-09
2.026717460523741e-09
2.543422583656252e-09
3.188188379965595e-09
3.991801111880022e-09
4.992204871712147e-09
6.236110738910838e-09
7.780943889201808e-09
9.697216363235839e-09
1.207139188608153e-08
1.500936086529236e-08
1.864064280709954e-08
2.312343916344162e-08
2.86507493285626e-08
3.545771321000757e-08
4.383042195854614e-08
5.411652281850365e-08
6.673788277566928e-08
8.220577285555919e-08
1.011389940686058e-07
1.242854494876156e-07
1.525479405017904e-07
1.870146917326565e-07
2.289957024004252e-07
2.800658478463447e-07
3.421157543925801e-07
4.174120249444968e-07
5.086683358968003e-07
6.191289685375523e-07
7.526671765845094e-07
9.139010330727615e-07
1.108328319787688e-06
1.342485347777256e-06
1.624131868993572e-06
1.962466512850369e-06
2.368378773098812e-06
2.854741069313604e-06
3.43674673786154e-06
4.132303274673177e-06
4.962486400472699e-06
5.952062110736733e-06
7.130092399165733e-06
8.530625564162619e-06
1.019349656417035e-05
1.216523378388956e-05
1.450010313419625e-05
1.726129994494841e-05
2.052230411209166e-05
2.436840986774769e-05
2.88984792859992e-05
3.422692316235043e-05
4.048591290484183e-05
4.782791074831039e-05
5.64285037398804e-05
6.648955604759976e-05
7.824275962775573e-05
9.195359598379582e-05
0.0001079257781384513
0.0001265061000594869
0.0001480899227317423
0.0001731271913740784
0.0002021289692493156
0.0002356748154852539
0.0002744206576608121
0.0003191076684743166
0.0003705715644173324
0.0004297531268093735
0.0004977090866304934
0.0005756245227530599
0.0006648253765888512
0.0007667924510315061
0.0008831762825138867
0.001015812624245882
0.001166738686151803
0.001338211004622281
0.001532722963020205
0.001753023942001164
0.00200213841162622
0.002283385721966624
0.002600400242954493
0.002957151737064123
0.003357964800670743
0.003807538887485862
0.004310966935008764
0.004873753990978003
0.005501832347363234
0.0062015769071877
0.006979817058891058
0.007843845523893833
0.008801424875855446
0.00986078754067421
0.01103063579648733
0.01232012920081615
0.01373887713998556
0.01529690809547901
0.01700464636087418
0.01887287013232708
0.02091267332434654
0.02313540130853653
0.02555258572101593
0.02817586250603199
0.03101689182221889
0.03408724069595337
0.03739828616380692
0.04096107184886932
0.04478617757558823
0.04888355359435081
0.0532623752951622
0.0579308345913887
0.06289597600698471
0.06816350668668747
0.07373756915330887
0.07962052524089813
0.0858127623796463
0.09231247007846832
0.09911542385816574
0.1062147617340088
0.1136008054018021
0.1212608516216278
0.1291790306568146
0.1373361200094223
0.1457094550132751
0.1542728245258331
0.1629964262247086
0.1718468219041824
0.1807870417833328
0.1897766143083572
0.1987716853618622
0.2077252715826035
0.2165875285863876
0.2253060191869736
0.2338261306285858
0.2420915216207504
0.2500446438789368
0.2576273083686829
0.264781266450882
0.2714489698410034
0.277574211359024
0.2831028699874878
0.2879838049411774
0.292169451713562
0.2956168651580811
0.298288106918335
0.3001513183116913
0.3011813163757324
0.301360160112381
0.3006778359413147
0.2991326153278351
0.2967314124107361
0.2934902012348175
0.2894339859485626
0.284596860408783
0.279021829366684
0.2727605104446411
0.2658727467060089
0.2584260106086731
0.2504945695400238
0.2421587407588959
0.2335038185119629
0.22461898624897
0.2155960500240326
0.2065281569957733
0.1975085437297821
0.1886289417743683
0.1799782663583755
0.1716412752866745
0.1636971086263657
0.156218022108078
0.1492681503295898
0.1429024636745453
0.137165829539299
0.1320921182632446
0.1277037560939789
0.1240112334489822
0.1210130378603935
0.1186956465244293
0.1170338690280914
0.1159913912415504
0.1155215799808502
0.1155684441328049
0.1160679087042809
0.1169492080807686
0.1181364431977272
0.1195503100752831
0.1211098656058311
0.1227343827486038
0.1243451684713364
0.1258674114942551
0.1272319257259369
0.128376692533493
0.129248321056366
0.1298032701015472
0.1300087720155716
0.1298434883356094
0.1292979419231415
0.1283745467662811
0.1270873099565506
0.1254612803459167
0.1235316097736359
0.1213424578309059
0.1189454942941666
0.1163982152938843
0.113762192428112
0.1111011281609535
0.1084788292646408
0.1059572696685791
0.1035945788025856
0.1014433205127716
0.09954879432916641
0.09794766455888748
0.09666680544614792
0.09572247415781021
0.09511986374855042
0.09485295414924622
0.09490478783845901
0.0952480360865593
0.09584601223468781
0.09665387868881226
0.09762023389339447
0.09868886321783066
0.09980067610740662
0.1008957698941231
0.1019154638051987
0.1028043702244759
0.1035122871398926
0.1039959937334061
0.1042207106947899
0.1041613221168518
0.1038032025098801
0.1031427383422852
0.1021874248981476
0.100955493748188
0.09947527199983597
0.09778405725955963
0.09592673182487488
0.09395407140254974
0.09192086756229401
0.08988384902477264
0.0878995880484581
0.08602237701416016
0.08430225402116776
0.08278311043977737
0.08150108903646469
0.08048326522111893
0.07974674552679062
0.07929801940917969
0.07913284748792648
0.0792364701628685
0.07958433777093887
0.08014309406280518
0.08087200671434402
0.08172459900379181
0.08265054970979691
0.08359768986701965
0.08451411873102188
0.08535023778676987
0.08606071025133133
0.0866062268614769
0.08695493638515472
0.08708369731903076
0.08697883039712906
0.08663655072450638
0.08606294542551041
0.08527355641126633
0.08429252356290817
0.08315150439739227
0.08188814669847488
0.08054441213607788
0.07916474342346191
0.07779408991336823
0.07647597789764404
0.07525075972080231
0.07415387779474258
0.07321446388959885
0.07245422899723053
0.07188665121793747
0.07151664048433304
0.07134047150611877
0.07134620845317841
0.07151439040899277
0.07181909680366516
0.07222927361726761
0.07271026074886322
0.07322543859481812
0.07373796403408051
0.07421240210533142
0.07461634278297424
0.07492180913686752
0.07510636001825333
0.07515402138233185
0.0750558078289032
0.07480994611978531
0.0744217112660408
0.07390298694372177
0.07327146828174591
0.07254964858293533
0.07176358997821808
0.0709415003657341
0.07011239230632782
0.06930457055568695
0.06854432821273804
0.06785471737384796
0.06725454330444336
0.06675755977630615
0.06637197732925415
0.06610029935836792
0.06593932956457138
0.06588062644004822
0.06591102480888367
0.06601356714963913
0.06616843491792679
0.06635411083698273
0.06654851138591766
0.06673017889261246
0.06687930226325989
0.06697873771190643
0.06701475381851196
0.0669776126742363
0.06686189770698547
0.06666668504476547
0.06639530509710312
0.06605508178472519
0.06565670669078827
0.06521355360746384
0.06474083662033081
0.06425468623638153
0.06377130001783371
0.06330601871013641
0.062872514128685
0.06248215958476067
0.06214345991611481
0.06186175346374512
0.06163905188441277
0.06147406622767448
0.06136244535446167
0.06129715591669083
0.06126900017261505
0.06126724556088448
0.06128029152750969
0.06129637733101845
0.0613042376935482
0.06129375472664833
0.06125644966959953
0.06118590012192726
0.0610780231654644
0.06093116477131844
0.06074609979987144
0.06052583456039429
0.06027534231543541
0.06000116094946861
0.05971094220876694
0.05941289290785789
0.05911532044410706
0.05882608518004417
0.05855218321084976
0.05829935520887375
0.0580718107521534
0.05787207558751106
0.05770087987184525
0.05755726248025894
0.0574386939406395
0.0573413223028183
0.05726027488708496
0.05719003081321716
0.05712477490305901
0.05705878511071205
0.05698679015040398
0.05690426751971245
0.05680767074227333
0.05669459700584412
0.05656389892101288
0.05641564726829529
0.05625107884407043
0.05607245489954948
0.05588284134864807
0.0556858628988266
0.05548545718193054
0.05528558045625687
0.05508997663855553
0.05490190908312798
0.05472401902079582
0.0545581616461277
0.05440534651279449
0.05426571518182755
0.05413858592510223
0.05402255430817604
0.0539156086742878
0.0538153238594532
0.05371903628110886
0.05362404137849808
0.05352777615189552
0.05342797935009003
0.05332280695438385
0.05321096628904343
0.05309174582362175
0.05296502262353897
0.05283123627305031
0.05269133299589157
0.0525466576218605
0.05239883065223694
0.05224963277578354
0.05210086330771446
0.05195420980453491
0.05181116238236427
0.05167287588119507
0.05154014751315117
0.05141338706016541
0.05129258334636688
0.05117737129330635
0.0510670430958271
0.05096065253019333
0.05085708945989609
0.05075514689087868
0.05065363273024559
0.05055144429206848
0.05044766515493393
0.05034158751368523
0.05023276433348656
0.05012102425098419
0.0500064417719841
0.04988934099674225
0.04977024719119072
0.04964983835816383
0.04952886700630188
0.04940811917185783
0.04928833618760109
0.04917017370462418
0.04905416443943977
0.04894068092107773
0.04882990568876266
0.04872185364365578
0.04861636459827423
0.04851312935352325
0.04841172695159912
0.04831166937947273
0.04821242019534111
0.04811346903443336
0.0480143278837204
0.04791460558772087
0.04781398922204971
0.047712292522192
0.04760943353176117
0.0475054457783699
0.04740044847130775
0.04729464650154114
0.04718828573822975
0.04708163812756538
0.04697495698928833
0.0468684658408165
0.04676233604550362
0.04665664583444595
0.04655140265822411
0.04644650965929031
0.04634178429841995
0.04623695090413094
0.04613165929913521
0.04602550715208054
0.04591802880167961
0.04580872505903244
0.04569708183407784
0.04558257013559341
0.04546467214822769
0.04534284770488739
0.04521655291318893
0.04508524760603905
0.04494835063815117
0.04480524733662605
0.04465526342391968
0.04449764639139175
0.04433155059814453
0.04415600001811981
0.04396989196538925
0.04377196356654167
0.04356079548597336
0.04333477467298508
0.04309211298823357
0.04283080250024796
0.04254864156246185
0.04224321246147156
0.04191188141703606
0.04155179485678673
0.04115987941622734
0.04073280841112137
0.04026702046394348
0.03975868970155716
0.03920373320579529
0.03859778493642807
0.03793619573116302
0.0372140109539032
0.03642595931887627
0.03556645289063454
0.03462956845760345
0.0336090512573719
0.0324983149766922
0.0312904380261898
0.0299781821668148
0.02855401113629341
0.027010103687644
0.02533838339149952
0.02353055402636528
0.02157813310623169
0.01947249844670296
0.01720494590699673
0.01476673968136311
0.01214918494224548
0.009343687444925308
0.006341839209198952
0.003135498613119125
-0.0002831212768796831
-0.00392135139554739
-0.007785968948155642
-0.01188308466225863
-0.01621802896261215
-0.02079522982239723
-0.02561809495091438
-0.03068887442350388
-0.03600853309035301
-0.04157662019133568
-0.047391127794981
-0.05344837531447411
-0.05974286422133446
-0.06626716256141663
-0.07301178574562073
-0.07996512204408646
-0.08711330592632294
-0.09444011747837067
-0.1019269675016403
-0.1095528304576874
-0.1172942370176315
-0.1251252442598343
-0.1330174952745438
-0.1409402042627335
-0.1488603055477142
-0.156742587685585
-0.1645497232675552
-0.1722425520420074
-0.1797801852226257
-0.1871203780174255
-0.1942197233438492
-0.2010339796543121
-0.2075183838605881
-0.2136280387639999
-0.2193184047937393
-0.2245456129312515
-0.2292670458555222
-0.2334416657686234
-0.2370306849479675
-0.2399979084730148
-0.2423103600740433
-0.2439387589693069
-0.2448580712080002
-0.2450478971004486
-0.2444930225610733
-0.2431838661432266
-0.241116851568222
-0.2382947504520416
-0.2347270101308823
-0.23042993247509
-0.2254268527030945
-0.2197481989860535
-0.2134314477443695
-0.2065211236476898
-0.1990683823823929
-0.1911308616399765
-0.1827721446752548
-0.1740612685680389
-0.1650719791650772
-0.1558821052312851
-0.14657261967659
-0.1372267156839371
-0.1279287934303284
-0.1187634095549583
-0.1098140850663185
-0.1011621803045273
-0.09288571774959564
-0.08505819737911224
-0.07774747163057327
-0.07101467996835709
-0.06491322815418243
-0.05948787555098534
-0.05477400869131088
-0.05079692974686623
-0.04757139086723328
-0.04510130360722542
-0.04337957128882408
-0.0423881933093071
-0.04209849610924721
-0.04247161373496056
-0.04345912858843803
-0.04500390589237213
-0.04704110324382782
-0.04949932917952538
-0.05230193957686424
-0.05536846071481705
-0.05861606076359749
-0.0619610995054245
-0.0653207078576088
-0.06861432641744614
-0.07176523655653
-0.07470198720693588
-0.07735977321863174
-0.07968156784772873
-0.08161920309066772
-0.08313422650098801
-0.0841984897851944
-0.08479463309049606
-0.08491620421409607
-0.08456763625144958
-0.08376395702362061
-0.08253017067909241
-0.08090057969093323
-0.07891777902841568
-0.07663144916296005
-0.07409710437059402
-0.0713745653629303
-0.06852643191814423
-0.06561651825904846
-0.06270815432071686
-0.05986268073320389
-0.05713785439729691
-0.05458647385239601
-0.05225510895252228
-0.05018302425742149
-0.04840127751231194
-0.04693209379911423
-0.0457884855568409
-0.04497413337230682
-0.04448351636528969
-0.04430229961872101
-0.04440797120332718
-0.0447707287967205
-0.04535453766584396
-0.0461183562874794
-0.04701748862862587
-0.04800504073500633
-0.04903338477015495
-0.05005563423037529
-0.0510270781815052
-0.05190650373697281
-0.05265738070011139
-0.05324888974428177
-0.05365675687789917
-0.05386381596326828
-0.0538603812456131
-0.0536443367600441
-0.05322098359465599
-0.05260263755917549
-0.05180804431438446
-0.05086150392889977
-0.04979191347956657
-0.04863159731030464
-0.0474151037633419
-0.04617789387702942
-0.04495507851243019
-0.04378016665577888
-0.04268387705087662
-0.04169311374425888
-0.04083007574081421
-0.04011158645153046
-0.0395485982298851
-0.03914595022797585
-0.03890232741832733
-0.03881049901247025
-0.03885774314403534
-0.03902646526694298
-0.03929503262042999
-0.03963868692517281
-0.04003060609102249
-0.04044300317764282
-0.04084824770689011
-0.04121994972229004
-0.04153396561741829
-0.04176933690905571
-0.04190902039408684
-0.04194049909710884
-0.04185615852475166
-0.04165348783135414
-0.04133505374193192
-0.04090826958417892
-0.04038495942950249
-0.03978077322244644
-0.03911443054676056
-0.0384068638086319
-0.03768027573823929
-0.03695718199014664
-0.03625943511724472
-0.03560731187462807
-0.0350186787545681
-0.03450827673077583
-0.0340871773660183
-0.03376234695315361
-0.03353649377822876
-0.03340800106525421
-0.03337113186717033
-0.03341635316610336
-0.03353086113929749
-0.03369920328259468
-0.0339040569961071
-0.03412701562047005
-0.03434943035244942
-0.03455328196287155
-0.03472194075584412
-0.0348408967256546
-0.03489835932850838
-0.03488573059439659
-0.03479789569973946
-0.03463339060544968
-0.03439438715577126
-0.03408646211028099
-0.0337182991206646
-0.03330116346478462
-0.03284834697842598
-0.03237448632717133
-0.03189484402537346
-0.03142457455396652
-0.03097801096737385
-0.03056802600622177
-0.03020544536411762
-0.02989860251545906
-0.02965299971401691
-0.02947112731635571
-0.02935242652893066
-0.02929339930415154
-0.02928785979747772
-0.02932730875909328
-0.02940140105783939
-0.02949851565063
-0.02960634417831898
-0.02971250750124454
-0.02980518154799938
-0.02987364679574966
-0.0299087893217802
-0.02990348637104034
-0.02985291928052902
-0.02975473180413246
-0.02960906736552715
-0.02941848896443844
-0.0291877668350935
-0.02892357856035233
-0.0286340955644846
-0.02832853421568871
-0.02801663614809513
-0.02770817093551159
-0.02741242200136185
-0.02713774330914021
-0.02689114212989807
-0.02667797915637493
-0.0265017319470644
-0.02636389061808586
-0.02626394666731358
-0.02619948610663414
-0.02616638503968716
-0.02615908905863762
-0.02617095783352852
-0.02619463577866554
-0.02622249908745289
-0.0262470431625843
-0.02626128867268562
-0.02625913545489311
-0.02623564563691616
-0.02618727833032608
-0.0261120181530714
-0.02600942738354206
-0.02588060311973095
-0.02572806738317013
-0.0255555585026741
-0.02536779455840588
-0.02517016045749187
-0.02496839500963688
-0.02476825751364231
-0.02457519620656967
-0.0243940819054842
-0.02422893606126308
-0.02408275566995144
-0.023957384750247
-0.02385345660150051
-0.0237704087048769
-0.02370656840503216
-0.02365929819643497
-0.02362517267465591
-0.02360021695494652
-0.02358015812933445
-0.02356068417429924
-0.02353768795728683
-0.0235074907541275
-0.02346704714000225
-0.02341407537460327
-0.02334717102348804
-0.02326584234833717
-0.02317049354314804
-0.02306236699223518
-0.02294342406094074
-0.02281619980931282
-0.02268362417817116
-0.02254883572459221
-0.02241497486829758
-0.02228500507771969
-0.02216154150664806
-0.02204670757055283
-0.02194203622639179
-0.0218484029173851
-0.02176600135862827
-0.02169437520205975
-0.02163246832787991
-0.021578723564744
-0.02153119817376137
-0.02148770168423653
-0.02144595049321651
-0.02140370197594166
-0.02135889045894146
-0.02130975387990475
-0.02125491946935654
-0.02119347266852856
-0.02112498879432678
-0.02104953490197659
-0.0209676381200552
-0.02088022045791149
-0.02078854106366634
-0.02069408074021339
-0.02059844136238098
-0.02050323784351349
-0.02040999941527843
-0.02032006531953812
-0.02023451961576939
-0.02015412971377373
-0.02007932029664516
-0.02001015469431877
-0.01994635723531246
-0.01988735422492027
-0.0198323130607605
-0.01978022418916225
-0.019729970023036
-0.01968040317296982
-0.01963041909039021
-0.01957904361188412
-0.01952547021210194
-0.01946910843253136
-0.01940961554646492
-0.01934690028429031
-0.01928111538290977
-0.01921262964606285
-0.01914200186729431
-0.01906991750001907
-0.01899714209139347
-0.01892446540296078
-0.01885264925658703
-0.01878237351775169
-0.01871419325470924
-0.01864851452410221
-0.0185855682939291
-0.01852541230618954
-0.01846792735159397
-0.01841284707188606
-0.01835977844893932
-0.0183082390576601
-0.01825769245624542
-0.01820759102702141
-0.01815740950405598
-0.01810668967664242
-0.01805506274104118
-0.01800226606428623
-0.01794815249741077
-0.01789270527660847
-0.01783601939678192
-0.01777829229831696
-0.01771980337798595
-0.01766088977456093
-0.01760191470384598
-0.0175432451069355
-0.01748522557318211
-0.01742814667522907
-0.01737223565578461
-0.01731764152646065
-0.01726442761719227
-0.01721257902681828
-0.01716199517250061
-0.01711251959204674
-0.01706393994390965
-0.01701601594686508
-0.01696849428117275
-0.01692113280296326
-0.01687370985746384
-0.01682604290544987
-0.01677799969911575
-0.01672950387001038
-0.01668053306639194
-0.01663112640380859
-0.01658136583864689
-0.01653137430548668
-0.0164813008159399
-0.01643130928277969
-0.01638156548142433
-0.01633221656084061
-0.01628339849412441
-0.01623520813882351
-0.01618770882487297
-0.01614092662930489
-0.01609484851360321
-0.01604942418634892
-0.01600457914173603
-0.01596021465957165
-0.01591622456908226
-0.01587249524891376
-0.01582891680300236
-0.01578539423644543
-0.01574185490608215
-0.01569824479520321
-0.0156545452773571
-0.01561075262725353
-0.01556689199060202
-0.01552300807088614
-0.01547915861010551
-0.01543541066348553
-0.01539183873683214
-0.01534850802272558
-0.01530547998845577
-0.01526280399411917
-0.01522051077336073
-0.01517861802130938
-0.01513712666928768
-0.01509602088481188
-0.01505527179688215
-0.01501484028995037
-0.0149746797978878
-0.01493474002927542
-0.01489497348666191
-0.01485533639788628
-0.01481579523533583
-0.01477632205933332
-0.0147369047626853
-0.0146975414827466
-0.01465824153274298
-0.01461902167648077
-0.01457990612834692
-0.01454092562198639
-0.01450210902839899
-0.01446348428726196
-0.01442507840692997
-0.01438691187649965
-0.01434899773448706
-0.01431134156882763
-0.01427393779158592
-0.01423678174614906
-0.01419985853135586
-0.01416315045207739
-0.01412663701921701
-0.01409029588103294
-0.01405410654842854
-0.0140180541202426
-0.01398212276399136
-0.01394630316644907
-0.01391059067100286
-0.01387498527765274
-0.01383949164301157
-0.01380411721765995
-0.01376887504011393
-0.01373377349227667
-0.01369882747530937
-0.01366404537111521
-0.0136294374242425
-0.01359501015394926
-0.0135607672855258
-0.01352670788764954
-0.01349282916635275
-0.01345912646502256
-0.01342559326440096
-0.01339222025126219
-0.01335899997502565
-0.01332592312246561
-0.01329298038035631
-0.01326016429811716
-0.01322747208178043
-0.01319489907473326
-0.01316244527697563
-0.01313011161983013
-0.01309789810329676
-0.01306580938398838
-0.01303385011851788
-0.01300202496349812
-0.0129703376442194
-0.01293879095464945
-0.01290738768875599
-0.0128761287778616
-0.01284501422196627
-0.01281404681503773
-0.01278322096914053
-0.0127525357529521
-0.01272198557853699
-0.01269156578928232
-0.01266127172857523
-0.01263109967112541
-0.01260104589164257
-0.01257110759615898
-0.01254128478467464
-0.01251157559454441
-0.01248198095709085
-0.01245250273495913
-0.01242314092814922
-0.01239389833062887
-0.01236477494239807
-0.0123357716947794
-0.01230688858777285
-0.01227812748402357
-0.012249487452209
-0.01222096849232912
-0.01219256967306137
-0.01216429006308317
-0.01213612593710423
-0.01210807636380196
-0.01208013948053122
-0.01205231342464685
-0.0120245972648263
-0.0119969891384244
-0.01196948811411858
-0.01194209232926369
-0.0119148027151823
-0.011887620203197
-0.01186054386198521
-0.01183357462286949
-0.01180671248584986
-0.01177995558828115
-0.01175330393016338
-0.01172675844281912
-0.01170032005757093
-0.01167398691177368
-0.01164775900542736
-0.01162163354456425
-0.01159561052918434
-0.01156968902796507
-0.01154386810958385
-0.01151814498007298
-0.01149252150207758
-0.01146699395030737
-0.01144156418740749
-0.01141623128205538
-0.01139099337160587
-0.01136585138738155
-0.01134080439805984
-0.01131585240364075
-0.01129099447280169
-0.01126623153686523
-0.01124156266450882
-0.01121698692440987
-0.01119250431656837
-0.01116811484098434
-0.01114381942898035
-0.01111961714923382
-0.01109550800174475
-0.01107149291783571
-0.01104756910353899
-0.01102373562753201
-0.01099999155849218
-0.01097633596509695
-0.01095276698470116
-0.01092928275465965
-0.01090588420629501
-0.01088257133960724
-0.01085934322327375
-0.01083619706332684
-0.01081313379108906
-0.01079015340656042
-0.01076725777238607
-0.01074444595724344
-0.01072171702980995
-0.01069907378405333
-0.01067651435732841
-0.01065403688699007
-0.01063164230436087
-0.01060932874679565
-0.01058709900826216
-0.01056495122611523
-0.01054288353770971
-0.01052089780569077
-0.01049899309873581
-0.0104771675541997
-0.01045542117208242
-0.01043375208973885
-0.01041216030716896
-0.01039064209908247
-0.01036920119076967
-0.01034783478826284
-0.01032654475420713
-0.01030532922595739
-0.01028418727219105
-0.01026311796158552
-0.01024212408810854
-0.01022120378911495
-0.01020035706460476
-0.01017958391457796
-0.01015888620167971
-0.01013825926929712
-0.01011770498007536
-0.01009722240269184
-0.01007680967450142
-0.01005646772682667
-0.01003619749099016
-0.01001599617302418
-0.009995867498219013
-0.009975808672606945
-0.009955820627510548
-0.009935901500284672
-0.009916051290929317
-0.009896268136799335
-0.009876552037894726
-0.009856902994215488
-0.009837321937084198
-0.00981780793517828
-0.009798360057175159
-0.009778979234397411
-0.009759665466845036
-0.009740416891872883
-0.009721235372126102
-0.00970211997628212
-0.00968306977301836
-0.009664084762334824
-0.009645161218941212
-0.009626301936805248
-0.009607505984604359
-0.009588772431015968
-0.009570101276040077
-0.009551492519676685
-0.009532946161925793
-0.009514461271464825
-0.009496037848293781
-0.009477675892412663
-0.009459374472498894
-0.00944113451987505
-0.009422955103218555
-0.009404835291206837
-0.009386774152517319
-0.009368771687150002
-0.009350829757750034
-0.009332945570349693
-0.009315121918916702
-0.009297356009483337
-0.009279648773372173
-0.009261999279260635
-0.009244408458471298
-0.009226874448359013
-0.009209398180246353
-0.009191978722810745
-0.009174617007374763
-0.009157311171293259
-0.009140061214566231
-0.00912286713719368
-0.009105727076530457
-0.009088641032576561
-0.009071610867977142
-0.009054634720087051
-0.009037711657583714
-0.009020842611789703
-0.009004027582705021
-0.008987266570329666
-0.008970559574663639
-0.00895390659570694
-0.008937308564782143
-0.008920762687921524
-0.008904269896447659
-0.008887831121683121
-0.008871446363627911
-0.00885511189699173
-0.008838830515742302
-0.008822601288557053
-0.008806423284113407
-0.008790296502411366
-0.008774219080805779
-0.008758191950619221
-0.008742213249206543
-0.008726284839212894
-0.008710405789315701
-0.008694577030837536
-0.008678797632455826
-0.008663064800202847
-0.008647381328046322
-0.008631745353341103
-0.008616156876087189
-0.008600616827607155
-0.008585125207901001
-0.008569682016968727
-0.008554285392165184
-0.008538937196135521
-0.008523636497557163
-0.008508384227752686
-0.008493180386722088
-0.008478023111820221
-0.008462912403047085
-0.008447847329080105
-0.008432827889919281
-0.008417853154242039
-0.008402924984693527
-0.008388041518628597
-0.008373202756047249
-0.008358408696949482
-0.008343659341335297
-0.008328954689204693
-0.008314293809235096
-0.008299675770103931
-0.008285102434456348
-0.008270572870969772
-0.008256086148321629
-0.008241642266511917
-0.008227242156863213
-0.008212885819375515
-0.008198571391403675
-0.008184297941625118
-0.008170067332684994
-0.008155879564583302
-0.008141734637320042
-0.008127631619572639
-0.008113570511341095
-0.008099551312625408
-0.008085574023425579
-0.008071638643741608
-0.008057746104896069
-0.008043894544243813
-0.00803008396178484
-0.008016313426196575
-0.008002583868801594
-0.007988895289599895
-0.00797524768859148
-0.007961640134453773
-0.007948071695864201
-0.007934541441500187
-0.007921048440039158
-0.007907593622803688
-0.007894176989793777
-0.007880800403654575
-0.007867462933063507
-0.007854163646697998
-0.007840903475880623
-0.007827681489288807
-0.007814498618245125
-0.00780135253444314
-0.007788244634866714
-0.007775175385177135
-0.007762144319713116
-0.007749150507152081
-0.007736194878816605
-0.007723275572061539
-0.00771039305254817
-0.007697546388953924
-0.007684736046940088
-0.007671961095184088
-0.007659221533685923
-0.007646517362445593
-0.007633848581463099
-0.007621216587722301
-0.007608620449900627
-0.007596061564981937
-0.007583537604659796
-0.007571049500256777
-0.007558597251772881
-0.007546179462224245
-0.007533796597272158
-0.007521448191255331
-0.007509134244173765
-0.00749685475602746
-0.007484608795493841
-0.007472397293895483
-0.007460219319909811
-0.007448076736181974
-0.007435967680066824
-0.00742389215156436
-0.007411849685013294
-0.007399840746074915
-0.007387864403426647
-0.007375920657068491
-0.007364009507000446
-0.007352131418883801
-0.007340284995734692
-0.007328469771891832
-0.00731668621301651
-0.007304934319108725
-0.007293214090168476
-0.007281525991857052
-0.007269870024174452
-0.007258246187120676
-0.007246655412018299
-0.007235096301883459
-0.007223569788038731
-0.007212076336145401
-0.007200615014880896
-0.007189185358583927
-0.007177787832915783
-0.007166422437876463
-0.007155087310820818
-0.007143781520426273
-0.007132505532354116
-0.00712125888094306
-0.007110040634870529
-0.007098852191120386
-0.007087692618370056
-0.007076561916619539
-0.007065460551530123
-0.007054388523101807
-0.007043347228318453
-0.007032334804534912
-0.007021352648735046
-0.007010400295257568
-0.006999476812779903
-0.006988583598285913
-0.006977719720453024
-0.006966885179281235
-0.006956079974770546
-0.00694530364125967
-0.006934555247426033
-0.006923836190253496
-0.006913144141435623
-0.006902479566633701
-0.006891842000186443
-0.006881231907755136
-0.006870648823678493
-0.006860092747956514
-0.006849563680589199
-0.00683906115591526
-0.00682858657091856
-0.006818140391260386
-0.006807721219956875
-0.006797329988330603
-0.006786966696381569
-0.006776631344109774
-0.00676632346585393
-0.006756043061614037
-0.006745789665728807
-0.006735562812536955
-0.006725362036377192
-0.006715187337249517
-0.006705038249492645
-0.006694915238767862
-0.006684817839413881
-0.006674745120108128
-0.006664698012173176
-0.006654676049947739
-0.006644680164754391
-0.00663470895960927
-0.006624762900173664
-0.00661484245210886
-0.006604946684092283
-0.006595076061785221
-0.006585230119526386
-0.006575409322977066
-0.00656561367213726
-0.006555842701345682
-0.006546096876263618
-0.006536375265568495
-0.006526678334921598
-0.006517005618661642
-0.006507358513772488
-0.006497736088931561
-0.006488138344138861
-0.006478564348071814
-0.006469015032052994
-0.006459490396082401
-0.006449989508837461
-0.006440511904656887
-0.006431058514863253
-0.006421627011150122
-0.006412218790501356
-0.006402833387255669
-0.006393471267074347
-0.006384131964296103
-0.006374815013259649
-0.006365520413964987
-0.006356249563395977
-0.006347001064568758
-0.006337775848805904
-0.006328573450446129
-0.006319394800812006
-0.006310238968580961
-0.006301106885075569
-0.006291997153311968
-0.006282910238951445
-0.006273845676332712
-0.00626480346545577
-0.00625578360632062
-0.006246785633265972
-0.006237809080630541
-0.006228854414075613
-0.006219921167939901
-0.006211008876562119
-0.006202118005603552
-0.006193248555064201
-0.00618440005928278
-0.006175572983920574
-0.006166767794638872
-0.006157983094453812
-0.00614921934902668
-0.006140476558357477
-0.006131755188107491
-0.006123054306954145
-0.006114374846220016
-0.006105716805905104
-0.006097080186009407
-0.006088464520871639
-0.006079868879169226
-0.006071294657886028
-0.00606274139136076
-0.006054208613932133
-0.006045696325600147
-0.006037204526364803
-0.006028733216226101
-0.00602028239518404
-0.006011850666254759
-0.006003438495099545
-0.005995045881718397
-0.005986672826111317
-0.00597831979393959
-0.005969986319541931
-0.005961673334240913
-0.00595338037237525
-0.005945106968283653
-0.005936853587627411
-0.005928618833422661
-0.005920404102653265
-0.005912207998335361
-0.005904031451791525
-0.005895873997360468
-0.005887735169380903
-0.005879615433514118
-0.005871514324098825
-0.005863432306796312
-0.005855369847267866
-0.005847326014190912
-0.005839300807565451
-0.005831293761730194
-0.00582330534234643
-0.005815334618091583
-0.005807382520288229
-0.00579944858327508
-0.005791532807052135
-0.005783635191619396
-0.005775756202638149
-0.00576789490878582
-0.00576005270704627
-0.005752228200435638
-0.005744421854615211
-0.005736633203923702
-0.005728861317038536
-0.005721107590943575
-0.005713371559977531
-0.005705652292817831
-0.005697950255125761
-0.005690265446901321
-0.005682599265128374
-0.005674950778484344
-0.00566732045263052
-0.005659707356244326
-0.005652111954987049
-0.005644535180181265
-0.005636975634843111
-0.005629433318972588
-0.005621908232569695
-0.005614399444311857
-0.005606907419860363
-0.005599431227892637
-0.005591971799731255
-0.005584528669714928
-0.005577102303504944
-0.005569692235440016
-0.005562299396842718
-0.005554923787713051
-0.005547564942389727
-0.005540222860872746
-0.005532898008823395
-0.005525590386241674
-0.005518299993127584
-0.00551102589815855
-0.005503768566995859
-0.005496526602655649
-0.00548930000513792
-0.005482089705765247
-0.005474894773215055
-0.005467715673148632
-0.00546055193990469
-0.005453403573483229
-0.005446270573884249
-0.005439153406769037
-0.005432050675153732
-0.005424963310360909
-0.005417891312390566
-0.005410834215581417
-0.005403792485594749
-0.005396766122430563
-0.005389755126088858
-0.005382759030908346
-0.005375778302550316
-0.005368813406676054
-0.005361864343285561
-0.005354930646717548
-0.005348013248294592
-0.005341111682355404
-0.005334226880222559
-0.005327356513589621
-0.005320501979440451
-0.005313662812113762
-0.005306837614625692
-0.005300027783960104
-0.005293232388794422
-0.005286451894789934
-0.00527968630194664
-0.00527293561026454
-0.005266198888421059
-0.005259476602077484
-0.005252769216895103
-0.005246075801551342
-0.005239395890384912
-0.005232730880379677
-0.00522607984021306
-0.005219442304223776
-0.005212819203734398
-0.005206208676099777
-0.00519961304962635
-0.005193030461668968
-0.00518646277487278
-0.005179908126592636
-0.005173367448151112
-0.005166840739548206
-0.005160328466445208
-0.005153829697519541
-0.005147344898432493
-0.005140874069184065
-0.005134416744112968
-0.005127972457557917
-0.005121542140841484
-0.005115125328302383
-0.005108722485601902
-0.00510233361274004
-0.005095959175378084
-0.005089597776532173
-0.005083250347524881
-0.005076915491372347
-0.005070594605058432
-0.005064286757260561
-0.005057992413640022
-0.005051710642874241
-0.005045441910624504
-0.005039185751229525
-0.005032943561673164
-0.005026713479310274
-0.005020496435463428
-0.005014292430132627
-0.005008101928979158
-0.005001924466341734
-0.004995760042220354
-0.004989609122276306
-0.004983470309525728
-0.004977345000952482
-0.004971233196556568
-0.004965133499354124
-0.00495904590934515
-0.004952970426529646
-0.004946907516568899
-0.004940857645124197
-0.00493481894955039
-0.004928792826831341
-0.004922778345644474
-0.00491677550598979
-0.004910784773528576
-0.004904805216938257
-0.004898838233202696
-0.004892882890999317
-0.004886939655989408
-0.004881008993834257
-0.00487509137019515
-0.004869186785072088
-0.004863294772803783
-0.004857414867728949
-0.004851548001170158
-0.004845694173127413
-0.004839852452278137
-0.004834023304283619
-0.004828205797821283
-0.004822399001568556
-0.004816604778170586
-0.004810821730643511
-0.004805049858987331
-0.004799289628863335
-0.004793541040271521
-0.004787803627550602
-0.004782077856361866
-0.0047763641923666
-0.004770661704242229
-0.004764969926327467
-0.004759289789944887
-0.004753620363771915
-0.004747961647808552
-0.004742314573377371
-0.004736677743494511
-0.004731051158159971
-0.004725436214357615
-0.004719831980764866
-0.0047142393887043
-0.004708657972514629
-0.004703088663518429
-0.004697530530393124
-0.004691984970122576
-0.004686451051384211
-0.004680929239839315
-0.00467541953548789
-0.004669921472668648
-0.004664434120059013
-0.004658957943320274
-0.004653492476791143
-0.004648037254810333
-0.004642592277377844
-0.004637157544493675
-0.004631733521819115
-0.004626320209354162
-0.004620917607098818
-0.004615525715053082
-0.004610144533216953
-0.00460477452725172
-0.004599415697157383
-0.004594068042933941
-0.004588731564581394
-0.004583406262099743
-0.004578092135488987
-0.004572788253426552
-0.004567495081573725
-0.004562214016914368
-0.004556943662464619
-0.004551685880869627
-0.004546438809484243
-0.00454120384529233
-0.004535981453955173
-0.004530770238488913
-0.004525571130216122
-0.004520384594798088
-0.004515210632234812
-0.004510048776865005
-0.004504899494349957
-0.004499763250350952
-0.004494639579206705
-0.004489530343562365
-0.004484434146434069
-0.004479351453483105
-0.004474282264709473
-0.00446922704577446
-0.004464185331016779
-0.004459158051759005
-0.004454144742339849
-0.004449146334081888
-0.004444162361323833
-0.004439192824065685
-0.004434238187968731
-0.004429299384355545
-0.004424376878887415
-0.004419470671564341
-0.004414581693708897
-0.004409710876643658
-0.004404857289046049
-0.004400021862238646
-0.004395205061882734
-0.004390406887978315
-0.004385627340525389
-0.004380866419523954
-0.0043761245906353
-0.004371401388198137
-0.00436669634655118
-0.004362010862678289
-0.004357344470918179
-0.00435269670560956
-0.004348068032413721
-0.0043434570543468
-0.004338863771408796
-0.00433428818359971
-0.004329730290919542
-0.004325189162045717
-0.004320664331316948
-0.004316155333071947
-0.004311662167310715
-0.004307183902710676
-0.004302719607949257
-0.004298267886042595
-0.004293827805668116
-0.004289398435503244
-0.004284979775547981
-0.004280570428818464
-0.004276168998330832
-0.004271773155778646
-0.004267382435500622
-0.004262994043529034
-0.00425860658288002
-0.004254219122231007
-0.004249829333275557
-0.004245435819029808
-0.004241035785526037
-0.004236627835780382
-0.004232209641486406
-0.004227779805660248
-0.004223336465656757
-0.004218877758830786
-0.004214401356875896
-0.004209906794130802
-0.004205393604934216
-0.004200859926640987
-0.004196305759251118
-0.004191730171442032
-0.004187133628875017
-0.004182515200227499
-0.004177875816822052
-0.004173215012997389
-0.004168533254414797
-0.004163831938058138
-0.004159111995249987
-0.00415437389165163
-0.004149619489908218
-0.004144851118326187
-0.004140070639550686
-0.004135280847549438
-0.004130484070628881
-0.004125682637095451
-0.004120879806578159
-0.004116079304367304
-0.004111283458769321
-0.004106496460735798
-0.004101721569895744
-0.004096962511539459
-0.004092222079634666
-0.004087505862116814
-0.00408281572163105
-0.004078155383467674
-0.004073528572916985
-0.004068938549607992
-0.004064388573169708
-0.004059881903231144
-0.004055420402437449
-0.004051005933433771
-0.004046640358865261
-0.004042324610054493
-0.004038060083985329
-0.004033846780657768
-0.004029684234410524
-0.004025572910904884
-0.004021511413156986
-0.004017497412860394
-0.004013529513031244
-0.004009604919701815
-0.004005720838904381
-0.004001873545348644
-0.003998060245066881
-0.003994276747107506
-0.00399051932618022
-0.003986783791333437
-0.003983065020292997
-0.003979359287768602
-0.003975661005824804
-0.003971966449171305
-0.003968270029872656
-0.003964567556977272
-0.003960855305194855
-0.003957128152251244
-0.003953383304178715
-0.003949617501348257
-0.003945827018469572
-0.003942009992897511
-0.003938164561986923
-0.003934290260076523
-0.00393038522452116
-0.003926449455320835
-0.003922483418136835
-0.003918488044291735
-0.003914464730769396
-0.003910416271537542
-0.003906345926225185
-0.003902256721630692
-0.003898152848705649
-0.003894038731232285
-0.003889919491484761
-0.003885799553245306
-0.003881684737280011
-0.00387757970020175
-0.003873489564284682
-0.003869418520480394
-0.003865371458232403
-0.003861351870000362
-0.003857363481074572
-0.003853409783914685
-0.003849493572488427
-0.003845616476610303
-0.003841781057417393
-0.003837987780570984
-0.00383423687890172
-0.003830528119578958
-0.003826860804110765
-0.003823232371360064
-0.003819640493020415
-0.003816082840785384
-0.003812555922195315
-0.003809055080637336
-0.00380557612515986
-0.003802114631980658
-0.003798665944486856
-0.003795225406065583
-0.003791787894442677
-0.003788348520174623
-0.00378490355797112
-0.003781449049711227
-0.003777981037274003
-0.003774496726691723
-0.003770994022488594
-0.003767470829188824
-0.003763925982639194
-0.00376035925000906
-0.003756770398467779
-0.003753160359337926
-0.003749530529603362
-0.003745883470401168
-0.003742221277207136
-0.003738547908142209
-0.003734866390004754
-0.003731180680915713
-0.003727495670318604
-0.003723814617842436
-0.003720142180100083
-0.003716482315212488
-0.003712839214131236
-0.003709216136485338
-0.003705616341903806
-0.003702042391523719
-0.003698497079312801
-0.003694982035085559
-0.003691497957333922
-0.003688045078888535
-0.003684622468426824
-0.003681229194626212
-0.003677864093333483
-0.003674524603411555
-0.003671208396553993
-0.003667912213131785
-0.003664632793515921
-0.003661366878077388
-0.003658110974356532
-0.003654861357063055
-0.003651614766567945
-0.003648367710411549
-0.003645117394626141
-0.003641861025243998
-0.003638596041128039
-0.003635320346802473
-0.00363203277811408
-0.00362873263657093
-0.003625419223681092
-0.003622093005105853
-0.003618755144998431
-0.003615406807512045
-0.003612050088122487
-0.003608687082305551
-0.003605320816859603
-0.003601954085752368
-0.003598590381443501
-0.003595232497900724
-0.003591883229091763
-0.003588545368984342
-0.00358522217720747
-0.003581915516406298
-0.003578627482056618
-0.003575359005481005
-0.003572111018002033
-0.003568884218111634
-0.003565678605809808
-0.00356249394826591
-0.003559328848496079
-0.003556182375177741
-0.003553052432835102
-0.003549937158823013
-0.003546834690496325
-0.003543742466717958
-0.003540657693520188
-0.003537578275427222
-0.003534501884132624
-0.003531426191329956
-0.00352834933437407
-0.003525269450619817
-0.003522185608744621
-0.003519096178933978
-0.003516001161187887
-0.003512900555506349
-0.003509794361889362
-0.003506683278828859
-0.003503568936139345
-0.003500451566651464
-0.003497333498671651
-0.003494216362014413
-0.003491102484986186
-0.003487993264570832
-0.003484890796244144
-0.003481796942651272
-0.003478713100776076
-0.00347564066760242
-0.003472580807283521
-0.003469534451141953
-0.003466502064839005
-0.003463484114035964
-0.003460480133071542
-0.003457489889115095
-0.003454512450844049
-0.003451547352597117
-0.003448593197390437
-0.003445648588240147
-0.003442712593823671
-0.003439783584326506
-0.003436860628426075
-0.003433941397815943
-0.003431024728342891
-0.003428109223023057
-0.003425194183364511
-0.00342227891087532
-0.003419362707063556
-0.003416445106267929
-0.003413526108488441
-0.00341060571372509
-0.003407684853300452
-0.003404764225706458
-0.003401844296604395
-0.003398926230147481
-0.003396011656150222
-0.003393101505935192
-0.003390196710824966
-0.003387298667803407
-0.003384408308193088
-0.003381526563316584
-0.003378653898835182
-0.003375791246071458
-0.003372938837856054
-0.003370096907019615
-0.003367265220731497
-0.003364443546161056
-0.003361631650477648
-0.003358828369528055
-0.003356032771989703
-0.003353244625031948
-0.003350462531670928
-0.003347685560584068
-0.003344912780448794
-0.003342143259942532
-0.003339376067742705
-0.003336610971018672
-0.003333847271278501
-0.00333108427003026
-0.003328322432935238
-0.003325561294332147
-0.00332280108705163
-0.003320042043924332
-0.00331728532910347
-0.003314531873911619
-0.003311781445518136
-0.003309035673737526
-0.003306295024231076
-0.003303559962660074
-0.003300831420347095
-0.003298110095784068
-0.003295396221801639
-0.003292689565569162
-0.003289991058409214
-0.003287300933152437
-0.003284618025645614
-0.003281942801550031
-0.00327927409671247
-0.003276611911132932
-0.003273955313488841
-0.003271304070949554
-0.003268657717853785
-0.003266015322878957
-0.003263376653194427
-0.003260740777477622
-0.00325810769572854
-0.003255477407947183
-0.003252849448472261
-0.003250224515795708
-0.003247602377086878
-0.003244983498007059
-0.003242368111386895
-0.003239756217226386
-0.003237148514017463
-0.003234544768929482
-0.003231945913285017
-0.003229351481422782
-0.003226762404665351
-0.00322417845018208
-0.003221599385142326
-0.00321902590803802
-0.003216458018869162
-0.003213895950466394
-0.003211339469999075
-0.003208788344636559
-0.003206243040040135
-0.003203703090548515
-0.003201168263331056
-0.003198638092726469
-0.003196112578734756
-0.003193591721355915
-0.003191074822098017
-0.003188562113791704
-0.003186052665114403
-0.003183546476066113
-0.003181043546646833
-0.003178543178364635
-0.003176045836880803
-0.003173551987856627
-0.00317106069996953
-0.003168573137372732
-0.003166089067235589
-0.003163608955219388
-0.003161133034154773
-0.003158662002533674
-0.003156195860356092
-0.003153734374791384
-0.003151278477162123
-0.003148827468976378
-0.003146381583064795
-0.003143940586596727
-0.00314150401391089
-0.003139071399345994
-0.003136642277240753
-0.003134216880425811
-0.00313179474323988
-0.00312937586568296
-0.003126959782093763
-0.003124546725302935
-0.003122135996818542
-0.003119728062301874
-0.003117322688922286
-0.003114920109510422
-0.003112519858404994
-0.003110121935606003
-0.003107726573944092
-0.003105333307757974
-0.003102942369878292
-0.003100553527474403
-0.003098167013376951
-0.003095782827585936
-0.003093400737270713
-0.003091020742431283
-0.003088642610237002
-0.003086266340687871
-0.003083891468122602
-0.003081517992541194
-0.003079145215451717
-0.003076773369684815
-0.003074402455240488
-0.003072031773626804
-0.003069660859182477
-0.00306728994473815
-0.003064918797463179
-0.003062546951696277
-0.003060174407437444
-0.003057800699025393
-0.003055425593629479
-0.003053048858419061
-0.003050670493394136
-0.003048289800062776
-0.003045907011255622
-0.003043521428480744
-0.003041133284568787
-0.003038742113858461
-0.003036347683519125
-0.003033950226381421
-0.003031549276784062
-0.003029144834727049
-0.003026737133041024
-0.003024326404556632
-0.003021912416443229
-0.003019495168700814
-0.003017074661329389
-0.003014651825651526
-0.00301222619600594
-0.003009797539561987
-0.00300736608915031
-0.003004932310432196
-0.003002496203407645
-0.003000058466568589
-0.002997619099915028
-0.002995178569108248
-0.002992737106978893
-0.002990295644849539
-0.002987854182720184
-0.002985413884744048
-0.002982975449413061
-0.002980539109557867
-0.002978106494992971
-0.002975678071379662
-0.002973255002871156
-0.002970838453620672
-0.002968428889289498
-0.002966027706861496
-0.002963636303320527
-0.002961255144327879
-0.002958885859698057
-0.002956529380753636
-0.002954187104478478
-0.002951859496533871
-0.002949547953903675
-0.002947253175079823
-0.002944976557046175
-0.002942719031125307
-0.002940481994301081
-0.002938265912234783
-0.00293607241474092
-0.002933901734650135
-0.002931755036115646
-0.002929632784798741
-0.002927535446360707
-0.002925463719293475
-0.002923417370766401
-0.002921396866440773
-0.002919401973485947
-0.002917432226240635
-0.00291548646055162
-0.002913564210757613
-0.002911665011197329
-0.002909788163378835
-0.002907932037487626
-0.002906095702201128
-0.002904277294874191
-0.00290247518569231
-0.002900687977671623
-0.002898913575336337
-0.002897149883210659
-0.002895394805818796
-0.002893645316362381
-0.002891899086534977
-0.002890153555199504
-0.002888406161218882
-0.002886654110625386
-0.002884894143790007
-0.002883123466745019
-0.002881339518353343
-0.002879539737477899
-0.002877721330150962
-0.002875881735235453
-0.002874018624424934
-0.002872130833566189
-0.002870216034352779
-0.002868272596970201
-0.00286629912443459
-0.002864294685423374
-0.002862258814275265
-0.002860191045328975
-0.002858091844245791
-0.002855961909517646
-0.002853801473975182
-0.002851612865924835
-0.002849397016689181
-0.002847156254574656
-0.002844893140718341
-0.002842610003426671
-0.002840309869498014
-0.002837995998561382
-0.002835671417415142
-0.002833339851349592
-0.002831004559993744
-0.002828669035807252
-0.002826337469741702
-0.002824013354256749
-0.002821700880303979
-0.002819403307512403
-0.002817124128341675
-0.002814867068082094
-0.002812634920701385
-0.00281043048016727
-0.002808255376294255
-0.002806112170219421
-0.002804002026095986
-0.002801925642415881
-0.002799883717671037
-0.002797875786200166
-0.002795901615172625
-0.002793959807604551
-0.002792049199342728
-0.002790167462080717
-0.00278831273317337
-0.00278648198582232
-0.002784672193229198
-0.002782880095764995
-0.00278110196813941
-0.002779333852231503
-0.002777572022750974
-0.002775812055915594
-0.002774049993604422
-0.002772282110527158
-0.00277050444856286
-0.002768713282421231
-0.002766905352473259
-0.002765078097581863
-0.002763229189440608
-0.002761356998234987
-0.002759459428489208
-0.00275753578171134
-0.002755586057901382
-0.002753610257059336
-0.002751609077677131
-0.002749583451077342
-0.002747534541413188
-0.002745464909821749
-0.002743376418948174
-0.002741272328421474
-0.002739155199378729
-0.002737028291448951
-0.002734895562753081
-0.002732760040089488
-0.0027306261472404
-0.002728497143834829
-0.002726377220824361
-0.002724270336329937
-0.002722179284319282
-0.002720107091590762
-0.002718056552112103
-0.002716029761359096
-0.002714028116315603
-0.002712053013965487
-0.002710105152800679
-0.002708184532821178
-0.002706290455535054
-0.002704421989619732
-0.002702576806768775
-0.002700753044337034
-0.002698947675526142
-0.002697158372029662
-0.002695381408557296
-0.002693613758310676
-0.002691851928830147
-0.002690092660486698
-0.002688332693651319
-0.002686568768694997
-0.002684797858819366
-0.002683016937226057
-0.002681223442777991
-0.002679415512830019
-0.002677591284736991
-0.002675749594345689
-0.002673889743164182
-0.002672011964023113
-0.00267011602409184
-0.00266820308752358
-0.002666274318471551
-0.002664331579580903
-0.002662376966327429
-0.002660412807017565
-0.002658442128449678
-0.00265646749176085
-0.002654492389410734
-0.002652519382536411
-0.002650551032274961
-0.002648590598255396
-0.002646640408784151
-0.002644702792167664
-0.002642779378220439
-0.002640872029587626
-0.002638981677591801
-0.002637109719216824
-0.002635255688801408
-0.002633419819176197
-0.002631601179018617
-0.002629798837006092
-0.002628011861816049
-0.00262623792514205
-0.00262447539716959
-0.002622721483930945
-0.002620973857119679
-0.002619230886921287
-0.002617489546537399
-0.002615747507661581
-0.002614002441987395
-0.002612252719700336
-0.002610496245324612
-0.002608731621876359
-0.00260695768520236
-0.002605173736810684
-0.0026033790782094
-0.002601573243737221
-0.002599757164716721
-0.002597931306809187
-0.002596096834167838
-0.002594255143776536
-0.002592407632619143
-0.002590556163340807
-0.002588702598586679
-0.00258684903383255
-0.002584997331723571
-0.00258314935490489
-0.002581307431682944
-0.002579473191872239
-0.002577647333964705
-0.002575831487774849
-0.002574026817455888
-0.002572233788669109
-0.002570452401414514
-0.002568682422861457
-0.002566923853009939
-0.002565176226198673
-0.002563438378274441
-0.002561709377914667
-0.002559987595304847
-0.002558271633461118
-0.002556560095399618
-0.002554851351305842
-0.002553144004195929
-0.002551436191424727
-0.002549726748839021
-0.002548014279454947
-0.00254629785194993
-0.002544576302170753
-0.002542849397286773
-0.002541117137297988
-0.002539379289373755
-0.002537636086344719
-0.002535888226702809
-0.002534136641770601
-0.002532382262870669
-0.002530625788494945
-0.002528868382796645
-0.002527111209928989
-0.002525355666875839
-0.002523602917790413
-0.002521853893995285
-0.002520109293982387
-0.002518370980396867
-0.002516639186069369
-0.002514914376661181
-0.002513197250664234
-0.002511487575247884
-0.00250978535041213
-0.00250809034332633
-0.002506401855498552
-0.002504718955606222
-0.002503041410818696
-0.002501368289813399
-0.00249969819560647
-0.002498030429705977
-0.002496363827958703
-0.002494697691872716
-0.002493031322956085
-0.002491363324224949
-0.002489693928509951
-0.002488022670149803
-0.002486349083483219
-0.002484672935679555
-0.002482994692400098
-0.002481314586475492
-0.002479632385075092
-0.002477949252352118
-0.002476265653967857
-0.002474582055583596
-0.00247289938852191
-0.002471218351274729
-0.002469539642333984
-0.002467864193022251
-0.002466192236170173
-0.002464525168761611
-0.002462862757965922
-0.002461205469444394
-0.002459553070366383
-0.002457905327901244
-0.002456262474879622
-0.002454623812809587
-0.002452989341691136
-0.002451358828693628
-0.002449731575325131
-0.002448106883093715
-0.002446484053507447
-0.002444862388074398
-0.002443241886794567
-0.00244162161834538
-0.002440001582726836
-0.002438381547108293
-0.002436761045828462
-0.002435139613226056
-0.002433517947793007
-0.002431896049529314
-0.002430273685604334
-0.002428651787340641
-0.002427030354738235
-0.002425409387797117
-0.002423789817839861
-0.002422171412035823
-0.002420555101707578
-0.002418940886855125
-0.002417329465970397
-0.002415720839053392
-0.002414115006104112
-0.002412512665614486
-0.002410913351923227
-0.00240931729786098
-0.002407724503427744
-0.002406135201454163
-0.002404548926278949
-0.002402965445071459
-0.002401384292170405
-0.002399805467575788
-0.002398228971287608
-0.002396654337644577
-0.002395081566646695
-0.002393510192632675
-0.002391939982771873
-0.002390370471403003
-0.002388801658526063
-0.00238723331131041
-0.002385664964094758
-0.002384096849709749
-0.00238252873532474
-0.002380960620939732
-0.00237939297221601
-0.00237782602198422
-0.00237625977024436
-0.002374695148319006
-0.002373132156208158
-0.002371571026742458
-0.002370012691244483
-0.002368456916883588
-0.002366903936490417
-0.002365354215726256
-0.002363807754591107
-0.002362264320254326
-0.002360723912715912
-0.002359186066314578
-0.002357650781050324
-0.002356117591261864
-0.002354586264118552
-0.002353056333959103
-0.002351527567952871
-0.002349999966099858
-0.002348473062738776
-0.002346946625038981
-0.002345420885831118
-0.002343895845115185
-0.002342371735721827
-0.002340848557651043
-0.002339326310902834
-0.002337805461138487
-0.002336286474019289
-0.002334769116714597
-0.002333253854885697
-0.002331740455701947
-0.00233022915199399
-0.002328719478100538
-0.00232721259817481
-0.002325707580894232
-0.002324204659089446
-0.00232270359992981
-0.002321204170584679
-0.002319706603884697
-0.002318210434168577
-0.002316715428605676
-0.002315221820026636
-0.002313729841262102
-0.00231223925948143
-0.002310750307515264
-0.002309262752532959
-0.002307776361703873
-0.002306291833519936
-0.002304808469489217
-0.00230332650244236
-0.002301845932379365
-0.002300366759300232
-0.002298888983204961
-0.002297412604093552
-0.002295937621966004
-0.002294464036822319
-0.002292991848662496
-0.002291521290317178
-0.002290052128955722
-0.002288584597408772
-0.002287118462845683
-0.002285654656589031
-0.002284192480146885
-0.002282732166349888
-0.002281273482367396
-0.002279816893860698
-0.002278361702337861
-0.002276908373460174
-0.002275456907227635
-0.002274007070809603
-0.002272559097036719
-0.002271112985908985
-0.0022696687374264
-0.002268226351588964
-0.002266785362735391
-0.002265346003696322
-0.00226390827447176
-0.002262472175061703
-0.002261037472635508
-0.002259603468701243
-0.002258170861750841
-0.002256739186123013
-0.002255308907479048
-0.002253879560157657
-0.002252451609820127
-0.00225102505646646
-0.002249599201604724
-0.002248174976557493
-0.002246752148494124
-0.002245331183075905
-0.002243911381810904
-0.002242492977529764
-0.002241075970232487
-0.002239660359919071
-0.002238246146589518
-0.002236833795905113
-0.002235422609373927
-0.002234013052657247
-0.002232605358585715
-0.002231199527159333
-0.0022297955583781
-0.002228393219411373
-0.002226992044597864
-0.002225592732429504
-0.002224194584414363
-0.002222797833383083
-0.002221402246505022
-0.002220007823780179
-0.002218614565208554
-0.002217222470790148
-0.002215831773355603
-0.002214442705735564
-0.002213055500760674
-0.00221166992560029
-0.002210285747423768
-0.002208903199061751
-0.00220752228051424
-0.002206142758950591
-0.002204764867201447
-0.002203388605266809
-0.002202013740316033
-0.002200640272349119
-0.002199267968535423
-0.002197897061705589
-0.002196527551859617
-0.002195159904658794
-0.002193793188780546
-0.002192428335547447
-0.002191064413636923
-0.002189702354371548
-0.002188341226428747
-0.002186981495469809
-0.002185623394325376
-0.002184266690164804
-0.002182911150157452
-0.002181557239964604
-0.002180204261094332
-0.002178852446377277
-0.002177501795813441
-0.002176152775064111
-0.002174805384129286
-0.002173459157347679
-0.002172114327549934
-0.002170771360397339
-0.002169430255889893
-0.002168090315535665
-0.002166752004995942
-0.002165414858609438
-0.002164079109206796
-0.002162744756788015
-0.002161411801353097
-0.002160080708563328
-0.00215875031426549
-0.002157421316951513
-0.002156093250960112
-0.002154766116291285
-0.002153440378606319
-0.002152115339413285
-0.002150791697204113
-0.002149469219148159
-0.002148147905245423
-0.002146827755495906
-0.002145508769899607
-0.002144190715625882
-0.002142873592674732
-0.002141557633876801
-0.002140243304893374
-0.00213893037289381
-0.002137618837878108
-0.002136309165507555
-0.002135001122951508
-0.002133694244548678
-0.002132388995960355
-0.00213108561001718
-0.002129783853888512
-0.002128483727574348
-0.002127185231074691
-0.002125888364389539
-0.002124593127518892
-0.002123299520462751
-0.002122007310390472
-0.002120716264471412
-0.002119426382705569
-0.002118137432262301
-0.002116849413141608
-0.002115562558174133
-0.00211427710019052
-0.002112993039190769
-0.002111709909513593
-0.002110427478328347
-0.002109146444126964
