0
0
0
0
0
0
0
0
0
0
0
0
0
0
0
0
0
0
0
0
0
0
0
0
0
0
0
0
0
0
0
0
0
0
0
0
0
0
0
0
0
0
0
0
0
0
0
0
0
0
0
0
0
0
0
0
0
0
0
0
0
0
0
0
0
0
0
0
0
0
0
0
0
0
0
0
0
0
0
0
0
0
0
0
0
0
0
0
0
0
0
0
0
0
0
0
0
0
0
0
0
0
0
0
0
0
0
0
0
0
0
0
0
0
0
0
0
0
0
0
0
0
0
0
0
0
0
0
0
0
0
0
0
0
0
0
0
0
0
0
0
0
0
0
0
0
0
0
0
0
0
0
0
0
0
0
0
0
0
0
0
0
0
0
0
0
0
0
0
0
0
0
0
0
0
0
0
0
0
0
0
0
0
0
0
0
0
0
0
0
0
0
0
0
0
0
0
0
0
0
0
0
0
0
0
0
0
0
0
0
0
0
0
0
0
0
0
0
0
0
0
0
0
0
0
0
0
0
0
0
0
0
0
0
0
0
0
0
0
0
0
0
0
0
0
0
0
0
0
0
0
0
0
0
0
0
0
0
0
0
0
0
0
0
0
0
0
0
0
0
0
0
0
0
0
0
0
0
0
0
0
0
0
0
0
0
0
0
0
0
0
0
0
0
0
0
0
0
0
0
0
0
0
0
0
0
0
0
0
0
0
0
0
0
0
0
0
0
0
0
0
0
0
0
0
0
0
0
0
0
0
0
0
0
0
0
0
0
0
0
0
0
0
0
0
0
0
0
0
0
0
0
0
0
0
0
0
0
0
0
0
0
0
0
0
0
0
0
0
0
0
0
0
0
0
0
0
0
0
0
0
0
0
0
0
0
0
0
0
0
0
0
0
0
0
0
0
0
0
0
0
0
0
0
0
0
0
0
0
0
0
0
0
0
0
0
0
0
0
0
0
0
0
0
0
0
0
0
0
0
0
0
0
0
0
0
0
0
0
0
0
0
0
0
0
0
0
0
0
0
0
0
0
0
0
0
0
0
0
0
0
0
0
0
0
0
0
0
0
0
0
0
0
0
0
0
0
0
0
0
0
0
0
0
0
0
0
0
0
0
0
0
0
0
0
0
0
0
0
0
0
0
0
0
0
0
0
0
0
0
0
0
0
0
0
0
0
0
0
0
0
0
0
0
0
0
0
0
0
0
0
0
0
0
0
0
0
0
0
0
0
0
0
0
0
0
0
0
0
0
0
0
0
0
0
0
0
0
0
0
1.401298464324817e-44
5.885453550164232e-44
1.639519203260036e-43
4.44211613190967e-43
1.22193226089124e-42
3.33088644970009e-42
9.013151722537223e-42
2.421724006046149e-41
6.464750335316111e-41
1.714572749009273e-40
4.518262690461081e-40
1.182953742807581e-39
3.077240217269584e-39
7.953632756258158e-39
2.042659038721335e-38
5.212776477427289e-38
1.321908964815327e-37
3.331266706051369e-37
8.342740044949647e-37
2.076419939682152e-36
5.136226927858314e-36
1.262731471496093e-35
3.08553606560797e-35
7.494070360079788e-35
1.8092017482294e-34
4.341628691689616e-34
1.035687573055712e-33
2.456005346566123e-33
5.789857017356868e-33
1.356931022250944e-32
3.161640168824746e-32
7.323942825926805e-32
1.68681699611359e-31
3.862728509542175e-31
8.795003593869284e-31
1.991158408033009e-30
4.482450353809809e-30
1.003406642223489e-29
2.233582056212129e-29
4.944265709750694e-29
1.08839850242975e-28
2.382711175241063e-28
5.187560675720046e-28
1.123243943653435e-27
2.418881535895865e-27
5.18078043935083e-27
1.103636590150013e-26
2.338392185732259e-26
4.928093577303765e-26
1.033048114570551e-25
2.154030061208023e-25
4.467679224054597e-25
9.217655281270928e-25
1.891804807703506e-24
3.86241050895135e-24
7.844686065868317e-24
1.585026031335646e-23
3.186026180457655e-23
6.371220585976846e-23
1.267548265831853e-22
2.50889776680372e-22
4.940669423319323e-22
9.680119488596236e-22
1.887015062012614e-21
3.659965633404574e-21
7.063060182662322e-21
1.356220290741369e-20
2.591170087568782e-20
4.926026953228071e-20
9.318358913941489e-20
1.754003272447222e-19
3.285308068998032e-19
6.1232613530909e-19
1.135681344317436e-18
2.096057681031049e-18
3.849715941614654e-18
7.036206739890417e-18
1.279789276477852e-17
2.316507228617811e-17
4.17281814826991e-17
7.480504637482859e-17
1.334574920828729e-16
2.369574934641701e-16
4.187144850304879e-16
7.363598341242903e-16
1.288816745180174e-15
2.24504706241213e-15
3.89221676603776e-15
6.715986172408945e-15
1.153367240716617e-14
1.971397186933867e-14
3.353766307094379e-14
5.67867523566367e-14
9.570178037630189e-14
1.605294808757277e-13
2.680120123228769e-13
4.453702760320172e-13
7.366450656930146e-13
1.212740519986044e-12
1.987248907098227e-12
3.241258173317108e-12
5.262037333642056e-12
8.503055898279044e-12
1.367661279366716e-11
2.18960596182205e-11
3.48930294380434e-11
5.534747313240551e-11
8.738648693551454e-11
1.373342967125879e-10
2.148338174023934e-10
3.345149712785656e-10
5.184634388477605e-10
7.99853461241895e-10
1.228265711361587e-09
1.87742954516068e-09
2.856431757791711e-09
4.325858338205535e-09
6.520909145990572e-09
9.784312915428472e-09
1.461293663851393e-08
2.17234212840367e-08
3.214406874008091e-08
4.734274128281868e-08
6.940387464737796e-08
1.012720218795948e-07
1.470848616236253e-07
2.12626019902018e-07
3.059367372770794e-07
4.381373344131134e-07
6.245233521440241e-07
8.860191087478597e-07
1.25109193049866e-06
1.758258008521807e-06
2.459339611959876e-06
3.423670023039449e-06
4.743484169011936e-06
6.540778485941701e-06
8.975979653769173e-06
1.225881351274438e-05
1.666182106419001e-05
2.253703860333189e-05
3.033641405636445e-05
4.063654705532826e-05
5.416844578576274e-05
7.185291906353086e-05
9.484225302003324e-05
0.0001245688035851344
0.0001628008903935552
0.0002117064577760175
0.0002739241463132203
0.0003526421205606312
0.0004516830667853355
0.000575594836845994
0.0007297440315596759
0.0009204099187627435
0.001154875266365707
0.001441509113647044
0.001789834350347519
0.002210577018558979
0.002715684706345201
0.003318307688459754
0.004032735712826252
0.004874277859926224
0.005859073251485825
0.007003833539783955
0.008325501345098019
0.009840825572609901
0.01156584732234478
0.01351530104875565
0.01570194587111473
0.01813583076000214
0.02082351967692375
0.02376728877425194
0.02696437202394009
0.03040623851120472
0.03407798334956169
0.03795789182186127
0.04201716184616089
0.04621994867920876
0.05052363127470016
0.05487944930791855
0.05923351645469666
0.0635281503200531
0.06770356744527817
0.07169985771179199
0.07545924186706543
0.07892847806215286
0.0820612907409668
0.08482075482606888
0.08718138188123703
0.08913096040487289
0.09067178517580032
0.09182130545377731
0.09261203557252884
0.09309060126543045
0.09331608563661575
0.09335748106241226
0.09329047054052353
0.09319372475147247
0.0931447297334671
0.09321556985378265
0.09346883744001389
0.09395395964384079
0.09470419585704803
0.0957346186041832
0.09704115241765976
0.09860086441040039
0.1003736183047295
0.1023048087954521
0.1043292135000229
0.1063756793737411
0.1083722487092018
0.1102514043450356
0.1119550243020058
0.1134386584162712
0.1146747246384621
0.1156544014811516
0.1163879632949829
0.1169036403298378
0.1172449514269829
0.1174667552113533
0.1176304891705513
0.1177987456321716
0.1180299520492554
0.1183734089136124
0.1188652589917183
0.1195257380604744
0.1203579008579254
0.1213479787111282
0.1224673241376877
0.1236756443977356
0.1249253675341606
0.1261664777994156
0.1273515373468399
0.1284402161836624
0.1294030100107193
0.1302237510681152
0.1309005916118622
0.1314455568790436
0.1318825930356979
0.1322445273399353
0.1325691789388657
0.1328950226306915
0.133257120847702
0.1336835324764252
0.1341926455497742
0.1347917467355728
0.1354768872261047
0.1362340152263641
0.1370411664247513
0.1378715336322784
0.1386967748403549
0.1394904851913452
0.1402310729026794
0.1409040242433548
0.1415031254291534
0.142030730843544
0.1424967497587204
0.1429170221090317
0.143310934305191
0.1436988562345505
0.1440995633602142
0.1445280313491821
0.1449938714504242
0.1455006003379822
0.1460456401109695
0.1466211378574371
0.1472153961658478
0.1478147655725479
0.1484054923057556
0.1489755362272263
0.1495160311460495
0.1500221341848373
0.1504934281110764
0.1509335041046143
0.1513491719961166
0.1517492830753326
0.1521433591842651
0.1525402814149857
0.1529470682144165
0.1533682346343994
0.1538052707910538
0.1542568206787109
0.1547191292047501
0.1551867872476578
0.1556537002325058
0.1561139523983002
0.1565626412630081
0.1569965183734894
0.1574142128229141
0.1578163802623749
0.1582052856683731
0.158584326505661
0.1589575260877609
0.1593288034200668
0.1597014516592026
0.1600777506828308
0.1604587286710739
0.1608441323041916
0.1612326353788376
0.161622166633606
0.1620102524757385
0.1623944938182831
0.1627729386091232
0.1631442159414291
0.1635078340768814
0.1638640016317368
0.1642136722803116
0.1645582169294357
0.1648992449045181
0.1652382612228394
0.1655764877796173
0.16591477394104
0.166253387928009
0.1665921658277512
0.1669304966926575
0.1672675609588623
0.1676024496555328
0.1679342985153198
0.1682625114917755
0.1685867011547089
0.1689068078994751
0.1692230850458145
0.1695359498262405
0.1698459535837173
0.1701537072658539
0.1704596877098083
0.1707643270492554
0.1710678189992905
0.1713701635599136
0.1716711968183517
0.1719706803560257
0.1722682863473892
0.1725637167692184
0.1728567481040955
0.1731472313404083
0.1734351515769958
0.1737205386161804
0.1740036010742188
0.174284502863884
0.1745634526014328
0.1748406887054443
0.1751163154840469
0.1753904521465302
0.1756630837917328
0.1759341955184937
0.1762036979198456
0.1764715164899826
0.1767375320196152
0.1770017147064209
0.177264004945755
0.1775244176387787
0.1777829825878143
0.1780397593975067
0.1782948076725006
0.1785481870174408
0.1788000464439392
0.1790503710508347
0.1792992204427719
0.1795466244220734
0.1797925680875778
0.1800370216369629
0.1802799552679062
0.1805213838815689
0.1807612925767899
0.1809996515512466
0.1812364906072617
0.1814718395471573
0.1817057281732559
0.1819381713867188
0.1821692287921906
0.1823989003896713
0.1826272159814835
0.1828542053699493
0.183079868555069
0.1833042204380035
0.1835272312164307
0.1837489157915115
0.1839692741632462
0.1841883361339569
0.1844060868024826
0.1846225559711456
0.184837743639946
0.1850516647100449
0.1852643638849258
0.1854758560657501
0.1856861561536789
0.185895249247551
0.1861031502485275
0.1863098740577698
0.1865154355764389
0.1867198050022125
0.1869230419397354
0.187125101685524
0.1873260289430618
0.1875258237123489
0.1877245157957077
0.1879221200942993
0.1881186068058014
0.1883139759302139
0.1885083168745041
0.1887015849351883
0.1888937801122665
0.1890849173069
0.1892749816179276
0.1894639879465103
0.1896519213914871
0.189838781952858
0.1900245845317841
0.1902093440294266
0.1903930157423019
0.1905755549669266
0.1907569617033005
0.1909371763467789
0.191116139292717
0.1912938058376312
0.1914700418710709
0.191644698381424
0.1918175965547562
0.191988542675972
0.1921572387218475
0.1923233419656754
0.192486435174942
0.1926459521055222
0.1928012073040009
0.1929513812065125
0.1930954903364182
0.1932323276996613
0.1933604180812836
0.1934780031442642
0.1935829967260361
0.1936729252338409
0.1937449276447296
0.1937956362962723
0.1938211172819138
0.1938169002532959
0.193777859210968
0.1936981528997421
0.1935712397098541
0.1933898627758026
0.1931459754705429
0.192830815911293
0.1924349069595337
0.1919481158256531
0.1913597583770752
0.1906587481498718
0.1898337304592133
0.1888733208179474
0.1877664029598236
0.1865024119615555
0.1850716471672058
0.1834656894207001
0.181677907705307
0.1797037571668625
0.1775413006544113
0.1751917153596878
0.1726596504449844
0.1699535846710205
0.1670862287282944
0.1640746593475342
0.1609403342008591
0.1577091217041016
0.1544111371040344
0.1510801762342453
0.1477532982826233
0.1444699019193649
0.1412708163261414
0.1381971091032028
0.1352888494729996
0.1325836330652237
0.1301151961088181
0.1279119849205017
0.1259956508874893
0.1243799924850464
0.1230698525905609
0.1220604181289673
0.1213369369506836
0.1208747774362564
0.1206399723887444
0.1205902844667435
0.1206766366958618
0.1208450868725777
0.121039092540741
0.1212020814418793
0.1212801560759544
0.1212247610092163
0.1209953129291534
0.1205613613128662
0.1199044063687325
0.1190190315246582
0.1179133355617523
0.1166086122393608
0.1151381954550743
0.1135454848408699
0.1118813529610634
0.1102009788155556
0.1085602641105652
0.1070121824741364
0.1056031808257103
0.104370005428791
0.1033370643854141
0.1025146469473839
0.101898081600666
0.1014679372310638
0.1011913493275642
0.1010242700576782
0.1009146347641945
0.1008060723543167
0.1006420105695724
0.1003697663545609
0.09994429349899292
0.09933129698038101
0.09850949048995972
0.09747166186571121
0.09622456878423691
0.09478764235973358
0.09319048374891281
0.09146956354379654
0.0896642878651619
0.08781278133392334
0.08594783395528793
0.0840933546423912
0.08226180821657181
0.08045255392789841
0.07865160703659058
0.07683270424604416
0.07495948672294617
0.07298883050680161
0.07087479531764984
0.06857284158468246
0.06604401022195816
0.06325861066579819
0.06019898504018784
0.0568612664937973
0.05325575172901154
0.04940609261393547
0.04534729570150375
0.04112282395362854
0.03678110986948013
0.0323718748986721
0.02794267423450947
0.02353594452142715
0.01918695494532585
0.01492278184741735
0.01076232828199863
0.006717387121170759
0.002794502303004265
-0.001002655830234289
-0.004670753609389067
-0.008204438723623753
-0.01159450877457857
-0.01482688914984465
-0.01788252592086792
-0.02073827758431435
-0.02336869761347771
-0.02574846521019936
-0.02785524725914001
-0.02967257797718048
-0.03119243122637272
-0.03241719305515289
-0.03336074575781822
-0.03404856845736504
-0.03451680019497871
-0.0348103791475296
-0.0349804125726223
-0.03508111461997032
-0.03516658022999763
-0.03528771176934242
-0.03548956662416458
-0.03580939769744873
-0.03627539798617363
-0.03690627217292786
-0.037711501121521
-0.03869223594665527
-0.03984252363443375
-0.04115071892738342
-0.04260089620947838
-0.04417408257722855
-0.04584918543696404
-0.04760363325476646
-0.0494137667119503
-0.05125501379370689
-0.05310201644897461
-0.05492883548140526
-0.05670934543013573
-0.05841784551739693
-0.06002999842166901
-0.06152394413948059
-0.06288161873817444
-0.0640900507569313
-0.06514248251914978
-0.06603919714689255
-0.066787950694561
-0.06740381568670273
-0.06790844351053238
-0.0683288648724556
-0.06869577616453171
-0.06904157996177673
-0.06939826160669327
-0.06979534775018692
-0.07025806605815887
-0.07080589979887009
-0.07145162671804428
-0.07220089435577393
-0.0730523094534874
-0.07399796694517136
-0.07502447068691254
-0.07611413300037384
-0.07724638283252716
-0.07839920371770859
-0.07955054938793182
-0.08067955821752548
-0.08176764100790024
-0.08279933780431747
-0.08376286923885345
-0.08465055376291275
-0.08545898646116257
-0.08618892729282379
-0.08684512227773666
-0.08743584901094437
-0.08797235786914825
-0.08846816420555115
-0.08893823623657227
-0.089398093521595
-0.08986285328865051
-0.09034630656242371
-0.09086011350154877
-0.09141306579113007
-0.09201059490442276
-0.09265447407960892
-0.09334279596805573
-0.09407024830579758
-0.09482858330011368
-0.09560734778642654
-0.09639475494623184
-0.09717860072851181
-0.09794722497463226
-0.09869033843278885
-0.09939980506896973
-0.100070096552372
-0.1006986126303673
-0.1012857109308243
-0.1018344983458519
-0.1023504063487053
-0.1028406247496605
-0.1033134907484055
-0.1037776917219162
-0.1042416244745255
-0.1047127246856689
-0.1051969975233078
-0.1056986600160599
-0.1062199175357819
-0.1067609563469887
-0.1073200702667236
-0.1078939512372017
-0.1084780618548393
-0.1090670302510262
-0.1096552088856697
-0.1102370843291283
-0.110807754099369
-0.1113632395863533
-0.1119007840752602
-0.1124189645051956
-0.1129177585244179
-0.113398440182209
-0.1138633787631989
-0.1143158078193665
-0.1147594749927521
-0.1151983067393303
-0.1156360507011414
-0.1160760000348091
-0.1165207326412201
-0.1169719249010086
-0.1174302697181702
-0.1178954988718033
-0.1183664798736572
-0.118841364979744
-0.119317814707756
-0.1197932586073875
-0.1202651113271713
-0.1207310706377029
-0.1211892738938332
-0.1216384470462799
-0.1220779791474342
-0.1225079149007797
-0.1229289323091507
-0.1233422160148621
-0.1237492859363556
-0.124151885509491
-0.1245517432689667
-0.1249504610896111
-0.1253493130207062
-0.1257492005825043
-0.1261506080627441
-0.1265535056591034
-0.1269574910402298
-0.1273617595434189
-0.1277653276920319
-0.1281670182943344
-0.1285656094551086
-0.1289599984884262
-0.1293492019176483
-0.1297324746847153
-0.1301092654466629
-0.1304792910814285
-0.1308424323797226
-0.1311987042427063
-0.1315481662750244
-0.1318908035755157
-0.1322264671325684
-0.1325547397136688
-0.1328748911619186
-0.1331858187913895
-0.1334859579801559
-0.1337732821702957
-0.1340453177690506
-0.1342990845441818
-0.1345311552286148
-0.1347376704216003
-0.1349143236875534
-0.1350564211606979
-0.1351588368415833
-0.1352160573005676
-0.1352221816778183
-0.1351708471775055
-0.1350553035736084
-0.1348683685064316
-0.1346024870872498
-0.134249746799469
-0.1338019371032715
-0.1332506686449051
-0.1325875371694565
-0.1318042576313019
-0.1308928430080414
-0.1298459768295288
-0.1286572068929672
-0.1273212134838104
-0.1258342266082764
-0.1241942793130875
-0.1224016100168228
-0.1204589381814003
-0.1183716952800751
-0.1161483228206635
-0.1138004139065742
-0.1113428175449371
-0.1087936609983444
-0.1061742305755615
-0.1035088300704956
-0.1008244082331657
-0.09815012663602829
-0.09551677107810974
-0.09295608103275299
-0.09049990773200989
-0.0881793275475502
-0.08602368831634521
-0.08405952900648117
-0.08230959624052048
-0.08079187572002411
-0.0795186385512352
-0.07849571108818054
-0.07772188633680344
-0.07718855887651443
-0.07687967270612717
-0.07677190005779266
-0.07683520019054413
-0.07703364640474319
-0.07732664048671722
-0.0776703730225563
-0.07801949232816696
-0.07832902669906616
-0.07855626940727234
-0.07866284251213074
-0.07861647754907608
-0.07839269936084747
-0.07797615230083466
-0.07736154645681381
-0.0765540823340416
-0.07556939125061035
-0.0744328647851944
-0.07317841798067093
-0.07184677571058273
-0.0704832524061203
-0.06913524121046066
-0.06784948706626892
-0.0666692778468132
-0.06563183665275574
-0.06476593762636185
-0.06409008055925369
-0.06361120939254761
-0.0633242130279541
-0.06321213394403458
-0.06324724107980728
-0.06339284032583237
-0.06360570341348648
-0.06383903324604034
-0.06404571980237961
-0.0641816258430481
-0.06420876830816269
-0.0640980452299118
-0.06383135169744492
-0.06340285390615463
-0.06281942129135132
-0.06210000440478325
-0.06127410009503365
-0.06037937849760056
-0.0594586469233036
-0.05855634063482285
-0.05771494284272194
-0.05697148665785789
-0.05635454133152962
-0.05588189512491226
-0.05555915459990501
-0.05537940934300423
-0.05532396212220192
-0.05536410585045815
-0.05546379834413528
-0.05558294430375099
-0.05568107217550278
-0.0557209886610508
-0.05567213892936707
-0.05551331117749214
-0.05523443594574928
-0.05483731999993324
-0.05433526262640953
-0.05375153571367264
-0.05311692506074905
-0.05246657133102417
-0.05183642357587814
-0.05125964060425758
-0.05076334625482559
-0.05036601424217224
-0.05007579177618027
-0.0498899407684803
-0.04979535564780235
-0.04977022111415863
-0.04978650063276291
-0.04981305077672005
-0.04981904476881027
-0.04977724701166153
-0.04966684058308601
-0.04947549849748611
-0.04920047521591187
-0.04884860664606094
-0.04843523725867271
-0.04798224195837975
-0.04751535505056381
-0.04706110805273056
-0.04664377123117447
-0.04628265276551247
-0.04599004238843918
-0.04577000439167023
-0.04561822861433029
-0.04552280902862549
-0.04546595737338066
-0.04542634263634682
-0.04538175091147423
-0.04531184583902359
-0.04520051926374435
-0.04503768682479858
-0.04482028633356094
-0.04455235600471497
-0.04424422606825829
-0.04391095787286758
-0.04357024654746056
-0.04324008151888847
-0.04293641448020935
-0.04267125204205513
-0.04245126247406006
-0.04227718710899353
-0.04214399680495262
-0.04204182699322701
-0.04195750132203102
-0.04187643155455589
-0.04178460687398911
-0.04167040809988976
-0.04152606800198555
-0.04134849458932877
-0.04113943129777908
-0.04090499505400658
-0.04065458104014397
-0.04039942100644112
-0.04015092179179192
-0.03991908952593803
-0.03971121087670326
-0.03953098133206367
-0.03937821090221405
-0.03924904391169548
-0.03913674503564835
-0.03903278335928917
-0.03892818093299866
-0.03881480172276497
-0.03868647664785385
-0.03853977099061012
-0.03837430477142334
-0.03819262608885765
-0.03799964115023613
-0.03780175000429153
-0.03760581463575363
-0.03741809353232384
-0.03724337741732597
-0.03708434849977493
-0.03694133460521698
-0.03681240230798721
-0.03669380024075508
-0.03658066317439079
-0.03646780177950859
-0.03635053709149361
-0.03622537106275558
-0.0360904261469841
-0.03594562411308289
-0.03579257056117058
-0.03563417121767998
-0.03547409549355507
-0.03531613573431969
-0.03516360744833946
-0.03501886129379272
-0.03488298878073692
-0.03475573658943176
-0.03463565930724144
-0.03452042117714882
-0.03440726175904274
-0.03429346159100533
-0.03417676687240601
-0.03405571728944778
-0.03392981737852097
-0.03379954025149345
-0.03366617485880852
-0.03353152051568031
-0.03339757770299911
-0.03326618298888206
-0.03313873335719109
-0.03301597759127617
-0.03289794921875
-0.03278403729200363
-0.03267312422394753
-0.03256382793188095
-0.03245475143194199
-0.03234471380710602
-0.03223293274641037
-0.03211912140250206
-0.0320034883916378
-0.03188664838671684
-0.03176948055624962
-0.03165297210216522
-0.03153800591826439
-0.03142524510622025
-0.03131501376628876
-0.03120730072259903
-0.03110177628695965
-0.03099788539111614
-0.03089495375752449
-0.03079232946038246
-0.03068948723375797
-0.03058611042797565
-0.03048211708664894
-0.03037765063345432
-0.03027304075658321
-0.03016871213912964
-0.03006510064005852
-0.02996258065104485
-0.02986140176653862
-0.029761653393507
-0.02966326847672462
-0.02956604771316051
-0.02946970984339714
-0.02937395498156548
-0.02927851490676403
-0.02918319776654243
-0.02908791229128838
-0.0289926715195179
-0.02889757975935936
-0.02880279906094074
-0.02870852127671242
-0.02861491963267326
-0.02852212078869343
-0.02843018807470798
-0.02833911590278149
-0.02824883535504341
-0.02815924026072025
-0.02807020209729671
-0.0279815997928381
-0.02789334207773209
-0.02780537493526936
-0.02771768905222416
-0.02763031795620918
-0.0275433212518692
-0.02745676785707474
-0.02737072668969631
-0.02728525549173355
-0.02720037847757339
-0.02711610123515129
-0.0270323995500803
-0.02694923244416714
-0.02686654590070248
-0.02678429149091244
-0.02670243009924889
-0.02662093937397003
-0.02653980813920498
-0.02645904757082462
-0.02637867629528046
-0.02629871666431427
-0.02621919475495815
-0.0261401291936636
-0.0260615274310112
-0.02598339319229126
-0.02590571157634258
-0.02582846768200397
-0.02575163915753365
-0.0256752073764801
-0.025599155575037
-0.0255234781652689
-0.02544816769659519
-0.02537322416901588
-0.02529865130782127
-0.02522446028888226
-0.02515065297484398
-0.02507723495364189
-0.02500420808792114
-0.02493156865239143
-0.02485931105911732
-0.02478743158280849
-0.02471592091023922
-0.02464477345347404
-0.02457397989928722
-0.02450353465974331
-0.02443343587219715
-0.02436367981135845
-0.02429427020251751
-0.02422520704567432
-0.02415648847818375
-0.02408811450004578
-0.02402008324861526
-0.02395239286124706
-0.02388504333794117
-0.02381802722811699
-0.02375134266912937
-0.02368498221039772
-0.02361894585192204
-0.02355322986841202
-0.02348783053457737
-0.02342274598777294
-0.02335797436535358
-0.023293511942029
-0.02322936058044434
-0.0231655165553093
-0.02310198172926903
-0.02303875237703323
-0.02297582477331161
-0.02291319519281387
-0.02285086363554001
-0.02278882637619972
-0.02272708341479301
-0.02266563288867474
-0.02260447479784489
-0.02254360541701317
-0.02248302102088928
-0.02242271974682808
-0.02236270159482956
-0.02230296470224857
-0.02224350348114967
-0.02218431420624256
-0.02212540060281754
-0.0220667589455843
-0.02200838923454285
-0.02195028774440289
-0.02189245074987411
-0.02183487638831139
-0.021777568385005
-0.02172051928937435
-0.0216637309640646
-0.02160720154643059
-0.02155092731118202
-0.0214949082583189
-0.02143913879990578
-0.02138361893594265
-0.02132834680378437
-0.02127332054078579
-0.02121854014694691
-0.02116400562226772
-0.02110971696674824
-0.0210556723177433
-0.02100186794996262
-0.02094830386340618
-0.0208949763327837
-0.02084188722074032
-0.02078903280198574
-0.02073640748858452
-0.02068400755524635
-0.02063183858990669
-0.02057989314198494
-0.02052817679941654
-0.02047668024897575
-0.02042540721595287
-0.0203743577003479
-0.02032352983951569
-0.02027292177081108
-0.02022253163158894
-0.02017235569655895
-0.02012239582836628
-0.02007265016436577
-0.02002311497926712
-0.01997378841042519
-0.01992466859519482
-0.01987575367093086
-0.01982704922556877
-0.01977855153381824
-0.01973026059567928
-0.01968216896057129
-0.01963428035378456
-0.01958659291267395
-0.01953910849988461
-0.01949182339012623
-0.01944473572075367
-0.01939784735441208
-0.01935115270316601
-0.01930464804172516
-0.01925833895802498
-0.01921221986413002
-0.01916629076004028
-0.01912054978311062
-0.01907499507069588
-0.01902962662279606
-0.01898444257676601
-0.01893944106996059
-0.0188946221023798
-0.01884998381137848
-0.01880552805960178
-0.01876125484704971
-0.01871716044843197
-0.0186732467263937
-0.01862950809299946
-0.01858594454824924
-0.01854255609214306
-0.01849934086203575
-0.01845629699528217
-0.01841342635452747
-0.01837072893977165
-0.01832819916307926
-0.01828583888709545
-0.01824364997446537
-0.01820162869989872
-0.01815977320075035
-0.01811807975172997
-0.01807655021548271
-0.01803518272936344
-0.01799397543072701
-0.0179529245942831
-0.01791202835738659
-0.01787129230797291
-0.01783071272075176
-0.0177902914583683
-0.01775002852082253
-0.01770992390811443
-0.01766997203230858
-0.01763018220663071
-0.01759054884314537
-0.01755107007920742
-0.01751174591481686
-0.01747257448732853
-0.01743355393409729
-0.01739467866718769
-0.01735595241189003
-0.01731736958026886
-0.01727893203496933
-0.01724063605070114
-0.01720248535275459
-0.01716447994112968
-0.01712661422789097
-0.0170888863503933
-0.01705130375921726
-0.01701385900378227
-0.01697655767202377
-0.01693939417600632
-0.0169023722410202
-0.01686548814177513
-0.01682874374091625
-0.01679213345050812
-0.01675565913319588
-0.01671932078897953
-0.01668311655521393
-0.01664704643189907
-0.01661111041903496
-0.01657530479133129
-0.01653962954878807
-0.01650408841669559
-0.01646867580711842
-0.01643338799476624
-0.01639822870492935
-0.01636319607496262
-0.01632829383015633
-0.01629351638257504
-0.01625886559486389
-0.0162243414670229
-0.01618994027376175
-0.0161556676030159
-0.01612151972949505
-0.01608749479055405
-0.01605359464883804
-0.01601981371641159
-0.01598615013062954
-0.01595260575413704
-0.01591918058693409
-0.01588587090373039
-0.01585268042981625
-0.0158196073025465
-0.01578664779663086
-0.01575380750000477
-0.01572108268737793
-0.01568847522139549
-0.01565597951412201
-0.0156235983595252
-0.01559133268892765
-0.01555918157100677
-0.01552714221179485
-0.01549521461129189
-0.01546340063214302
-0.01543169654905796
-0.01540010236203671
-0.01536861527711153
-0.01533723715692759
-0.01530596613883972
-0.01527480222284794
-0.01524374634027481
-0.01521279849112034
-0.0151819558814168
-0.01515122130513191
-0.01512059196829796
-0.01509007066488266
-0.01505965366959572
-0.01502934191375971
-0.01499913446605206
-0.01496903039515018
-0.01493902876973152
-0.01490912772715092
-0.01487932913005352
-0.01484962925314903
-0.01482002809643745
-0.01479052565991879
-0.01476112194359303
-0.0147318160161376
-0.01470260694622993
-0.0146734956651926
-0.01464448124170303
-0.01461556274443865
-0.01458673924207687
-0.01455801166594028
-0.01452937908470631
-0.01450084149837494
-0.01447239890694618
-0.01444405317306519
-0.01441580150276423
-0.01438764482736588
-0.01435958221554756
-0.01433161180466413
-0.01430373452603817
-0.01427595037966967
-0.01424825750291348
-0.01422065682709217
-0.01419314555823803
-0.01416572369635105
-0.01413839124143124
-0.01411114726215601
-0.01408398989588022
-0.0140569182112813
-0.01402993407100439
-0.01400303468108177
-0.01397622097283602
-0.01394949108362198
-0.01392284594476223
-0.01389628648757935
-0.01386981178075075
-0.01384342182427645
-0.01381711848080158
-0.01379090175032616
-0.0137647707015276
-0.01373872440308332
-0.01371276285499334
-0.01368688512593508
-0.01366108935326338
-0.01363537553697824
-0.0136097427457571
-0.01358419004827738
-0.01355871837586164
-0.0135333277285099
-0.01350801717489958
-0.01348278671503067
-0.01345763448625803
-0.01343255862593651
-0.01340756099671125
-0.01338263973593712
-0.01335779577493668
-0.0133330263197422
-0.013308335095644
-0.01328372023999691
-0.01325917989015579
-0.01323471590876579
-0.01321032829582691
-0.01318601612001657
-0.01316178031265736
-0.01313761901110411
-0.01311353407800198
-0.01308952178806067
-0.0130655849352479
-0.01304172165691853
-0.01301793288439512
-0.01299421768635511
-0.01297057513147593
-0.01294700615108013
-0.01292350981384516
-0.012900086119771
-0.01287673320621252
-0.01285345107316971
-0.01283023878931999
-0.0128070954233408
-0.01278402004390955
-0.01276101544499397
-0.01273807883262634
-0.01271521113812923
-0.01269241329282522
-0.01266968343406916
-0.01264702156186104
-0.01262442860752344
-0.01260190363973379
-0.01257944572716951
-0.01255705393850803
-0.0125347264111042
-0.01251246687024832
-0.01249027252197266
-0.01246814336627722
-0.01244608126580715
-0.01242408342659473
-0.01240215171128511
-0.01238028425723314
-0.01235848106443882
-0.01233674213290215
-0.01231506653130054
-0.01229345332831144
-0.01227190345525742
-0.01225041411817074
-0.01222898531705141
-0.01220761705189943
-0.01218630932271481
-0.0121650630608201
-0.0121438791975379
-0.01212275866419077
-0.01210170146077871
-0.01208070665597916
-0.0120597742497921
-0.01203890517354012
-0.01201809942722321
-0.0119973560795188
-0.01197667419910431
-0.01195605378597975
-0.01193549297749996
-0.01191499177366495
-0.01189455110579729
-0.01187416817992926
-0.01185384392738342
-0.01183357741683722
-0.01181336678564548
-0.01179321296513081
-0.01177311409264803
-0.01175307109951973
-0.01173308305442333
-0.01171314995735884
-0.01169327180832624
-0.01167344767600298
-0.01165367849171162
-0.01163396611809731
-0.0116143086925149
-0.01159470714628696
-0.01157516334205866
-0.01155567355453968
-0.01153624150902033
-0.01151686254888773
-0.01149753946810961
-0.01147826947271824
-0.0114590534940362
-0.01143989153206348
-0.0114207835868001
-0.01140172779560089
-0.01138272322714329
-0.01136377174407244
-0.01134487148374319
-0.01132602337747812
-0.01130722742527723
-0.01128848176449537
-0.01126978825777769
-0.01125114504247904
-0.01123255398124456
-0.01121401414275169
-0.01119552459567785
-0.01117708627134562
-0.01115870010107756
-0.01114036608487368
-0.01112208236008883
-0.01110384799540043
-0.01108566485345364
-0.01106753200292587
-0.01104944758117199
-0.01103141345083714
-0.01101342868059874
-0.01099549233913422
-0.01097760442644358
-0.01095976401120424
-0.01094197109341621
-0.01092422474175692
-0.01090652588754892
-0.01088887359946966
-0.01087126787751913
-0.01085370872169733
-0.01083619520068169
-0.01081872917711735
-0.01080130971968174
-0.01078393775969744
-0.01076661422848701
-0.01074933633208275
-0.01073210500180721
-0.01071492116898298
-0.01069778297096491
-0.01068068947643042
-0.01066364161670208
-0.0106466393917799
-0.01062968280166388
-0.01061276998370886
-0.01059590280056
-0.01057907938957214
-0.01056230161339045
-0.01054556760936975
-0.01052887551486492
-0.0105122271925211
-0.0104956217110157
-0.01047905907034874
-0.01046253927052021
-0.01044606324285269
-0.0104296300560236
-0.01041323784738779
-0.01039688941091299
-0.01038058381527662
-0.01036432199180126
-0.01034810300916433
-0.01033192593604326
-0.01031579170376062
-0.01029970031231642
-0.01028364989906549
-0.01026764139533043
-0.01025167293846607
-0.010235745459795
-0.01021985802799463
-0.01020401157438755
-0.0101882042363286
-0.01017243601381779
-0.01015670783817768
-0.01014102064073086
-0.01012537069618702
-0.01010976172983646
-0.01009419374167919
-0.01007866580039263
-0.0100631769746542
-0.01004772819578648
-0.01003232039511204
-0.01001695170998573
-0.01000162307173014
-0.009986335411667824
-0.009971087798476219
-0.009955878369510174
-0.009940707124769688
-0.009925574064254761
-0.009910479187965393
-0.00989542156457901
-0.009880400262773037
-0.009865416213870049
-0.00985046848654747
-0.009835557080805302
-0.009820681065320969
-0.00980584230273962
-0.009791040793061256
-0.009776276536285877
-0.009761550463736057
-0.009746862575411797
-0.009732211008667946
-0.009717597626149654
-0.009703020565211773
-0.009688479825854301
-0.009673974476754665
-0.009659502655267715
-0.009645066224038601
-0.009630663320422173
-0.009616294875741005
-0.009601962752640247
-0.009587665088474751
-0.009573402814567089
-0.009559174068272114
-0.009544980712234974
-0.009530823677778244
-0.00951670203357935
-0.00950261764228344
-0.009488566778600216
-0.009474551305174828
-0.0094605702906847
-0.009446622803807259
-0.009432708844542503
-0.009418828412890434
-0.009404981508851051
-0.00939116720110178
-0.009377386420965195
-0.009363639168441296
-0.009349922649562359
-0.009336237795650959
-0.009322586469352245
-0.009308967739343643
-0.009295382536947727
-0.009281830862164497
-0.009268310852348804
-0.009254822507500648
-0.009241366758942604
-0.009227943606674671
-0.009214552119374275
-0.009201192297041416
-0.009187865070998669
-0.009174569509923458
-0.009161307476460934
-0.009148076176643372
-0.009134877473115921
-0.009121710434556007
-0.009108573198318481
-0.009095468558371067
-0.00908239558339119
-0.009069353342056274
-0.009056341834366322
-0.009043361060321331
-0.009030410088598728
-0.009017489850521088
-0.009004600346088409
-0.008991740643978119
-0.008978911675512791
-0.00896611250936985
-0.008953343145549297
-0.008940604515373707
-0.008927894756197929
-0.00891521479934454
-0.008902563713490963
-0.008889943361282349
-0.008877352811396122
-0.008864791132509708
-0.008852258324623108
-0.008839753456413746
-0.008827277459204197
-0.008814829401671886
-0.008802410215139389
-0.00879001896828413
-0.008777657523751259
-0.008765324950218201
-0.008753021247684956
-0.008740747347474098
-0.008728501386940479
-0.008716283366084099
-0.008704093284904957
-0.008691932074725628
-0.008679797872900963
-0.008667690679430962
-0.008655612356960773
-0.008643561974167824
-0.008631539531052113
-0.008619544096291065
-0.008607575669884682
-0.008595633320510387
-0.008583717979490757
-0.00857182964682579
-0.008559967391192913
-0.008548133075237274
-0.008536326698958874
-0.008524546399712563
-0.008512792177498341
-0.008501065894961357
-0.008489364758133888
-0.008477690629661083
-0.008466042578220367
-0.008454421535134315
-0.008442826569080353
-0.008431257680058479
-0.008419714868068695
-0.008408198133111
-0.00839670654386282
-0.008385240100324154
-0.008373798802495003
-0.008362381719052792
-0.00835098884999752
-0.008339622057974339
-0.008328281342983246
-0.008316965773701668
-0.008305675350129604
-0.008294410072267056
-0.008283170871436596
-0.008271956816315651
-0.008260767906904221
-0.008249605074524879
-0.008238467387855053
-0.008227353915572166
-0.008216265588998795
-0.008205201476812363
-0.008194161579012871
-0.008183145895600319
-0.008172152563929558
-0.008161182515323162
-0.008150236681103706
-0.008139315061271191
-0.008128419518470764
-0.008117547258734703
-0.008106700144708157
-0.008095876313745975
-0.00808507576584816
-0.008074299432337284
-0.008063544519245625
-0.00805281288921833
-0.008042105473577976
-0.008031421341001987
-0.008020760491490364
-0.008010122925043106
-0.007999507710337639
-0.007988915778696537
-0.007978346198797226
-0.007967798970639706
-0.007957273162901402
-0.007946770638227463
-0.007936290465295315
-0.007925831712782383
-0.007915396243333817
-0.007904983125627041
-0.007894593290984631
-0.007884223945438862
-0.007873877882957458
-0.007863554172217846
-0.007853253744542599
-0.007842974737286568
-0.007832718081772327
-0.007822483777999878
-0.007812271360307932
-0.007802080363035202
-0.007791911717504263
-0.007781765889376402
-0.007771642412990332
-0.007761539425700903
-0.007751457393169403
-0.007741396315395832
-0.007731357123702765
-0.007721339352428913
-0.00771134439855814
-0.00770137133076787
-0.007691421080380678
-0.00768149271607399
-0.00767158530652523
-0.007661698386073112
-0.007651831954717636
-0.007641985546797514
-0.007632158230990171
-0.007622350472956896
-0.0076125618070364
-0.007602792233228683
-0.007593041285872459
-0.00758331036195159
-0.007573598995804787
-0.007563907187432051
-0.007554234936833382
-0.007544582709670067
-0.007534951437264681
-0.007525340653955936
-0.007515749894082546
-0.00750617915764451
-0.007496627978980541
-0.007487098220735788
-0.00747758848592639
-0.007468099240213633
-0.007458630949258804
-0.00744918268173933
-0.007439755368977785
-0.007430347613990307
-0.007420959416776896
-0.007411591242998838
-0.007402241695672274
-0.007392911706119776
-0.007383600808680058
-0.007374309003353119
-0.007365035824477673
-0.007355780806392431
-0.007346543949097395
-0.007337325252592564
-0.00732812425121665
-0.007318941876292229
-0.007309777662158012
-0.007300631608814001
-0.007291503716260195
-0.007282393984496593
-0.007273302879184484
-0.00726423179730773
-0.007255179807543755
-0.007246147841215134
-0.007237134966999292
-0.007228141184896231
-0.007219166029244661
-0.007210209500044584
-0.007201270200312138
-0.007192348595708609
-0.00718344422057271
-0.007174557074904442
-0.007165687158703804
-0.007156834471970797
-0.007147999480366707
-0.007139182183891535
-0.00713038258254528
-0.007121600676327944
-0.007112836930900812
-0.007104091346263885
-0.007095363456755877
-0.007086653728038073
-0.007077962160110474
-0.007069287821650505
-0.007060631643980742
-0.007051991764456034
-0.007043369114398956
-0.007034763228148222
-0.007026172708719969
-0.007017598953098059
-0.007009041961282492
-0.007000500801950693
-0.00699197594076395
-0.006983467377722263
-0.006974975112825632
-0.006966499146074057
-0.006958039477467537
-0.006949597038328648
-0.006941170897334814
-0.006932761054486036
-0.006924367509782314
-0.00691599166020751
-0.006907633040100336
-0.006899291649460793
-0.006890967953950167
-0.006882661022245884
-0.006874371320009232
-0.006866098381578922
-0.006857841741293669
-0.006849601399153471
-0.006841377820819616
-0.00683317007496953
-0.0068249786272645
-0.006816803012043238
-0.006808643229305744
-0.006800499279052019
-0.006792371161282063
-0.0067842579446733
-0.006776159629225731
-0.006768076214939356
-0.006760007701814175
-0.0067519536241889
-0.006743914913386106
-0.006735891103744507
-0.006727881729602814
-0.006719887256622314
-0.006711907684803009
-0.006703942082822323
-0.006695991382002831
-0.006688056979328394
-0.006680137943476439
-0.006672234740108252
-0.006664348300546408
-0.00665647815912962
-0.0066486238501966
-0.006640785373747349
-0.006632962729781866
-0.006625155452638865
-0.006617363076657057
-0.006609585601836443
-0.006601822562515736
-0.006594073958694935
-0.006586339790374041
-0.006578620057553053
-0.006570914760231972
-0.006563222501426935
-0.006555544678121805
-0.006547880824655294
-0.006540230941027403
-0.006532595492899418
-0.006524974945932627
-0.006517369765788317
-0.006509779952466488
-0.006502204574644566
-0.006494645494967699
-0.006487100850790739
-0.006479571107774973
-0.006472056265920401
-0.006464555859565735
-0.006457069423049688
-0.006449596490710974
-0.006442137528210878
-0.006434692535549402
-0.006427261047065258
-0.006419843062758446
-0.006412438116967678
-0.006405046209692955
-0.006397665943950415
-0.006390298251062632
-0.006382943131029606
-0.00637560011819005
-0.006368270609527826
-0.006360954139381647
-0.006353650707751513
-0.00634636078029871
-0.006339084357023239
-0.006331822369247675
-0.006324574816972017
-0.006317341700196266
-0.006310123018920422
-0.006302919238805771
-0.006295729894191027
-0.006288553588092327
-0.006281390786170959
-0.006274241022765636
-0.006267105229198933
-0.006259982008486986
-0.006252871826291084
-0.006245774682611227
-0.006238690111786127
-0.006231619045138359
-0.006224560551345348
-0.00621751556172967
-0.00621048454195261
-0.006203467026352882
-0.006196463014930487
-0.006189472042024136
-0.006182493176311255
-0.006175526417791843
-0.00616857223212719
-0.006161630153656006
-0.006154699251055717
-0.006147780455648899
-0.006140873767435551
-0.006133979186415672
-0.006127096712589264
-0.006120225880295038
-0.00611336762085557
-0.006106521002948284
-0.006099686492234468
-0.006092863623052835
-0.006086052861064672
-0.006079255137592554
-0.006072470918297768
-0.006065698806196451
-0.006058940198272467
-0.006052194163203239
-0.006045461166650057
-0.006038740277290344
-0.006032032426446676
-0.006025337614119053
-0.0060186549089849
-0.006011984311044216
-0.006005324888974428
-0.005998677108436823
-0.0059920409694314
-0.005985415074974298
-0.005978800822049379
-0.005972197744995356
-0.005965606309473515
-0.005959026049822569
-0.005952456966042519
-0.005945899989455938
-0.005939353723078966
-0.005932819098234177
-0.005926297046244144
-0.005919786635786295
-0.005913287866860628
-0.005906800273805857
-0.005900323390960693
-0.005893857683986425
-0.00588740361854434
-0.005880961194634438
-0.00587452994659543
-0.005868109874427319
-0.005861701443791389
-0.00585530512034893
-0.005848920438438654
-0.005842547863721848
-0.005836186930537224
-0.00582983810454607
-0.005823500920087099
-0.005817173980176449
-0.005810857750475407
-0.00580455269664526
-0.005798258353024721
-0.005791974253952503
-0.005785700399428606
-0.005779437255114317
-0.005773184355348349
-0.005766942631453276
-0.005760711617767811
-0.005754491779953241
-0.005748283118009567
-0.005742085166275501
-0.005735898390412331
-0.005729721859097481
-0.005723555572330952
-0.005717400461435318
-0.005711256060749292
-0.005705122370272875
-0.005698997993022203
-0.005692883860319853
-0.00568678043782711
-0.005680687259882689
-0.005674605257809162
-0.005668534431606531
-0.005662473849952221
-0.005656423512846231
-0.005650384351611137
-0.005644356366246939
-0.005638339091092348
-0.005632332526147366
-0.005626337137073278
-0.005620351992547512
-0.005614377092570066
-0.005608412437140942
-0.00560245756059885
-0.005596513394266367
-0.005590579006820917
-0.005584654398262501
-0.005578739568591118
-0.005572834983468056
-0.00556693971157074
-0.00556105375289917
-0.005555177107453346
-0.005549310240894556
-0.005543452687561512
-0.005537605378776789
-0.005531767848879099
-0.00552594056352973
-0.005520123522728682
-0.005514316260814667
-0.005508518312126398
-0.005502730142325163
-0.005496951285749674
-0.005491181742399931
-0.005485421512275934
-0.005479670129716396
-0.005473928060382605
-0.005468195769935846
-0.005462472792714834
-0.005456759594380856
-0.005451056640595198
-0.005445363465696573
-0.005439680069684982
-0.005434007383882999
-0.005428345408290625
-0.005422693211585283
-0.005417050793766975
-0.005411418154835701
-0.005405794829130173
-0.005400182213634253
-0.005394578911364079
-0.005388985387980938
-0.005383401643484831
-0.005377827677875757
-0.00537226302549243
-0.005366708151996136
-0.005361162591725588
-0.005355625413358212
-0.005350097082555294
-0.005344578064978123
-0.005339068360626698
-0.005333566106855869
-0.005328073166310787
-0.005322587210685015
-0.005317109636962414
-0.005311640445142984
-0.005306179169565439
-0.005300725810229778
-0.005295280832797289
-0.005289844237267971
-0.005284416023641825
-0.005278996657580137
-0.005273586604744196
-0.005268186330795288
-0.005262795835733414
-0.005257414653897285
-0.005252043250948191
-0.005246682092547417
-0.005241330247372389
-0.00523598724976182
-0.00523065309971571
-0.005225327331572771
-0.005220010876655579
-0.005214702803641558
-0.005209403112530708
-0.005204111337661743
-0.00519882794469595
-0.005193553399294615
-0.005188287235796452
-0.005183030385524035
-0.005177782848477364
-0.005172543693333864
-0.005167313851416111
-0.005162092391401529
-0.005156879778951406
-0.005151676014065742
-0.005146480165421963
-0.005141292233020067
-0.005136112216860056
-0.005130940582603216
-0.005125776864588261
-0.005120620131492615
-0.005115472245961428
-0.005110331811010838
-0.005105199757963419
-0.005100076552480459
-0.005094962194561958
-0.005089856684207916
-0.005084760021418333
-0.005079671740531921
-0.005074591841548681
-0.005069519858807325
-0.005064455326646566
-0.005059397779405117
-0.005054348148405552
-0.005049306899309158
-0.005044273566454649
-0.005039247684180737
-0.005034229718148708
-0.005029219202697277
-0.00502421660348773
-0.00501922145485878
-0.005014234222471714
-0.005009254440665245
-0.005004282109439373
-0.004999317694455385
-0.004994361195713282
-0.00498941307887435
-0.004984473809599876
-0.004979543387889862
-0.004974621348083019
-0.004969708621501923
-0.004964804742485285
-0.004959909711033106
-0.004955022595822811
-0.004950143396854401
-0.004945272579789162
-0.004940408747643232
-0.004935551434755325
-0.004930700641125441
-0.004925855435431004
-0.004921017214655876
-0.004916185047477484
-0.004911359865218401
-0.00490654120221734
-0.004901729989796877
-0.004896926693618298
-0.00489213177934289
-0.004887344315648079
-0.004882564302533865
-0.004877792671322823
-0.004873028956353664
-0.004868272691965103
-0.004863523878157139
-0.004858782514929771
-0.004854048602283001
-0.004849322140216827
-0.004844603128731251
-0.004839891567826271
-0.004835187457501888
-0.004830490797758102
-0.004825801122933626
-0.004821119830012321
-0.004816445522010326
-0.004811778664588928
-0.004807119257748127
-0.004802466835826635
-0.004797821864485741
-0.004793184343725443
-0.004788553807884455
-0.004783929791301489
-0.00477931322529912
-0.004774703644216061
-0.004770100582391024
-0.004765504505485296
-0.004760914016515017
-0.004756331443786621
-0.004751755390316248
-0.004747186321765184
-0.00474262423813343
-0.004738069139420986
-0.004733521025627851
-0.004728980362415314
-0.004724447149783373
-0.004719920922070742
-0.004715402144938707
-0.00471089081838727
-0.00470638694241643
-0.004701890051364899
-0.00469739967957139
-0.004692916292697191
-0.004688440356403589
-0.00468397093936801
-0.00467950850725174
-0.00467505119740963
-0.00467060087248683
-0.004666156135499477
-0.004661717917770147
-0.004657285753637552
-0.004652859643101692
-0.004648440051823854
-0.004644026979804039
-0.004639620427042246
-0.004635220393538475
-0.004630828276276588
-0.004626442678272724
-0.004622063599526882
-0.004617692437022924
-0.004613328259438276
-0.004608971066772938
-0.004604620859026909
-0.00460027763620019
-0.00459594139829278
-0.00459161214530468
-0.004587289411574602
-0.004582973662763834
-0.004578663967549801
-0.004574361257255077
-0.004570064134895802
-0.004565772600471973
-0.004561487585306168
-0.004557209089398384
-0.004552936647087336
-0.004548669792711735
-0.004544408991932869
-0.004540152847766876
-0.004535903222858906
-0.00453165965154767
-0.004527421668171883
-0.004523190669715405
-0.004518966656178236
-0.004514750093221664
-0.004510540515184402
-0.004506336990743876
-0.004502140916883945
-0.004497952293604612
-0.004493769723922014
-0.004489593673497438
-0.004485424142330885
-0.004481259733438492
-0.004477100912481546
-0.004472947679460049
-0.004468799568712711
-0.004464657045900822
-0.00446052011102438
-0.004456388764083385
-0.004452263470739126
-0.004448144230991602
-0.0044440315105021
-0.00443992530927062
-0.004435825627297163
-0.004431732930243015
-0.00442764675244689
-0.004423567093908787
-0.004419493488967419
-0.004415425937622786
-0.004411364439874887
-0.004407309461385012
-0.004403260070830584
-0.004399215802550316
-0.004395177122205496
-0.004391143098473549
-0.00438711466267705
-0.004383091814815998
-0.004379075020551682
-0.004375063814222813
-0.004371058661490679
-0.004367059096693993
-0.004363065585494041
-0.004359078593552113
-0.004355097655206919
-0.004351122304797173
-0.004347153007984161
-0.004343189299106598
-0.004339231643825769
-0.004335279576480389
-0.004331332165747881
-0.004327389877289534
-0.004323453642427921
-0.004319522995501757
-0.00431559793651104
-0.00431167846545577
-0.004307765047997236
-0.004303858149796724
-0.00429995683953166
-0.004296061117202044
-0.004292171448469162
-0.004288286902010441
-0.004284407943487167
-0.004280535504221916
-0.004276668187230825
-0.00427280692383647
-0.004268951248377562
-0.004265100229531527
-0.004261253867298365
-0.00425741309300065
-0.004253577440977097
-0.004249746911227703
-0.004245921038091183
-0.004242100287228823
-0.004238286055624485
-0.00423447648063302
-0.004230673424899578
-0.004226876422762871
-0.004223085474222898
-0.004219299647957087
-0.004215519409626722
-0.004211745224893093
-0.004207976628094912
-0.004204214550554752
-0.004200457129627466
-0.004196705762296915
-0.004192959051579237
-0.004189216997474432
-0.004185480065643787
-0.00418174872174859
-0.004178022034466267
-0.004174301400780678
-0.004170585889369249
-0.004166875965893269
-0.004163172096014023
-0.004159473348408937
-0.004155779723078012
-0.004152090754359961
-0.004148406907916069
-0.004144727252423763
-0.004141053184866905
-0.004137382842600346
-0.004133717622607946
-0.004130056593567133
-0.00412640068680048
-0.0041227494366467
-0.004119103774428368
-0.00411546416580677
-0.004111829679459333
-0.004108200781047344
-0.00410457793623209
-0.004100961145013571
-0.004097349941730499
-0.004093744326382875
-0.004090143833309412
-0.004086548462510109
-0.004082957748323679
-0.004079371225088835
-0.004075788892805576
-0.004072211217135191
-0.004068637732416391
-0.004065068438649178
-0.004061503335833549
-0.004057942423969507
-0.004054386168718338
-0.004050835035741329
-0.004047288559377193
-0.004043747670948505
-0.004040212370455265
-0.004036682192236185
-0.004033156204968691
-0.004029635805636644
-0.004026119597256184
-0.004022608511149883
-0.004019103012979031
-0.004015602637082338
-0.004012106452137232
-0.004008615855127573
-0.004005130380392075
-0.004001649562269449
-0.003998173866420984
-0.003994702361524105
-0.003991235978901386
-0.003987774718552828
-0.003984318114817142
-0.00398086616769433
-0.003977419808506966
-0.003973978571593761
-0.00397054199129343
-0.003967110067605972
-0.003963683266192675
-0.003960261587053537
-0.003956844098865986
-0.003953432198613882
-0.003950024954974651
-0.003946622367948294
-0.003943223506212234
-0.003939828835427761
-0.003936438821256161
-0.003933052998036146
-0.00392967090010643
-0.0039262929931283
-0.003922918811440468
-0.003919548820704222
-0.003916183486580849
-0.003912823274731636
-0.003909467719495296
-0.003906117519363761
-0.003902772441506386
-0.003899432718753815
-0.003896098816767335
-0.003892770269885659
-0.003889447078108788
-0.003886128775775433
-0.003882815130054951
-0.003879506140947342
-0.003876201575621963
-0.003872900968417525
-0.003869604086503386
-0.003866310929879546
-0.003863021032884717
-0.003859734395518899
-0.003856451483443379
-0.003853172063827515
-0.003849896369501948
-0.003846624633297324
-0.003843356622382998
-0.003840092569589615
-0.003836833173409104
-0.003833578433841467
-0.003830328350886703
-0.003827083157375455
-0.00382384262047708
-0.003820607205852866
-0.003817376913502812
-0.003814151277765632
-0.003810930997133255
-0.003807715373113751
-0.003804504172876477
-0.003801297629252076
-0.003798095276579261
-0.003794897114858031
-0.003791703609749675
-0.003788513597100973
-0.003785328008234501
-0.003782146377488971
-0.003778968704864383
-0.003775795223191381
-0.00377262569963932
-0.003769459901377559
-0.003766298294067383
-0.003763140877708793
-0.003759987652301788
-0.00375683861784637
-0.003753693541511893
-0.003750552656129003
-0.003747415961697698
-0.003744283458217978
-0.003741155145689845
-0.003738031024113297
-0.003734911326318979
-0.003731795586645603
-0.003728683805093169
-0.003725576214492321
-0.003722472814843059
-0.003719373373314738
-0.00371627788990736
-0.003713186364620924
-0.003710098564624786
-0.003707014489918947
-0.003703934140503407
-0.003700857982039452
-0.003697785781696439
-0.003694717306643724
-0.003691652789711952
-0.003688592230901122
-0.003685535630211234
-0.003682483220472932
-0.003679434070363641
-0.003676388878375292
-0.003673347644507885
-0.003670310135930777
-0.003667276352643967
-0.003664246527478099
-0.003661220893263817
-0.003658199682831764
-0.003655182896181941
-0.003652170300483704
-0.003649162827059627
-0.00364616047590971
-0.003643162781372666
-0.003640169743448496
-0.003637181827798486
-0.003634198335930705
-0.003631218802183867
-0.003628242993727326
-0.003625270677730441
-0.003622301854193211
-0.003619336290284991
-0.003616373986005783
-0.003613414941355586
-0.003610458457842469
-0.003607505233958364
-0.003604555269703269
-0.003601608565077186
-0.003598665818572044
-0.003595726331695914
-0.003592790802940726
-0.003589859465137124
-0.00358693185262382
-0.003584008663892746
-0.003581089433282614
-0.003578173695132136
-0.003575261682271957
-0.003572353161871433
-0.003569448366761208
-0.003566546365618706
-0.003563647624105215
-0.003560751909390092
-0.003557859687134624
-0.003554971190169454
-0.003552086418494582
-0.003549205604940653
-0.003546328982338309
-0.003543457016348839
-0.003540589241310954
-0.003537726355716586
-0.003534868126735091
-0.003532014554366469
-0.003529165172949433
-0.003526319749653339
-0.0035234778188169
-0.003520639147609472
-0.003517804201692343
-0.003514971816912293
-0.003512142691761255
-0.003509316360577941
-0.00350649282336235
-0.003503672545775771
-0.003500855062156916
-0.003498040605336428
-0.003495229175314307
-0.003492421004921198
-0.003489616326987743
-0.003486815141513944
-0.003484017681330442
-0.003481224179267883
-0.003478434402495623
-0.00347564835101366
-0.00347286625765264
-0.003470088122412562
-0.003467313712462783
-0.003464543493464589
-0.003461777232587337
-0.003459015162661672
-0.003456256818026304
-0.003453501965850592
-0.003450750606134534
-0.003448002506047487
-0.003445256734266877
-0.003442514222115278
-0.003439774503931403
-0.003437037812545896
-0.003434303915128112
-0.003431573044508696
-0.003428845666348934
-0.00342612131498754
-0.003423400688916445
-0.003420683555305004
-0.003417970379814506
-0.003415261162444949
-0.003412555437535048
-0.003409853437915444
-0.003407154930755496
-0.003404459916055202
-0.00340176816098392
-0.003399079432711005
-0.003396393498405814
-0.003393710823729634
-0.003391031408682466
-0.003388354787603021
-0.003385681891813874
-0.003383012022823095
-0.003380345879122615
-0.003377683693543077
-0.003375025000423193
-0.003372369799762964
-0.003369718557223678
-0.003367071039974689
-0.003364427248016
-0.003361786715686321
-0.003359149675816298
-0.003356515429913998
-0.003353884210810065
-0.003351255785673857
-0.003348630387336016
-0.003346007084473968
-0.003343387041240931
-0.003340769791975617
-0.003338156035169959
-0.003335545305162668
-0.003332937601953745
-0.00333033362403512
-0.003327733371406794
-0.003325136611238122
-0.003322543110698462
-0.003319952869787812
-0.003317366354167461
-0.003314783098176122
-0.003312203101813793
-0.003309626132249832
-0.003307052422314882
-0.0033044817391783
-0.003301914082840085
-0.003299349220469594
-0.00329678738489747
-0.003294228343293071
-0.003291672561317682
-0.003289119340479374
-0.003286568913608789
-0.003284021513536572
-0.003281476674601436
-0.00327893509529531
-0.003276396077126265
-0.003273860085755587
-0.003271327121183276
-0.003268797416239977
-0.003266270505264401
-0.003263747086748481
-0.003261227160692215
-0.00325871049426496
-0.00325619732029736
-0.003253687638789415
-0.003251181449741125
-0.003248678985983133
-0.003246179781854153
-0.003243683837354183
-0.003241190686821938
-0.003238700330257416
-0.003236212767660618
-0.003233727067708969
-0.003231244161725044
-0.003228763351216912
-0.00322628510184586
-0.003223809646442533
-0.003221337217837572
-0.003218868281692266
-0.003216402372345328
-0.003213940188288689
-0.003211481496691704
-0.003209026297554374
-0.003206574358046055
-0.003204126376658678
-0.003201681422069669
-0.003199239494279027
-0.003196800593286753
-0.003194364719092846
-0.003191931638866663
-0.003189500886946917
-0.003187072463333607
-0.003184646368026733
-0.00318222283385694
-0.003179802326485515
-0.003177384147420526
-0.003174968529492617
-0.003172555239871144
-0.003170144511386752
-0.003167736576870084
-0.003165331436321139
-0.003162929089739919
-0.003160530235618353
-0.003158134873956442
-0.003155742306262255
-0.00315335369668901
-0.003150968346744776
-0.00314858672209084
-0.00314620858989656
-0.00314383371733129
-0.003141461871564388
-0.003139093285426497
-0.003136727260425687
-0.003134363330900669
-0.003132001496851444
-0.003129641525447369
-0.003127283416688442
-0.003124927636235952
-0.003122573951259255
-0.003120222827419639
-0.003117874031886458
-0.003115527564659715
-0.003113183658570051
-0.003110842779278755
-0.003108504926785827
-0.003106170333921909
-0.003103839000687003
-0.003101510927081108
-0.003099186113104224
-0.003096864558756351
-0.00309454626403749
-0.003092230297625065
-0.003089917358011007
-0.003087606746703386
-0.003085298463702202
-0.003082992741838098
-0.00308068934828043
-0.003078388283029199
-0.003076089778915048
-0.003073793835937977
-0.003071500454097986
-0.003069209866225719
-0.003066922072321177
-0.003064637305215001
-0.003062355564907193
-0.003060076618567109
-0.003057800699025393
-0.003055528039112687
-0.003053258173167706
-0.003050991101190448
-0.003048726823180914
-0.003046464873477817
-0.003044205019250512
-0.003041947493329644
-0.003039691830053926
-0.003037438029423356
-0.003035186324268579
-0.003032937180250883
-0.003030690830200911
-0.003028447274118662
-0.003026206512004137
-0.003023968543857336
-0.003021734301000834
-0.003019502852112055
-0.003017274662852287
-0.003015049733221531
-0.003012827830389142
-0.003010608721524477
-0.003008392639458179
-0.003006179118528962
-0.003003967925906181
-0.00300175859592855
-0.002999551594257355
-0.002997346222400665
-0.002995143178850412
-0.002992942463606596
-0.002990744542330503
-0.002988548716530204
-0.002986355917528272
-0.002984165446832776
-0.002981977537274361
-0.002979791956022382
-0.002977608237415552
-0.002975426614284515
-0.002973247086629272
-0.002971069654449821
-0.00296889478340745
-0.002966722473502159
-0.002964552491903305
-0.002962385071441531
-0.002960220212116838
-0.002958058146759868
-0.002955898875370622
-0.002953742863610387
-0.002951589645817876
-0.002949439221993089
-0.002947291592136025
-0.002945146523416042
-0.002943003550171852
-0.002940862672403455
-0.002938724122941494
-0.002936587668955326
-0.002934453310444951
-0.002932321047410369
-0.002930191345512867
-0.002928064204752445
-0.002925939159467816
-0.002923817140981555
-0.002921698149293661
-0.002919581718742847
-0.002917467849329114
-0.002915356541052461
-0.002913247793912888
-0.002911141840741038
-0.002909037983044982
-0.002906936453655362
-0.002904837252572179
-0.002902740146964788
-0.002900645369663835
-0.00289855245500803
-0.002896461635828018
-0.002894372912123799
-0.002892286283895373
-0.002890201983973384
-0.002888119546696544
-0.002886039670556784
-0.002883961889892817
-0.002881886437535286
-0.002879813546314836
-0.002877743216231465
-0.002875675680115819
-0.002873610705137253
-0.002871548291295767
-0.002869488671422005
-0.002867431612685323
-0.002865377813577652
-0.002863326342776418
-0.002861277665942907
-0.002859231783077121
-0.002857188228517771
-0.002855147002264857
-0.002853107871487737
-0.002851070370525122
-0.002849034499377012
-0.002846999559551477
-0.002844966482371092
-0.002842934569343925
-0.002840904286131263
-0.00283887586556375
-0.002836849074810743
-0.002834824612364173
-0.002832802245393395
-0.002830781973898411
-0.00282876449637115
-0.002826749812811613
-0.0028247379232198
-0.002822729060426354
-0.002820723224431276
-0.002818719949573278
-0.002816719468683004
-0.002814721548929811
-0.002812725957483053
-0.002810732461512089
-0.00280874059535563
-0.002806750824674964
-0.00280476245097816
-0.002802775939926505
-0.00280079129152
-0.00279880897141993
-0.002796828513965011
-0.002794850384816527
-0.002792874583974481
-0.002790900878608227
-0.00278893020004034
-0.002786962082609534
-0.002784996759146452
-0.002783034229651093
-0.002781074261292815
-0.002779116854071617
-0.002777161775156856
-0.002775209024548531
-0.002773258369415998
-0.002771310042589903
-0.0027693638112396
-0.002767418976873159
-0.002765476005151868
-0.002763534896075726
-0.00276159611530602
-0.002759659197181463
-0.002757724141702056
-0.002755790948867798
-0.002753859851509333
-0.00275193084962666
-0.00275000324472785
-0.002748077502474189
-0.002746153390035033
-0.002744231140241027
-0.002742310985922813
-0.002740392461419106
-0.002738475799560547
-0.002736561000347137
-0.002734648296609521
-0.002732737455517054
-0.002730828477069736
-0.002728921361267567
-0.002727016573771834
-0.002725113881751895
-0.002723213285207748
-0.002721315249800682
-0.002719419542700052
-0.002717526163905859
-0.002715635113418102
-0.002713746391236782
-0.002711860230192542
-0.002709976397454739
-0.002708094660192728
-0.002706215716898441
-0.002704338869079947
-0.00270246434956789
-0.002700591925531626
-0.002698721364140511
-0.002696852898225188
-0.002694986294955015
-0.002693121787160635
-0.002691259142011404
-0.002689397893846035
-0.002687538741156459
-0.002685681683942676
-0.002683826722204685
-0.002681973623111844
-0.002680122852325439
-0.002678274177014828
-0.002676427830010653
-0.002674583811312914
-0.002672741888090968
-0.002670902293175459
-0.002669064095243812
-0.002667227759957314
-0.002665393520146608
-0.002663561142981052
-0.002661730162799358
-0.002659900579601526
-0.0026580726262182
-0.002656245836988091
-0.002654420677572489
-0.002652597147971392
-0.002650774782523513
-0.002648954279720783
-0.002647135639563203
-0.002645319327712059
-0.002643505111336708
-0.002641693223267794
-0.002639883663505316
-0.002638076664879918
-0.002636272460222244
-0.002634471282362938
-0.002632673131301999
-0.002630877308547497
-0.002629083814099431
-0.002627292880788445
-0.002625503810122609
-0.002623716369271278
-0.002621930791065097
-0.002620146609842777
-0.002618363592773676
-0.002616581507027149
-0.002614800818264484
-0.002613021060824394
-0.002611242700368166
-0.0026094657368958
-0.002607690403237939
-0.002605916699394584
-0.002604144625365734
-0.002602373948320746
-0.002600605133920908
-0.002598838182166219
-0.002597073325887322
-0.002595310565084219
-0.002593549666926265
-0.00259179063141346
-0.002590033458545804
-0.002588278381153941
-0.002586525399237871
-0.002584774512797594
-0.002583025489002466
-0.002581278793513775
-0.002579534659162164
-0.002577793085947633
-0.002576054306700826
-0.002574318088591099
-0.002572584198787808
-0.002570852404460311
-0.002569122239947319
-0.002567393705248833
-0.002565667266026139
-0.002563942922279239
-0.002562220208346844
-0.002560498891398311
-0.002558778505772352
-0.002557059051468968
-0.002555340528488159
-0.002553623169660568
-0.002551907440647483
-0.002550193108618259
-0.002548479940742254
-0.002546768402680755
-0.002545058261603117
-0.002543349750339985
-0.002541643334552646
-0.002539939014241099
-0.002538236556574702
-0.002536536660045385
-0.002534839091822505
-0.002533143851906061
-0.00253145070746541
-0.002529759425669909
-0.0025280702393502
-0.00252638291567564
-0.002524697920307517
-0.002523014787584543
-0.002521333284676075
-0.002519653644412756
-0.002517975401133299
-0.002516298787668347
-0.002514623338356614
-0.00251294975169003
-0.002511277329176664
-0.002509606536477804
-0.00250793737359345
-0.002506269840523601
-0.002504603937268257
-0.002502939430996776
-0.0025012765545398
-0.002499615540727973
-0.002497956389561296
-0.002496299333870411
-0.002494643907994032
-0.002492990344762802
-0.002491338644176722
-0.002489688573405147
-0.00248803966678679
-0.002486392622813582
-0.002484746742993593
-0.002483102027326822
-0.002481459174305201
-0.002479817951098084
-0.00247817812487483
-0.002476540161296725
-0.002474903827533126
-0.002473269123584032
-0.002471636282280087
-0.002470005769282579
-0.002468377118930221
-0.002466750564053655
-0.002465126337483525
-0.002463504439219832
-0.002461884636431932
-0.002460266463458538
-0.002458650153130293
-0.002457035938277841
-0.002455424051731825
-0.002453813562169671
-0.002452204935252666
-0.002450597705319524
-0.002448991639539599
-0.002447387203574181
-0.00244578393176198
-0.002444181591272354
-0.002442580414935946
-0.002440980635583401
-0.002439382253214717
-0.002437785034999251
-0.002436189446598291
-0.002434595488011837
-0.002433002926409245
-0.002431411994621158
-0.002429822459816933
-0.002428235020488501
-0.002426649210974574
-0.002425065264105797
-0.002423482714220881
-0.002421902026981115
-0.002420322969555855
-0.002418745309114456
-0.002417169045656919
-0.002415593946352601
-0.002414019778370857
-0.002412446774542332
-0.002410875633358955
-0.002409305656328797
-0.002407737076282501
-0.002406170358881354
-0.002404605504125357
-0.002403042046353221
-0.002401480916887522
-0.002399921417236328
-0.002398363780230284
-0.002396808238700032
-0.002395254792645574
-0.002393703209236264
-0.002392153488472104
-0.002390605397522449
-0.002389059169217944
-0.002387514337897301
-0.002385971136391163
-0.002384429797530174
-0.002382890321314335
-0.002381352707743645
-0.002379816956818104
-0.002378283068537712
-0.002376750810071826
-0.002375219715759158
-0.002373689552769065
-0.002372160321101546
-0.002370632253587246
-0.002369105583056808
-0.002367580076679587
-0.002366055268794298
-0.002364531392231584
-0.002363008446991444
-0.002361486898735166
-0.002359966514632106
-0.002358447993174195
-0.002356930868700147
-0.002355415374040604
-0.002353901974856853
-0.00235239090397954
-0.002350881928578019
-0.002349375281482935
-0.002347870497033
-0.002346367808058858
-0.002344866981729865
-0.002343367785215378
-0.002341869985684752
-0.002340373350307345
-0.002338877646252513
-0.002337383106350899
-0.002335889730602503
-0.002334397519007325
-0.002332906471565366
-0.002331416355445981
-0.002329927403479815
-0.00232843984849751
-0.002326953690499067
-0.002325468929484487
-0.002323985798284411
-0.002322504529729486
-0.002321024890989065
-0.002319546649232507
-0.002318070037290454
-0.002316595055162907
-0.002315121470019221
-0.002313649281859398
-0.002312178490683436
-0.002310709096491337
-0.002309241099283099
-0.002307774499058723
-0.002306308830156922
-0.002304844092577696
-0.002303380984812975
-0.002301919274032116
-0.002300458960235119
-0.002299000276252627
-0.002297543222084641
-0.002296088263392448
-0.002294634934514761
-0.002293183468282223
-0.002291733864694834
-0.002290286123752594
-0.002288840245455503
-0.002287395764142275
-0.002285952912643552
-0.002284511458128691
-0.002283071400597692
-0.002281632274389267
-0.002280193846672773
-0.002278756583109498
-0.002277320250868797
-0.002275885082781315
-0.002274450846016407
-0.002273018006235361
-0.002271586330607533
-0.002270156051963568
-0.002268727403134108
-0.002267300616949797
-0.002265875460579991
-0.002264451701194048
-0.00226302957162261
-0.002261609071865678
-0.002260189969092607
-0.002258772496134043
-0.002257356187328696
-0.002255941508337855
-0.002254527760669589
-0.002253115875646472
-0.00225170492194593
-0.002250295830890536
-0.002248888136819005
-0.002247482305392623
-0.002246077870950103
-0.002244675531983376
-0.002243274822831154
-0.002241875976324081
-0.002240478759631515
-0.002239083172753453
-0.00223768875002861
-0.002236295491456985
-0.002234903164207935
-0.00223351176828146
-0.002232120838016272
-0.002230730606243014
-0.002229340840131044
-0.002227951539680362
-0.002226563170552254
-0.00222517573274672
-0.002223789226263762
-0.002222403883934021
-0.002221019938588142
-0.002219637390226126
-0.002218255773186684
-0.002216876018792391
-0.00221549766138196
-0.002214120933786035
-0.002212746301665902
-0.002211373299360275
-0.002210002159699798
-0.002208632649853826
-0.002207265002653003
-0.002205898985266685
-0.002204534597694874
-0.002203172072768211
-0.002201810711994767
-0.002200450515374541
-0.002199091715738177
-0.002197734080255032
-0.002196377608925104
-0.002195022068917751
-0.002193667460232973
-0.002192313550040126
-0.002190960571169853
-0.002189608989283442
-0.002188258105888963
-0.002186908619478345
-0.002185560530051589
-0.002184213604778051
-0.002182868076488376
-0.002181524410843849
-0.002180182375013828
-0.002178841968998313
-0.00217750295996666
-0.002176165347918868
-0.002174829132854939
-0.002173494081944227
-0.002172160660848022
-0.002170828636735678
-0.002169497776776552
-0.002168168313801289
-0.0021668397821486
-0.00216551311314106
-0.002164187375456095
-0.002162862569093704
-0.002161538926884532
-0.002160216215997934
-0.002158894203603268
-0.002157573122531176
-0.002156253205612302
-0.002154934452846646
-0.002153616864234209
-0.00215230043977499
-0.002150985645130277
-0.002149672247469425
-0.002148360246792436
-0.002147050108760595
-0.00214574090205133
-0.002144433092325926
-0.002143126213923097
-0.002141820732504129
-0.002140516182407737
-0.002139213029295206
-0.002137911040335894
-0.002136610215529799
-0.002135310554876924
-0.002134012524038553
-0.002132715424522758
-0.002131419721990824
-0.002130125416442752
-0.002128832973539829
-0.002127541927620769
-0.00212625227868557
-0.002124964259564877
-0.002123677870258689
-0.002122392877936363
-0.002121109049767256
-0.002119826152920723
-0.002118544420227408
-0.002117263618856668
-0.002115983515977859
-0.002114704111590981
-0.002113425405696034
-0.002112147398293018
-0.00211086985655129
-0.002109593013301492
-0.002108317101374269
-0.00210704212076962
-0.00210576830431819
-0.002104495652019978
-0.002103224396705627
-0.002101955004036427
-0.002100687241181731
-0.002099420875310898
-0.002098155906423926
-0.002096892101690173
-0.002095629693940282
-0.002094368916004896
-0.002093108603730798
-0.002091849455609918
-0.002090591238811612
-0.002089333487674594
-0.002088076900690794
-0.002086821710690856
-0.00208556791767478
-0.002084315754473209
-0.002083065221086144
-0.002081817016005516
-0.002080570440739393
-0.002079326193779707
-0.002078083576634526
-0.002076842356473207
-0.002075602766126394
-0.002074364572763443
-0.002073127310723066
-0.002071890747174621
-0.002070654649287462
-0.002069419017061591
-0.00206818338483572
-0.002066947985440493
-0.002065713284537196
-0.002064479282125831
-0.00206324621103704
-0.002062014071270823
-0.002060783095657825
-0.002059553284198046
-0.002058324404060841
-0.002057096920907497
-0.002055870369076729
-0.002054645214229822
-0.002053421223536134
-0.002052198629826307
-0.002050976967439055
-0.002049756469205022
-0.002048536902293563
-0.002047318266704679
-0.002046101028099656
-0.002044884953647852
-0.00204367027617991
-0.002042456995695829
-0.002041244879364967
-0.002040033927187324
-0.002038824139162898
-0.002037615515291691
-0.002036408055573702
-0.002035201527178288
-0.002033995930105448
-0.002032791264355183
-0.002031587529927492
-0.00203038495965302
-0.00202918378636241
-0.002027983544394374
-0.002026784932240844
-0.002025587717071176
-0.002024392131716013
-0.002023197943344712
-0.002022005151957273
-0.00202081399038434
-0.002019624691456556
-0.002018436323851347
-0.002017249120399356
-0.002016062848269939
-0.002014877274632454
-0.002013692166656256
-0.002012507990002632
-0.00201132451184094
-0.002010141499340534
-0.00200895918533206
-0.00200777780264616
-0.002006597118452191
-0.002005417598411441
-0.002004239009693265
-0.002003061817958951
-0.002001886256039143
-0.00200071232393384
-0.001999539555981755
-0.00199836865067482
-0.001997199142351747
-0.001996031031012535
-0.001994864549487829
-0.001993699464946985
-0.001992535777390003
-0.001991372788324952
-0.001990210497751832
-0.001989048905670643
-0.001987887779250741
-0.001986726652830839
-0.001985565759241581
-0.001984405564144254
-0.00198324560187757
-0.00198208587244153
-0.001980926608666778
-0.001979768043383956
-0.001978610409423709
-0.00197745393961668
-0.001976298866793513
-0.001975145190954208
-0.001973992912098765
-0.001972842495888472
-0.001971693709492683
-0.001970546087250113
-0.001969400094822049
-0.001968255499377847
-0.001967111835256219
-0.001965969335287809
-0.001964828232303262
-0.001963688526302576
-0.001962549984455109
-0.001961412373930216
-0.001960275694727898
-0.001959139946848154
-0.001958005130290985
-0.001956871245056391
-0.001955738291144371
-0.001954606268554926
-0.001953474944457412
-0.001952344202436507
-0.001951214391738176
-0.001950085628777742
-0.001948957680724561
-0.001947830547578633
-0.001946704345755279
-0.001945579191669822
-0.001944455085322261
-0.001943332026712596
-0.001942210015840828
-0.001941089052706957
-0.001939969253726304
-0.001938850618898869
-0.001937733148224652
-0.001936616841703653
-0.001935501582920551
-0.00193438702262938
-0.001933273277245462
-0.001932160230353475
-0.001931047765538096
-0.001929935882799327
-0.001928824582137167
-0.00192771409638226
-0.001926604192703962
-0.001925494987517595
-0.001924386713653803
-0.001923279138281941
-0.001922172727063298
-0.001921067596413195
-0.001919963746331632
-0.001918861409649253
-0.001917760819196701
-0.001916661974973977
-0.001915564760565758
-0.00191446952521801
-0.001913375803269446
-0.001912283711135387
-0.001911193132400513
-0.001910103834234178
-0.001909015467390418
-0.001907927682623267
-0.001906840596348047
-0.001905753742903471
-0.001904667122289538
-0.001903580385260284
-0.001902493881061673
-0.001901407609693706
-0.001900321687571704
-0.00189923623111099
-0.001898151473142207
-0.001897067646495998
-0.001895984867587686
-0.001894903369247913
-0.001893823384307325
-0.00189274491276592
-0.001891667838208377
-0.001890592044219375
-0.001889517297968268
-0.001888443483039737
-0.00188737059943378
-0.001886298879981041
-0.001885227859020233
-0.001884157652966678
-0.001883088145405054
-0.001882019569166005
-0.00188095192424953
-0.00187988521065563
-0.001878819428384304
-0.001877754693850875
-0.00187669089064002
-0.00187562801875174
-0.001874566427432001
-0.001873506000265479
-0.001872446737252176
-0.001871388638392091
-0.001870331703685224
-0.001869276049546897
-0.001868221792392433
-0.001867168466560543
-0.001866116072051227
-0.001865064492449164
-0.001864013611339033
-0.001862963545136154
-0.001861914061009884
-0.00186086492612958
-0.001859816373325884
-0.001858768286183476
-0.001857720781117678
-0.001856673858128488
-0.001855627517215908
-0.00185458199121058
-0.001853537163697183
-0.001852493151091039
-0.00185145006980747
-0.001850407919846475
-0.001849367050454021
-0.00184832711238414
-0.001847288338467479
-0.001846250495873392
-0.001845213817432523
-0.00184417818672955
-0.001843143603764474
-0.001842110068537295
-0.00184107746463269
-0.00184004579205066
-0.001839015167206526
-0.001837985590100288
-0.001836957293562591
-0.00183593004476279
-0.001834903960116208
-0.001833879156038165
-0.001832855632528663
-0.001831833273172379
-0.001830812077969313
-0.001829791464842856
-0.00182877155020833
-0.001827752217650414
-0.001826733117923141
-0.001825714367441833
-0.001824695500545204
-0.001823676633648574
-0.001822657883167267
-0.001821639249101281
-0.001820620964281261
-0.001819603145122528
-0.001818586140871048
-0.001817570184357464
-0.001816555624827743
-0.001815542578697205
-0.00181453104596585
-0.001813521375879645
-0.001812513219192624
-0.001811506692320108
-0.001810501795262098
-0.001809498411603272
-0.001808496308512986
-0.001807495369575918
-0.001806495361961424
-0.001805496285669506
-0.00180449802428484
-0.001803500577807426
-0.001802503596991301
-0.001801507081836462
-0.001800511148758233
-0.00179951568134129
-0.001798520796000957
-0.001797526492737234
-0.001796532771550119
-0.001795539516024292
-0.00179454660974443
-0.001793554401956499
-0.001792562892660499
-0.00179157208185643
-0.001790581969544291
-0.001789592555724084
-0.001788604073226452
-0.001787616638466716
-0.001786630018614233
-0.001785644330084324
-0.001784659689292312
-0.001783676096238196
-0.001782693318091333
-0.001781711471267045
-0.001780730439350009
-0.001779750105924904
-0.001778770587407053
-0.00177779165096581
-0.001776813296601176
-0.001775835640728474
-0.00177485856693238
-0.001773882075212896
-0.001772906281985343
-0.001771931420080364
-0.00177095748949796
-0.001769984606653452
-0.001769012771546841
-0.001768041984178126
-0.001767072477377951
-0.001766104367561638
-0.001765137538313866
-0.001764171873219311
-0.001763207488693297
-0.001762244501151145
-0.001761282794177532
-0.001760322134941816
-0.001759362290613353
-0.001758403261192143
-0.001757444930262864
-0.001756487530656159
-0.00175553048029542
-0.001754574128426611
-0.00175361824221909
-0.001752662821672857
-0.001751707517541945
-0.00175075267907232
-0.001749797957018018
-0.001748843817040324
-0.001747890142723918
-0.001746937050484121
-0.001745984656736255
-0.001745032961480319
-0.001744081964716315
-0.001743131899274886
-0.001742182532325387
-0.001741233863867819
-0.001740286010317504
-0.001739339088089764
-0.001738392980769277
-0.00173744757194072
-0.001736502861604095
-0.001735559199005365
-0.001734616584144533
-0.001733674667775631
-0.001732733915559947
-0.001731793978251517
-0.001730854972265661
-0.001729917014017701
-0.00172898021992296
-0.001728044357150793
-0.001727109542116523
-0.001726175774820149
-0.001725242822431028
-0.001724310568533838
-0.001723378896713257
-0.001722447806969285
-0.0017215171828866
-0.001720587257295847
-0.001719658030197024
-0.001718729385174811
-0.001717801438644528
-0.001716874190606177
-0.0017159478738904
-0.001715022372081876
-0.001714097918011248
-0.001713174395263195
-0.001712251920253038
-0.001711330376565456
-0.001710409880615771
-0.00170949031598866
-0.00170857144985348
-0.001707653282210231
-0.001706735696643591
-0.001705818460322917
-0.001704901456832886
-0.001703984569758177
-0.001703068031929433
-0.001702151843346655
-0.001701236004009843
-0.00170032074674964
-0.001699406187981367
-0.001698492560535669
-0.001697579980827868
-0.001696668565273285
-0.00169575831387192
-0.001694849110208452
-0.001693941070698202
-0.00169303419534117
-0.001692128484137356
-0.001691223471425474
-0.001690319390036166
-0.001689416007138789
-0.001688513322733343
-0.001687611220404506
-0.0016867098165676
-0.001685808994807303
-0.001684908871538937
-0.001684009796008468
-0.001683111535385251
-0.001682214206084609
-0.001681317924521863
-0.001680422690697014
-0.001679528271779418
-0.001678634551353753
-0.001677741529420018
-0.001676849205978215
-0.00167595746461302
-0.001675066072493792
-0.001674175029620528
-0.00167328433599323
-0.00167239410802722
-0.001671504345722497
-0.001670614816248417
-0.001669725985266268
-0.001668837852776051
-0.001667950535193086
-0.001667064265348017
-0.001666178810410202
-0.00166529428679496
-0.001664410810917616
-0.001663528382778168
-0.001662646653130651
-0.001661765505559742
-0.001660885056480765
-0.001660005189478397
-0.001659125555306673
-0.001658246153965592
-0.001657367218285799
-0.001656488631851971
-0.001655610394664109
-0.001654732623137534
-0.001653855317272246
-0.001652978826314211
-0.001652103266678751
-0.001651228405535221
-0.00165035470854491
-0.001649482059292495
-0.001648610457777977
-0.001647740136831999
-0.001646871212869883
-0.001646003336645663
-0.001645136624574661
-0.001644270843826234
-0.001643406110815704
-0.001642542076297104
-0.001641678856685758
-0.001640816335566342
-0.001639954629354179
-0.001639093854464591
-0.001638233778066933
-0.001637374167330563
-0.001636515255086124
-0.001635657274164259
-0.001634799758903682
-0.001633942942135036
-0.001633086474612355
-0.001632230472750962
-0.001631375052966177
-0.00163052009884268
-0.001629665610380471
-0.001628811587579548
-0.001627958030439913
-0.001627105171792209
-0.001626252778805792
-0.001625401084311306
-0.001624549855478108
-0.001623699557967484
-0.001622850075364113
-0.001622001291252673
-0.001621153205633163
-0.001620305818505585
-0.001619459129869938
-0.001618612906895578
-0.001617767265997827
-0.001616922323592007
-0.001616078079678118
-0.001615234301425517
-0.001614390988834202
-0.001613548141904175
-0.001612705760635436
-0.001611863845027983
-0.00161102251149714
-0.001610181760042906
-0.001609341474249959
-0.001608501770533621
-0.001607662765309215
-0.001606824574992061
-0.00160598719958216
-0.001605150755494833
-0.001604315242730081
-0.001603480777703226
-0.001602647360414267
-0.001601814990863204
-0.001600983552634716
-0.001600153162144125
-0.001599323470145464
-0.001598494476638734
-0.001597666181623936
-0.001596838468685746
-0.001596010872162879
-0.001595183508470654
-0.001594356261193752
-0.00159352901391685
-0.00159270188305527
-0.001591874752193689
-0.001591047854162753
-0.001590221305377781
-0.001589395222254097
-0.00158857018686831
-0.001587745966389775
-0.001586922793649137
-0.001586100785061717
-0.001585279940627515
-0.001584460376761854
-0.00158364197704941
-0.001582824741490185
-0.001582008670084178
-0.001581193297170103
-0.00158037873916328
-0.001579564879648387
-0.001578751718625426
-0.001577938906848431
-0.001577126560732722
-0.001576314796693623
-0.001575503614731133
-0.00157469289842993
-0.001573882647790015
-0.001573073328472674
-0.001572264591231942
-0.001571456785313785
-0.001570649677887559
-0.001569843268953264
-0.001569037674926221
-0.00156823277939111
-0.001567428698763251
-0.001566625200212002
-0.00156582216732204
-0.001565019600093365
-0.001564217265695333
-0.001563415164127946
-0.001562613528221846
-0.001561812241561711
-0.00156101118773222
-0.001560210366733372
-0.00155940989498049
-0.001558609888888896
-0.001557810348458588
-0.001557011622935534
-0.001556213828735054
-0.001555416965857148
-0.001554621150717139
-0.001553826266899705
-0.001553032430820167
-0.001552239758893847
-0.001551447901874781
-0.001550656976178288
-0.001549866981804371
-0.001549077685922384
-0.001548289088532329
-0.001547501073218882
-0.001546713756397367
-0.00154592702165246
-0.001545140752568841
-0.001544355298392475
-0.001543570193462074
-0.00154278555419296
-0.001542001264169812
-0.001541217206977308
-0.001540433499030769
-0.001539650023914874
-0.0015388666652143
-0.001538083655759692
-0.00153730099555105
-0.001536518568173051
-0.001535736722871661
-0.001534955343231559
-0.001534174545668066
-0.001533393980935216
-0.001532614231109619
-0.00153183494694531
-0.001531056477688253
-0.001530278706923127
-0.001529501751065254
-0.001528725610114634
-0.001527950633317232
-0.001527176471427083
-0.001526403124444187
-0.001525630825199187
-0.001524859457276762
-0.001524089020676911
-0.001523319398984313
-0.001522550592198968
-0.001521782600320876
-0.001521015306934714
-0.001520248944871128
-0.00151948316488415
-0.001518718083389103
-0.001517953467555344
-0.00151718920096755
-0.001516425400041044
-0.001515661948360503
-0.001514898729510605
-0.001514135859906673
-0.001513373223133385
-0.001512610819190741
-0.001511848764494061
-0.001511086826212704
-0.001510325120761991
-0.001509563764557242
-0.001508802641183138
-0.001508042099885643
-0.001507282024249434
-0.001506522414274514
-0.001505763386376202
-0.0015050049405545
-0.001504247193224728
-0.001503490144386888
-0.001502734026871622
-0.001501978724263608
-0.001501224236562848
-0.001500470796599984
-0.001499718287959695
-0.001498967176303267
-0.001498216879554093
-0.001497467630542815
-0.001496719312854111
-0.001495972042903304
-0.00149522558785975
-0.001494479947723448
-0.001493734889663756
-0.001492990297265351
-0.001492245937697589
-0.001491501927375793
-0.001490758149884641
-0.001490014255978167
-0.001489270245656371
-0.001488526118919253
-0.001487781992182136
-0.001487037749029696
-0.001486293389461935
-0.001485549146309495
-0.001484805135987699
-0.00148406159132719
-0.001483318279497325
-0.00148257554974407
-0.001481833634898067
-0.001481092418543994
-0.001480352482758462
-0.001479613478295505
-0.001478875754401088
-0.001478139194659889
-0.001477403799071908
-0.001476669451221824
-0.001475936267524958
-0.001475204131565988
-0.001474472810514271
-0.001473742187954485
-0.001473012380301952
-0.001472282921895385
-0.001471553929150105
-0.00147082528565079
-0.001470096874982119
-0.001469368813559413
-0.001468640984967351
-0.001467913738451898
-0.001467186841182411
-0.001466460409574211
-0.001465734443627298
-0.001465009059756994
-0.0014642842579633
-0.001463559921830893
-0.001462836167775095
-0.001462112879380584
-0.001461389940232038
-0.001460667466744781
-0.00145994545891881
-0.001459223916754127
-0.001458502607420087
-0.001457781647332013
-0.001457061152905226
-0.001456341007724404
-0.001455621444620192
-0.001454902463592589
-0.001454184064641595
-0.001453466131351888
-0.001452748780138791
-0.001452032127417624
-0.001451316173188388
-0.001450600801035762
-0.001449886127375066
-0.001449172152206302
-0.001448459108360112
-0.001447746646590531
-0.001447034999728203
-0.001446324051357806
-0.001445613917894661
-0.001444904366508126
-0.001444195280782878
-0.001443486893549562
-0.001442779088392854
-0.001442071748897433
-0.001441364991478622
-0.00144065881613642
-0.001439952990040183
-0.001439247513189912
-0.001438542502000928
-0.001437837956473231
-0.001437133876606822
-0.001436430145986378
-0.001435726881027222
-0.001435024198144674
-0.001434321980923414
-0.001433620345778763
-0.001432919292710721
-0.001432218588888645
-0.0014315185835585
-0.001430818694643676
-0.001430119038559496
-0.00142941961530596
-0.001428720424883068
-0.001428021350875497
-0.00142732250969857
-0.001426623901352286
-0.001425925525836647
-0.001425227499566972
-0.001424529822543263
-0.001423832611180842
-0.00142313598189503
-0.001422440051101148
-0.00142174493521452
-0.001421050634235144
-0.001420357497408986
-0.001419665408320725
-0.001418974483385682
-0.001418284489773214
-0.00141759542748332
-0.001416907180100679
-0.001416219864040613
-0.001415533013641834
-0.001414846978150308
-0.001414161175489426
-0.00141347583848983
-0.001412790850736201
-0.001412105979397893
-0.001411421340890229
-0.001410736935213208
-0.001410052762366831
-0.00140936893876642
-0.001408685347996652
-0.001408002339303493
-0.001407319912686944
-0.001406638300977647
-0.00140595727134496
-0.001405277056619525
-0.001404597423970699
-0.001403918373398483
-0.001403239904902875
-0.001402561902068555
-0.001401883899234235
-0.001401206129230559
-0.001400528475642204
-0.001399851054884493
-0.001399173866957426
-0.001398496795445681
-0.001397820073179901
-0.001397143816575408
-0.001396468142047524
-0.001395793166011572
-0.001395119121298194
-0.001394445891492069
-0.001393773593008518
-0.00139310210943222
-0.001392431440763175
-0.001391761470586061
-0.001391092082485557
-0.001390423160046339
-0.001389754703268409
-0.001389086479321122
-0.001388418371789157
-0.001387750380672514
