0
0
0
0
0
0
0
0
0
0
0
0
0
0
0
0
0
0
0
0
0
0
0
0
0
0
0
0
0
0
0
0
0
0
0
0
0
0
0
0
0
0
0
0
0
0
0
0
0
0
0
0
0
0
0
0
0
0
0
0
0
0
0
0
0
0
0
0
0
0
0
0
0
0
0
0
0
0
0
0
0
0
0
0
0
0
0
0
0
0
0
0
0
0
0
0
0
0
0
0
0
0
0
0
0
0
0
0
0
0
0
0
0
0
0
0
0
0
0
0
0
0
0
0
0
0
0
0
0
0
0
0
0
0
0
0
0
0
0
0
0
0
0
0
0
0
0
0
0
0
0
0
0
0
0
0
0
0
0
0
0
0
0
0
0
0
0
0
0
0
0
0
0
0
0
0
0
0
0
0
0
0
0
0
0
0
0
0
0
0
0
0
0
0
0
0
0
0
0
0
0
0
0
0
0
0
0
0
0
0
0
0
0
0
0
0
0
0
0
0
0
0
0
0
0
0
0
0
0
0
0
0
0
0
0
0
0
0
0
0
0
0
0
0
0
7.006492321624085e-45
3.082856621514598e-44
1.317220556465328e-43
5.100726410142334e-43
1.928186686910948e-42
7.176049435807388e-42
2.614262415044379e-41
9.361234261075508e-41
3.297843831911311e-40
1.143287187177939e-39
3.901893153137024e-39
1.311395639008823e-38
4.341742804468241e-38
1.416432599843402e-37
4.55464286488025e-37
1.443977396868413e-36
4.514718728172089e-36
1.392444374551485e-35
4.237507041075313e-35
1.272721968137195e-34
3.773538215464869e-34
1.104724723621489e-33
3.194070147785613e-33
9.122455500967041e-33
2.574215960486491e-32
7.178441898423548e-32
1.978567641021577e-31
5.391232747673461e-31
1.452513418407125e-30
3.870109203472118e-30
1.019931948694354e-29
2.65910649731149e-29
6.859405330697947e-29
1.751019996103525e-28
4.424001675143421e-28
1.106427397454526e-27
2.739529804929891e-27
6.716375613747294e-27
1.630641897156314e-26
3.921063636131358e-26
9.339563380373454e-26
2.203843422625302e-25
5.152512548666048e-25
1.193693474942988e-24
2.740640835396209e-24
6.236567867026318e-24
1.406762399417423e-23
3.145746942637071e-23
6.974287077534032e-23
1.533178810983155e-22
3.34230141904811e-22
7.226034554277659e-22
1.549518909742443e-21
3.295913873466218e-21
6.954658324945961e-21
1.455910579514354e-20
3.024053089163388e-20
6.23269799436652e-20
1.27476429384332e-19
2.587529006533385e-19
5.212856031157381e-19
1.042399256061642e-18
2.069151770451384e-18
4.077385411100993e-18
7.976877359666332e-18
1.549442628826564e-17
2.988400728467891e-17
5.723361919927905e-17
1.088529915275933e-16
2.056049659682462e-16
3.857068286858495e-16
7.186831564875995e-16
1.330145917896434e-15
2.445499315203992e-15
4.466489857683125e-15
8.104368040648836e-15
1.460996478148697e-14
2.6168498452688e-14
4.657254467602297e-14
8.236146546670639e-14
1.447378187354603e-13
2.527693224001204e-13
4.387033271380236e-13
7.567303988292862e-13
1.297340923925305e-12
2.210691699144895e-12
3.744394117682903e-12
6.304226238262878e-12
1.055105829095293e-11
1.755460013463939e-11
2.903574429502509e-11
4.774609527191664e-11
7.805866369947623e-11
1.268813387689249e-10
2.050606906500718e-10
3.295257400282026e-10
5.265411995303282e-10
8.366135562098975e-10
1.32184319046047e-09
2.076874006107232e-09
3.245097746074066e-09
5.04248731658663e-09
7.792424483454852e-09
1.197629106997056e-08
1.83064763348284e-08
2.783108854487182e-08
4.208318316045734e-08
6.329211998945539e-08
9.468094930298321e-08
1.408822498660811e-07
2.085159138687231e-07
3.069866352234385e-07
4.495777830015868e-07
6.54941686661914e-07
9.491174068898545e-07
1.368243033539329e-06
1.962180249392986e-06
2.799321237034746e-06
3.972923423134489e-06
5.60939815841266e-06
7.879083568695933e-06
1.101013913284987e-05
1.53063429024769e-05
2.116971518262289e-05
2.91290689347079e-05
3.987574018537998e-05
5.430798773886636e-05
7.358567381743342e-05
9.919703006744385e-05
0.0001330395753029734
0.0001775170676410198
0.0002356548939133063
0.0003112355771008879
0.0004089567810297012
0.0005346127436496317
0.0006953012198209763
0.0008996541728265584
0.001158094382844865
0.001483113039284945
0.001889566192403436
0.002394983312115073
0.00301987980492413
0.003788063768297434
0.004726920276880264
0.005867659114301205
0.007245501503348351
0.008899788372218609
0.01087397709488869
0.01321549899876118
0.01597545295953751
0.01920809596776962
0.02297011017799377
0.02731961570680141
0.03231489658355713
0.03801285848021507
0.04446718096733093
0.05172618478536606
0.05983047559857368
0.06881034374237061
0.0786830261349678
0.08944990485906601
0.1010938212275505
0.1135764643549919
0.1268360912799835
0.1407859027385712
0.1553127467632294
0.1702768951654434
0.1855126470327377
0.2008301317691803
0.2160181254148483
0.2308482974767685
0.2450804859399796
0.2584693133831024
0.2707717418670654
0.2817553877830505
0.291207492351532
0.2989439070224762
0.3048178851604462
0.3087281286716461
0.3106256723403931
0.3105191290378571
0.3084778487682343
0.3046328127384186
0.2991747856140137
0.2923495769500732
0.2844506800174713
0.27580925822258
0.2667818367481232
0.2577362954616547
0.2490363419055939
0.2410257905721664
0.2340132594108582
0.2282576858997345
0.2239561825990677
0.221234455704689
0.2201406508684158
0.2206432074308395
0.2226328700780869
0.2259287238121033
0.2302885502576828
0.2354224473237991
0.2410094738006592
0.2467160075902939
0.2522149085998535
0.2572043538093567
0.2614249289035797
0.2646742165088654
0.2668173909187317
0.2677936851978302
0.2676178812980652
0.2663767635822296
0.2642209827899933
0.2613527178764343
0.2580104768276215
0.2544510662555695
0.2509316205978394
0.2476915717124939
0.2449365556240082
0.2428255081176758
0.2414613515138626
0.2408863008022308
0.2410818785429001
0.241973415017128
0.2434387505054474
0.2453202307224274
0.2474389374256134
0.2496098875999451
0.2516570389270782
0.2534267902374268
0.2547991573810577
0.2556953728199005
0.256081759929657
0.2559694647789001
0.2554108202457428
0.254491776227951
0.2533223927021027
0.2520255744457245
0.2507255077362061
0.2495364546775818
0.2485533803701401
0.2478448748588562
0.2474490255117416
0.2473721653223038
0.2475908249616623
0.2480561584234238
0.248700737953186
0.2494461387395859
0.2502115070819855
0.2509213089942932
0.2515123188495636
0.2519387304782867
0.252174973487854
0.252216637134552
0.2520790100097656
0.2517938315868378
0.2514046728610992
0.2509613335132599
0.2505142986774445
0.2501095235347748
0.2497839331626892
0.249562606215477
0.2494571954011917
0.2494659870862961
0.249575287103653
0.2497621923685074
0.2499977946281433
0.2502509951591492
0.2504920661449432
0.2506957650184631
0.2508436143398285
0.250925213098526
0.25093874335289
0.2508901953697205
0.2507917582988739
0.2506600022315979
0.2505134344100952
0.2503701448440552
0.2502459287643433
0.2501525282859802
0.2500967383384705
0.2500803768634796
0.2501003444194794
0.2501496970653534
0.2502187192440033
0.2502965331077576
0.2503725588321686
0.2504376173019409
0.2504850029945374
0.2505108416080475
0.2505143582820892
0.250497579574585
0.2504648566246033
0.2504218518733978
0.2503749132156372
0.250330001115799
0.250292032957077
0.250264436006546
0.2502489387989044
0.2502452731132507
0.2502516806125641
0.2502650916576385
0.2502817511558533
0.2502975463867188
0.2503085434436798
0.250311404466629
0.2503034174442291
0.2502824664115906
0.2502470314502716
0.2501958310604095
0.2501275241374969
0.2500401437282562
0.249930739402771
0.2497949451208115
0.2496264725923538
0.2494170814752579
0.2491561323404312
0.2488306015729904
0.248425155878067
0.2479220181703568
0.2473012357950211
0.2465409338474274
0.2456174343824387
0.2445057928562164
0.2431802302598953
0.2416147589683533
0.2397840768098831
0.2376644760370255
0.2352350950241089
0.2324792146682739
0.2293858677148819
0.2259514927864075
0.2221814692020416
0.2180916666984558
0.213709756731987
0.2090761214494705
0.2042441368103027
0.1992799788713455
0.1942613571882248
0.1892755776643753
0.1844165474176407
0.1797809451818466
0.1754636019468307
0.1715524345636368
0.1681227833032608
0.1652321368455887
0.1629151701927185
0.1611797958612442
0.1600045263767242
0.1593376845121384
0.1590986400842667
0.1591813713312149
0.1594602167606354
0.1597977876663208
0.1600543111562729
0.1600980311632156
0.1598158031702042
0.1591226905584335
0.1579699516296387
0.1563501954078674
0.1542991697788239
0.1518935859203339
0.149245098233223
0.1464903205633163
0.1437781900167465
0.1412554085254669
0.1390514224767685
0.1372647881507874
0.1359521746635437
0.1351216584444046
0.1347310990095139
0.1346922367811203
0.1348800659179688
0.1351469606161118
0.1353397220373154
0.1353177428245544
0.1349701583385468
0.134229451417923
0.1330800354480743
0.1315601319074631
0.1297568529844284
0.1277946382761002
0.12581866979599
0.1239751204848289
0.1223912909626961
0.1211579963564873
0.1203171014785767
0.1198559626936913
0.1197095885872841
0.1197706013917923
0.1199054047465324
0.1199742555618286
0.11985232681036
0.1194483935832977
0.1187183782458305
0.1176713779568672
0.1163673102855682
0.1149065494537354
0.1134131029248238
0.1120140105485916
0.110818549990654
0.109900638461113
0.1092872098088264
0.1089547500014305
0.1088344305753708
0.1088249459862709
0.1088107600808144
0.1086825281381607
0.1083560511469841
0.1077864691615105
0.1069751083850861
0.1059678196907043
0.1048453897237778
0.1037076339125633
0.1026544496417046
0.1017672643065453
0.1010945066809654
0.1006434857845306
0.1003805249929428
0.1002387627959251
0.1001321524381638
0.09997282922267914
0.09968825429677963
0.09923477470874786
0.09860511869192123
0.09782835096120834
0.0969625860452652
0.09608200937509537
0.09526130557060242
0.09456031024456024
0.09401245415210724
0.09361899644136429
0.09335021674633026
0.09315302968025208
0.09296310693025589
0.09271902590990067
0.09237506985664368
0.09191025793552399
0.09133154898881912
0.09067092835903168
0.08997726440429688
0.08930474519729614
0.08870072662830353
0.08819568157196045
0.0877973735332489
0.08749030530452728
0.08724045008420944
0.08700390160083771
0.08673729747533798
0.0864076092839241
0.08599906414747238
0.08551568537950516
0.08497925847768784
0.08442319184541702
0.08388411998748779
0.08339311927556992
0.08296883106231689
0.08261378109455109
0.08231483399868011
0.082047238945961
0.08178126066923141
0.08148960024118423
0.0811537504196167
0.08076788485050201
0.08033937960863113
0.07988617569208145
0.0794316753745079
0.07899861037731171
0.07860354334115982
0.07825314253568649
0.07794331014156342
0.07766085118055344
0.07738745957612991
0.07710461318492889
0.07679828256368637
0.07646207511425018
0.07609833031892776
0.07571683079004288
0.07533177733421326
0.07495780289173126
0.07460618764162064
0.0742822140455246
0.07398422807455063
0.07370463013648987
0.07343228906393051
0.07315573841333389
0.07286612689495087
0.0725594162940979
0.07223699986934662
0.07190489023923874
0.07157174497842789
0.07124634832143784
0.07093525677919388
0.07064123451709747
0.07036277651786804
0.07009490579366684
0.06983080506324768
0.06956379860639572
0.06928911805152893
0.06900510936975479
0.06871332228183746
0.06841785460710526
0.0681239441037178
0.06783647835254669
0.06755863875150681
0.06729112565517426
0.06703224778175354
0.06677854061126709
0.06652591377496719
0.06627082079648972
0.0660112127661705
0.06574692577123642
0.06547956913709641
0.06521180272102356
0.06494656205177307
0.06468603014945984
0.06443114578723907
0.06418133527040482
0.06393475085496902
0.06368887424468994
0.06344114243984222
0.06318964064121246
0.06293334811925888
0.06267227232456207
0.06240701302886009
0.06213831901550293
0.06186650693416595
0.06159105896949768
0.06131037697196007
0.0610218271613121
0.0607219822704792
0.06040697917342186
0.06007282063364983
0.05971556529402733
0.05933129787445068
0.05891592428088188
0.05846481770277023
0.05797245725989342
0.05743207037448883
0.05683545395731926
0.0561729222536087
0.05543334409594536
0.05460431054234505
0.05367223918437958
0.05262243375182152
0.05143905803561211
0.05010504275560379
0.04860188439488411
0.04690948873758316
0.04500610008835793
0.04286827892065048
0.04047106578946114
0.03778822347521782
0.03479254990816116
0.03145629912614822
0.02775152958929539
0.02365054935216904
0.01912631839513779
0.01415288355201483
0.008705913089215755
0.002763273427262902
-0.003694279119372368
-0.01068232022225857
-0.01821190677583218
-0.02628869563341141
-0.03491206094622612
-0.04407426342368126
-0.05375966802239418
-0.06394410133361816
-0.07459423691034317
-0.08566718548536301
-0.09711015969514847
-0.1088603213429451
-0.1208447888493538
-0.1329808980226517
-0.1451766639947891
-0.1573315411806107
-0.1693376302719116
-0.1810808777809143
-0.1924429535865784
-0.2033030241727829
-0.2135401964187622
-0.2230358719825745
-0.2316763252019882
-0.2393555045127869
-0.2459778934717178
-0.2514612376689911
-0.2557393014431
-0.2587644159793854
-0.2605097889900208
-0.2609714865684509
-0.2601698338985443
-0.258150190114975
-0.2549836039543152
-0.2507660686969757
-0.2456175237894058
-0.239679753780365
-0.2331137806177139
-0.2260964214801788
-0.2188160419464111
-0.2114679962396622
-0.2042492628097534
-0.1973530948162079
-0.1909631788730621
-0.1852481067180634
-0.1803560256958008
-0.1764096617698669
-0.1735021620988846
-0.171693742275238
-0.171009361743927
-0.1714375913143158
-0.1729307919740677
-0.1754065454006195
-0.1787505000829697
-0.1828202158212662
-0.1874503940343857
-0.1924590170383453
-0.1976539939641953
-0.2028406262397766
-0.2078288644552231
-0.2124407440423965
-0.216517299413681
-0.219924658536911
-0.2225592583417892
-0.2243516445159912
-0.2252689152956009
-0.2253156304359436
-0.2245329469442368
-0.2229962944984436
-0.2208114266395569
-0.2181090712547302
-0.2150386422872543
-0.2117608338594437
-0.2084399610757828
-0.2052361220121384
-0.202297568321228
-0.1997538357973099
-0.1977097988128662
-0.1962410509586334
-0.1953907608985901
-0.1951683312654495
-0.1955496519804001
-0.1964791715145111
-0.1978734582662582
-0.1996262818574905
-0.2016146928071976
-0.203705683350563
-0.2057635188102722
-0.2076567113399506
-0.2092646807432175
-0.2104836106300354
-0.211231142282486
-0.2114496380090714
-0.211108073592186
-0.2102020531892776
-0.2087526619434357
-0.2068035006523132
-0.2044167816638947
-0.2016682773828506
-0.1986418813467026
-0.1954238414764404
-0.1920970976352692
-0.1887363195419312
-0.1854036301374435
-0.1821455210447311
-0.178990975022316
-0.1759509593248367
-0.1730194538831711
-0.1701754480600357
-0.1673862040042877
-0.164611279964447
-0.1618071049451828
-0.1589315384626389
-0.1559485197067261
-0.1528319120407104
-0.1495687365531921
-0.1461613029241562
-0.1426281034946442
-0.139003574848175
-0.1353364735841751
-0.1316873878240585
-0.1281249970197678
-0.124721884727478
-0.1215499863028526
-0.1186758726835251
-0.1161563694477081
-0.1140348166227341
-0.1123379990458488
-0.111074261367321
-0.1102326959371567
-0.1097835600376129
-0.1096798256039619
-0.1098597645759583
-0.1102504283189774
-0.1107717007398605
-0.1113407611846924
-0.1118765696883202
-0.112304151058197
-0.1125584095716476
-0.1125873178243637
-0.1123540699481964
-0.1118384972214699
-0.1110373288393021
-0.1099635437130928
-0.1086447685956955
-0.1071209907531738
-0.1054416373372078
-0.1036622673273087
-0.1018411293625832
-0.1000357121229172
-0.09829960018396378
-0.09667966514825821
-0.0952138751745224
-0.09392966330051422
-0.09284311532974243
-0.09195871651172638
-0.09126988053321838
-0.0907600000500679
-0.09040406346321106
-0.09017059206962585
-0.09002388268709183
-0.08992631733417511
-0.08984063565731049
-0.08973208069801331
-0.08957024663686752
-0.08933059871196747
-0.08899553865194321
-0.08855503052473068
-0.08800671249628067
-0.08735562115907669
-0.08661338686943054
-0.08579719811677933
-0.08492831885814667
-0.08403057605028152
-0.08312869071960449
-0.08224660158157349
-0.08140593767166138
-0.08062471449375153
-0.07991628348827362
-0.07928869873285294
-0.07874436676502228
-0.07828019559383392
-0.07788803428411484
-0.07755551487207413
-0.07726714015007019
-0.0770055428147316
-0.07675283402204514
-0.07649194449186325
-0.07620790600776672
-0.07588881999254227
-0.07552663236856461
-0.0751175656914711
-0.07466216385364532
-0.07416506856679916
-0.07363435626029968
-0.07308075577020645
-0.07251660525798798
-0.07195473462343216
-0.07140737026929855
-0.07088513672351837
-0.07039624452590942
-0.06994587928056717
-0.06953595578670502
-0.06916513293981552
-0.06882908940315247
-0.06852108240127563
-0.06823271512985229
-0.06795475631952286
-0.06767802685499191
-0.06739421188831329
-0.06709661334753036
-0.06678058952093124
-0.06644388288259506
-0.06608671694993973
-0.06571152806282043
-0.06532261520624161
-0.06492561101913452
-0.06452681869268417
-0.06413257867097855
-0.06374859809875488
-0.06337949633598328
-0.06302836537361145
-0.06269660592079163
-0.06238389015197754
-0.06208829954266548
-0.06180666014552116
-0.06153495609760284
-0.06126876175403595
-0.06100376695394516
-0.06073616445064545
-0.06046304106712341
-0.06018255650997162
-0.05989409610629082
-0.05959820747375488
-0.05929645150899887
-0.05899115279316902
-0.0586850717663765
-0.058381088078022
-0.05808187276124954
-0.05778961256146431
-0.05750580132007599
-0.05723115056753159
-0.05696555599570274
-0.05670818686485291
-0.05645763501524925
-0.05621211975812912
-0.05596970394253731
-0.05572854354977608
-0.05548706278204918
-0.05524411052465439
-0.05499905347824097
-0.05475178733468056
-0.0545027069747448
-0.05425260588526726
-0.0540025494992733
-0.05375372245907784
-0.05350728332996368
-0.05326421186327934
-0.05302523449063301
-0.05279073864221573
-0.05256076529622078
-0.05233504995703697
-0.05211304873228073
-0.05189406126737595
-0.05167729780077934
-0.05146199837327003
-0.05124751105904579
-0.05103336647152901
-0.05081928893923759
-0.05060523375868797
-0.05039135739207268
-0.05017798021435738
-0.0499655120074749
-0.04975440725684166
-0.04954510182142258
-0.0493379607796669
-0.04913322627544403
-0.04893099516630173
-0.0487312488257885
-0.04853382706642151
-0.04833849892020226
-0.04814496263861656
-0.04795290902256966
-0.04776205494999886
-0.04757217690348625
-0.04738312214612961
-0.04719482734799385
-0.04700731113553047
-0.04682065919041634
-0.04663502424955368
-0.04645056277513504
-0.04626743867993355
-0.04608577862381935
-0.04590568318963051
-0.04572718963027
-0.04555028676986694
-0.04537492617964745
-0.04520102217793465
-0.045028455555439
-0.04485710710287094
-0.04468686878681183
-0.04451765865087509
-0.04434940591454506
-0.04418208077549934
-0.04401569068431854
-0.04385025054216385
-0.04368581250309944
-0.0435224324464798
-0.0433601550757885
-0.04319901391863823
-0.04303903505206108
-0.04288022965192795
-0.04272257909178734
-0.04256606101989746
-0.04241063445806503
-0.04225626215338707
-0.04210289940237999
-0.04195050522685051
-0.04179903119802475
-0.04164846241474152
-0.04149878770112991
-0.04134999588131905
-0.04120209440588951
-0.0410551019012928
-0.04090902954339981
-0.04076388478279114
-0.04061967879533768
-0.04047641903162003
-0.04033409059047699
-0.04019268974661827
-0.04005219414830208
-0.03991258889436722
-0.0397738516330719
-0.03963595628738403
-0.03949889168143272
-0.03936264291405678
-0.0392271988093853
-0.03909255936741829
-0.03895870596170425
-0.03882564231753349
-0.0386933721601963
-0.03856190294027328
-0.03843122348189354
-0.03830133378505707
-0.03817223384976387
-0.03804390877485275
-0.03791635483503342
-0.03778954967856407
-0.03766348958015442
-0.03753817081451416
-0.0374135747551918
-0.03728969767689705
-0.037166528403759
-0.03704407066106796
-0.03692230954766273
-0.03680124878883362
-0.03668087720870972
-0.03656119853258133
-0.03644220530986786
-0.03632389381527901
-0.03620626032352448
-0.03608929365873337
-0.03597299382090569
-0.03585734963417053
-0.03574235364794731
-0.03562800213694572
-0.03551428392529488
-0.03540119901299477
-0.0352887362241745
-0.03517688810825348
-0.03506565093994141
-0.03495501726865768
-0.03484498336911201
-0.03473555669188499
-0.03462672233581543
-0.03451848402619362
-0.03441083803772926
-0.03430378064513206
-0.03419730439782143
-0.03409140184521675
-0.03398606926202774
-0.03388130664825439
-0.03377709910273552
-0.03367344290018082
-0.03357033804059029
-0.03346777707338333
-0.03336575627326965
-0.03326427564024925
-0.03316332772374153
-0.03306291624903679
-0.03296303004026413
-0.03286366164684296
-0.03276481479406357
-0.03266648575663567
-0.03256866708397865
-0.03247135505080223
-0.0323745496571064
-0.03227823600172997
-0.03218242153525352
-0.03208710253238678
-0.03199226036667824
-0.0318978987634182
-0.03180401772260666
-0.03171061351895332
-0.03161767870187759
-0.03152521327137947
-0.03143321350216866
-0.03134167566895485
-0.03125058859586716
-0.03115995414555073
-0.03106977418065071
-0.03098004125058651
-0.03089075721800327
-0.03080191649496555
-0.0307135134935379
-0.03062555193901062
-0.03053802810609341
-0.03045093268156052
-0.03036426194012165
-0.03027801401913166
-0.03019218519330025
-0.03010676987469196
-0.03002176806330681
-0.02993718162178993
-0.02985300496220589
-0.02976923063397408
-0.0296858586370945
-0.029602887108922
-0.02952031046152115
-0.02943812869489193
-0.0293563399463892
-0.02927493862807751
-0.02919392473995686
-0.0291132926940918
-0.02903304435312748
-0.02895317226648331
-0.02887367829680443
-0.0287945568561554
-0.02871580235660076
-0.02863741479814053
-0.02855939231812954
-0.0284817311912775
-0.02840442582964897
-0.02832747623324394
-0.02825088240206242
-0.02817463874816895
-0.02809874713420868
-0.02802320383489132
-0.02794801071286201
-0.02787316218018532
-0.02779865637421608
-0.02772449143230915
-0.02765066549181938
-0.02757717855274677
-0.02750402316451073
-0.02743119746446609
-0.02735869772732258
-0.02728652209043503
-0.02721466682851315
-0.02714313194155693
-0.02707191370427608
-0.02700101025402546
-0.0269304197281599
-0.02686013840138912
-0.02679017186164856
-0.02672051265835762
-0.0266511607915163
-0.02658211626112461
-0.02651337347924709
-0.0264449343085289
-0.02637679502367973
-0.02630895189940929
-0.02624140679836273
-0.02617415599524975
-0.02610719949007034
-0.02604053542017937
-0.02597416192293167
-0.02590807527303696
-0.02584227547049522
-0.02577676251530647
-0.02571152709424496
-0.02564657106995583
-0.02558189257979393
-0.02551748976111412
-0.02545336075127125
-0.02538950182497501
-0.02532591298222542
-0.02526258863508701
-0.0251995287835598
-0.02513673342764378
-0.02507420070469379
-0.02501192316412926
-0.02494991011917591
-0.02488815411925316
-0.02482665330171585
-0.02476540952920914
-0.02470442093908787
-0.02464368753135204
-0.02458320930600166
-0.02452298253774643
-0.02446300536394119
-0.0244032759219408
-0.02434379421174526
-0.02428455837070942
-0.02422556094825268
-0.02416681125760078
-0.02410830184817314
-0.0240500308573246
-0.02399199455976486
-0.02393419295549393
-0.02387662418186665
-0.02381928823888302
-0.02376218140125275
-0.02370530180633068
-0.02364864945411682
-0.02359222434461117
-0.02353602461516857
-0.02348005026578903
-0.0234242957085371
-0.02336876653134823
-0.02331345900893211
-0.02325836941599846
-0.02320350147783756
-0.02314884774386883
-0.0230944100767374
-0.02304019033908844
-0.02298618294298649
-0.02293238788843155
-0.02287880703806877
-0.02282543852925301
-0.0227722804993391
-0.02271932922303677
-0.02266658283770084
-0.02261404506862164
-0.02256171032786369
-0.02250957675278187
-0.02245764248073101
-0.02240590378642082
-0.02235436253249645
-0.0223030187189579
-0.02225187420845032
-0.02220092713832855
-0.02215017750859261
-0.02209962345659733
-0.02204926125705242
-0.02199909277260303
-0.02194911800324917
-0.02189933322370052
-0.0218497347086668
-0.0218003187328577
-0.02175108902156353
-0.02170204557478428
-0.02165318094193935
-0.0216044969856739
-0.02155599370598793
-0.02150767110288143
-0.02145952917635441
-0.02141156606376171
-0.02136378362774849
-0.02131617814302444
-0.02126875333487988
-0.02122150920331478
-0.02117444388568401
-0.02112754993140697
-0.02108083479106426
-0.02103428915143013
-0.02098791673779488
-0.02094171196222305
-0.02089567668735981
-0.02084980905056
-0.02080410905182362
-0.02075857669115067
-0.020713210105896
-0.02066800929605961
-0.0206229705363512
-0.02057809382677078
-0.02053337916731834
-0.02048882469534874
-0.02044442854821682
-0.02040019258856773
-0.02035611495375633
-0.02031219378113747
-0.02026842907071114
-0.02022481895983219
-0.02018136344850063
-0.02013806439936161
-0.02009491994976997
-0.02005193009972572
-0.02000909484922886
-0.01996641047298908
-0.01992388255894184
-0.01988150179386139
-0.01983927376568317
-0.01979719288647175
-0.01975525729358196
-0.01971347071230412
-0.01967183127999306
-0.01963033527135849
-0.01958898641169071
-0.01954778097569942
-0.01950671896338463
-0.01946580223739147
-0.01942502707242966
-0.01938439346849918
-0.0193438995629549
-0.01930354535579681
-0.01926332898437977
-0.01922325044870377
-0.01918330974876881
-0.01914350129663944
-0.01910383068025112
-0.01906429417431355
-0.01902489364147186
-0.01898563094437122
-0.01894650422036648
-0.01890751160681248
-0.01886865310370922
-0.01882992871105671
-0.01879133470356464
-0.01875287294387817
-0.01871454156935215
-0.01867634057998657
-0.01863826997578144
-0.01860032789409161
-0.01856251247227192
-0.01852481998503208
-0.01848725415766239
-0.0184498131275177
-0.01841249316930771
-0.01837529800832272
-0.01833822578191757
-0.01830127462744713
-0.01826444827020168
-0.01822774112224579
-0.01819115690886974
-0.01815469190478325
-0.01811834610998631
-0.01808212138712406
-0.01804601773619652
-0.01801003515720367
-0.01797417365014553
-0.01793842948973179
-0.0179028045386076
-0.01786729879677296
-0.01783190853893757
-0.01779663562774658
-0.0177614763379097
-0.01772643066942692
-0.01769149862229824
-0.01765667833387852
-0.0176219679415226
-0.01758736744523048
-0.01755287870764732
-0.01751849986612797
-0.01748423278331757
-0.01745007745921612
-0.01741603203117847
-0.01738209277391434
-0.01734826527535915
-0.01731454767286777
-0.0172809362411499
-0.01724743098020554
-0.01721403189003468
-0.01718074083328247
-0.01714755222201347
-0.01711446791887283
-0.01708148792386055
-0.01704861223697662
-0.0170158389955759
-0.01698317006230354
-0.01695060543715954
-0.01691814698278904
-0.0168857891112566
-0.01685353182256222
-0.01682137511670589
-0.01678932085633278
-0.01675736904144287
-0.01672551967203617
-0.01669376902282238
-0.01666211523115635
-0.01663056015968323
-0.01659910380840302
-0.01656774431467056
-0.01653648167848587
-0.01650531403720379
-0.01647424139082432
-0.01644326373934746
-0.01641237922012806
-0.01638158783316612
-0.0163508914411068
-0.01632029190659523
-0.01628978550434113
-0.01625937223434448
-0.01622905395925045
-0.01619883067905903
-0.01616869680583477
-0.01613865792751312
-0.01610870845615864
-0.01607885211706161
-0.01604908891022205
-0.01601941511034966
-0.01598982885479927
-0.0159603338688612
-0.01593093015253544
-0.01590161398053169
-0.01587238349020481
-0.01584323868155479
-0.01581417955458164
-0.0157852079719305
-0.01575631834566593
-0.01572751626372337
-0.01569879800081253
-0.01567016541957855
-0.01564161665737629
-0.01561315264552832
-0.01558477617800236
-0.01555648539215326
-0.01552828215062618
-0.01550016459077597
-0.01547213178128004
-0.01544418185949326
-0.01541631296277046
-0.01538852602243423
-0.01536081917583942
-0.01533319335430861
-0.01530564669519663
-0.01527818106114864
-0.0152507945895195
-0.01522348914295435
-0.01519626379013062
-0.01516911946237087
-0.01514205429702997
-0.01511506736278534
-0.01508815959095955
-0.01506133005023003
-0.0150345778092742
-0.01500790193676949
-0.01498130522668362
-0.01495478488504887
-0.01492834091186523
-0.01490197237581015
-0.01487567834556103
-0.01484945882111788
-0.01482331193983555
-0.01479723863303661
-0.01477123983204365
-0.01474531553685665
-0.01471946388483047
-0.01469368487596512
-0.01466798037290573
-0.01464234851300716
-0.01461679115891457
-0.01459130737930536
-0.01456589717417955
-0.01454056240618229
-0.01451530121266842
-0.01449011266231537
-0.01446499768644571
-0.0144399544224143
-0.01441498193889856
-0.01439007930457592
-0.0143652455881238
-0.01434047892689705
-0.0143157783895731
-0.01429114677011967
-0.01426658220589161
-0.01424208469688892
-0.01421765517443419
-0.01419329456984997
-0.0141690019518137
-0.01414477732032537
-0.01412062160670757
-0.01409653201699257
-0.01407251041382551
-0.01404855493456125
-0.01402466557919979
-0.01400084141641855
-0.01397708058357239
-0.01395338494330645
-0.01392975263297558
-0.01390618458390236
-0.01388267986476421
-0.01385923940688372
-0.01383586414158344
-0.01381255406886339
-0.01378930639475584
-0.01376612298190594
-0.01374300569295883
-0.01371995080262423
-0.01369696017354727
-0.01367403287440538
-0.013651167973876
-0.01362836454063654
-0.01360562350600958
-0.01358294393867254
-0.01356032490730286
-0.01353776734322309
-0.01351526845246553
-0.01349283196032047
-0.01347045693546534
-0.01344814151525497
-0.01342588476836681
-0.013403688557446
-0.01338155101984739
-0.01335947308689356
-0.01333745289593935
-0.01331549137830734
-0.01329358574002981
-0.01327173691242933
-0.01324994582682848
-0.01322821155190468
-0.01320653408765793
-0.0131849143654108
-0.01316335238516331
-0.01314185000956059
-0.01312040630728006
-0.01309902034699917
-0.0130776921287179
-0.01305642165243626
-0.01303520705550909
-0.0130140483379364
-0.01299294363707304
-0.01297189574688673
-0.01295090280473232
-0.01292996387928724
-0.01290907897055149
-0.01288824807852507
-0.01286747120320797
-0.01284674741327763
-0.01282607857137918
-0.01280546374619007
-0.01278490200638771
-0.0127643933519721
-0.01274393871426582
-0.0127235371619463
-0.01270318869501352
-0.01268289051949978
-0.01266264356672764
-0.0126424478366971
-0.01262230239808559
-0.01260221004486084
-0.01258216705173254
-0.01256217435002327
-0.01254223380237818
-0.01252234540879726
-0.01250250730663538
-0.01248272228986025
-0.01246299035847187
-0.01244331058114767
-0.01242368202656507
-0.01240410562604666
-0.01238457765430212
-0.01236509811133146
-0.01234566792845726
-0.01232628524303436
-0.01230694819241762
-0.01228765863925219
-0.01226841658353806
-0.01224922109395266
-0.01223007496446371
-0.01221097726374865
-0.01219192706048489
-0.01217292714864016
-0.01215397566556931
-0.01213507261127234
-0.01211621984839439
-0.01209741365164518
-0.01207865495234728
-0.01205994375050068
-0.01204127911478281
-0.0120226601138711
-0.01200408581644297
-0.01198555715382099
-0.0119670731946826
-0.01194863580167294
-0.01193024311214685
-0.01191189512610435
-0.01189359463751316
-0.0118753407150507
-0.01185713335871696
-0.01183897070586681
-0.01182085648179054
-0.01180278696119785
-0.01178476121276617
-0.01176677923649549
-0.01174884289503098
-0.01173094753175974
-0.01171309407800436
-0.01169528253376484
-0.01167751289904118
-0.0116597842425108
-0.01164209842681885
-0.01162445545196533
-0.01160685531795025
-0.01158929988741875
-0.0115717863664031
-0.01155431754887104
-0.01153689064085484
-0.01151950657367706
-0.01150216534733772
-0.01148486509919167
-0.01146760676056147
-0.01145038846880198
-0.01143321208655834
-0.01141607854515314
-0.01139898784458637
-0.01138193812221289
-0.01136492937803268
-0.01134796161204576
-0.01133103389292955
-0.01131414622068405
-0.01129729766398668
-0.01128048822283745
-0.01126371789723635
-0.01124698668718338
-0.01123029552400112
-0.011213643476367
-0.01119703240692616
-0.0111804623156786
-0.01116393133997917
-0.01114744041115046
-0.01113098952919245
-0.01111457962542772
-0.01109820976853371
-0.01108187716454268
-0.0110655827447772
-0.01104932650923729
-0.01103310752660036
-0.01101692672818899
-0.01100078411400318
-0.01098467689007521
-0.01096860878169537
-0.01095257699489594
-0.01093658339232206
-0.01092062797397375
-0.01090470980852842
-0.01088882889598608
-0.01087298523634672
-0.01085717882961035
-0.01084140781313181
-0.01082567311823368
-0.01080997474491596
-0.01079431269317865
-0.01077868789434433
-0.01076309941709042
-0.01074754819273949
-0.01073203328996897
-0.01071655564010143
-0.01070111338049173
-0.01068570651113987
-0.01067033410072327
-0.01065499801188707
-0.01063969731330872
-0.01062443107366562
-0.01060919929295778
-0.01059400290250778
-0.01057884003967047
-0.01056370977312326
-0.01054861396551132
-0.01053355354815722
-0.01051852665841579
-0.01050353422760963
-0.01048857718706131
-0.01047365460544825
-0.01045876555144787
-0.01044391002506018
-0.01042908802628517
-0.01041429955512285
-0.01039954368025064
-0.01038482133299112
-0.01037013251334429
-0.01035547815263271
-0.01034085638821125
-0.0103262672200799
-0.01031171157956123
-0.01029718760401011
-0.01028269715607166
-0.01026823930442333
-0.01025381404906511
-0.01023942138999701
-0.01022506132721901
-0.01021073292940855
-0.01019643619656563
-0.01018217112869024
-0.01016793865710497
-0.01015373785048723
-0.01013956964015961
-0.01012543309479952
-0.01011132821440697
-0.01009725499898195
-0.01008321531116962
-0.01006920821964741
-0.01005523093044758
-0.01004128530621529
-0.01002736948430538
-0.01001348346471786
-0.009999627247452736
-0.009985801763832569
-0.00997200608253479
-0.009958240203559399
-0.009944504126906395
-0.009930796921253204
-0.009917120449244976
-0.009903472848236561
-0.009889855049550533
-0.009876267053186893
-0.009862707927823067
-0.009849177673459053
-0.009835677221417427
-0.009822205640375614
-0.009808762930333614
-0.009795350953936577
-0.009781970642507076
-0.009768618270754814
-0.00975529570132494
-0.009742002002894878
-0.009728738106787205
-0.00971550215035677
-0.009702295064926147
-0.009689116850495338
-0.009675968438386917
-0.009662848897278309
-0.009649756364524364
-0.009636692702770233
-0.009623656049370766
-0.009610648266971111
-0.009597667492926121
-0.009584714658558369
-0.00957179069519043
-0.009558894671499729
-0.009546027518808842
-0.009533188305795193
-0.009520376101136208
-0.009507592767477036
-0.009494836442172527
-0.009482108987867832
-0.009469407610595226
-0.00945673231035471
-0.009444083087146282
-0.009431460872292519
-0.009418865665793419
-0.009406296536326408
-0.009393751621246338
-0.009381233714520931
-0.009368741884827614
-0.00935627706348896
-0.009343838319182396
-0.009331425651907921
-0.00931903999298811
-0.009306681342422962
-0.009294348768889904
-0.009282042272388935
-0.009269759990274906
-0.009257503785192966
-0.009245270863175392
-0.009233063086867332
-0.009220881387591362
-0.009208725765347481
-0.009196596220135689
-0.009184490889310837
-0.009172411635518074
-0.009160357527434826
-0.009148331359028816
-0.009136329405009747
-0.009124353528022766
-0.009112403728067875
-0.009100477211177349
-0.009088576771318913
-0.009076702408492565
-0.009064850397408009
-0.009053024463355541
-0.009041220881044865
-0.009029443375766277
-0.009017689153552055
-0.009005958214402199
-0.008994252420961857
-0.008982568979263306
-0.00897090882062912
-0.008959274739027023
-0.008947663009166718
-0.008936073631048203
-0.008924507535994053
-0.008912965655326843
-0.008901447989046574
-0.008889953605830669
-0.008878482505679131
-0.008867036551237106
-0.008855616673827171
-0.008844220079481602
-0.008832848630845547
-0.008821500465273857
-0.008810174651443958
-0.00879887118935585
-0.008787591010332108
-0.008776333183050156
-0.008765097707509995
-0.00875388365238905
-0.008742693811655045
-0.008731524460017681
-0.008720378391444683
-0.008709254674613476
-0.008698153309524059
-0.008687075227499008
-0.008676019497215748
-0.008664987049996853
-0.008653976954519749
-0.008642991073429585
-0.008632027544081211
-0.008621085435152054
-0.008610164746642113
-0.008599264547228813
-0.00858838576823473
-0.008577528409659863
-0.008566693402826786
-0.008555877022445202
-0.008545082993805408
-0.008534308522939682
-0.008523554541170597
-0.008512822911143303
-0.008502110838890076
-0.008491421118378639
-0.008480752818286419
-0.008470107801258564
-0.008459482342004776
-0.008448880165815353
-0.008438299410045147
-0.008427741006016731
-0.008417205885052681
-0.008406692184507847
-0.008396198973059654
-0.008385727182030678
-0.008375275880098343
-0.008364844135940075
-0.008354432880878448
-0.008344041183590889
-0.008333669044077396
-0.008323316462337971
-0.008312983438372612
-0.00830266997218132
-0.008292376063764095
-0.008282101713120937
-0.008271846920251846
-0.008261612616479397
-0.008251399733126163
-0.008241205476224422
-0.008231033571064472
-0.008220881223678589
-0.008210749365389347
-0.008200639858841896
-0.008190549910068512
-0.008180480450391769
-0.008170430548489094
-0.008160400204360485
-0.008150388486683369
-0.008140395395457745
-0.008130420930683613
-0.008120466023683548
-0.008110529743134975
-0.00810061302036047
-0.008090715855360031
-0.008080838248133659
-0.008070977404713631
-0.008061135187745094
-0.008051312528550625
-0.008041508495807648
-0.008031724952161312
-0.00802195817232132
-0.008012211881577969
-0.008002482354640961
-0.00799277238547802
-0.00798308290541172
-0.007973411120474339
-0.007963758893311024
-0.007954125292599201
-0.007944510318338871
-0.007934914901852608
-0.007925337180495262
-0.007915778085589409
-0.007906236685812473
-0.00789671391248703
-0.00788720790296793
-0.007877718657255173
-0.007868246175348759
-0.007858791388571262
-0.007849354296922684
-0.007839933969080448
-0.00783053319901228
-0.007821150124073029
-0.007811784744262695
-0.007802437525242567
-0.007793108932673931
-0.0077837985008955
-0.0077745052985847
-0.007765229791402817
-0.007755971513688564
-0.007746729534119368
-0.007737504784017801
-0.007728296797722578
-0.007719105109572411
-0.007709930185228586
-0.00770077295601368
-0.007691632956266403
-0.007682510651648045
-0.007673405110836029
-0.007664316799491644
-0.007655246648937464
-0.007646193262189627
-0.007637156639248133
-0.007628136780112982
-0.007619133219122887
-0.007610146887600422
-0.007601177785545588
-0.007592224515974522
-0.007583288010209799
-0.007574368268251419
-0.00756546575576067
-0.007556580007076263
-0.0075477110221982
-0.00753885880112648
-0.00753002380952239
-0.007521205581724644
-0.007512403186410666
-0.007503616157919168
-0.007494845427572727
-0.00748608959838748
-0.007477349136024714
-0.007468624506145716
-0.007459915243089199
-0.007451221812516451
-0.007442544214427471
-0.007433881983160973
-0.007425236981362104
-0.007416607812047005
-0.007407994475215673
-0.007399396970868111
-0.007390815764665604
-0.00738225132226944
-0.007373703643679619
-0.007365172263234854
-0.00735665624961257
-0.007348156068474054
-0.007339669857174158
-0.007331198547035456
-0.00732274167239666
-0.007314299698919058
-0.00730587262660265
-0.007297460455447435
-0.00728906411677599
-0.007280683144927025
-0.007272317539900541
-0.007263967767357826
-0.00725563382729888
-0.007247314788401127
-0.007239010650664568
-0.00723072187975049
-0.007222447078675032
-0.007214187178760767
-0.007205941714346409
-0.007197711151093245
-0.007189495489001274
-0.007181294728070498
-0.00717310793697834
-0.007164936047047377
-0.007156779058277607
-0.007148637436330318
-0.007140510715544224
-0.007132398895919323
-0.007124300580471754
-0.007116217166185379
-0.007108148187398911
-0.007100093178451061
-0.007092052605003119
-0.007084026467055082
-0.007076013367623091
-0.007068014703691006
-0.007060028612613678
-0.007052056025713682
-0.007044097408652306
-0.007036152761429548
-0.007028222549706697
-0.007020305842161179
-0.007012403570115566
-0.007004516664892435
-0.006996643729507923
-0.006988785695284605
-0.006980942562222481
-0.006973112933337688
-0.00696529820561409
-0.006957497447729111
-0.006949710659682751
-0.006941938772797585
-0.006934181321412325
-0.006926437374204397
-0.006918706465512514
-0.006910988595336676
-0.006903283298015594
-0.006895590107887983
-0.006887909024953842
-0.006880240980535746
-0.006872585043311119
-0.006864942610263824
-0.006857313681393862
-0.006849697325378656
-0.006842094473540783
-0.006834504660218954
-0.006826928816735744
-0.006819366943091154
-0.006811818573623896
-0.006804283242672682
-0.0067967614158988
-0.006789251696318388
-0.006781755480915308
-0.006774271838366985
-0.006766801234334707
-0.006759343203157187
-0.006751898676156998
-0.006744467653334141
-0.006737049669027328
-0.006729645654559135
-0.006722255144268274
-0.006714877672493458
-0.006707513239234686
-0.006700162310153246
-0.006692823953926563
-0.006685497704893351
-0.006678184028714895
-0.006670881062746048
-0.006663590669631958
-0.006656311918050051
-0.006649044808000326
-0.006641789805144072
-0.006634546909481287
-0.006627315655350685
-0.006620096974074841
-0.006612891331315041
-0.006605698727071285
-0.006598518695682287
-0.006591352168470621
-0.006584199145436287
-0.006577059160917997
-0.006569931749254465
-0.006562816444784403
-0.006555713713169098
-0.006548621226102114
-0.006541539914906025
-0.00653446838259697
-0.006527407094836235
-0.006520356051623821
-0.00651331664994359
-0.006506287958472967
-0.006499271374195814
-0.006492266897112131
-0.006485275458544493
-0.006478297058492899
-0.006471331231296062
-0.006464378908276558
-0.006457439158111811
-0.006450511980801821
-0.006443597842007875
-0.006436694879084826
-0.006429804023355246
-0.006422923877835274
-0.006416055373847485
-0.006409197580069304
-0.006402351427823305
-0.006395516451448202
-0.006388692650943995
-0.006381879094988108
-0.006375076714903116
-0.006368285976350307
-0.006361505948007107
-0.006354737095534801
-0.006347978953272104
-0.006341231521219015
-0.006334494799375534
-0.006327768787741661
-0.006321053486317396
-0.006314348895102739
-0.006307655479758978
-0.006300973705947399
-0.00629430403932929
-0.006287646014243364
-0.006280999630689621
-0.006274365354329348
-0.00626774225383997
-0.006261130794882774
-0.006254530511796474
-0.00624794140458107
-0.006241363473236561
-0.00623479625210166
-0.006228239275515079
-0.006221693009138107
-0.006215156987309456
-0.0062086321413517
-0.006202117074280977
-0.00619561318308115
-0.006189120467752218
-0.006182638462632895
-0.006176167633384466
-0.006169707514345646
-0.006163258571177721
-0.006156819872558117
-0.006150391418486834
-0.006143973208963871
-0.006137564778327942
-0.006131166126579046
-0.006124776788055897
-0.006118396762758493
-0.006112026982009411
-0.006105666514486074
-0.006099315825849771
-0.006092974916100502
-0.006086643785238266
-0.006080323830246925
-0.006074014585465193
-0.006067716050893068
-0.006061427760869265
-0.006055151112377644
-0.006048885174095631
-0.006042629480361938
-0.006036384496837854
-0.006030150689184666
-0.006023927591741085
-0.006017714738845825
-0.006011511664837599
-0.006005318369716406
-0.005999134853482246
-0.005992960184812546
-0.005986795295029879
-0.005980640649795532
-0.005974494852125645
-0.005968358833342791
-0.005962231662124395
-0.005956113804131746
-0.005950005259364843
-0.005943906493484974
-0.005937817972153425
-0.00593173922970891
-0.005925670266151428
-0.005919611547142267
-0.00591356260702014
-0.005907523445785046
-0.005901494529098272
-0.005895476322621107
-0.00588946882635355
-0.005883471108973026
-0.005877483170479536
-0.005871505010873079
-0.005865536630153656
-0.005859577096998692
-0.005853626877069473
-0.005847685504704714
-0.005841753445565701
-0.005835829768329859
-0.005829914938658476
-0.005824009422212839
-0.005818113218992949
-0.005812226328998804
-0.005806348286569118
-0.005800479091703892
-0.005794618744403124
-0.005788767710328102
-0.005782925989478827
-0.00577709311619401
-0.005771270021796227
-0.005765456240624189
-0.005759650841355324
-0.005753855686634779
-0.005748069379478693
-0.005742292851209641
-0.005736526567488909
-0.00573077006265521
-0.005725022871047258
-0.00571928545832634
-0.005713557824492455
-0.005707839038223028
-0.005702128633856773
-0.00569642661139369
-0.005690732505172491
-0.005685046315193176
-0.005679368507117033
-0.005673699546605349
-0.005668038967996836
-0.005662386771291494
-0.005656743422150612
-0.005651108454912901
-0.005645482800900936
-0.00563986599445343
-0.005634257569909096
-0.005628658458590508
-0.005623068194836378
-0.00561748631298542
-0.005611912813037634
-0.005606347694993019
-0.005600790958851576
-0.005595242604613304
-0.005589702632278204
-0.00558417197316885
-0.005578650627285242
-0.005573137663304806
-0.005567633546888828
-0.00556213827803731
-0.00555665185675025
-0.005551173817366362
-0.005545704159885645
-0.005540243349969387
-0.005534790456295013
-0.005529345013201237
-0.005523907486349344
-0.005518477875739336
-0.005513056181371212
-0.00550764100626111
-0.005502234678715467
-0.005496837198734283
-0.005491447169333696
-0.005486065056174994
-0.005480692256242037
-0.005475327838212252
-0.005469971336424351
-0.005464623216539621
-0.005459283478558064
-0.005453952588140965
-0.005448629148304462
-0.005443314090371132
-0.005438007414340973
-0.00543271005153656
-0.005427421070635319
-0.005422140471637249
-0.005416869185864925
-0.005411606281995773
-0.005406351294368505
-0.005401103757321835
-0.005395863670855761
-0.005390631034970284
-0.005385405849665403
-0.005380188580602407
-0.005374978296458721
-0.005369775462895632
-0.005364579148590565
-0.005359390284866095
-0.005354209337383509
-0.00534903584048152
-0.005343869794160128
-0.005338712129741907
-0.005333562381565571
-0.005328421480953693
-0.005323288030922413
-0.005318162497133017
-0.005313044413924217
-0.005307934246957302
-0.005302831530570984
-0.00529773673042655
-0.005292650312185287
-0.005287571344524622
-0.005282499827444553
-0.005277436692267656
-0.005272381938993931
-0.005267334636300802
-0.005262295249849558
-0.005257262848317623
-0.005252239294350147
-0.005247222259640694
-0.005242211744189262
-0.005237208213657141
-0.005232212133705616
-0.005227222107350826
-0.005222239065915346
-0.005217262543737888
-0.005212293472141027
-0.005207331385463476
-0.005202376283705235
-0.00519742863252759
-0.005192487966269255
-0.005187555681914091
-0.005182631313800812
-0.005177715327590704
-0.005172808188945055
-0.00516790896654129
-0.00516301766037941
-0.005158133339136839
-0.005153256468474865
-0.005148386117070913
-0.005143522750586271
-0.005138665437698364
-0.00513381464406848
-0.005128971301019192
-0.005124134477227926
-0.005119304172694683
-0.005114479921758175
-0.005109662190079689
-0.005104851443320513
-0.005100047681480646
-0.005095251370221376
-0.005090462043881416
-0.005085680168122053
-0.005080905277282
-0.005076137371361256
-0.005071376916021109
-0.005066623911261559
-0.005061877425760031
-0.0050571383908391
-0.005052406340837479
-0.00504768081009388
-0.005042962729930878
-0.005038252100348473
-0.005033548455685377
-0.005028851795941591
-0.005024162121117115
-0.005019478965550661
-0.005014802329242229
-0.00501013221219182
-0.005005468614399433
-0.005000811070203781
-0.004996159579604864
-0.004991514142602682
-0.004986874759197235
-0.004982242360711098
-0.004977617412805557
-0.004972998984158039
-0.004968387074768543
-0.004963782615959644
-0.004959184676408768
-0.004954593721777201
-0.004950009752064943
-0.004945431835949421
-0.004940860904753208
-0.004936296492815018
-0.00493173860013485
-0.004927187692373991
-0.004922643769532442
-0.00491810729727149
-0.004913577809929848
-0.00490905437618494
-0.00490453839302063
-0.004900028463453054
-0.004895525518804789
-0.004891029093414545
-0.004886538721621037
-0.00488205486908555
-0.004877577535808086
-0.004873106256127357
-0.004868641495704651
-0.004864182788878679
-0.004859729669988155
-0.004855282604694366
-0.004850841592997313
-0.004846406634896994
-0.004841977264732122
-0.004837553948163986
-0.004833136685192585
-0.004828724544495344
-0.004824318457394838
-0.00481991795822978
-0.004815523512661457
-0.004811135586351156
-0.004806753247976303
-0.004802377428859472
-0.004798007663339376
-0.004793643951416016
-0.00478928629308939
-0.004784934688359499
-0.00478058960288763
-0.004776251036673784
-0.004771917592734098
-0.004767591133713722
-0.004763271193951368
-0.004758957773447037
-0.004754650872200727
-0.00475035049021244
-0.004746057093143463
-0.004741770680993795
-0.00473749078810215
-0.004733217414468527
-0.004728950560092926
-0.00472468975931406
-0.004720434546470642
-0.004716184921562672
-0.004711940884590149
-0.004707702435553074
-0.004703469574451447
-0.004699242301285267
-0.004695020150393248
-0.004690803121775389
-0.004686591681092978
-0.004682386294007301
-0.004678186494857073
-0.004673992749303579
-0.004669804591685534
-0.004665622022002935
-0.004661445040255785
-0.004657273180782795
-0.00465310737490654
-0.004648947156965733
-0.00464479299262166
-0.004640644881874323
-0.004636502824723721
-0.004632366355508566
-0.004628236405551434
-0.004624111577868462
-0.004619992803782225
-0.004615880083292723
-0.004611772485077381
-0.0046076700091362
-0.004603573586791754
-0.004599482286721468
-0.00459539657458663
-0.004591316450387239
-0.004587242379784584
-0.004583174362778664
-0.004579112399369478
-0.004575056489557028
-0.004571006167680025
-0.004566962830722332
-0.004562924616038799
-0.004558892454952002
-0.004554865416139364
-0.004550843965262175
-0.004546827636659145
-0.004542815964668989
-0.004538808949291706
-0.004534807056188583
-0.004530810285359621
-0.004526818636804819
-0.004522832576185465
-0.004518852569162846
-0.004514877218753099
-0.004510907456278801
-0.004506943747401237
-0.004502985626459122
-0.004499034024775028
-0.00449508847668767
-0.004491149447858334
-0.004487216472625732
-0.004483288619667292
-0.004479365423321724
-0.004475446883589029
-0.004471533466130495
-0.004467625636607409
-0.004463721998035908
-0.004459822550415993
-0.004455927759408951
-0.004452037625014782
-0.004448152147233486
-0.004444270860403776
-0.004440394230186939
-0.00443652318790555
-0.004432656802237034
-0.004428796470165253
-0.004424942657351494
-0.004421093966811895
-0.004417251329869032
-0.004413414280861616
-0.004409583285450935
-0.004405758809298277
-0.004401939921081066
-0.004398126155138016
-0.0043943184427917
-0.004390515852719545
-0.004386717919260263
-0.004382925108075142
-0.004379136953502893
-0.004375353455543518
-0.004371575079858303
-0.004367801826447248
-0.004364034160971642
-0.004360271152108908
-0.004356512799859047
-0.004352760035544634
-0.004349012393504381
-0.004345269408077002
-0.004341531079262495
-0.004337796941399574
-0.004334067925810814
-0.004330343101173639
-0.00432662246748805
-0.00432290555909276
-0.004319192375987768
-0.004315482918173075
-0.00431177718564868
-0.004308076109737158
-0.004304379224777222
-0.004300687927752733
-0.004297002218663692
-0.004293321631848812
-0.004289646632969379
-0.004285977222025394
-0.004282313399016857
-0.004278655629605055
-0.004275004379451275
-0.00427135918289423
-0.004267719108611345
-0.004264084156602621
-0.004260454792529345
-0.004256829619407654
-0.004253209102898836
-0.004249593243002892
-0.00424598203971982
-0.004242375027388334
-0.004238772206008434
-0.00423517357558012
-0.004231579601764679
-0.004227990750223398
-0.004224406089633703
-0.004220826085656881
-0.004217251669615507
-0.004213682375848293
-0.004210117738693953
-0.004206557758152485
-0.00420300243422389
-0.004199451301246881
-0.004195904824882746
-0.004192362073808908
-0.00418882304802537
-0.004185288213193417
-0.004181757569313049
-0.004178231116384268
-0.004174708854407072
-0.004171190317720175
-0.004167676437646151
-0.004164167679846287
-0.004160663112998009
-0.004157163202762604
-0.004153667949140072
-0.004150178283452988
-0.004146693740040064
-0.0041432143189013
-0.004139740485697985
-0.004136271309107542
-0.00413280725479126
-0.004129347391426563
-0.004125892650336027
-0.004122442100197077
-0.004118995741009712
-0.004115553107112646
-0.004112114198505878
-0.004108679946511984
-0.0041052489541471
-0.004101821687072515
-0.004098399542272091
-0.004094981122761965
-0.004091567825525999
-0.004088159650564194
-0.004084755666553974
-0.00408135587349534
-0.004077961668372154
-0.004074572119861841
-0.004071186762303114
-0.004067806527018547
-0.004064430948346853
-0.004061059560626745
-0.004057692363858223
-0.004054330289363861
-0.004050972871482372
-0.004047618713229895
-0.004044268280267715
-0.004040922038257122
-0.00403757905587554
-0.004034239333122969
-0.004030903335660696
-0.004027571529150009
-0.004024243913590908
-0.004020920488983393
-0.00401760172098875
-0.004014287143945694
-0.004010976757854223
-0.004007671028375626
-0.004004369955509901
-0.00400107353925705
-0.003997781313955784
-0.003994493745267391
-0.003991210833191872
-0.003987931646406651
-0.003984655719250441
-0.003981384448707104
-0.003978116903454065
-0.003974853549152613
-0.003971593920141459
-0.003968338016420603
-0.003965086303651333
-0.003961839247494936
-0.003958596382290125
-0.0039553577080369
-0.00395212322473526
-0.003948892932385206
-0.003945667296648026
-0.003942445851862431
-0.003939228132367134
-0.003936015069484711
-0.00393280666321516
-0.003929601516574621
-0.003926400560885668
-0.003923202864825726
-0.003920008894056082
-0.003916818182915449
-0.003913631197065115
-0.003910447936505079
-0.003907267469912767
-0.003904090728610754
-0.003900917945429683
-0.003897749120369554
-0.00389458448626101
-0.003891424275934696
-0.003888268722221255
-0.003885118057951331
-0.003881971817463636
-0.003878830233588815
-0.003875693771988153
-0.003872561501339078
-0.003869433887302876
-0.003866310697048903
-0.003863191232085228
-0.003860075259581208
-0.0038569625467062
-0.003853853326290846
-0.003850746899843216
-0.003847643733024597
-0.00384454382583499
-0.003841447411105037
-0.003838354256004095
-0.003835264826193452
-0.00383217865601182
-0.00382909644395113
-0.003826017957180738
-0.003822943661361933
-0.003819873090833426
-0.00381680647842586
-0.003813744289800525
-0.003810686757788062
-0.003807633183896542
-0.003804584033787251
-0.003801538841798902
-0.003798497607931495
-0.00379546033218503
-0.00379242654889822
-0.003789396258071065
-0.003786369925364852
-0.00378334685228765
-0.003780326806008816
-0.003777310252189636
-0.003774297190830112
-0.003771287854760885
-0.003768282476812601
-0.003765280824154615
-0.003762283362448215
-0.003759290557354689
-0.003756301943212748
-0.003753317752853036
-0.003750337520614266
-0.003747361246496439
-0.003744388464838266
-0.003741418942809105
-0.003738452447578311
-0.003735488513484597
-0.003732527140527964
-0.00372956832870841
-0.003726612078025937
-0.003723658621311188
-0.003720707958564162
-0.003717760322615504
-0.003714816644787788
-0.003711876459419727
-0.003708940697833896
-0.003706009592860937
-0.003703082678839564
-0.003700159955769777
-0.003697241423651576
-0.003694326616823673
-0.003691415535286069
-0.003688507946208119
-0.003685603849589825
-0.003682703245431185
-0.003679805668070912
-0.003676911350339651
-0.003674020292237401
-0.003671132959425449
-0.003668249351903796
-0.003665369469672441
-0.003662493312731385
-0.003659620881080627
-0.003656752407550812
-0.003653887892141938
-0.003651026869192719
-0.003648169571533799
-0.003645315999165177
-0.003642464987933636
-0.003639617236331105
-0.003636772511526942
-0.003633930580690503
-0.003631091443821788
-0.003628255566582084
-0.003625422483310103
-0.003622592659667134
-0.003619766561314464
-0.003616944188252091
-0.003614125540480018
-0.003611310850828886
-0.003608500119298697
-0.003605693345889449
-0.0036028902977705
-0.00360009097494185
-0.003597295377403498
-0.0035945032723248
-0.003591714194044471
-0.003588928142562509
-0.00358614488504827
-0.003583364421501756
-0.003580586984753609
-0.003577812109142542
-0.003575040027499199
-0.003572270972654223
-0.003569504944607615
-0.003566742176190019
-0.003563983365893364
-0.003561228280887008
-0.00355847692117095
-0.003555729752406478
-0.003552986774593592
-0.00355024728924036
-0.003547511762008071
-0.003544779727235436
-0.0035420514177531
-0.003539325902238488
-0.0035366031806916
-0.003533883253112435
-0.003531165886670351
-0.003528451081365347
-0.003525738837197423
-0.003523028688505292
-0.003520321100950241
-0.003517616540193558
-0.003514914773404598
-0.00351221626624465
-0.003509521018713713
-0.003506829729303718
-0.003504142165184021
-0.003501458093523979
-0.003498777514323592
-0.00349610042758286
-0.003493427066132426
-0.00349075673148036
-0.003488089423626661
-0.003485425608232617
-0.003482764586806297
-0.003480106592178345
-0.003477451391518116
-0.003474798751994967
-0.003472148906439543
-0.003469502320513129
-0.003466858994215727
-0.003464218927547336
-0.003461582120507956
-0.003458949038758874
-0.003456319449469447
-0.003453692654147744
-0.00345106958411634
-0.003448449773713946
-0.003445832990109921
-0.003443218767642975
-0.003440607571974397
-0.003437999170273542
-0.003435393562540412
-0.003432790748775005
-0.003430190496146679
-0.00342759327031672
-0.003424998605623841
-0.00342240696772933
-0.003419817658141255
-0.003417231608182192
-0.003414648817852139
-0.003412068588659167
-0.003409491386264563
-0.003406917210668325
-0.003404346061870456
-0.003401778405532241
-0.003399214474484324
-0.003396653570234776
-0.003394096158444881
-0.003391542006283998
-0.003388991113752127
-0.003386443015187979
-0.003383897943422198
-0.003381355898454785
-0.003378816647455096
-0.003376279957592487
-0.003373745828866959
-0.003371214494109154
-0.003368685254827142
-0.003366158809512854
-0.003363634692505002
-0.003361113369464874
-0.00335859484039247
-0.00335607910528779
-0.003353566164150834
-0.003351056482642889
-0.003348549129441381
-0.003346045035868883
-0.003343543969094753
-0.003341045696288347
-0.003338550683110952
-0.003336058463901281
-0.003333569271489978
-0.003331083338707685
-0.003328600432723761
-0.003326120786368847
-0.003323644399642944
-0.003321171272546053
-0.003318701637908816
-0.003316235030069947
-0.003313771449029446
-0.003311310894787312
-0.003308852901682258
-0.003306397702544928
-0.003303945530205965
-0.003301495686173439
-0.003299048636108637
-0.003296603914350271
-0.003294161986559629
-0.003291722387075424
-0.003289285115897655
-0.003286850638687611
-0.00328441895544529
-0.003281989833340049
-0.003279563272371888
-0.003277139039710164
-0.003274717135354877
-0.003272297792136669
-0.003269880777224898
-0.003267466090619564
-0.003265053732320666
-0.003262643702328205
-0.003260236466303468
-0.003257831558585167
-0.00325542944483459
-0.003253029892221093
-0.003250633366405964
-0.003248240100219846
-0.003245849860832095
-0.003243462881073356
-0.003241079393774271
-0.003238698933273554
-0.003236321732401848
-0.003233947791159153
-0.003231576643884182
-0.003229208523407578
-0.003226843662559986
-0.003224481828510761
-0.00322212278842926
-0.003219766775146127
-0.00321741309016943
-0.003215062199160457
-0.003212713869288564
-0.003210368333384395
-0.003208024892956018
-0.003205684246495366
-0.003203345695510507
-0.003201008774340153
-0.003198673948645592
-0.003196341218426824
-0.003194010583683848
-0.003191681811586022
-0.003189355134963989
-0.003187030786648393
-0.003184708533808589
-0.003182389307767153
-0.003180073108524084
-0.003177759703248739
-0.003175449091941118
-0.003173141274601221
-0.003170836716890335
-0.003168534720316529
-0.003166235517710447
-0.003163938643410802
-0.003161644795909524
-0.003159353509545326
-0.003157065017148852
-0.003154778853058815
-0.003152495482936502
-0.003150215139612556
-0.00314793735742569
-0.003145662602037191
-0.003143390640616417
-0.003141121473163366
-0.003138854866847396
-0.003136591054499149
-0.003134329803287983
-0.003132070880383253
-0.003129813820123672
-0.003127558855339885
-0.00312530598603189
-0.003123055445030332
-0.003120806766673923
-0.00311856041662395
-0.00311631616204977
-0.003114074002951384
-0.00311183393932879
-0.003109596436843276
-0.003107361495494843
-0.003105128882452846
-0.003102899063378572
-0.003100672038272023
-0.003098447574302554
-0.003096225671470165
-0.003094007028266788
-0.00309179094620049
-0.003089577658101916
-0.003087366698309779
-0.003085158299654722
-0.003082952462136745
-0.003080749185755849
-0.003078548004850745
-0.003076349385082722
-0.003074152860790491
-0.003071958431974053
-0.003069766331464052
-0.003067576559260488
-0.003065389115363359
-0.003063203999772668
-0.0030610216781497
-0.003058842150494456
-0.003056665183976293
-0.003054491011425853
-0.003052319400012493
-0.003050150349736214
-0.003047983860597014
-0.003045819466933608
-0.003043657168745995
-0.00304149673320353
-0.003039338160306215
-0.003037181682884693
-0.00303502706810832
-0.00303287454880774
-0.003030724124982953
-0.003028576029464602
-0.003026430727913976
-0.003024287754669785
-0.003022147575393319
-0.003020010190084577
-0.003017875365912914
-0.003015742870047688
-0.003013612469658256
-0.003011484164744616
-0.003009357722476125
-0.003007233375683427
-0.003005110425874591
-0.003002988873049617
-0.003000869182869792
-0.00299875158816576
-0.002996636088937521
-0.002994522918015718
-0.00299241254106164
-0.002990304725244641
-0.002988199703395367
-0.002986097475513816
-0.002983998041599989
-0.002981901168823242
-0.002979807322844863
-0.002977716503664851
-0.00297562824562192
-0.002973542083054781
-0.002971458015963435
-0.002969376044347882
-0.00296729663386941
-0.002965219784528017
-0.002963144797831774
-0.002961072139441967
-0.002959001343697309
-0.002956932876259089
-0.002954866271466017
-0.002952801762148738
-0.002950739115476608
-0.002948678564280272
-0.00294661964289844
-0.002944562351331115
-0.002942506922408938
-0.002940453821793199
-0.002938402583822608
-0.002936353674158454
-0.002934306859970093
-0.002932262606918812
-0.002930220915004611
-0.002928181551396847
-0.002926144516095519
-0.002924109809100628
-0.00292207719758153
-0.002920046914368868
-0.002918018493801355
-0.002915992168709636
-0.002913968404754996
-0.002911946969106793
-0.002909927861765027
-0.002907910384237766
-0.002905895235016942
-0.002903882414102554
-0.00290187168866396
-0.002899863058701158
-0.002897856757044792
-0.002895852783694863
-0.002893850905820727
-0.002891850890591741
-0.002889852505177259
-0.00288785551674664
-0.002885860856622458
-0.002883868059143424
-0.00288187712430954
-0.002879888517782092
-0.002877901773899794
-0.002875917823985219
-0.002873936435207725
-0.00287195760756731
-0.002869981341063976
-0.002868007868528366
-0.002866036724299192
-0.002864067908376455
-0.002862100955098867
-0.002860135864466429
-0.002858172869309783
-0.002856211736798286
-0.002854252001270652
-0.002852293895557523
-0.002850337419658899
-0.002848382340744138
-0.002846429357305169
-0.002844478469341993
-0.00284252967685461
-0.002840583212673664
-0.002838638611137867
-0.002836696803569794
-0.002834757324308157
-0.002832820173352957
-0.002830885350704193
-0.002828952623531222
-0.002827021991834044
-0.002825093222782016
-0.00282316654920578
-0.00282124150544405
-0.002819318557158113
-0.002817397704347968
-0.002815478248521686
-0.002813560655340552
-0.002811644691973925
-0.00280973082408309
-0.002807818120345473
-0.002805907279253006
-0.002803997835144401
-0.002802089788019657
-0.002800183370709419
-0.002798278583213687
-0.00279637542553246
-0.002794474130496383
-0.002792574930936098
-0.00279067805968225
-0.002788783516734838
-0.002786891767755151
-0.002785002579912543
-0.002783116418868303
-0.002781232818961143
-0.00277935154736042
-0.002777473069727421
-0.002775596920400858
-0.002773722866550088
-0.002771850675344467
-0.002769980346783996
-0.00276811164803803
-0.002766244579106569
-0.002764378907158971
-0.002762514632195234
-0.002760651987046003
-0.002758790971711278
-0.002756932051852345
-0.002755074761807919
-0.002753219334408641
-0.002751365536823869
-0.002749513601884246
-0.002747664460912347
-0.002745817182585597
-0.002743971766903996
-0.002742128446698189
-0.002740287454798818
-0.002738448325544596
-0.002736610826104879
-0.002734775189310312
-0.002732941415160894
-0.002731108805164695
-0.002729277824983001
-0.002727448707446456
-0.002725621219724417
-0.002723795361816883
-0.002721971133723855
-0.002720148768275976
-0.002718328265473247
-0.00271650985814631
-0.002714692614972591
-0.002712877234444022
-0.002711064182221889
-0.002709252992644906
-0.002707443898543715
-0.002705636899918318
-0.002703831763938069
-0.002702029189094901
-0.002700229175388813
-0.002698431257158518
-0.002696635434404016
-0.00269484193995595
-0.002693050773814321
-0.002691261470317841
-0.002689473563805223
-0.002687687054276466
-0.002685902174562216
-0.002684118459001184
-0.002682336373254657
-0.002680555684491992
-0.002678776392713189
-0.002676998497918248
-0.002675222232937813
-0.00267344806343317
-0.002671675756573677
-0.002669905079528689
-0.002668135799467564
-0.002666368614882231
-0.00266460282728076
-0.002662839367985725
-0.00266107777133584
-0.002659318270161748
-0.002657560398802161
-0.002655804390087724
-0.002654050244018435
-0.002652297960594296
-0.002650547539815307
-0.002648798516020179
-0.0026470513548702
-0.002645305823534727
-0.002643562387675047
-0.002641820348799229
-0.00264008017256856
-0.00263834185898304
-0.002636605408042669
-0.002634871052578092
-0.002633138559758663
-0.002631408162415028
-0.002629679627716541
-0.002627952955663204
-0.002626228146255016
-0.002624505432322621
-0.002622784581035376
-0.002621065126731992
-0.00261934706941247
-0.00261763040907681
-0.002615915378555655
-0.002614201512187719
-0.002612489042803645
-0.002610777737572789
-0.002609068294987082
-0.002607360482215881
-0.002605654299259186
-0.002603950211778283
-0.002602248219773173
-0.002600548323243856
-0.002598850522190332
-0.002597154816612601
-0.002595461206510663
-0.00259376922622323
-0.002592078410089016
-0.002590388990938663
-0.002588701201602817
-0.002587014576420188
-0.002585328882560134
-0.002583644585683942
-0.002581961685791612
-0.0025802799500525
-0.00257859961129725
-0.002576920902356505
-0.00257524405606091
-0.002573568839579821
-0.002571895252913237
-0.002570223761722445
-0.002568554366007447
-0.002566887065768242
-0.002565222093835473
-0.002563559217378497
-0.002561898436397314
-0.002560239983722568
-0.00255858339369297
-0.002556928899139166
-0.002555276732891798
-0.002553626429289579
-0.002551977755501866
-0.002550330478698015
-0.002548684598878026
-0.002547040116041899
-0.002545397030189633
-0.00254375534132123
-0.002542114350944757
-0.002540474524721503
-0.002538835629820824
-0.002537197433412075
-0.002535560401156545
-0.002533924300223589
-0.002532289596274495
-0.002530656289309263
-0.002529024612158537
-0.002527394564822316
-0.002525766147300601
-0.002524140058085322
-0.002522515831515193
-0.0025208939332515
-0.0025192741304636
-0.002517656423151493
-0.002516040578484535
-0.002514426596462727
-0.002512814477086067
-0.002511204220354557
-0.002509595127776265
-0.002507987432181835
-0.002506380900740623
-0.00250477553345263
-0.002503171563148499
-0.002501568989828229
-0.002499967813491821
-0.002498368499800563
-0.002496771048754454
-0.002495175460353494
-0.002493581734597683
-0.002491990104317665
-0.002490400336682796
-0.002488812431693077
-0.002487226389348507
-0.002485641278326511
-0.002484058029949665
-0.002482475945726037
-0.002480894792824984
-0.002479314338415861
-0.002477734815329313
-0.00247615622356534
-0.002474578795954585
-0.002473002532497048
-0.002471428131684661
-0.002469854895025492
-0.002468283288180828
-0.002466713543981314
-0.002465145662426949
-0.00246358010917902
-0.002462016651406884
-0.002460455289110541
-0.002458895789459348
-0.00245733791962266
-0.002455781446769834
-0.002454226370900869
-0.002452672692015767
-0.002451120410114527
-0.002449569525197148
-0.002448019571602345
-0.002446470549330115
-0.002444922458380461
-0.002443375764414668
-0.002441830700263381
-0.0024402872659266
-0.002438745694234967
-0.002437205985188484
-0.002435667905956507
-0.002434131456539035
-0.002432596404105425
-0.00243106298148632
-0.002429530955851078
-0.002428000094369054
-0.002426470397040248
-0.00242494186386466
-0.002423414494842291
-0.002421888755634427
-0.002420364646241069
-0.002418841468170285
-0.002417320385575294
-0.002415801398456097
-0.002414284273982048
-0.002412769012153149
-0.002411256311461329
-0.002409745706245303
-0.00240823719650507
-0.002406730316579342
-0.002405224367976189
-0.002403720049187541
-0.002402216661721468
-0.002400714438408613
-0.002399213146418333
-0.002397712552919984
-0.002396212657913566
-0.002394713461399078
-0.002393214730545878
-0.002391717163845897
-0.00239022052846849
-0.002388725057244301
-0.00238723075017333
-0.002385738305747509
-0.002384247491136193
-0.00238275877200067
-0.002381271915510297
-0.002379787154495716
-0.002378304721787572
-0.002376824151724577
-0.002375345211476088
-0.002373867901042104
-0.002372392453253269
-0.002370918402448297
-0.002369445515796542
-0.002367973560467362
-0.002366502769291401
-0.002365033375099301
-0.00236356514506042
-0.002362097846344113
-0.002360631711781025
-0.002359166741371155
-0.002357703167945147
-0.002356240758672357
-0.002354779979214072
-0.002353320131078362
-0.002351861912757158
-0.002350404858589172
-0.002348948735743761
-0.002347494242712855
-0.002346040681004524
-0.002344588516280055
-0.002343137981370091
-0.002341688610613346
-0.002340240869671106
-0.002338794525712729
-0.002337349345907569
-0.002335905795916915
-0.002334463642910123
-0.002333023119717836
-0.002331583993509412
-0.002330146264284849
-0.002328709932044148
-0.002327275229617953
-0.00232584192417562
-0.002324410248547792
-0.002322979969903827
-0.002321551088243723
-0.002320123603567481
-0.002318697515875101
-0.002317273057997227
-0.002315849764272571
-0.00231442810036242
-0.002313007367774844
-0.002311588497832417
-0.002310171024873853
-0.002308754483237863
-0.002307338872924447
-0.002305924193933606
-0.00230451044626534
-0.002303097629919648
-0.002301685744896531
-0.002300275256857276
-0.002298866165801883
-0.002297458471730351
-0.002296052407473326
-0.002294647740200162
-0.002293244702741504
-0.002291843295097351
-0.002290443517267704
-0.002289045369252563
-0.00228764908388257
-0.00228625419549644
-0.002284860471263528
-0.002283467911183834
-0.002282076515257359
-0.002280686283484101
-0.002279297215864062
-0.002277909079566598
-0.002276521874591708
-0.002275135600939393
-0.002273750491440296
-0.002272366313263774
-0.002270983066409826
-0.002269601216539741
-0.002268220530822873
-0.00226684077642858
-0.002265462186187506
-0.002264084760099649
-0.002262708265334368
-0.002261332701891661
-0.002259958302602172
-0.002258585067465901
-0.002257213462144136
-0.002255843253806233
-0.002254474209621549
-0.002253106562420726
-0.002251740777865052
-0.002250376623123884
-0.002249013865366578
-0.002247652504593134
-0.002246292773634195
-0.002244934206828475
-0.002243576804175973
-0.00224222126416862
-0.002240867353975773
-0.002239515306428075
-0.002238164888694882
-0.002236816333606839
-0.002235469873994589
-0.002234125044196844
-0.002232782077044249
-0.002231440506875515
-0.002230100799351931
-0.002228762255981565
-0.002227424411103129
-0.002226087497547269
-0.002224751282483339
-0.002223415300250053
-0.002222079318016768
-0.002220743568614125
-0.00221940828487277
-0.002218073001131415
-0.002216738415881991
-0.002215404296293855
-0.002214071340858936
-0.002212740015238523
-0.00221141055226326
-0.002210083417594433
-0.002208758145570755
-0.00220743496902287
-0.002206113887950778
-0.002204794436693192
-0.002203476382419467
-0.002202160190790892
-0.002200845163315535
-0.002199531067162752
-0.002198217669501901
-0.00219690497033298
-0.002195592969655991
-0.002194281900301576
-0.002192971529439092
-0.002191661391407251
-0.002190351951867342
-0.002189043676480651
-0.002187736565247178
-0.002186431083828211
-0.002185126999393106
-0.002183824311941862
-0.002182523487135768
-0.002181223826482892
-0.002179925329983234
-0.002178628230467439
-0.002177332760766149
-0.002176038920879364
-0.002174746245145798
-0.00217345473356545
-0.00217216438613832
-0.002170874970033765
-0.002169586485251784
-0.002168298931792378
-0.002167012775316834
-0.002165727317333221
-0.002164442790672183
-0.002163158962503076
-0.002161876065656543
-0.002160594100132585
-0.002159312833100557
-0.002158032730221748
-0.002156754024326801
-0.002155476715415716
-0.002154200570657849
-0.002152925590053201
-0.002151652472093701
-0.002150380983948708
-0.002149110427126288
-0.002147841267287731
-0.002146573271602392
-0.002145306207239628
-0.002144040307030082
-0.002142774872481823
-0.002141510369256139
-0.002140246797353029
-0.002138983923941851
-0.002137722447514534
-0.002136462368071079
-0.002135203219950199
-0.002133945468813181
-0.002132689114660025
-0.002131434390321374
-0.002130181295797229
-0.002128930063918233
-0.002127680229023099
-0.002126432023942471
-0.002125185215845704
-0.0021239398047328
-0.00212269532494247
-0.002121451543644071
-0.002120208693668246
-0.002118965843692422
-0.002117723692208529
-0.002116482239216566
-0.002115241484716535
-0.002114001428708434
-0.002112762304022908
-0.002111524110659957
-0.002110287081450224
-0.002109051216393709
-0.002107816515490413
-0.002106583211570978
-0.002105351304635406
-0.002104121027514338
-0.00210289191454649
-0.002101664431393147
-0.002100438345223665
-0.00209921388886869
-0.002097990363836288
-0.002096767770126462
-0.002095546573400497
-0.002094326307997108
-0.002093106741085649
-0.002091888105496764
-0.002090670168399811
-0.002089452929794788
-0.002088236389681697
-0.002087020548060536
-0.002085805870592594
-0.00208459235727787
-0.002083379775285721
-0.00208216835744679
-0.002080958103761077
-0.002079749247059226
-0.002078541787341237
-0.002077335258945823
-0.002076129894703627
-0.002074925461784005
-0.002073721727356315
-0.002072518924251199
-0.002071317052468657
-0.002070116112008691
-0.002068916102871299
-0.002067717025056481
-0.002066519344225526
-0.002065322827547789
-0.002064128173515201
-0.002062934916466475
-0.002061742590740323
-0.002060551894828677
-0.002059362595900893
-0.002058174228295684
-0.002056987024843693
-0.00205580098554492
-0.002054615644738078
-0.00205343053676188
-0.002052246360108256
-0.002051062881946564
-0.002049880102276802
-0.002048698253929615
-0.00204751780256629
-0.002046338282525539
-0.002045160392299294
-0.002043983666226268
-0.002042808337137103
-0.0020416344050318
-0.002040461637079716
-0.002039290266111493
-0.002038120059296489
-0.002036950783804059
-0.00203578220680356
-0.002034614561125636
-0.002033447148278356
-0.002032280201092362
-0.0020311139523983
-0.002029948169365525
-0.002028783084824681
-0.002027618931606412
-0.002026455709710717
-0.002025293419137597
-0.002024132292717695
-0.002022972330451012
-0.002021814230829477
-0.002020657528191805
-0.002019501989707351
-0.002018348081037402
-0.002017195336520672
-0.00201604375615716
-0.002014893339946866
-0.002013743855059147
-0.002012595301494002
-0.002011447446420789
-0.00201030052267015
-0.002009154995903373
-0.00200801040045917
-0.002006866503506899
-0.002005723770707846
-0.002004581969231367
-0.002003441331908107
-0.002002301858738065
-0.002001163316890597
-0.002000025939196348
-0.00199888925999403
-0.001997753512114286
-0.001996618462726474
-0.001995484344661236
-0.001994350692257285
-0.001993217738345265
-0.001992085017263889
-0.001990953227505088
-0.001989821903407574
-0.001988691277801991
-0.001987561350688338
-0.001986432354897261
-0.001985304290428758
-0.001984177390113473
-0.001983051653951406
-0.001981927081942558
-0.001980803906917572
-0.001979682128876448
-0.001978561747819185
-0.001977442298084497
-0.001976324012503028
-0.001975206891074777
-0.0019740907009691
-0.001972975675016642
-0.001971861813217402
-0.001970748649910092
-0.001969636185094714
-0.001968524651601911
-0.001967414049431682
-0.001966304378584027
-0.001965195871889591
-0.001964088762179017
-0.001962982583791018
-0.001961877569556236
-0.001960773952305317
-0.001959671499207616
-0.001958570443093777
-0.001957469852641225
-0.001956370426341891
-0.001955271931365132
-0.001954174367710948
-0.001953077036887407
-0.001951980404555798
-0.001950884237885475
-0.00194978853687644
-0.00194869318511337
-0.001947598531842232
-0.001946504227817059
-0.00194541085511446
-0.001944318530149758
-0.001943227020092309
-0.001942136790603399
-0.001941047492437065
-0.00193995947483927
-0.001938872504979372
-0.001937786699272692
-0.001936701941303909
-0.0019356181146577
-0.001934535335749388
-0.00193345348816365
-0.001932372688315809
-0.001931292586959898
-0.001930213416926563
-0.001929135178215802
-0.001928057870827615
-0.001926981494762003
-0.001925906399264932
-0.001924832467921078
-0.001923760049976408
-0.001922688912600279
-0.001921619172208011
-0.001920550595968962
-0.001919483300298452
-0.001918417052365839
-0.001917351619340479
-0.001916287001222372
-0.001915222965180874
-0.001914159394800663
-0.001913096290081739
-0.001912033767439425
-0.00191097182687372
-0.001909910351969302
-0.001908849575556815
-0.001907789381220937
-0.001906730001792312
-0.001905671320855618
-0.001904613454826176
-0.001903556520119309
-0.001902500516735017
-0.001901445211842656
-0.001900390721857548
-0.001899337163195014
-0.001898284535855055
-0.001897232607007027
-0.001896181376650929
-0.001895130961202085
-0.001894081477075815
-0.001893033040687442
-0.001891985652036965
-0.001890939311124384
-0.0018898940179497
-0.001888849888928235
-0.001887807040475309
-0.00188676523976028
-0.001885724603198469
-0.001884685247205198
-0.001883646938949823
-0.001882609911262989
-0.001881573931314051
-0.001880539115518332
-0.001879505114629865
-0.001878471928648651
-0.001877439557574689
-0.001876407884992659
-0.00187537691090256
-0.001874346751719713
-0.001873317058198154
-0.001872287946753204
-0.001871259300969541
-0.001870231353677809
-0.001869203755632043
-0.001868176506832242
-0.001867149723693728
-0.001866123522631824
-0.001865097787231207
-0.001864072866737843
-0.001863048761151731
-0.001862025586888194
-0.001861003343947232
-0.001859982265159488
-0.001858962466940284
-0.001857943832874298
-0.001856926362961531
-0.001855910290032625
-0.00185489549767226
-0.001853881753049791
-0.001852869056165218
-0.001851857407018542
-0.001850846805609763
-0.001849837368354201
-0.001848828862421215
-0.001847821520641446
-0.001846814877353609
-0.001845809165388346
-0.001844804268330336
-0.001843800186179578
-0.001842796918936074
-0.001841794233769178
-0.001840792130678892
-0.001839790609665215
-0.001838789321482182
-0.001837788382545114
-0.001836787909269333
-0.001835787552408874
-0.001834787661209702
-0.001833788119256496
-0.0018327891593799
-0.001831790897995234
-0.00183079345151782
-0.001829796936362982
-0.001828801236115396
-0.001827806467190385
-0.00182681274600327
-0.001825820188969374
-0.001824828796088696
-0.001823838334530592
-0.001822849037125707
-0.00182186090387404
-0.001820873585529625
-0.001819887198507786
-0.001818901742808521
-0.001817916985601187
-0.001816933043301105
-0.001815949683077633
-0.001814967137761414
-0.001813985174521804
-0.001813004026189446
-0.001812023459933698
-0.001811043825000525
-0.001810065121389925
-0.001809087349101901
-0.001808110740967095
-0.001807135413400829
-0.001806161133572459
-0.00180518813431263
-0.001804216182790697
-0.001803245395421982
-0.001802275772206485
-0.00180130684748292
-0.001800338737666607
-0.001799371442757547
-0.001798404380679131
-0.001797437900677323
-0.001796471886336803
-0.001795506337657571
-0.001794541254639626
-0.001793576637282968
-0.001792612602002919
-0.001791649148799479
-0.001790686277672648
-0.001789724105037749
-0.001788762514479458
-0.001787801971659064
-0.001786842127330601
-0.001785883214324713
-0.001784925116226077
-0.001783967600204051
-0.001783010899089277
-0.001782055012881756
-0.001781100057996809
-0.001780146034434438
-0.001779192709363997
-0.001778240199200809
-0.001777288503944874
-0.001776337623596191
-0.001775387674570084
-0.001774438540451229
-0.001773490570485592
-0.001772543182596564
-0.001771596493199468
-0.00177065038587898
-0.001769704860635102
-0.001768759917467833
-0.001767815672792494
-0.001766872010193765
-0.001765928929671645
-0.001764986664056778
-0.001764045329764485
-0.001763104926794767
-0.001762165455147624
-0.001761227031238377
-0.00176028988789767
-0.001759354025125504
-0.001758419559337199
-0.001757486257702112
-0.001756554003804922
-0.00175562291406095
-0.001754692755639553
-0.001753763412125409
-0.00175283441785723
-0.00175190600566566
-0.001750978059135377
-0.001750050345435739
-0.001749122864566743
-0.00174819550011307
-0.00174726836849004
-0.001746341353282332
-0.001745414338074625
-0.001744487439282238
-0.001743560773320496
-0.001742634340189397
-0.001741708256304264
-0.001740782405249774
-0.001739857252687216
-0.00173893291503191
-0.001738009392283857
-0.0017370869172737
-0.001736165839247406
-0.001735246041789651
-0.00173432775773108
-0.001733410987071693
-0.001732495846226811
-0.001731582335196435
-0.001730670221149921
-0.001729759620502591
-0.001728850067593157
-0.00172794156242162
-0.001727033872157335
-0.001726126996800303
-0.001725220703519881
-0.001724314759485424
-0.001723409164696932
-0.001722503919154406
-0.001721599139273167
-0.001720694708637893
-0.001719790510833263
-0.001718886895105243
-0.001717983745038509
-0.001717081060633063
-0.001716178958304226
-0.001715277438051999
-0.00171437649987638
-0.001713475910946727
-0.001712576020509005
-0.001711676828563213
-0.001710778335109353
-0.001709880656562746
-0.001708983676508069
-0.001708087511360645
-0.001707192393951118
-0.001706298091448843
-0.001705404603853822
-0.001704511931166053
-0.001703620189800858
-0.001702729146927595
-0.001701838686130941
-0.001700948574580252
-0.001700059045106173
-0.001699170214124024
-0.001698281732387841
-0.001697393716312945
-0.001696506165899336
-0.001695619197562337
-0.001694732694886625
-0.001693846774287522
-0.00169296155218035
-0.001692077028565109
-0.001691193319857121
-0.001690310426056385
-0.001689428347162902
-0.001688547199591994
-0.001687666983343661
-0.001686787814833224
-0.001685909694060683
-0.001685032737441361
-0.001684156828559935
-0.001683282083831728
-0.001682408386841416
-0.001681535737589002
-0.001680664019659162
-0.001679793233051896
-0.001678923144936562
-0.001678053522482514
-0.001677184365689754
-0.00167631555814296
-0.001675446983426809
-0.001674578641541302
-0.001673710648901761
-0.001672842889092863
-0.00167197547852993
-0.001671108766458929
-0.001670242752879858
-0.001669377204962075
-0.001668512355536222
-0.001667648321017623
-0.001666785101406276
-0.00166592258028686
-0.001665060757659376
-0.0016641995171085
-0.001663339091464877
-0.00166247901506722
-0.001661619287915528
-0.001660760259255767
-0.00165990146342665
-0.001659043016843498
-0.001658184919506311
-0.001657327404245734
-0.001656470471061766
-0.001655614352785051
-0.00165475916583091
-0.001653905143029988
-0.001653052167966962
-0.001652200357057154
-0.001651349943131208
-0.001650500693358481
-0.001649652607738972
-0.001648805569857359
-0.001647959463298321
-0.001647114171646535
-0.001646269578486681
-0.001645425567403436
-0.001644581905566156
-0.00164373847655952
-0.001642895163968205
-0.001642051851376891
-0.001641208655200899
-0.00164036569185555
-0.001639523077756166
-0.001638680696487427
-0.001637838780879974
-0.001636997447349131
-0.001636156928725541
-0.001635317341424525
-0.001634478801861405
-0.001633641426451504
-0.0016328050987795
-0.001631969702430069
-0.001631135120987892
-0.001630301354452968
-0.001629468519240618
-0.001628636498935521
-0.001627805177122355
-0.001626974553801119
-0.001626144396141171
-0.001625314936973155
-0.001624486059881747
-0.00162365788128227
-0.001622830284759402
-0.0016220030374825
-0.001621176372282207
-0.001620350289158523
-0.001619524671696126
-0.001618699519895017
-0.001617874833755195
-0.001617050496861339
-0.001616226276382804
-0.001615402288734913
-0.001614578650332987
-0.001613755361177027
-0.001612932537682354
-0.001612110179848969
-0.001611288753338158
-0.001610468025319278
-0.001609648345038295
-0.001608829712495208
-0.001608012127690017
-0.001607195707038045
-0.001606380450539291
-0.001605566241778433
-0.00160475296434015
-0.001603940618224442
-0.001603128970600665
-0.001602318021468818
-0.001601507654413581
-0.001600697636604309
-0.001599888084456325
-0.001599078881554306
-0.00159826991148293
-0.001597461174242198
-0.001596652786247432
-0.001595845096744597
-0.001595037989318371
-0.001594231347553432
-0.001593425404280424
-0.001592620275914669
-0.001591815962456167
-0.001591012463904917
-0.001590209896676242
-0.001589407795108855
-0.001588606392033398
-0.001587805571034551
-0.001587005099281669
-0.001586205093190074
-0.001585405319929123
-0.001584605546668172
-0.001583806122653186
-0.001583006698638201
-0.001582207623869181
-0.001581408898346126
-0.001580610638484359
-0.001579813077114522
-0.001579016214236617
-0.001578220282681286
-0.001577425398863852
-0.001576631446368992
-0.001575838541612029
-0.001575046684592962
-0.001574255991727114
-0.001573466346599162
-0.00157267739996314
-0.001571889268234372
-0.001571101834997535
-0.001570314867421985
-0.001569528481923044
-0.00156874256208539
-0.001567956991493702
-0.001567171886563301
-0.001566387247294188
-0.001565602957271039
-0.001564818900078535
-0.00156403542496264
-0.001563252531923354
-0.001562469988130033
-0.001561687909998
-0.001560906530357897
-0.001560125732794404
-0.00155934551730752
-0.001558566000312567
-0.001557787065394223
-0.00155700882896781
-0.001556231291033328
-0.001555454451590776
-0.0015546785434708
-0.001553903566673398
-0.001553129288367927
-0.001552355708554387
-0.001551582827232778
-0.001550810411572456
-0.001550038461573422
-0.001549266977235675
-0.001548495725728571
-0.001547724823467433
-0.001546954037621617
-0.001546183601021767
-0.001545413280837238
-0.001544642960652709
-0.001543872989714146
-0.001543103600852191
-0.001542334794066846
-0.00154156656935811
-0.001540799159556627
-0.001540032797493041
-0.001539267250336707
-0.001538502634502947
-0.001537738949991763
-0.001536976196803153
-0.001536214258521795
-0.001535452902317047
-0.001534692128188908
-0.001533931936137378
-0.001533171976916492
-0.001532412366941571
-0.001531652989797294
-0.001530893961898983
-0.001530135166831315
-0.001529376837424934
-0.001528618857264519
-0.001527861342765391
-0.00152710429392755
-0.001526348176412284
-0.001525592873804271
-0.001524838618934155
-0.001524085178971291
-0.001523332786746323
-0.00152258132584393
-0.001521831029094756
-0.001521081780083477
-0.001520333345979452
-0.00151958572678268
-0.00151883892249316
-0.001518092700280249
-0.001517346943728626
-0.001516601536422968
-0.001515856361947954
-0.001515111420303583
-0.001514366711489856
-0.001513622351922095
-0.001512878225184977
-0.001512134214863181
-0.001511390553787351
-0.001510647241957486
-0.001509904162958264
-0.001509161433205009
-0.00150841916911304
-0.001507677370682359
-0.001506936154328287
-0.001506195520050824
-0.001505455351434648
-0.001504715415649116
-0.001503975945524871
-0.001503237173892558
-0.001502498867921531
-0.001501761027611792
-0.00150102365296334
-0.001500286860391498
-0.001499550533480942
-0.001498814905062318
-0.001498080091550946
-0.001497345976531506
-0.001496612676419318
-0.001495880307629704
-0.001495148870162666
-0.00149441824760288
-0.001493688556365669
-0.001492959796451032
-0.001492231502197683
-0.001491504022851586
-0.001490777125582099
-0.001490050810389221
-0.001489325193688273
-0.001488599926233292
-0.001487874891608953
-0.001487150322645903
-0.001486425753682852
-0.001485701650381088
-0.001484977779909968
-0.00148425402585417
-0.001483530621044338
-0.001482807565480471
-0.001482084742747247
-0.001481362269259989
-0.001480640494264662
-0.001479919301345944
-0.001479198806919158
-0.001478479127399623
-0.00147776014637202
-0.001477041863836348
-0.001476324163377285
-0.001475607044994831
-0.001474890508688986
-0.001474174670875072
-0.001473459298722446
-0.001472744275815785
-0.001472029951401055
-0.001471316209062934
-0.001470603165216744
-0.001469890470616519
-0.001469178474508226
-0.001468467293307185
-0.001467756810598075
-0.001467047142796218
-0.001466338289901614
-0.001465630019083619
-0.001464922330342233
-0.001464215223677456
-0.001463508349843323
-0.001462801708839834
-0.001462095300666988
-0.001461388892494142
-0.001460682367905974
-0.001459975959733129
-0.001459269318729639
-0.001458563026972115
-0.001457856735214591
-0.001457150559872389
-0.001456444733776152
-0.001455739489756525
-0.00145503506064415
-0.00145433156285435
-0.001453628996387124
-0.001452927361242473
-0.001452226657420397
-0.001451527117751539
-0.001450828625820577
-0.00145013106521219
-0.001449434319511056
-0.001448738505132496
-0.001448043272830546
-0.001447348739020526
-0.001446654670871794
-0.001445960951969028
-0.001445267582312226
-0.001444574678316712
-0.00144388189073652
-0.001443189568817616
-0.001442497246898711
-0.001441805274225771
-0.001441113534383476
-0.001440422143787146
-0.001439730986021459
-0.001439040061086416
-0.001438349601812661
-0.001437659491784871
-0.001436969731003046
-0.001436280435882509
-0.001435591606423259
-0.001434903126209974
-0.001434214878827333
-0.001433526980690658
-0.001432839431799948
-0.001432152115739882
-0.001431465032510459
-0.001430778414942324
-0.001430092030204833
-0.001429406111128628
-0.001428720774129033
-0.001428036135621369
-0.001427352312020957
-0.001426669536158442
-0.001425988040864468
-0.001425307826139033
-0.001424628659151495
-0.001423950307071209
-0.001423272769898176
-0.001422596047632396
-0.001421919791027904
-0.00142124411650002
-0.001420568441972136
-0.001419893000274897
-0.001419217674992979
-0.001418542116880417
-0.001417866442352533
-0.001417190884239972
-0.00141651532612741
-0.001415840117260814
-0.001415165490470827
-0.001414491678588092
-0.001413818798027933
-0.001413146732375026
-0.001412475830875337
-0.001411805977113545
-0.001411137171089649
-0.001410469296388328
-0.00140980223659426
-0.001409135758876801
-0.00140846986323595
-0.001407804316841066
-0.001407139236107469
-0.001406474388204515
-0.001405809656716883
-0.001405145158059895
-0.001404480542987585
-0.001403815927915275
-0.001403151312842965
-0.001402486697770655
-0.001401822431944311
-0.001401158282533288
-0.001400494482368231
-0.001399831147864461
-0.001399167929776013
-0.001398505410179496
-0.001397843239828944
-0.001397181767970324
-0.001396520994603634
-0.001395860919728875
-0.001395201543346047
-0.001394542981870472
-0.001393885002471507
-0.001393227721564472
-0.001392571139149368
-0.001391915255226195
-0.001391259720548987
-0.001390604651533067
-0.001389950048178434
-0.001389296026900411
-0.001388642238453031
-0.001387988915666938
-0.001387335942126811
-0.001386683434247971
-0.001386031275615096
-0.001385379582643509
-0.001384728355333209
-0.001384077593684196
-0.001383427414111793
-0.001382777700200677
-0.001382128451950848
-0.001381479552946985
-0.001380831119604409
-0.001380183268338442
-0.001379535649903119
-0.001378888729959726
-0.001378242042846978
-0.00137759605422616
-0.001376950414851308
-0.001376305473968387
-0.001375661115162075
-0.001375017338432372
-0.001374374143779278
-0.001373731531202793
-0.001373089267872274
-0.001372447586618364
-0.001371806138195097
-0.001371164922602475
-0.001370524056255817
-0.001369883422739804
-0.001369242905639112
-0.00136860238853842
-0.00136796198785305
-0.001367321819998324
-0.001366681884974241
-0.001366042182780802
-0.001365402829833329
-0.001364764058962464
-0.001364125753752887
-0.001363488147035241
-0.001362851238809526
-0.001362215261906385
-0.001361579983495176
-0.001360945519991219
-0.001360311754979193
-0.001359678688459098
-0.001359046436846256
-0.001358414883725345
-0.001357784029096365
-0.001357153872959316
-0.00135652394965291
-0.001355894724838436
-0.001355265732854605
-0.001354637206532061
-0.001354009029455483
-0.001353380968794227
-0.001352753257378936
-0.001352125778794289
-0.001351498649455607
-0.001350871869362891
-0.001350245554931462
-0.001349619473330677
-0.0013489939738065
-0.001348368939943612
-0.00134774437174201
-0.001347120152786374
-0.001346496515907347
-0.001345873461104929
-0.001345250755548477
-0.00134462839923799
-0.001344006508588791
-0.001343384967185557
-0.001342763658612967
-0.00134214258287102
-0.001341521507129073
-0.001340900431387126
-0.00134027935564518
-0.001339658512733877
-0.001339037669822574
-0.001338417176157236
-0.001337797031737864
-0.001337177236564457
-0.001336557790637016
-0.001335938810370862
-0.001335320412181318
-0.00133470247965306
-0.001334085129201412
-0.001333468593657017
-0.001332852873019874
-0.001332237967289984
-0.001331623876467347
-0.001331010484136641
-0.001330397790297866
-0.001329785794951022
-0.001329174498096108
-0.001328563550487161
-0.001327952952124178
-0.001327342935837805
-0.001326733268797398
-0.001326123951002955
-0.001325514982454479
-0.001324906130321324
-0.001324297394603491
-0.001323688891716301
