0
0
0
0
0
0
0
0
0
0
0
0
0
0
0
0
0
0
0
0
0
0
0
0
0
0
0
0
0
0
0
0
0
0
0
0
0
0
0
0
0
0
0
0
0
0
0
0
0
0
0
0
0
0
0
0
0
0
0
0
0
0
0
0
0
0
0
0
0
0
0
0
0
0
0
0
0
0
0
0
0
0
0
0
0
0
0
0
0
0
0
0
0
0
0
0
0
0
0
0
0
0
0
0
0
0
0
0
0
0
0
0
0
0
0
0
0
0
0
0
0
0
0
0
0
0
0
0
0
0
0
0
0
0
0
0
0
0
0
0
0
0
0
0
0
0
0
0
0
0
0
0
0
0
0
0
0
0
0
0
0
0
0
0
0
0
0
0
0
0
0
0
0
0
0
0
0
0
0
0
0
0
0
0
0
0
0
0
0
0
0
0
0
0
0
0
0
0
0
0
0
0
0
0
0
0
0
0
0
0
0
0
0
0
0
0
0
0
0
0
0
0
0
0
0
0
0
0
0
0
0
0
0
0
0
0
0
0
0
0
0
0
0
0
0
0
0
0
0
0
0
0
0
0
0
0
0
0
0
0
0
0
0
0
0
0
0
0
0
0
0
0
0
0
0
0
0
0
0
0
0
0
0
0
0
0
0
0
0
0
0
0
0
0
0
0
0
0
0
0
0
0
0
0
0
0
0
0
0
0
0
0
0
0
0
0
0
0
0
0
0
0
0
0
0
0
0
0
0
0
0
0
0
0
0
0
0
0
0
0
0
0
0
0
0
0
0
0
0
0
0
0
0
0
0
0
0
0
0
0
0
0
0
0
0
0
0
0
0
0
0
0
0
0
0
0
0
0
0
0
0
0
0
0
0
0
0
0
0
0
0
0
0
0
0
0
0
0
0
0
0
0
0
0
0
0
0
0
0
0
0
0
0
0
0
0
0
0
0
0
0
0
0
0
0
0
0
0
0
0
0
0
0
0
0
0
0
0
0
0
0
0
0
0
0
0
0
0
0
0
0
0
0
0
0
0
0
0
0
0
0
0
0
0
0
0
0
0
0
0
0
0
0
0
0
0
0
0
0
0
0
0
0
0
0
0
0
0
0
0
0
0
0
0
0
0
0
0
0
0
0
0
0
0
0
0
0
0
0
0
0
0
0
0
0
0
0
0
0
0
0
0
0
0
0
0
0
0
0
0
0
0
0
0
0
0
0
0
0
0
0
0
0
0
0
0
0
0
0
0
0
0
0
0
0
0
0
0
0
0
0
0
0
0
0
0
0
0
0
0
0
0
0
0
0
0
0
0
0
0
0
0
0
0
0
0
0
0
0
0
0
0
0
0
0
0
0
0
0
0
0
0
0
0
0
0
0
0
0
0
0
0
0
0
0
0
0
0
0
0
0
0
0
0
0
0
0
0
0
0
0
0
0
0
0
0
0
0
0
0
0
0
0
0
0
0
0
0
0
0
0
0
0
0
0
0
0
0
0
0
0
0
0
0
0
0
0
0
0
0
0
0
0
0
0
0
0
0
0
0
0
0
0
0
0
0
0
0
0
0
0
0
0
0
0
0
0
0
0
0
0
0
0
0
0
0
0
0
0
0
0
0
0
0
0
0
0
0
0
0
0
0
0
0
0
0
0
0
0
0
0
0
0
0
0
0
0
0
0
0
0
0
0
0
0
0
0
0
0
0
0
0
0
0
0
0
0
0
0
0
0
0
0
0
0
0
0
0
0
0
0
0
0
0
0
0
0
0
0
0
0
0
0
0
0
0
0
0
0
0
0
0
0
0
0
0
0
0
0
0
0
0
0
0
0
0
0
0
0
0
0
0
0
0
0
0
0
0
0
0
0
0
0
0
0
0
0
0
0
0
0
0
0
0
0
0
0
0
0
0
0
0
0
0
0
0
0
0
0
0
0
0
0
0
0
0
0
0
0
0
0
0
0
0
0
0
0
0
0
0
0
0
0
0
0
0
0
0
0
0
0
0
0
0
0
0
0
0
0
0
0
0
0
0
0
0
0
0
0
0
0
0
0
0
0
0
0
0
0
0
0
0
0
0
0
0
0
0
0
0
0
0
0
0
0
0
0
0
0
0
0
0
0
0
0
0
0
0
0
0
0
0
0
0
0
0
0
0
0
0
0
0
0
0
0
0
0
0
0
0
0
0
0
0
0
0
0
0
0
0
0
0
0
0
0
0
0
0
0
0
0
0
0
0
0
0
0
0
0
0
0
0
0
0
0
0
0
0
0
0
0
0
0
0
0
0
0
0
0
0
0
0
0
0
0
0
0
0
0
0
0
0
0
0
0
0
0
0
0
0
0
0
0
0
0
0
0
0
0
0
0
0
0
0
0
0
0
0
0
0
0
0
0
0
0
0
0
0
0
0
0
0
0
0
0
0
0
0
0
0
0
0
0
0
0
0
0
0
0
0
0
0
0
0
0
0
0
0
0
0
0
0
0
0
0
0
0
0
0
0
0
0
0
0
0
0
0
0
0
0
0
0
0
0
0
0
0
0
0
0
0
2.802596928649634e-45
1.68155815718978e-44
5.605193857299268e-44
1.401298464324817e-43
3.194960498660583e-43
6.768271582688866e-43
1.38168028582427e-42
2.796991734792335e-42
5.599588663441969e-42
1.11179020159531e-41
2.195274174211258e-41
4.319642646127681e-41
8.470568957150654e-41
1.655956434246566e-40
3.228213311219011e-40
6.275827276355839e-40
1.216737647483988e-39
2.352595150204077e-39
4.536560845808234e-39
8.724530481735634e-39
1.67338690558461e-38
3.201053344383467e-38
6.107091323072631e-38
1.162046257615978e-37
2.205273167429417e-37
4.174011638235892e-37
7.879513372117178e-37
1.48354979645164e-36
2.785890581095627e-36
5.217800166053057e-36
9.747080201352291e-36
1.816048801932792e-35
3.374804964138995e-35
6.255185410090746e-35
1.15638935337906e-34
2.132272136051001e-34
3.921551091743886e-34
7.193694819246231e-34
1.316215534624108e-33
2.402065767897727e-33
4.372479724597939e-33
7.938853177859956e-33
1.437727744833951e-32
2.597086966323264e-32
4.679389691590924e-32
8.409821601672629e-32
1.507582672125917e-31
2.69571582065881e-31
4.808034265202259e-31
8.553884311837655e-31
1.517970398154698e-30
2.687010250555942e-30
4.744418579805815e-30
8.356150363385271e-30
1.468049880222169e-29
2.57269513645825e-29
4.49728686046069e-29
7.84204367727348e-29
1.364036271993614e-28
2.366695141823539e-28
4.096189620791756e-28
7.07197527422607e-28
1.217940185682005e-27
2.09236399535632e-27
3.585717940875533e-27
6.129769323124019e-27
1.045304563254797e-26
1.778171520533078e-26
3.017436103301124e-26
5.10784323827815e-26
8.625286192253178e-26
1.452938806378032e-25
2.441520557354505e-25
4.092738566183708e-25
6.843994018097731e-25
1.141690580779461e-24
1.899905028693542e-24
3.153996652768646e-24
5.223212136536605e-24
8.629038631015991e-24
1.422121679014257e-23
2.33809316184316e-23
3.834766140705328e-23
6.274354146614223e-23
1.024125985319823e-22
1.667604621982906e-22
2.708876656849888e-22
4.38978147369482e-22
7.096678026563731e-22
1.144529383521599e-21
1.841447628849564e-21
2.955652441867998e-21
4.73271064354788e-21
7.56014322422484e-21
1.204798659603072e-20
1.915421042014925e-20
3.037947138514865e-20
4.806879663925477e-20
7.587770410449258e-20
1.194906080308949e-19
1.877253312964594e-19
2.942267997166165e-19
4.600580043672927e-19
7.17653214054575e-19
1.116835274831334e-18
1.733950268899223e-18
2.685702627341512e-18
4.150052400733164e-18
6.397705611470428e-18
9.839440772132597e-18
1.50970702286911e-17
2.310955688654722e-17
3.52912968751054e-17
5.376767618440021e-17
8.172464380940618e-17
1.239262538438939e-16
1.874789505879268e-16
2.82957338200489e-16
4.260583930320807e-16
6.400254535440786e-16
9.591922855693865e-16
1.434150234753593e-15
2.139264082244856e-15
3.183576085112366e-15
4.726582759082346e-15
7.001009794544702e-15
1.034559943139182e-14
1.525219363242465e-14
2.243316955265716e-14
3.291779419574772e-14
4.818952040793606e-14
7.038113988095882e-14
1.0255143766515e-13
1.490763892539326e-13
2.162009313981875e-13
3.128151221127445e-13
4.515430455757918e-13
6.502670038717462e-13
9.342544099455452e-13
1.339119028338775e-12
1.914932839033878e-12
2.731919508322522e-12
3.888318920314271e-12
5.521219766102536e-12
7.821445748013023e-12
1.105394595302123e-11
1.558566990744747e-11
2.192354804642083e-11
3.076613269703543e-11
4.30735898337975e-11
6.016232650951636e-11
8.383260752253818e-11
1.165400692615393e-10
1.616258238357204e-10
2.236240914665899e-10
3.086724764678195e-10
4.250576557396357e-10
5.839388972361803e-10
8.003051554794638e-10
1.094237145338184e-09
1.492566847893784e-09
2.031054213702532e-09
2.757232220318429e-09
3.734119236042943e-09
5.045040829543268e-09
6.799884211261542e-09
9.143179546811098e-09
1.226451740166112e-08
1.64119313694755e-08
2.190904169196983e-08
2.91769488569571e-08
3.876212062436935e-08
5.1371777942677e-08
6.791868401023748e-08
8.957766794992494e-08
1.178566648718515e-07
1.546857788525813e-07
2.025286391926784e-07
2.645210770424455e-07
3.446431549036788e-07
4.479322512906947e-07
5.807456204820483e-07
7.510834052482096e-07
9.68983727034356e-07
1.247005229743081e-06
1.600814698576869e-06
2.049896920652827e-06
2.618414100652444e-06
3.336239387863316e-06
4.240192538418341e-06
5.375519776862347e-06
6.797647984058131e-06
8.57426584843779e-06
1.078777859220281e-05
1.353818151983432e-05
1.694643651717342e-05
2.115838833560701e-05
2.634930569911376e-05
3.272910907980986e-05
4.054839519085363e-05
5.010528184357099e-05
6.175320595502853e-05
7.590972381876782e-05
9.306636638939381e-05
0.0001137996296165511
0.0001387832453474402
0.0001688015618128702
0.0002047642192337662
0.0002477221423760056
0.0002988844644278288
0.0003596369060687721
0.0004315606784075499
0.0005164527101442218
0.0006163456127978861
0.0007335287518799305
0.0008705679792910814
0.001030325773172081
0.001215979107655585
0.001431036274880171
0.001679349574260414
0.001965125557035208
0.002292930847033858
0.002667689928784966
0.003094680141657591
0.00357951526530087
0.004128122236579657
0.004746705759316683
0.005441703367978334
0.006219728384166956
0.007087496109306812
0.008051743730902672
0.009119126945734024
0.01029610820114613
0.01158883236348629
0.01300298422574997
0.01454363204538822
0.01621507108211517
0.01802065782248974
0.01996262744069099
0.0220419242978096
0.02425802312791348
0.0266087781637907
0.029090266674757
0.03169665858149529
0.03442012146115303
0.03725073859095573
0.04017648473381996
0.04318322613835335
0.04625479504466057
0.04937309399247169
0.05251828208565712
0.05566899105906487
0.05880262330174446
0.061895702034235
0.06492427736520767
0.06786437332630157
0.07069250196218491
0.07338616997003555
0.07592441141605377
0.07828836143016815
0.08046175539493561
0.08243148028850555
0.08418796211481094
0.08572562038898468
0.08704310655593872
0.08814352005720139
0.08903451263904572
0.0897282212972641
0.09024111181497574
0.09059364348649979
0.09080982208251953
0.09091659635305405
0.09094321727752686
0.09092039614915848
0.09087938815355301
0.09085115045309067
0.0908653512597084
0.0909494012594223
0.09112760424613953
0.09142032265663147
0.09184330701828003
0.09240714460611343
0.0931168869137764
0.09397189319133759
0.09496580809354782
0.09608689695596695
0.09731845557689667
0.09863950312137604
0.1000256165862083
0.1014499589800835
0.1028843149542809
0.104300320148468
0.1056706383824348
0.1069700792431831
0.1081767082214355
0.1092727556824684
0.1102453172206879
0.1110869199037552
0.1117957755923271
0.112375795841217
0.1128363162279129
0.1131915971636772
0.1134600564837456
0.113663338124752
0.1138251796364784
0.1139702349901199
0.1141228303313255
0.1143057569861412
0.114539161324501
0.1148395612835884
0.1152190640568733
0.1156848967075348
0.1162391155958176
0.1168786510825157
0.1175955981016159
0.1183778271079063
0.1192096993327141
0.1200731322169304
0.1209486499428749
0.1218165457248688
0.1226580440998077
0.1234563440084457
0.1241975724697113
0.1248714998364449
0.1254720240831375
0.1259974241256714
0.1264502853155136
0.1268372535705566
0.1271684318780899
0.1274566352367401
0.1277165412902832
0.1279636174440384
0.128213182091713
0.1284793764352798
0.1287743300199509
0.1291074454784393
0.1294849067926407
0.1299093961715698
0.1303800344467163
0.1308926641941071
0.1314401775598526
0.132013276219368
0.1326011121273041
0.1331920623779297
0.1337746828794479
0.1343384683132172
0.134874552488327
0.1353762596845627
0.135839506983757
0.1362629532814026
0.1366479843854904
0.1369984298944473
0.137320265173912
0.1376209557056427
0.1379089206457138
0.1381927579641342
0.1384807378053665
0.1387800425291061
0.1390963494777679
0.1394335180521011
0.1397933065891266
0.1401754021644592
0.14057756960392
0.1409959197044373
0.1414253115653992
0.141859844326973
0.142293319106102
0.1427198201417923
0.1431341767311096
0.143532320857048
0.1439115405082703
0.1442706435918808
0.1446099728345871
0.14493128657341
0.145237535238266
0.145532488822937
0.1458204388618469
0.1461058109998703
0.1463927328586578
0.1466847658157349
0.1469845175743103
0.1472936272621155
0.1476126164197922
0.147940918803215
0.1482769846916199
0.1486185640096664
0.1489628255367279
0.1493068039417267
0.1496475040912628
0.1499823033809662
0.150309145450592
0.150626614689827
0.1509340852499008
0.1512316912412643
0.151520311832428
0.1518013924360275
0.1520767658948898
0.1523485332727432
0.1526187658309937
0.1528894007205963
0.153161957859993
0.1534375548362732
0.1537166833877563
0.1539994180202484
0.1542852073907852
0.1545731723308563
0.1548620760440826
0.1551505774259567
0.1554372757673264
0.1557209044694901
0.1560004204511642
0.1562751233577728
0.1565446257591248
0.1568089723587036
0.1570685058832169
0.1573238670825958
0.1575758308172226
0.15782530605793
0.1580731421709061
0.1583200842142105
0.1585666686296463
0.1588132083415985
0.1590597629547119
0.1593060344457626
0.1595515310764313
0.1597955077886581
0.1600369960069656
0.1602750271558762
0.1605085283517838
0.1607363820075989
0.160957545042038
0.1611709892749786
0.1613757014274597
0.16157066822052
0.161754846572876
0.161927118897438
0.1620861291885376
0.1622303128242493
0.1623578369617462
0.1624664813280106
0.1625535637140274
0.162616029381752
0.1626502871513367
0.1626523435115814
0.1626177132129669
0.1625414788722992
0.1624183505773544
0.1622426956892014
0.1620085388422012
0.1617096662521362
0.161339744925499
0.1608922630548477
0.1603607386350632
0.1597386598587036
0.1590197533369064
0.1581980139017105
0.157267838716507
0.1562241911888123
0.1550627797842026
0.1537802517414093
0.1523744165897369
0.1508444100618362
0.1491909325122833
0.1474165022373199
0.1455255597829819
0.1435246765613556
0.1414226889610291
0.1392307728528976
0.1369624584913254
0.1346335560083389
0.132262110710144
0.12986820936203
0.1274735778570175
0.1251013576984406
0.122775599360466
0.1205207630991936
0.1183611080050468
0.1163200959563255
0.114419661462307
0.1126795783638954
0.1111167296767235
0.1097444295883179
0.1085718646645546
0.107603520154953
0.1068388149142265
0.1062718406319618
0.1058912202715874
0.1056802645325661
0.1056172326207161
0.1056758761405945
0.1058261021971703
0.106034941971302
0.1062676161527634
0.1064887717366219
0.1066638454794884
0.1067604050040245
0.1067495420575142
0.1066071093082428
0.1063149571418762
0.1058617532253265
0.1052437350153923
0.1044649556279182
0.1035372763872147
0.1024799942970276
0.1013189852237701
0.1000856012105942
0.09881512075662613
0.0975450798869133
0.09631329774856567
0.09515589475631714
0.09410534054040909
0.09318860620260239
0.0924256294965744
0.09182805567979813
0.09139847755432129
0.09113024175167084
0.09100763499736786
0.09100682288408279
0.0910971611738205
0.09124302119016647
0.09140598028898239
0.09154719859361649
0.09162990748882294
0.0916217640042305
0.09149697422981262
0.09123806655406952
0.09083705395460129
0.09029600769281387
0.08962688595056534
0.08885078132152557
0.08799637109041214
0.08709786087274551
0.08619251847267151
0.08531796187162399
0.08450935781002045
0.08379679918289185
0.08320307731628418
0.08274190872907639
0.08241695165634155
0.08222155272960663
0.0821392834186554
0.08214534819126129
0.08220858126878738
0.08229399472475052
0.08236566931009293
0.0823897197842598
0.08233707398176193
0.08218589425086975
0.08192332088947296
0.08154650777578354
0.08106274902820587
0.08048874884843826
0.079849012196064
0.07917358726263046
0.07849530875682831
0.07784681022167206
0.07725754380226135
0.07675109058618546
0.07634314149618149
0.07604005932807922
0.07583843916654587
0.07572554051876068
0.07568066567182541
0.07567723840475082
0.07568543404340744
0.0756751149892807
0.07561876624822617
0.07549413293600082
0.07528626918792725
0.07498885691165924
0.07460463792085648
0.0741448774933815
0.07362798601388931
0.07307736575603485
0.07251884788274765
0.07197782397270203
0.07147647440433502
0.07103139162063599
0.0706518217921257
0.07033871114253998
0.07008462399244308
0.06987456977367401
0.06968764215707779
0.06949927657842636
0.06928374618291855
0.06901685893535614
0.06867828965187073
0.06825347244739532
0.0677347332239151
0.06712163984775543
0.06642048060894012
0.06564286351203918
0.06480386108160019
0.06391969323158264
0.06300530582666397
0.06207221746444702
0.06112669035792351
0.06016869843006134
0.05919158086180687
0.05818254873156548
0.05712389573454857
0.05599480867385864
0.0547734722495079
0.05343933776021004
0.05197512730956078
0.05036845803260803
0.04861285910010338
0.04670803993940353
0.04465948790311813
0.04247739166021347
0.04017513617873192
0.03776751086115837
0.03526890650391579
0.03269177302718163
0.0300455167889595
0.02733591198921204
0.02456521429121494
0.02173285372555256
0.01883660443127155
0.01587411947548389
0.01284452620893717
0.009749944321811199
0.006596640218049288
0.003395738080143929
0.0001633185311220586
-0.003080040914937854
-0.006310264579951763
-0.009501161053776741
-0.01262601930648088
-0.01565922237932682
-0.01857766509056091
-0.02136184647679329
-0.02399651892483234
-0.02647083438932896
-0.02877805754542351
-0.03091490641236305
-0.03288068249821663
-0.03467632457613945
-0.03630357980728149
-0.03776440769433975
-0.03906069323420525
-0.04019436612725258
-0.04116782173514366
-0.04198460653424263
-0.04265023022890091
-0.04317297041416168
-0.04356450960040092
-0.04384032264351845
-0.04401963576674461
-0.04412505775690079
-0.04418182000517845
-0.04421672224998474
-0.04425687715411186
-0.04432844370603561
-0.04445540532469749
-0.04465857893228531
-0.04495491087436676
-0.04535705596208572
-0.04587331786751747
-0.04650787264108658
-0.04726115614175797
-0.04813038557767868
-0.04911010339856148
-0.05019260942935944
-0.051368348300457
-0.052626121789217
-0.05395318940281868
-0.05533530190587044
-0.05675672739744186
-0.05820033326745033
-0.0596478059887886
-0.06107997894287109
-0.06247742474079132
-0.06382113695144653
-0.06509330868721008
-0.06627827882766724
-0.06736323982477188
-0.06833898276090622
-0.06920041143894196
-0.0699467808008194
-0.07058167457580566
-0.07111275941133499
-0.07155127823352814
-0.07191133499145508
-0.0722091868519783
-0.07246235758066177
-0.07268887758255005
-0.0729065015912056
-0.07313215732574463
-0.07338134944438934
-0.07366780936717987
-0.07400316745042801
-0.07439665496349335
-0.07485499233007431
-0.07538222521543503
-0.07597963511943817
-0.07664566487073898
-0.07737600058317184
-0.07816366106271744
-0.07899920642375946
-0.07987114787101746
-0.08076634258031845
-0.08167062699794769
-0.08256948739290237
-0.08344870805740356
-0.08429516851902008
-0.08509743213653564
-0.08584633469581604
-0.08653538674116135
-0.08716102689504623
-0.08772272616624832
-0.08822283148765564
-0.0886663943529129
-0.0890607163310051
-0.08941492438316345
-0.08973938226699829
-0.09004516899585724
-0.09034349769353867
-0.09064518660306931
-0.09096020460128784
-0.0912972092628479
-0.09166327118873596
-0.09206356853246689
-0.09250123053789139
-0.09297725558280945
-0.09349051862955093
-0.09403791278600693
-0.09461450576782227
-0.09521386027336121
-0.09582843631505966
-0.09644991904497147
-0.09706977754831314
-0.09767971932888031
-0.09827212989330292
-0.09884050488471985
-0.0993797704577446
-0.09988653659820557
-0.1003592312335968
-0.100798100233078
-0.1012051552534103
-0.1015839204192162
-0.1019391864538193
-0.1022766679525375
-0.1026025861501694
-0.1029233187437057
-0.1032449454069138
-0.1035729870200157
-0.1039120256900787
-0.1042655408382416
-0.1046357229351997
-0.1050233766436577
-0.1054279357194901
-0.1058475524187088
-0.1062792092561722
-0.106718972325325
-0.1071621775627136
-0.1076037883758545
-0.1080385819077492
-0.1084614768624306
-0.1088677495718002
-0.1092533245682716
-0.109614834189415
-0.1099497601389885
-0.1102564781904221
-0.11053416877985
-0.1107827499508858
-0.111002691090107
-0.1111948192119598
-0.111360102891922
-0.1114993691444397
-0.1116130799055099
-0.1117011457681656
-0.1117627397179604
-0.1117961406707764
-0.1117986887693405
-0.1117667555809021
-0.1116957738995552
-0.1115803793072701
-0.1114144995808601
-0.1111915782094002
-0.1109047532081604
-0.1105471178889275
-0.1101119220256805
-0.1095927804708481
-0.1089838743209839
-0.1082801669836044
-0.1074775010347366
-0.1065727546811104
-0.1055638566613197
-0.1044499203562737
-0.1032311916351318
-0.1019091010093689
-0.1004861667752266
-0.0989660769701004
-0.09735358506441116
-0.09565450251102448
-0.09387567639350891
-0.09202499687671661
-0.0901113748550415
-0.08814472705125809
-0.08613597601652145
-0.08409703522920609
-0.08204077184200287
-0.07998095452785492
-0.07793214917182922
-0.0759095773100853
-0.07392896711826324
-0.07200629264116287
-0.07015751302242279
-0.06839826703071594
-0.06674353778362274
-0.06520723551511765
-0.06380181014537811
-0.06253789365291595
-0.06142390891909599
-0.06046570092439651
-0.05966626852750778
-0.05902552232146263
-0.05854014307260513
-0.05820353329181671
-0.05800583213567734
-0.05793406814336777
-0.05797242000699043
-0.05810253322124481
-0.05830400437116623
-0.05855487287044525
-0.05883224308490753
-0.05911289528012276
-0.05937397480010986
-0.05959368869662285
-0.0597519539296627
-0.05983104184269905
-0.05981612205505371
-0.0596957840025425
-0.05946238338947296
-0.05911232531070709
-0.05864618346095085
-0.05806869640946388
-0.05738859251141548
-0.05661831796169281
-0.05577357485890388
-0.05487275496125221
-0.05393627285957336
-0.0529857762157917
-0.0520433634519577
-0.05113071948289871
-0.05026824772357941
-0.04947428032755852
-0.04876434057950974
-0.04815051332116127
-0.04764094948768616
-0.0472395271062851
-0.04694570973515511
-0.04675456136465073
-0.04665700346231461
-0.04664019867777824
-0.04668817669153214
-0.04678254202008247
-0.0469033420085907
-0.0470300018787384
-0.04714227467775345
-0.04722123220562935
-0.04725010693073273
-0.04721511900424957
-0.04710610210895538
-0.04691698402166367
-0.04664599522948265
-0.04629574716091156
-0.04587303102016449
-0.04538838192820549
-0.04485549032688141
-0.04429041594266891
-0.04371067881584167
-0.04313429817557335
-0.0425788015127182
-0.0420602411031723
-0.04159234091639519
-0.04118577763438225
-0.04084760695695877
-0.04058093577623367
-0.04038482904434204
-0.04025443643331528
-0.04018136858940125
-0.04015425965189934
-0.04015951976180077
-0.04018218070268631
-0.04020687192678452
-0.04021871834993362
-0.04020429030060768
-0.04015237092971802
-0.04005460068583488
-0.03990592062473297
-0.0397048257291317
-0.03945333883166313
-0.03915678337216377
-0.03882335498929024
-0.03846347704529762
-0.03808906674385071
-0.0377126932144165
-0.03734670206904411
-0.03700241819024086
-0.03668937087059021
-0.036414735019207
-0.03618289902806282
-0.0359952375292778
-0.03585013747215271
-0.03574318438768387
-0.03566759824752808
-0.03561476245522499
-0.03557492047548294
-0.03553792089223862
-0.03549394756555557
-0.03543421626091003
-0.03535158559679985
-0.0352410189807415
-0.03509987518191338
-0.03492800891399384
-0.03472768887877464
-0.03450333327054977
-0.03426108136773109
-0.03400825709104538
-0.03375276550650597
-0.03350245580077171
-0.03326451405882835
-0.03304493799805641
-0.03284809365868568
-0.03267645835876465
-0.03253049775958061
-0.03240873292088509
-0.03230790793895721
-0.03222334757447243
-0.03214940056204796
-0.03207993879914284
-0.03200887143611908
-0.03193063288927078
-0.03184064105153084
-0.03173559904098511
-0.03161374479532242
-0.03147489205002785
-0.03132038563489914
-0.03115290589630604
-0.03097617626190186
-0.03079460747539997
-0.03061286732554436
-0.03043547831475735
-0.030266422778368
-0.03010882996022701
-0.0299647431820631
-0.02983500249683857
-0.02971921861171722
-0.02961588278412819
-0.02952254563570023
-0.02943609654903412
-0.0293530710041523
-0.0292699821293354
-0.02918362617492676
-0.02909136936068535
-0.0289913471788168
-0.02888259291648865
-0.02876507863402367
-0.0286396536976099
-0.02850793115794659
-0.02837208472192287
-0.02823461592197418
-0.02809810452163219
-0.02796495333313942
-0.02783717215061188
-0.02771621383726597
-0.02760286815464497
-0.02749722450971603
-0.02739869803190231
-0.02730613015592098
-0.02721794135868549
-0.0271322950720787
-0.02704730071127415
-0.0269611943513155
-0.02687251009047031
-0.02678019925951958
-0.02668370679020882
-0.02658299542963505
-0.02647851780056953
-0.02637113817036152
-0.02626201137900352
-0.02615246549248695
-0.0260438397526741
-0.02593735605478287
-0.02583400160074234
-0.0257344413548708
-0.02563896961510181
-0.02554751001298428
-0.02545963972806931
-0.02537466585636139
-0.02529170364141464
-0.02520978450775146
-0.02512796223163605
-0.02504541166126728
-0.02496149949729443
-0.02487584762275219
-0.02478834241628647
-0.0246991328895092
-0.02460860647261143
-0.02451730333268642
-0.02442587912082672
-0.02433500066399574
-0.02424529194831848
-0.02415726147592068
-0.02407125011086464
-0.02398741617798805
-0.02390572428703308
-0.02382596395909786
-0.02374778687953949
-0.02367075532674789
-0.02359439432621002
-0.02351824194192886
-0.02344190888106823
-0.02336511015892029
-0.02328768186271191
-0.02320959977805614
-0.02313096448779106
-0.02305198274552822
-0.02297293767333031
-0.02289414592087269
-0.02281592041254044
-0.02273853868246078
-0.0226622074842453
-0.02258705161511898
-0.02251309528946877
-0.02244028076529503
-0.02236847206950188
-0.02229747921228409
-0.0222270805388689
-0.02215705625712872
-0.02208720706403255
-0.02201738022267818
-0.0219474770128727
-0.0218774639070034
-0.02180737070739269
-0.02173728123307228
-0.02166731655597687
-0.02159762196242809
-0.02152834087610245
-0.02145959623157978
-0.0213914904743433
-0.02132408507168293
-0.02125739306211472
-0.02119138836860657
-0.02112601138651371
-0.02106117457151413
-0.02099677361547947
-0.02093271166086197
-0.02086889557540417
-0.02080526016652584
-0.02074175886809826
-0.02067838236689568
-0.02061514556407928
-0.02055208757519722
-0.02048926055431366
-0.02042673155665398
-0.02036456204950809
-0.02030280232429504
-0.02024149149656296
-0.02018064633011818
-0.02012027055025101
-0.02006034925580025
-0.02000084705650806
-0.01994171924889088
-0.01988292299211025
-0.01982441172003746
-0.01976615004241467
-0.01970811188220978
-0.01965028047561646
-0.01959265395998955
-0.0195352490991354
-0.0194780807942152
-0.0194211769849062
-0.01936456374824047
-0.01930826343595982
-0.01925229653716087
-0.01919667236506939
-0.01914139278233051
-0.01908645406365395
-0.01903183944523335
-0.01897753402590752
-0.01892351545393467
-0.01886976696550846
-0.0188162662088871
-0.01876300200819969
-0.01870996691286564
-0.01865715906023979
-0.01860457845032215
-0.01855223812162876
-0.01850014179944992
-0.01844829693436623
-0.01839671470224857
-0.01834540069103241
-0.01829436235129833
-0.01824359782040119
-0.01819310523569584
-0.01814288087189198
-0.018092917278409
-0.01804320327937603
-0.01799372769892216
-0.01794448494911194
-0.01789546757936478
-0.01784667000174522
-0.01779808849096298
-0.01774972304701805
-0.01770157739520073
-0.01765365526080132
-0.01760596036911011
-0.01755849458277225
-0.01751125790178776
-0.01746425405144691
-0.01741748303174973
-0.01737093925476074
-0.01732462085783482
-0.0172785259783268
-0.01723264902830124
-0.01718698628246784
-0.01714153215289116
-0.01709628291428089
-0.01705123856663704
-0.0170063991099596
-0.01696176081895828
-0.01691732183098793
-0.0168730840086937
-0.01682904735207558
-0.01678521744906902
-0.01674158684909344
-0.01669815927743912
-0.01665493100881577
-0.01661190018057823
-0.01656906865537167
-0.01652643270790577
-0.01648398861289024
-0.01644173637032509
-0.01639967411756516
-0.016357796266675
-0.01631610281765461
-0.016274593770504
-0.01623326912522316
-0.0161921288818121
-0.01615117117762566
-0.01611039228737354
-0.01606979221105576
-0.01602937281131744
-0.01598913222551346
-0.0159490667283535
-0.01590917818248272
-0.01586946845054626
-0.01582993008196354
-0.01579056493937969
-0.01575136929750443
-0.01571233943104744
-0.01567347906529903
-0.01563478447496891
-0.01559625286608934
-0.01555788703262806
-0.01551968511193991
-0.01548164710402489
-0.01544377207756042
-0.01540606003254652
-0.01536850817501545
-0.01533111743628979
-0.01529388502240181
-0.01525681186467409
-0.01521989703178406
-0.01518313866108656
-0.01514653582125902
-0.01511008571833372
-0.01507378835231066
-0.01503764279186726
-0.01500164624303579
-0.01496579870581627
-0.01493009924888611
-0.01489454787224531
-0.01485914271324873
-0.01482388470321894
-0.01478877197951078
-0.0147538036108017
-0.0147189786657691
-0.01468429528176785
-0.01464975439012051
-0.01461535505950451
-0.0145810954272747
-0.01454697735607624
-0.01451299712061882
-0.01447915472090244
-0.01444545108824968
-0.01441188342869282
-0.01437845081090927
-0.01434515230357647
-0.01431198604404926
-0.01427895203232765
-0.01424604933708906
-0.01421327888965607
-0.01418063882738352
-0.01414812915027142
-0.01411574799567461
-0.01408349443227053
-0.01405136752873659
-0.01401936635375023
-0.01398749183863401
-0.0139557458460331
-0.01392412558197975
-0.01389262918382883
-0.01386125851422548
-0.01383000984787941
-0.01379888411611319
-0.01376788131892681
-0.01373699959367514
-0.01370623800903559
-0.01367559656500816
-0.01364507246762514
-0.0136146666482091
-0.01358437724411488
-0.01355420518666506
-0.01352414861321449
-0.01349420659244061
-0.01346437726169825
-0.01343465968966484
-0.01340505480766296
-0.01337556075304747
-0.01334617845714092
-0.01331690698862076
-0.01328774727880955
-0.01325869839638472
-0.01322976220399141
-0.01320093497633934
-0.0131722167134285
-0.01314360555261374
-0.0131151033565402
-0.0130867101252079
-0.01305842399597168
-0.01303024403750896
-0.01300216838717461
-0.01297419797629118
-0.01294633001089096
-0.01291856449097395
-0.01289090048521757
-0.01286333985626698
-0.01283587887883186
-0.01280851662158966
-0.01278125494718552
-0.01275409106165171
-0.01272702589631081
-0.01270005945116282
-0.01267319079488516
-0.01264642179012299
-0.01261975150555372
-0.01259317994117737
-0.01256670709699392
-0.01254033111035824
-0.01251405198127031
-0.012487867847085
-0.0124617787078023
-0.0124357845634222
-0.01240988448262215
-0.01238407474011183
-0.01235835626721382
-0.01233272906392813
-0.01230719219893217
-0.01228174474090338
-0.01225638668984175
-0.01223111897706985
-0.01220594067126513
-0.01218085177242756
-0.01215585134923458
-0.01213093940168619
-0.01210611499845982
-0.01208137720823288
-0.01205672509968281
-0.01203215960413218
-0.01200768072158098
-0.01198328845202923
-0.01195898093283176
-0.01193475723266602
-0.01191061828285456
-0.01188656222075224
-0.01186258997768164
-0.0118386996909976
-0.01181489136070013
-0.01179116498678923
-0.01176752056926489
-0.01174395903944969
-0.01172047946602106
-0.011697081848979
-0.01167376711964607
-0.01165053155273199
-0.0116273770108819
-0.01160430256277323
-0.01158130634576082
-0.01155838835984468
-0.01153554953634739
-0.01151278708130121
-0.01149010378867388
-0.01146749686449766
-0.01144496630877256
-0.01142251025885344
-0.01140013057738543
-0.01137782540172338
-0.01135559380054474
-0.01133343670517206
-0.01131135225296021
-0.01128934044390917
-0.01126740220934153
-0.01124553475528955
-0.0112237399443984
-0.01120201591402292
-0.01118036266416311
-0.01115878019481897
-0.01113726850599051
-0.01111582759767771
-0.01109445840120316
-0.01107316091656685
-0.01105193514376879
-0.01103077922016382
-0.01100969314575195
-0.01098867692053318
-0.0109677305445075
-0.01094685215502977
-0.01092604175209999
-0.01090529933571815
-0.01088462304323912
-0.01086401380598545
-0.01084347348660231
-0.01082299835979939
-0.01080258935689926
-0.01078224647790194
-0.01076196879148483
-0.01074175722897053
-0.01072161272168159
-0.01070153061300516
-0.01068151276558638
-0.01066155917942524
-0.01064166985452175
-0.01062184292823076
-0.01060207840055227
-0.01058237720280886
-0.01056273654103279
-0.01054315734654665
-0.01052364148199558
-0.01050418615341187
-0.01048479229211807
-0.01046546082943678
-0.01044619176536798
-0.01042698230594397
-0.01040783151984215
-0.01038874033838511
-0.01036970876157284
-0.01035073585808277
-0.01033182255923748
-0.01031296886503696
-0.01029417384415865
-0.01027543749660254
-0.0102567607536912
-0.01023814268410206
-0.01021958328783512
-0.01020108256489038
-0.0101826386526227
-0.01016425155103207
-0.01014592219144106
-0.01012764777988195
-0.01010942831635475
-0.01009126473218203
-0.0100731560960412
-0.01005510054528713
-0.01003709901124239
-0.01001915335655212
-0.01000125985592604
-0.009983420372009277
-0.00996563583612442
-0.009947904385626316
-0.009930228814482689
-0.009912609122693539
-0.009895042516291142
-0.009877530857920647
-0.009860072284936905
-0.009842667728662491
-0.009825314395129681
-0.009808015078306198
-0.00979076512157917
-0.009773566387593746
-0.009756418876349926
-0.009739323519170284
-0.009722278453409672
-0.009705283679068089
-0.00968833826482296
-0.009671444073319435
-0.009654602035880089
-0.009637808427214622
-0.009621066972613335
-0.009604373946785927
-0.009587730281054974
-0.0095711350440979
-0.009554588235914707
-0.009538089856505394
-0.009521639905869961
-0.009505237452685833
-0.00948888435959816
-0.009472577832639217
-0.00945631880313158
-0.009440107271075249
-0.009423942305147648
-0.009407823905348778
-0.009391752071678638
-0.009375727735459805
-0.009359749965369701
-0.009343817830085754
-0.009327931329607964
-0.009312089532613754
-0.009296294301748276
-0.009280543774366379
-0.009264838881790638
-0.009249179624021053
-0.009233566932380199
-0.009217997081577778
-0.009202472865581512
-0.009186993353068829
-0.009171560406684875
-0.009156170301139355
-0.00914082583039999
-0.009125524200499058
-0.009110266342759132
-0.009095053188502789
-0.009079881943762302
-0.009064753539860249
-0.009049667976796627
-0.009034625254571438
-0.009019623510539532
-0.009004662744700909
-0.008989742957055569
-0.008974865078926086
-0.008960030041635036
-0.00894523598253727
-0.00893048383295536
-0.008915772661566734
-0.008901104331016541
-0.00888647697865963
-0.008871890604496002
-0.008857345208525658
-0.008842840790748596
-0.008828376419842243
-0.008813950233161449
-0.00879956316202879
-0.008785215206444263
-0.008770907297730446
-0.008756639435887337
-0.008742410689592361
-0.00872822105884552
-0.008714070543646812
-0.008699960075318813
-0.008685888722538948
-0.008671853691339493
-0.008657857775688171
-0.008643901906907558
-0.008629985153675079
-0.00861610472202301
-0.008602263405919075
-0.00858845841139555
-0.008574690669775009
-0.008560959249734879
-0.008547263219952583
-0.008533604443073273
-0.008519981987774372
-0.008506394922733307
-0.008492845110595226
-0.008479333482682705
-0.008465859107673168
-0.008452421985566616
-0.008439022116363049
-0.00842566043138504
-0.008412335067987442
-0.008399045094847679
-0.008385792374610901
-0.008372574113309383
-0.008359390310943127
-0.008346241898834705
-0.008333127945661545
-0.008320048451423645
-0.008307002484798431
-0.008293990977108479
-0.008281012997031212
-0.008268068544566631
-0.008255157619714737
-0.008242280222475529
-0.008229436352849007
-0.008216626010835171
-0.008203850127756596
-0.008191106840968132
-0.008178397081792355
-0.008165719918906689
-0.008153075352311134
-0.008140464313328266
-0.008127884939312935
-0.008115338161587715
-0.008102824911475182
-0.00809034425765276
-0.008077896200120449
-0.008065479807555676
-0.008053096942603588
-0.008040747605264187
-0.008028432726860046
-0.008016151376068592
-0.008003902621567249
-0.007991684600710869
-0.007979498244822025
-0.007967345416545868
-0.007955224253237247
-0.007943132892251015
-0.00793107133358717
-0.007919040508568287
-0.007907039485871792
-0.007895069196820259
-0.007883128710091114
-0.007871217094361782
-0.007859335280954838
-0.007847483269870281
-0.007835661061108112
-0.007823869585990906
-0.007812106981873512
-0.007800373714417219
-0.007788670249283314
-0.007776997052133083
-0.007765353657305241
-0.007753739599138498
-0.007742154411971569
-0.007730598095804453
-0.00771907065063715
-0.007707572542130947
-0.007696103304624557
-0.007684663403779268
-0.007673253305256367
-0.007661872543394566
-0.007650522980839014
-0.007639202289283276
-0.007627911865711212
-0.007616649381816387
-0.007605416234582663
-0.007594209630042315
-0.007583030965179205
-0.007571877911686897
-0.007560751400887966
-0.007549650967121124
-0.007538577076047659
-0.007527529262006283
-0.007516507990658283
-0.007505512796342373
-0.007494545541703701
-0.007483605295419693
-0.007472692523151636
-0.007461806759238243
-0.007450948469340801
-0.007440116256475449
-0.007429311517626047
-0.007418532390147448
-0.007407779805362225
-0.007397053297609091
-0.007386353332549334
-0.007375678978860378
-0.007365031167864799
-0.007354409899562597
-0.00734381377696991
-0.007333243731409311
-0.007322698831558228
-0.00731218047440052
-0.007301687728613615
-0.007291220128536224
-0.007280777674168348
-0.007270360365509987
-0.00725996820256114
-0.007249600253999233
-0.007239256985485554
-0.007228937465697527
-0.007218641694635153
-0.007208370603621006
-0.007198123261332512
-0.007187901064753532
-0.007177702616900206
-0.007167529314756393
-0.007157379295676947
-0.007147254422307014
-0.007137153297662735
-0.007127076387405396
-0.007117025554180145
-0.00710699986666441
-0.007097000256180763
-0.007087025325745344
-0.007077076006680727
-0.007067151367664337
-0.0070572504773736
-0.007047373335808516
-0.007037518545985222
-0.007027686107903719
-0.007017874158918858
-0.007008083164691925
-0.006998313125222921
-0.006988564506173134
-0.006978835910558701
-0.006969128269702196
-0.006959442514926195
-0.006949779577553272
-0.006940138526260853
-0.006930520758032799
-0.00692092627286911
-0.006911355070769787
-0.006901807151734829
-0.006892281584441662
-0.006882778368890285
-0.0068732975050807
-0.006863838993012905
-0.006854401901364326
-0.006844986230134964
-0.006835592910647392
-0.006826222408562899
-0.006816874258220196
-0.006807548459619284
-0.006798245012760162
-0.006788963451981544
-0.00677970377728343
-0.006770465523004532
-0.006761247757822275
-0.00675205048173666
-0.006742873229086399
-0.006733715999871492
-0.00672457879409194
-0.006715460680425167
-0.006706362590193748
-0.006697284989058971
-0.006688226480036974
-0.006679188925772905
-0.006670171394944191
-0.006661174818873405
-0.006652198731899261
-0.006643244065344334
-0.006634309887886047
-0.006625396199524403
-0.006616502068936825
-0.006607627961784601
-0.006598774343729019
-0.006589941214770079
-0.006581128109246492
-0.006572335958480835
-0.006563564762473106
-0.006554814055562019
-0.006546084303408861
-0.006537374574691057
-0.00652868440374732
-0.006520014256238937
-0.006511363200843334
-0.006502730771899223
-0.00649411603808403
-0.006485518533736467
-0.006476938258856535
-0.00646837567910552
-0.006459831260144711
-0.006451304536312819
-0.006442796438932419
-0.006434306968003511
-0.006425836123526096
-0.006417384836822748
-0.006408953573554754
-0.006400541868060827
-0.00639214925467968
-0.006383776664733887
-0.006375422701239586
-0.006367087829858065
-0.006358772050589323
-0.006350473966449499
-0.006342193111777306
-0.006333929020911455
-0.006325682159513235
-0.006317452527582645
-0.006309239659458399
-0.006301044020801783
-0.006292865145951509
-0.006284703966230154
-0.006276560481637716
-0.006268434226512909
-0.006260326597839594
-0.006252236198633909
-0.006244164425879717
-0.006236110348254442
-0.006228075362741947
-0.00622005807235837
-0.006212059874087572
-0.006204079370945692
-0.006196116097271442
-0.006188170053064823
-0.006180240772664547
-0.006172328256070614
-0.006164432968944311
-0.006156554445624352
-0.006148692220449448
-0.006140846759080887
-0.006133018527179956
-0.006125206593424082
-0.006117411889135838
-0.006109633482992649
-0.006101870909333229
-0.00609412370249629
-0.006086391862481833
-0.006078676320612431
-0.006070975679904222
-0.006063290871679783
-0.006055621895939112
-0.006047969218343496
-0.006040331907570362
-0.006032710894942284
-0.006025104783475399
-0.00601751497015357
-0.006009941454976797
-0.006002383772283792
-0.005994841922074556
-0.005987316835671663
-0.005979808513075113
-0.005972316488623619
-0.005964841227978468
-0.005957382265478373
-0.005949940532445908
-0.005942515097558498
-0.005935104563832283
-0.005927709862589836
-0.005920329596847296
-0.005912964232265949
-0.005905612371861935
-0.005898274946957827
-0.005890951957553625
-0.005883642472326756
-0.00587634788826108
-0.005869068205356598
-0.005861804354935884
-0.005854557268321514
-0.005847326014190912
-0.005840110592544079
-0.005832911934703588
-0.005825728643685579
-0.005818560719490051
-0.005811408162117004
-0.005804270040243864
-0.005797144956886768
-0.005790032912045717
-0.005782934837043285
-0.005775849334895611
-0.005768777336925268
-0.005761718843132257
-0.005754673387855291
-0.00574764097109437
-0.00574062205851078
-0.005733618047088385
-0.00572662940248847
-0.005719654727727175
-0.005712694022804499
-0.005705748684704304
-0.00569881871342659
-0.005691902711987495
-0.00568500068038702
-0.005678113549947739
-0.005671240855008364
-0.005664382129907608
-0.005657539237290621
-0.005650710314512253
-0.005643895361572504
-0.005637094378471375
-0.005630307365208864
-0.005623533856123686
-0.005616774316877127
-0.005610029213130474
-0.005603298079222441
-0.005596580915153027
-0.005589877255260944
-0.005583186633884907
-0.005576509051024914
-0.005569844972342253
-0.005563192535191774
-0.005556552670896053
-0.005549923982471228
-0.005543306469917297
-0.005536701530218124
-0.005530109629034996
-0.00552352936938405
-0.005516963079571724
-0.005510408896952868
-0.005503869149833918
-0.005497341975569725
-0.005490828771144152
-0.005484327673912048
-0.005477840080857277
-0.005471365060657263
-0.005464903078973293
-0.005458454135805368
-0.005452018231153488
-0.005445594433695078
-0.005439182743430138
-0.005432783626019955
-0.005426397081464529
-0.005420024506747723
-0.005413664970546961
-0.005407318007200956
-0.005400984082370996
-0.005394663196057081
-0.005388355348259211
-0.005382060073316097
-0.005375777371227741
-0.00536950770765543
-0.005363249685615301
-0.005357003770768642
-0.005350769031792879
-0.005344545934349298
-0.005338334012776613
-0.005332133267074823
-0.005325942765921354
-0.005319763906300068
-0.005313596222549677
-0.005307439714670181
-0.005301295779645443
-0.0052951630204916
-0.005289042368531227
-0.005282933358103037
-0.005276836454868317
-0.005270750727504492
-0.005264677572995424
-0.005258615594357252
-0.005252565257251263
-0.005246526561677456
-0.005240499973297119
-0.00523448409512639
-0.005228479858487844
-0.005222486332058907
-0.005216504912823439
-0.005210535600781441
-0.005204577464610338
-0.005198631435632706
-0.005192697513848543
-0.005186775699257851
-0.005180865060538054
-0.005174965597689152
-0.005169077310711145
-0.005163200199604034
-0.005157334264367819
-0.005151479039341211
-0.005145635455846786
-0.005139802116900682
-0.005133980419486761
-0.005128168966621161
-0.005122367758303881
-0.005116578191518784
-0.005110799334943295
-0.005105030722916126
-0.005099272355437279
-0.005093524232506752
-0.005087785888463259
-0.005082057788968086
-0.005076339468359947
-0.005070631857961416
-0.005064934957772493
-0.005059248767793179
-0.005053573288023472
-0.00504790898412466
-0.005042255856096745
-0.005036615300923586
-0.005030985455960035
-0.00502536678686738
-0.005019758827984333
-0.005014161579310894
-0.005008575040847063
-0.005002998281270266
-0.004997430834919214
-0.004991873167455196
-0.004986325278878212
-0.004980787169188261
-0.004975259304046631
-0.004969740752130747
-0.004964231513440609
-0.00495873112231493
-0.004953241441398859
-0.004947762005031109
-0.004942293278872967
-0.004936834331601858
-0.00493138562887907
-0.004925947636365891
-0.004920519888401031
-0.004915100988000631
-0.004909692797809839
-0.004904293920844793
-0.004898904822766781
-0.004893525503575802
-0.004888155497610569
-0.00488279527053237
-0.004877444822341204
-0.004872104153037071
-0.004866773262619972
-0.004861452616751194
-0.004856142215430737
-0.0048508420586586
-0.004845551680773497
-0.004840271081775427
-0.004835000261664391
-0.004829739220440388
-0.004824487492442131
-0.004819245077669621
-0.004814012441784143
-0.004808788187801838
-0.004803573247045279
-0.004798368085175753
-0.00479317270219326
-0.004787986166775227
-0.004782808478921652
-0.004777639638632536
-0.004772479180246592
-0.004767327569425106
-0.004762184806168079
-0.004757051821798086
-0.004751928150653839
-0.004746812861412764
-0.004741707351058722
-0.004736610222607851
-0.004731522407382727
-0.004726444371044636
-0.004721375182271004
-0.004716314375400543
-0.004711262881755829
-0.004706220235675573
-0.004701186437159777
-0.004696161951869726
-0.004691146779805422
-0.004686140455305576
-0.00468114297837019
-0.004676154348999262
-0.004671173635870218
-0.004666202235966921
-0.004661239217966795
-0.004656284581869841
-0.004651339258998632
-0.004646401852369308
-0.004641473293304443
-0.004636553581804037
-0.004631643649190664
-0.004626742098480463
-0.004621849860996008
-0.004616966936737299
-0.004612092860043049
-0.00460722716525197
-0.004602369852364063
-0.004597520921379328
-0.004592679440975189
-0.004587845876812935
-0.004583020694553852
-0.004578202962875366
-0.004573393147438765
-0.004568592179566622
-0.004563799127936363
-0.004559014923870564
-0.004554239101707935
-0.004549471661448479
-0.004544712603092194
-0.004539962392300367
-0.004535221029073
-0.004530488513410091
-0.004525763913989067
-0.004521047696471214
-0.004516339395195246
-0.004511638544499874
-0.004506945610046387
-0.004502260126173496
-0.004497582092881203
-0.004492911975830793
-0.004488249309360981
-0.00448359502479434
-0.004478948190808296
-0.004474309738725424
-0.004469679668545723
-0.004465057514607906
-0.004460442345589399
-0.004455835558474064
-0.004451235756278038
-0.004446643404662609
-0.004442058503627777
-0.004437481053173542
-0.004432911518961191
-0.004428349900990725
-0.004423795733600855
-0.004419249016791582
-0.004414709750562906
-0.004410177934914827
-0.004405654035508633
-0.00440113851800561
-0.004396629985421896
-0.004392129369080067
-0.004387636668980122
-0.004383152350783348
-0.004378675483167171
-0.004374206531792879
-0.004369745962321758
-0.004365293309092522
-0.004360849037766457
-0.004356412217020988
-0.004351983778178692
-0.004347563255578279
-0.004343150649219751
-0.00433874549344182
-0.004334347788244486
-0.004329956136643887
-0.004325571469962597
-0.004321192856878042
-0.004316821694374084
-0.004312457051128149
-0.004308098461478949
-0.00430374639108777
-0.004299400839954615
-0.004295062739402056
-0.004290731158107519
-0.004286406561732292
-0.004282089881598949
-0.004277780652046204
-0.004273478873074055
-0.004269184544682503
-0.00426489720121026
-0.004260617773979902
-0.004256345797330141
-0.004252082202583551
-0.004247826058417559
-0.004243577364832163
-0.004239336121827364
-0.004235101863741875
-0.004230874590575695
-0.004226653836667538
-0.004222439602017403
-0.004218232352286577
-0.004214031621813774
-0.004209837876260281
-0.004205650649964809
-0.004201469477266073
-0.004197295289486647
-0.004193126689642668
-0.004188965540379286
-0.004184811376035213
-0.004180664662271738
-0.004176524933427572
-0.004172392189502716
-0.004168265964835882
-0.004164146259427071
-0.004160034004598856
-0.004155928269028664
-0.004151829518377781
-0.004147736355662346
-0.004143649712204933
-0.004139569122344255
-0.0041354950517416
-0.00413142703473568
-0.004127365071326494
-0.004123309627175331
-0.004119259770959616
-0.00411521689966321
-0.004111180547624826
-0.004107151180505753
-0.004103127866983414
-0.004099111538380384
-0.004095102660357952
-0.004091101698577404
-0.004087107721716166
-0.004083120264112949
-0.004079139325767756
-0.004075165372341871
-0.004071197472512722
-0.004067235626280308
-0.004063279833644629
-0.004059330094605684
-0.004055385943502188
-0.004051447845995426
-0.004047514870762825
-0.004043587483465672
-0.004039666149765253
-0.00403575086966157
-0.004031841643154621
-0.00402793800458312
-0.004024040419608355
-0.004020148888230324
-0.004016263876110315
-0.004012385383248329
-0.004008512943983078
-0.004004647489637136
-0.004000788554549217
-0.003996936604380608
-0.00399309117347002
-0.003989251796156168
-0.003985418472439051
-0.003981591667979956
-0.003977771382778883
-0.003973956685513258
-0.003970147576183081
-0.003966344520449638
-0.003962547518312931
-0.003958756569772959
-0.003954971674829721
-0.003951192367821932
-0.00394741864874959
-0.003943651914596558
-0.003939890768378973
-0.003936135675758123
-0.003932386636734009
-0.003928643651306629
-0.003924906253814697
-0.003921174444258213
-0.003917447756975889
-0.003913726191967726
-0.00391001021489501
-0.003906299825757742
-0.00390259618870914
-0.003898898372426629
-0.003895206609740853
-0.0038915213663131
-0.003887842176482081
-0.003884168574586511
-0.003880500793457031
-0.003876838600263
-0.003873181762173772
-0.003869529813528061
-0.003865883452817798
-0.003862242214381695
-0.00385860656388104
-0.003854975569993258
-0.003851349698379636
-0.003847729181870818
-0.003844114486128092
-0.003840505378320813
-0.003836901858448982
-0.003833304392173886
-0.003829712513834238
-0.003826126223430037
-0.003822545753791928
-0.003818971337750554
-0.003815402975305915
-0.003811840666458011
-0.003808284178376198
-0.003804733511060476
-0.003801188431680202
-0.003797648474574089
-0.00379411387257278
-0.003790584625676274
-0.003787060733884573
-0.003783541964367032
-0.003780028084293008
-0.0037765190936625
-0.003773015225306153
-0.003769516013562679
-0.003766021924093366
-0.003762532956898212
-0.003759048646315932
-0.003755569225177169
-0.003752094926312566
-0.003748625516891479
-0.003745161695405841
-0.00374170346185565
-0.003738251281902194
-0.003734804922714829
-0.003731364384293556
-0.003727929899469018
-0.003724501002579927
-0.003721077926456928
-0.003717660438269377
-0.003714248305186629
-0.003710840828716755
-0.003707437543198466
-0.003704038914293051
-0.003700644010677934
-0.003697253065183759
-0.00369386631064117
-0.00369048397988081
-0.003687106072902679
-0.003683733055368066
-0.003680365160107613
-0.003677002619951963
-0.003673645434901118
-0.003670294070616364
-0.003666948527097702
-0.003663608338683844
-0.003660273971036077
-0.003656945191323757
-0.003653621766716242
-0.003650303697213531
-0.00364699074998498
-0.003643682925030589
-0.003640379989519715
-0.003637081943452358
-0.003633788553997874
-0.00363049958832562
-0.003627215512096882
-0.003623936325311661
-0.003620661562308669
-0.003617391223087907
-0.00361412507481873
-0.003610863350331783
-0.003607606515288353
-0.003604354336857796
-0.003601106815040112
-0.003597864182665944
-0.00359462620690465
-0.003591393120586872
-0.003588164923712611
-0.003584942081943154
-0.003581723896786571
-0.003578510833904147
-0.003575302893295884
-0.003572100074961782
-0.003568902378901839
-0.003565710037946701
-0.003562522353604436
-0.003559339325875044
-0.003556161187589169
-0.003552987240254879
-0.003549817483872175
-0.003546652384102345
-0.003543491242453456
-0.003540334058925509
-0.003537181066349149
-0.003534031566232443
-0.003530886489897966
-0.003527745371684432
-0.003524608677253127
-0.003521476173773408
-0.003518348326906562
-0.003515225136652589
-0.003512106835842133
-0.00350899389013648
-0.003505885601043701
-0.003502782201394439
-0.003499683691188693
-0.003496589604765177
-0.003493500174954534
-0.00349041516892612
-0.003487334819510579
-0.003484258661046624
-0.003481187159195542
-0.00347812008112669
-0.003475057194009423
-0.003471998497843742
-0.003468943992629647
-0.003465893911197782
-0.003462848253548145
-0.003459807252511382
-0.003456770442426205
-0.003453738056123257
-0.003450709860771894
-0.003447686322033405
-0.003444667439907789
-0.003441652283072472
-0.003438641782850027
-0.003435635240748525
-0.003432633355259895
-0.003429635893553495
-0.003426642157137394
-0.003423653077334166
-0.003420667955651879
-0.003417686792090535
-0.00341471005231142
-0.003411737503483891
-0.003408769145607948
-0.003405805211514235
-0.003402845235541463
-0.003399889683350921
-0.003396938554942608
-0.003393992083147168
-0.003391050267964602
-0.003388112643733621
-0.003385179210454226
-0.003382249968126416
-0.003379324916750193
-0.003376403823494911
-0.003373486688360572
-0.003370573045685887
-0.003367663361132145
-0.003364757634699345
-0.003361855633556843
-0.003358957823365927
-0.003356064204126596
-0.003353174543008208
-0.003350288840010762
-0.003347407327964902
-0.003344530006870627
-0.003341656876727939
-0.003338787704706192
-0.003335922956466675
-0.003333061933517456
-0.003330205101519823
-0.003327352227643132
-0.003324503544718027
-0.003321659052744508
-0.003318818518891931
-0.003315981710329652
-0.003313149092718959
-0.003310320433229208
-0.003307495266199112
-0.003304673824459314
-0.003301856108009815
-0.003299041884019971
-0.003296230919659138
-0.003293423447757959
-0.003290619701147079
-0.003287819446995854
-0.003285022918134928
-0.003282230347394943
-0.003279441734775901
-0.003276657313108444
-0.003273876616731286
-0.003271100576967001
-0.003268328728154302
-0.003265560837462544
-0.003262797137722373
-0.003260037396103144
-0.003257281379774213
-0.003254529321566224
-0.003251780988648534
-0.003249036381021142
-0.003246294800192118
-0.003243557177484035
-0.003240822581574321
-0.003238091943785548
-0.003235364332795143
-0.003232640447095037
-0.003229920519515872
-0.00322720455005765
-0.003224492538720369
-0.003221784485504031
-0.003219080856069922
-0.003216381650418043
-0.003213686868548393
-0.003210996277630329
-0.003208310576155782
-0.003205629531294107
-0.003202951978892088
-0.003200278617441654
-0.003197608748450875
-0.003194942139089108
-0.003192278556525707
-0.003189618233591318
-0.003186960238963366
-0.003184305038303137
-0.003181652631610632
-0.003179002786055207
-0.003176355035975575
-0.003173710545524955
-0.003171068849042058
-0.003168430412188172
-0.003165795700624585
-0.003163164481520653
-0.003160537220537663
-0.003157914150506258
-0.003155295271426439
-0.003152680583298206
-0.003150070086121559
-0.003147463081404567
-0.003144859801977873
-0.003142260247841477
-0.003139664651826024
-0.003137072315439582
-0.003134483471512794
-0.003131898585706949
-0.003129316726699471
-0.003126738592982292
-0.003124164184555411
-0.003121593268588185
-0.003119025845080614
-0.003116462146863341
-0.003113901941105723
-0.003111345460638404
-0.003108792472630739
-0.003106242278590798
-0.003103695344179869
-0.003101151436567307
-0.003098610555753112
-0.003096072934567928
-0.0030935388058424
-0.003091008169576526
-0.003088481025770307
-0.003085957374423742
-0.003083436982706189
-0.003080920316278934
-0.003078407142311335
-0.003075896995142102
-0.003073390340432525
-0.003070887411013246
-0.003068387741222978
-0.00306589063256979
-0.003063396783545613
-0.003060905961319804
-0.003058418165892363
-0.003055933630093932
-0.003053451422601938
-0.003050972474738955
-0.00304849655367434
-0.003046023659408092
-0.0030435542576015
-0.003041088115423918
-0.003038625232875347
-0.003036166075617075
-0.003033710410818458
-0.003031258238479495
-0.003028809325769544
-0.003026364138349891
-0.003023922443389893
-0.003021484473720193
-0.003019049763679504
-0.003016618313267827
-0.003014189656823874
-0.003011764260008931
-0.003009342122823
-0.003006923012435436
-0.003004506696015596
-0.00300209317356348
-0.002999682445079088
-0.002997274743393064
-0.002994870068505406
-0.002992468187585473
-0.00299006886780262
-0.002987672574818134
-0.00298527954146266
-0.002982889302074909
-0.002980502089485526
-0.00297811790369451
-0.002975737443193793
-0.002973360009491444
-0.002970986068248749
-0.002968615386635065
-0.002966247964650393
-0.002963883802294731
-0.002961523132398725
-0.002959165722131729
-0.002956811571493745
-0.002954460447654128
-0.002952112583443522
-0.002949767513200641
-0.00294742570258677
-0.002945087151601911
-0.002942751627415419
-0.002940419595688581
-0.002938090590760112
-0.00293576461263001
-0.002933441661298275
-0.002931121736764908
-0.002928805071860552
-0.00292649120092392
-0.002924179658293724
-0.002921870909631252
-0.002919564954936504
-0.002917261328548193
-0.002914960496127605
-0.002912662457674742
-0.002910367213189602
-0.002908074762672186
-0.002905785106122494
-0.002903498476371169
-0.002901214873418212
-0.002898933831602335
-0.002896655583754182
-0.002894380129873753
-0.002892107469961047
-0.002889837604016066
-0.002887570299208164
-0.00288530602119863
-0.00288304453715682
-0.00288078561425209
-0.002878529950976372
-0.002876277081668377
-0.002874027006328106
-0.002871779957786202
-0.002869535936042666
-0.002867294708266854
-0.002865056274458766
-0.002862820867449045
-0.002860588254407048
-0.002858358668163419
-0.00285613164305687
-0.002853907411918044
-0.002851686207577586
-0.002849467797204852
-0.002847252413630486
-0.00284504028968513
-0.002842831425368786
-0.002840625355020165
-0.002838422078639269
-0.002836222061887383
-0.002834025071933866
-0.002831831341609359
-0.00282964063808322
-0.002827452262863517
-0.002825266914442182
-0.002823083428665996
-0.002820902736857533
-0.002818723907694221
-0.002816547639667988
-0.002814373467117548
-0.002812201622873545
-0.002810032106935978
-0.002807865384966135
-0.002805701224133372
-0.002803539857268333
-0.002801381284371018
-0.002799226203933358
-0.002797074150294065
-0.002794925356283784
-0.00279277958907187
-0.002790636848658323
-0.002788497135043144
-0.002786360215395689
-0.002784225856885314
-0.002782094059512019
-0.002779964823275805
-0.00277783814817667
-0.002775714267045259
-0.002773592714220285
-0.002771473256871104
-0.002769355894997716
-0.002767241094261408
-0.002765128156170249
-0.002763017080724239
-0.002760908333584666
-0.002758801449090242
-0.002756696427240968
-0.002754594199359417
-0.00275249476544559
-0.002750398125499487
-0.002748304046690464
-0.002746213227510452
-0.002744125667959452
-0.002742041135206819
-0.002739959862083197
-0.002737881848588586
-0.002735807094722986
-0.002733734901994467
-0.002731665503233671
-0.002729598665609956
-0.002727534156292677
-0.002725471509620547
-0.002723410725593567
-0.002721351804211736
-0.002719294978305697
-0.002717240247875452
-0.00271518831141293
-0.002713138936087489
-0.002711092354729772
-0.002709048800170422
-0.002707007806748152
-0.002704970072954893
-0.002702935365960002
-0.002700903452932835
-0.002698874101042747
-0.002696847543120384
-0.002694823080673814
-0.00269280094653368
-0.002690780907869339
-0.002688762964680791
-0.002686747116968036
-0.00268473313190043
-0.00268272147513926
-0.002680712146684527
-0.002678704913705587
-0.002676699543371797
-0.002674696268513799
-0.002672695554792881
-0.002670696703717113
-0.002668700180947781
-0.002666705986484885
-0.002664714120328426
-0.00266272434964776
-0.002660737372934818
-0.002658752724528313
-0.002656770404428244
-0.002654790645465255
-0.00265281368046999
-0.002650839742273092
-0.002648868598043919
-0.002646900713443756
-0.002644936088472605
-0.002642974024638534
-0.00264101498760283
-0.002639058511704206
-0.002637104829773307
-0.0026351532433182
-0.002633203286677599
-0.002631255658343434
-0.002629309659823775
-0.002627365523949265
-0.002625423250719905
-0.002623483072966337
-0.002621544292196631
-0.002619607839733362
-0.00261767371557653
-0.00261574168689549
-0.00261381221935153
-0.002611885778605938
-0.002609962364658713
-0.0026080422103405
-0.002606125315651298
-0.002604211447760463
-0.002602299908176064
-0.002600390696898103
-0.00259848334826529
-0.002596577862277627
-0.002594674006104469
-0.00259277131408453
-0.002590869553387165
-0.002588968724012375
-0.002587068825960159
-0.002585170092061162
-0.002583272755146027
-0.002581377048045397
-0.002579483669251204
-0.002577592618763447
-0.00257570412941277
-0.002573818201199174
-0.002571935299783945
-0.002570055657997727
-0.002568179043009877
-0.002566305221989751
-0.002564434893429279
-0.002562567591667175
-0.002560703083872795
-0.002558841137215495
-0.002556981751695275
-0.002555124694481492
-0.002553269965574145
-0.002551418030634522
-0.002549567958340049
-0.002547719748690724
-0.002545873634517193
-0.002544029848650098
-0.002542188391089439
-0.002540349261835217
-0.002538511995226145
-0.002536676824092865
-0.002534843515604734
-0.002533011836931109
-0.002531182020902634
-0.002529354067519307
-0.002527527511119843
-0.00252570235170424
-0.002523878822103143
-0.002522056689485908
-0.002520235953852534
-0.002518416848033667
-0.002516599604859948
-0.002514784224331379
-0.002512970939278603
-0.002511159749701619
-0.002509350888431072
-0.002507544355466962
-0.002505740150809288
-0.002503938507288694
-0.002502139424905181
-0.002500342205166817
-0.002498547080904245
-0.002496754284948111
-0.002494963351637125
-0.002493174513801932
-0.002491387771442533
-0.002489603124558926
-0.002487821038812399
-0.002486041281372309
-0.002484264085069299
-0.002482489915564656
-0.002480718540027738
-0.002478950191289186
-0.002477184636518359
-0.002475421875715256
-0.002473661676049232
-0.002471903571859002
-0.002470147097483277
-0.002468392485752702
-0.002466639271005988
-0.002464887220412493
-0.002463136101141572
-0.002461385913193226
-0.002459636656567454
-0.002457888564094901
-0.00245614186860621
-0.002454397035762668
-0.002452654298394918
-0.002450913423672318
-0.002449174644425511
-0.002447438426315784
-0.002445704536512494
-0.002443972742184997
-0.002442243276163936
-0.002440516371279955
-0.002438791794702411
-0.002437069313600659
-0.002435348927974701
-0.002433630637824535
-0.002431914443150163
-0.002430199878290296
-0.002428487176075578
-0.002426776802167296
-0.002425068523734808
-0.002423362340778112
-0.00242165825329721
-0.002419955795630813
-0.002418255200609565
-0.002416556468233466
-0.002414859365671873
-0.002413163892924786
-0.002411470049992204
-0.002409778302535415
-0.002408087719231844
-0.002406398998573422
-0.002404711674898863
-0.00240302667953074
-0.002401343546807766
-0.002399662276729941
-0.002397982403635979
-0.002396304626017809
-0.002394628478214145
-0.002392954425886273
-0.002391282469034195
-0.002389611909165978
-0.002387943444773555
-0.002386277075856924
-0.002384612336754799
-0.002382949693128467
-0.002381289144977927
-0.002379630692303181
-0.002377974567934871
-0.002376320771872997
-0.002374669536948204
-0.00237302016466856
-0.002371372655034065
-0.002369726775214076
-0.00236808299086988
-0.002366441069170833
-0.002364801242947578
-0.002363162813708186
-0.002361526014283299
-0.002359891077503562
-0.002358257537707686
-0.002356625394895673
-0.002354994881898165
-0.002353365765884519
-0.002351737814024091
-0.002350111491978168
-0.002348486566916108
-0.002346863271668553
-0.002345241606235504
-0.002343621570616961
-0.002342003397643566
-0.002340387552976608
-0.002338774036616087
-0.002337163081392646
-0.002335554454475641
-0.002333948155865073
-0.002332344185560942
-0.002330742543563247
-0.002329142997041345
-0.002327545545995235
-0.002325950190424919
-0.002324356464669108
-0.00232276413589716
-0.002321172971278429
-0.002319582505151629
-0.002317993203178048
-0.002316404832527041
-0.002314817626029253
-0.002313231350854039
-0.002311646239832044
-0.002310062758624554
-0.002308480674400926
-0.002306900219991803
-0.002305321861058474
-0.002303745597600937
-0.002302171429619193
-0.002300599589943886
-0.002299029845744371
-0.002297462662681937
-0.00229589780792594
-0.002294335048645735
-0.002292774384841323
-0.002291215816512704
-0.002289659110829234
-0.002288104267790914
-0.002286551287397742
-0.002284999936819077
-0.002283449750393629
-0.002281900960952044
-0.002280354034155607
-0.002278808504343033
-0.00227726437151432
-0.002275721868500113
-0.002274180995300412
-0.002272641751915216
-0.002271103905513883
-0.002269567921757698
-0.002268033334985375
-0.002266499912366271
-0.002264968352392316
-0.002263438189402223
-0.002261909190565348
-0.002260381821542978
-0.002258855849504471
-0.002257331274449825
-0.002255807863548398
-0.00225428631529212
-0.002252766862511635
-0.002251249272376299
-0.002249733777716756
-0.002248219912871718
-0.00224670791067183
-0.002245198003947735
-0.002243690425530076
-0.002242184709757566
-0.002240680856630206
-0.002239178633317351
-0.002237678039819002
-0.002236179076135159
-0.002234681509435177
-0.002233185572549701
-0.002231690799817443
-0.002230197656899691
-0.002228705445304513
-0.002227214630693197
-0.0022257249802351
-0.002224236493930221
-0.002222749404609203
-0.002221263945102692
-0.002219779649749398
-0.00221829698421061
-0.002216815715655684
-0.002215336076915264
-0.002213857835158706
-0.002212381223216653
-0.002210906241089106
-0.002209433354437351
-0.002207962097600102
-0.002206492470577359
-0.002205024939030409
-0.002203559502959251
-0.0022020956967026
-0.002200633520260453
-0.002199172973632812
-0.002197714056819677
-0.002196256769821048
-0.002194801112636924
-0.002193347085267305
-0.002191894920542836
-0.002190444152802229
-0.002188995014876127
-0.002187547273933887
-0.002186101395636797
-0.002184657147154212
-0.002183214761316776
-0.002181773772463202
-0.002180334646254778
-0.002178896917030215
-0.002177460817620158
-0.002176026348024607
-0.002174593275412917
-0.002173161599785089
-0.002171731553971767
-0.002170302905142307
-0.002168875653296709
-0.002167449565604329
-0.002166024409234524
-0.002164600417017937
-0.002163177821785212
-0.002161756623536348
-0.002160336822271347
-0.002158918417990208
-0.002157501177862287
-0.002156085567548871
-0.002154671587049961
-0.0021532594691962
-0.002151848981156945
-0.002150439890101552
-0.002149032428860664
-0.002147626364603639
-0.002146221697330475
-0.002144818427041173
-0.002143416786566377
-0.002142016543075442
-0.002140617463737726
-0.002139219781383872
-0.00213782349601388
-0.002136428607627749
-0.002135035116225481
-0.002133643021807075
-0.002132252091541886
-0.002130862092599273
-0.002129473257809877
-0.0021280855871737
-0.002126698847860098
-0.002125313738361001
-0.002123929793015122
-0.002122547011822462
-0.002121165627613664
-0.002119785873219371
-0.00211840751580894
-0.002117030788213015
-0.002115656156092882
-0.002114283153787255
-0.002112911781296134
-0.002111541805788875
-0.002110173692926764
-0.002108807442709804
-0.002107443055137992
-0.002106080530211329
-0.002104719867929816
-0.002103361068293452
-0.002102003432810307
-0.002100647427141666
-0.002099292585626245
-0.002097939141094685
-0.00209658732637763
-0.002095236908644438
-0.00209388742223382
-0.002092538867145777
-0.002091191709041595
-0.002089845715090632
-0.002088501118123531
-0.002087157918140292
-0.002085816115140915
-0.002084475941956043
-0.002083137165755033
-0.002081799786537886
-0.002080464269965887
-0.00207913015037775
-0.002077797660604119
-0.002076466102153063
-0.002075135940685868
-0.002073806943371892
-0.002072479343041778
-0.002071152674034238
-0.002069826936349273
-0.00206850259564817
-0.002067179186269641
-0.002065857173874974
-0.002064536325633526
-0.002063217107206583
-0.002061899518594146
-0.002060583559796214
-0.002059269230812788
-0.002057956531643867
-0.002056645229458809
-0.002055335324257612
-0.002054026583209634
-0.00205271877348423
-0.002051412360742688
-0.002050106646493077
-0.002048801630735397
-0.002047497779130936
-0.002046194858849049
-0.002044892869889736
-0.002043591812252998
-0.002042292384430766
-0.002040994586423039
-0.002039698418229818
-0.002038403879851103
-0.002037111204117537
-0.002035820623859763
-0.002034531906247139
-0.00203324481844902
-0.002031959127634764
-0.002030674833804369
-0.002029392402619123
-0.002028110902756453
-0.002026830567047
-0.002025551395490766
-0.002024273155257106
-0.002022996079176664
-0.002021719934418797
-0.002020444720983505
-0.002019170438870788
-0.002017897320911288
-0.002016625367105007
-0.002015354810282588
-0.002014085650444031
-0.002012817654758692
-0.002011551288887858
-0.002010286320000887
-0.002009022748097777
-0.002007760340347886
-0.002006499329581857
-0.002005239017307758
-0.002003979636356235
-0.002002721419557929
-0.002001464366912842
-0.002000207779929042
-0.001998952589929104
-0.00199769833125174
-0.001996445236727595
-0.001995193539187312
-0.001993943238630891
-0.001992694567888975
-0.001991447061300278
-0.001990201184526086
-0.001988956471905112
-0.001987713156268001
-0.001986471470445395
-0.001985230948776007
-0.001983991591259837
-0.001982753863558173
-0.001981517765671015
-0.001980282831937075
-0.001979048829525709
-0.001977816224098206
-0.001976585015654564
-0.001975354505702853
-0.001974125159904361
-0.00197289721108973
-0.001971670193597674
-0.00197044457308948
-0.001969220349565148
-0.001967997290194035
-0.001966775627806783
-0.001965555362403393
-0.001964336493983865
-0.001963119022548199
-0.001961902948096395
-0.001960688503459096
-0.001959475688636303
-0.001958264270797372
-0.001957054249942303
-0.001955845626071095
-0.001954638166353106
-0.001953431637957692
-0.001952225808054209
-0.001951020676642656
-0.001949816127307713
-0.001948612043634057
-0.001947408658452332
-0.00194620608817786
-0.001945004216395319
-0.001943803508765996
-0.001942603965289891
-0.001941405818797648
-0.001940209185704589
-0.001939014066010714
-0.001937820226885378
-0.001936627901159227
-0.001935437321662903
-0.001934248139150441
-0.001933060470037162
-0.001931874081492424
-0.001930688973516226
-0.001929505146108568
-0.00192832259926945
-0.001927141100168228
-0.001925960881635547
-0.001924781478010118
-0.001923603122122586
-0.001922425464726985
-0.00192124885506928
-0.001920072943903506
-0.001918898080475628
-0.001917724031955004
-0.001916550798341632
-0.001915378496050835
-0.001914207241497934
-0.001913037151098251
-0.001911868341267109
-0.001910700928419828
-0.00190953491255641
-0.001908370293676853
-0.001907207071781158
-0.001906045246869326
-0.001904884818941355
-0.001903725671581924
-0.001902567688375711
-0.001901410869322717
-0.001900255098007619
-0.001899100374430418
-0.001897946582175791
-0.001896793721243739
-0.001895641791634262
-0.001894491026178002
-0.001893341192044318
-0.00189219240564853
-0.00189104478340596
-0.001889898208901286
-0.001888752798549831
-0.001887608435936272
-0.001886465237475932
-0.001885322970338166
-0.001884181750938296
-0.001883041462861001
-0.001881902222521603
-0.001880763680674136
-0.001879625953733921
-0.001878489041700959
-0.001877353060990572
-0.001876218244433403
-0.00187508447561413
-0.001873951987363398
-0.001872820779681206
-0.001871690852567554
-0.001870562206022441
-0.001869434956461191
-0.001868309220299125
-0.00186718488112092
-0.001866061938926578
-0.001864940393716097
-0.001863820245489478
-0.001862701261416078
-0.001861583441495895
-0.001860466552898288
-0.001859350828453898
-0.001858236035332084
-0.001857122289948165
-0.0018560093594715
-0.001854897360317409
-0.001853786176070571
-0.001852675690315664
-0.001851566135883331
-0.001850457396358252
-0.001849349588155746
-0.001848242827691138
-0.00184713676571846
-0.001846031867899001
-0.001844927784986794
-0.001843824866227806
-0.001842723111622036
-0.001841622637584805
-0.001840523560531437
-0.001839425880461931
-0.001838329597376287
-0.001837234827689826
-0.001836141454987228
-0.001835049130022526
-0.001833958085626364
-0.001832867972552776
-0.001831778790801764
-0.001830690307542682
-0.001829602755606174
-0.00182851601857692
-0.001827429980039597
-0.001826344639994204
-0.001825259998440742
-0.001824176171794534
-0.001823093160055578
-0.001822010846808553
-0.001820929232053459
-0.001819848315790296
-0.001818768098019063
-0.001817688811570406
-0.001816610572859645
-0.001815533265471458
-0.001814457238651812
-0.001813382259570062
-0.001812308444641531
-0.001811235677450895
-0.001810164423659444
-0.001809094334021211
-0.001808025641366839
-0.001806957996450365
-0.00180589163210243
-0.001804826315492392
-0.00180376204662025
-0.00180269917473197
-0.001801637117750943
-0.001800576108507812
-0.001799516030587256
-0.00179845723323524
-0.00179739948362112
-0.001796342781744897
-0.001795287244021893
-0.00179423310328275
-0.001793180126696825
-0.001792128197848797
-0.001791077316738665
-0.001790027366951108
-0.001788978232070804
-0.00178792979568243
-0.001786881941370666
-0.001785834436304867
-0.001784787513315678
-0.001783741172403097
-0.001782695529982448
-0.001781650353223085
-0.001780606107786298
-0.001779562560841441
-0.001778520178049803
-0.001777479075826705
-0.001776439254172146
-0.001775400596670806
-0.001774363219738007
-0.001773327123373747
-0.001772292191162705
-0.001771258073858917
-0.001770225237123668
-0.001769193215295672
-0.001768162241205573
-0.001767131965607405
-0.001766102388501167
-0.001765073742717505
-0.001764045911841094
-0.001763019245117903
-0.001761993393301964
-0.001760968705639243
-0.001759944949299097
-0.001758922473527491
-0.001757901045493782
-0.001756881014443934
-0.001755862147547305
-0.001754844328388572
-0.001753827324137092
-0.001752811251208186
-0.001751795993186533
-0.001750781200826168
-0.001749766990542412
-0.001748753595165908
-0.001747740781866014
-0.001746728550642729
-0.001745717017911375
-0.001744706067256629
-0.001743695815093815
-0.001742686494253576
-0.001741677755489945
-0.001740669831633568
-0.001739662722684443
-0.001738656312227249
-0.001737650483846664
-0.001736645470373333
-0.001735640922561288
-0.001734636840410531
-0.001733633340336382
-0.001732630422338843
-0.001731628086417913
-0.001730626099742949
-0.001729624695144594
-0.001728623523376882
-0.001727622468024492
-0.001726621529087424
-0.001725620357319713
-0.001724619185552001
-0.001723617548123002
-0.00172261509578675
-0.001721611595712602
-0.001720607164315879
-0.00171960168518126
-0.001718595158308744
-0.001717587583698332
-0.001716579077765346
-0.001715569524094462
-0.001714558922685683
-0.001713547622784972
-0.001712535391561687
-0.001711522345431149
-0.001710508367978036
-0.001709493226371706
-0.001708476687781513
-0.001707458519376814
-0.001706438255496323
-0.001705415663309395
-0.001704390277154744
-0.001703361631371081
-0.001702329376712441
-0.00170129316393286
-0.001700252527371049
-0.001699207234196365
-0.001698156935162842
-0.001697101513855159
-0.001696040388196707
-0.001694973791018128
-0.001693901373073459
-0.001692823250778019
-0.001691739307716489
-0.001690648961812258
-0.001689552213065326
-0.001688448712229729
-0.001687338342890143
-0.001686220872215927
-0.001685096067376435
-0.001683963928371668
-0.001682824455201626
-0.001681677647866309
-0.001680523389950395
-0.001679361797869205
-0.001678192988038063
-0.001677017309702933
-0.001675834879279137
-0.001674645929597318
-0.001673450693488121
-0.001672249287366867
-0.001671042060479522
-0.001669829478487372
-0.001668611774221063
-0.001667389296926558
-0.001666162395849824
-0.001664932118728757
-0.001663698931224644
-0.00166246376466006
-0.00166122755035758
-0.001659991219639778
-0.001658756169490516
-0.001657523680478334
-0.001656294916756451
-0.001655071624554694
-0.00165385496802628
-0.001652646460570395
-0.001651447615586221
-0.001650260062888265
-0.001649085199460387
-0.001647924655117095
-0.001646779710426927
-0.001645651762373745
-0.001644542440772057
-0.001643453142605722
-0.001642385264858603
-0.001641340204514563
-0.001640319474972785
-0.00163932447321713
-0.001638356479816139
-0.001637416426092386
-0.001636505709029734
-0.001635625259950757
-0.001634776126593351
-0.00163395912386477
-0.001633174950256944
-0.00163242407143116
-0.001631706720218062
-0.001631023129448295
-0.001630373299121857
-0.001629756996408105
-0.001629173406399786
-0.001628621947020292
-0.001628101686947048
-0.001627611345611513
-0.001627149060368538
-0.001626713201403618
-0.001626301789656281
-0.001625912613235414
-0.001625543227419257
-0.001625190838240087
-0.001624853000976145
-0.001624526688829064
-0.001624208758585155
-0.00162389618344605
-0.001623585587367415
-0.001623273943550885
-0.001622957875952125
-0.001622634008526802
-0.00162229931447655
-0.001621950650587678
-0.00162158499006182
-0.001621199306100607
-0.00162079103756696
-0.001620357506908476
-0.001619896502234042
-0.001619405811652541
-0.001618883805349469
-0.001618329086340964
-0.001617740490473807
-0.001617117202840745
-0.00161645864136517
-0.001615764806047082
-0.001615036046132445
-0.001614273060113192
-0.00161347643006593
-0.001612647669389844
-0.001611787942238152
-0.001610899344086647
-0.001609983737580478
-0.00160904333461076
-0.001608080812729895
-0.001607098500244319
-0.001606099307537079
-0.001605085795745254
-0.001604060642421246
-0.001603026757948101
-0.001601986703462899
-0.001600942923687398
-0.001599897746928036
-0.001598853035829961
-0.001597810885868967
-0.001596772344782948
-0.00159573822747916
-0.00159470911603421
-0.001593684661202133
-0.001592664513736963
-0.001591647393070161
-0.001590631902217865
-0.001589615945704281
-0.001588596729561687
