0
0
0
0
0
0
0
0
0
0
0
0
0
0
0
0
0
0
0
0
0
0
0
0
0
0
0
0
0
0
0
0
0
0
0
0
0
0
0
0
0
0
0
0
0
0
0
0
0
0
0
0
0
0
0
0
0
0
0
0
0
0
0
0
0
0
0
0
0
0
0
0
0
0
0
0
0
0
0
0
0
0
0
0
0
0
0
0
0
0
0
0
0
0
0
0
0
0
0
0
0
0
0
0
0
0
0
0
0
0
0
0
0
0
0
0
0
0
0
0
0
0
0
0
0
0
0
0
0
0
0
0
0
0
0
0
0
0
0
0
0
0
0
0
0
0
0
0
0
0
0
0
0
0
0
0
0
0
0
0
0
0
0
0
0
0
0
0
0
0
0
0
0
0
0
0
0
0
0
0
0
0
0
0
0
0
0
0
0
0
0
0
0
0
0
0
0
0
0
0
0
0
0
0
0
0
0
0
0
0
0
0
0
0
0
0
0
0
0
0
0
0
0
0
0
0
0
0
0
0
0
0
0
0
0
0
0
0
0
0
0
0
0
0
0
0
0
0
0
0
0
0
0
0
0
0
0
0
0
0
0
0
0
0
0
0
0
0
0
0
0
0
0
0
0
0
0
0
0
0
0
0
0
0
0
0
0
0
0
0
0
0
0
0
0
0
0
0
0
0
0
0
0
0
0
0
0
0
0
0
0
0
0
0
0
0
0
0
0
0
0
0
0
0
0
0
0
0
0
0
0
0
0
0
0
0
0
0
0
0
0
0
0
0
0
0
0
0
0
0
0
0
0
0
0
0
0
0
0
0
0
0
0
0
0
0
0
0
0
0
0
0
0
0
0
0
0
0
0
0
0
0
0
0
0
0
0
0
0
0
0
0
0
0
0
0
0
0
0
0
0
0
0
0
0
0
0
0
0
0
0
0
0
0
0
0
0
0
0
0
0
0
0
0
0
0
0
0
0
0
0
0
0
0
0
0
0
0
0
0
0
0
0
0
0
0
0
0
0
0
0
0
0
0
0
0
0
0
0
0
0
0
0
0
0
0
0
0
0
0
0
0
0
0
0
0
0
0
0
0
0
0
0
0
0
0
0
0
0
0
0
0
0
0
0
0
0
0
0
0
0
0
0
0
0
0
0
0
0
0
0
0
0
0
0
0
0
0
0
0
0
0
0
0
0
0
0
0
0
0
0
0
0
0
0
0
0
0
0
0
0
0
0
0
0
0
0
0
0
0
0
0
0
0
0
0
0
0
0
0
0
0
0
0
0
0
0
0
0
0
0
0
0
0
0
0
0
0
0
0
0
0
0
0
0
0
0
0
0
0
0
0
0
0
0
0
0
0
0
0
0
0
0
0
0
0
0
0
0
0
0
0
0
0
0
0
0
0
0
0
0
0
0
0
0
0
0
0
0
0
0
0
0
0
0
0
0
0
0
0
0
0
0
0
0
0
0
0
0
0
0
0
0
0
0
0
0
0
0
0
0
0
0
0
0
0
0
0
0
0
0
0
0
0
0
0
0
0
0
0
0
0
0
0
0
0
0
0
0
0
0
0
0
0
0
0
0
0
0
0
0
0
0
0
0
0
0
0
0
0
0
0
0
0
0
0
0
0
0
0
0
0
0
0
0
0
0
0
0
0
0
0
0
0
0
0
0
0
0
0
0
0
0
0
0
0
0
0
0
0
0
0
0
0
0
0
0
0
0
0
0
0
0
0
0
0
0
0
0
0
0
0
0
0
0
0
0
0
0
0
0
0
0
0
0
0
0
0
0
0
0
0
0
0
0
0
0
0
0
0
0
0
0
0
0
0
0
0
0
0
0
0
0
0
0
0
0
0
0
0
0
0
0
0
0
0
0
0
0
0
0
0
0
0
0
0
0
0
0
0
0
0
0
0
0
0
0
0
0
0
0
0
0
0
0
0
0
0
0
0
0
0
0
0
0
0
0
0
0
0
0
0
0
0
0
0
0
0
0
0
0
0
0
0
0
0
0
0
0
0
0
0
0
0
0
0
0
0
0
0
0
0
0
0
0
0
0
0
0
0
0
0
0
0
0
0
0
0
0
0
0
0
0
0
0
0
0
0
0
0
0
0
0
0
0
0
0
0
0
0
0
0
0
0
0
0
0
0
0
0
0
0
0
0
0
0
0
0
0
0
0
0
0
0
0
0
0
0
0
0
0
0
0
0
0
0
0
0
0
0
0
0
0
0
0
0
0
0
0
0
0
0
0
0
0
0
0
0
0
0
0
0
0
0
0
0
0
0
0
0
0
0
0
0
0
0
0
0
0
0
0
0
0
0
0
0
0
0
0
0
0
0
0
0
0
0
0
0
0
0
0
0
0
0
0
0
0
0
0
0
0
0
0
0
0
0
0
0
0
0
0
0
0
0
0
0
0
0
0
0
0
0
0
0
0
0
0
0
0
0
0
0
0
0
0
0
0
0
0
0
0
0
0
0
0
0
0
0
0
0
0
0
0
0
0
0
0
0
0
0
0
0
0
0
0
0
0
0
0
0
0
0
0
0
0
0
0
0
0
0
0
0
0
0
0
0
0
0
0
0
0
0
0
0
0
0
0
0
0
0
0
0
0
0
0
0
0
0
0
0
0
0
0
0
0
0
0
0
0
0
0
0
0
0
0
0
0
0
0
0
0
0
0
0
0
0
0
0
0
0
0
0
0
0
0
0
0
0
0
0
0
0
0
0
0
0
0
0
0
0
0
0
0
0
0
0
0
0
0
0
0
0
0
0
0
0
0
0
0
0
0
0
0
0
0
0
0
0
0
0
0
0
0
0
0
0
0
0
0
0
0
0
0
0
0
0
0
0
0
0
0
0
0
0
0
0
0
0
0
0
0
0
0
0
0
0
0
0
0
0
0
0
0
0
0
0
0
0
0
0
0
0
0
0
0
0
0
0
0
0
0
0
0
0
0
0
0
0
0
0
0
0
0
0
0
0
0
0
0
0
0
0
0
0
0
0
0
0
0
0
0
0
0
0
0
0
0
0
0
0
0
0
0
0
0
0
0
0
0
0
0
0
0
0
0
0
0
0
0
0
0
0
0
0
0
0
0
0
0
0
0
0
0
0
0
0
0
0
0
0
0
0
0
0
0
0
0
0
0
0
0
0
0
0
0
0
0
0
0
0
0
0
0
0
0
0
0
0
0
0
0
0
0
0
0
0
0
0
0
0
0
0
0
0
0
0
0
0
0
0
0
0
0
0
0
0
0
0
0
0
0
0
0
0
0
0
0
0
0
0
0
0
0
0
0
0
0
0
0
0
0
0
0
0
0
0
0
0
0
0
0
0
0
0
0
0
0
0
0
0
0
0
0
0
0
0
0
0
0
0
0
0
0
0
0
0
0
0
0
0
0
0
0
0
0
0
0
0
0
0
0
0
0
0
0
0
0
0
0
0
0
0
0
0
0
0
0
0
0
0
0
0
0
0
0
0
0
0
0
0
0
0
0
0
0
0
0
0
0
0
0
0
0
0
0
0
0
0
0
0
0
0
0
0
0
0
0
0
0
0
0
0
0
0
0
0
0
0
0
0
0
0
0
0
0
0
0
0
0
0
0
0
0
0
0
0
0
0
0
0
0
0
0
0
0
0
0
0
0
0
0
0
0
0
0
0
0
0
0
0
0
0
0
0
0
0
0
0
0
0
0
0
0
0
0
0
0
0
0
0
0
0
0
0
0
0
0
0
0
0
0
0
0
0
0
0
0
0
0
0
0
0
0
0
0
0
0
0
0
0
0
0
0
0
0
0
0
0
0
0
0
0
0
0
0
0
0
0
0
0
0
0
0
0
0
0
0
0
0
0
0
0
0
0
0
0
0
0
0
0
0
0
0
0
0
0
0
0
0
0
0
0
0
0
0
0
0
0
0
0
0
0
0
0
0
0
0
0
0
0
0
0
0
0
0
0
0
0
0
0
0
0
0
0
0
0
0
0
0
0
0
0
0
0
0
0
0
0
0
0
0
0
0
0
0
0
0
0
0
0
0
0
0
0
0
0
0
0
0
0
0
0
0
0
0
0
0
0
0
0
0
0
0
0
0
0
0
0
0
0
0
0
0
0
0
0
0
0
0
0
0
0
0
0
0
0
0
0
0
0
0
0
0
0
0
0
0
0
0
0
0
0
0
0
0
0
0
0
0
0
0
0
0
0
0
0
0
0
0
0
0
0
0
0
0
0
0
0
0
0
0
0
0
0
0
0
0
0
0
0
0
0
0
0
0
0
0
0
0
0
0
0
0
1.401298464324817e-44
5.885453550164232e-44
1.499389356827554e-43
3.180947514017335e-43
6.445972935894159e-43
1.226136156284215e-42
2.270103512206204e-42
4.122620082043612e-42
7.415671473206932e-42
1.328430944179927e-41
2.371277261330455e-41
4.221691883471376e-41
7.499749381066421e-41
1.329580008920673e-40
2.352738082647438e-40
4.156027037433115e-40
7.328566760664501e-40
1.290094220792928e-39
2.267170594520372e-39
3.977521231256634e-39
6.966420790738253e-39
1.218084575567897e-38
2.126261626141726e-38
3.705338902999732e-38
6.446320457913311e-38
1.119615276427854e-37
1.941328400221018e-37
3.360490393161293e-37
5.807379029133664e-37
1.001916922555224e-36
1.725669328867793e-36
2.967276089247459e-36
5.093696689897365e-36
8.729375734620148e-36
1.49351120348187e-35
2.550992062980405e-35
4.34996046707855e-35
7.405206316194359e-35
1.258533957952637e-34
2.135348625172294e-34
3.617002086787429e-34
6.116530570870228e-34
1.0326139308348e-33
1.7403934058023e-33
2.928421648811222e-33
4.919224187684463e-33
8.249669312580724e-33
1.381190286916039e-32
2.308594350945375e-32
3.852289825833285e-32
6.417525009479493e-32
1.06731701464973e-31
1.772134846294012e-31
2.937497376207692e-31
4.861113007317029e-31
8.031032888151227e-31
1.324599414534826e-30
2.181098546820797e-30
3.585448858369647e-30
5.884224922137138e-30
9.640787013692706e-30
1.576932781017932e-29
2.57508328958929e-29
4.198041884232878e-29
6.83249948752175e-29
1.110170418227318e-28
1.800847414883469e-28
2.91636060351776e-28
4.715009689740332e-28
7.610283286296997e-28
1.226297469786182e-27
1.972729464256862e-27
3.168223129030029e-27
5.079726895168832e-27
8.130947276368408e-27
1.299325709567333e-26
2.072864070225196e-26
3.301409080997178e-26
5.249323284588001e-26
8.332640366831559e-26
1.320495839664829e-25
2.089133679282918e-25
3.299666869362046e-25
5.202934565575512e-25
8.190316794020946e-25
1.28714321967444e-24
2.019419625202015e-24
3.163002683293101e-24
4.945902284802452e-24
7.720832537165903e-24
1.203247645467437e-23
1.872051651750682e-23
2.907718261906217e-23
4.508768898126161e-23
6.979665215641467e-23
1.078652682177423e-22
1.664174023678281e-22
2.563217845213025e-22
3.941318214262254e-22
6.050152178067977e-22
9.271701080632096e-22
1.418470761325134e-21
2.166450445813343e-21
3.303269237790048e-21
5.028119135393014e-21
7.640698014307861e-21
1.159113086630856e-20
1.755429286586824e-20
2.654025635923868e-20
4.005811139982702e-20
6.035855504207895e-20
9.079243617072283e-20
1.363396825725348e-19
2.04388303124972e-19
3.058794481020159e-19
4.569875099334959e-19
6.815811600108446e-19
1.014820537451241e-18
1.508407273972605e-18
2.238231209969979e-18
3.315487960442182e-18
4.902814882297246e-18
7.237660787813419e-18
1.066607875420379e-17
1.569149710612273e-17
2.304497393304153e-17
3.378620204589577e-17
4.944848975022802e-17
7.224640468663467e-17
1.053726985834479e-16
1.534220189449874e-16
2.229944729660382e-16
3.235535891893583e-16
4.68644218534932e-16
6.776166698641061e-16
9.780648149089227e-16
1.409265677312682e-15
2.027023534645952e-15
2.910477839841003e-15
4.171653358853427e-15
5.968831962163083e-15
8.525240077414658e-15
1.215510829331466e-14
1.729994660438876e-14
2.457894287134343e-14
3.485882779262137e-14
4.935059251445079e-14
6.974298525849743e-14
9.838661732108206e-14
1.38547105645731e-13
1.947526748159387e-13
2.732703928594316e-13
3.827571939951646e-13
5.351486398116889e-13
7.468685500784666e-13
1.040473805204167e-12
1.44688417063471e-12
2.00840125780255e-12
2.782785070085114e-12
3.848749444146371e-12
5.313353489827533e-12
7.321924316849859e-12
1.007134479980021e-11
1.382781649600373e-11
1.895055119771616e-11
2.59233034344275e-11
3.539624496284866e-11
4.824146984661049e-11
6.562637239193592e-11
8.911048288151591e-11
1.207729610763764e-10
1.633800317257794e-10
2.206046179065169e-10
2.973133961248209e-10
3.999413300537213e-10
5.369797384524588e-10
7.196095941353065e-10
9.625232832988218e-10
1.284985895466662e-09
1.712205155435242e-09
2.277095401126417e-09
3.022540440156263e-09
4.004293341353105e-09
5.294683358414431e-09
6.987337375363722e-09
9.203189321738137e-09
1.209810118751875e-08
1.587250153534114e-08
2.078356509116475e-08
2.71605351542803e-08
3.542396243005896e-08
4.610982173858247e-08
5.989963369756879e-08
7.765800091874553e-08
1.004792054004611e-07
1.297450751280849e-07
1.671963900662377e-07
2.150209468254616e-07
2.759618382697226e-07
3.534500478963309e-07
4.517666525316599e-07
5.762403816333972e-07
7.334874680964276e-07
9.317026865574007e-07
1.181010247819358e-06
1.493886543357803e-06
1.88566696124326e-06
2.375152462263941e-06
2.9853333671781e-06
3.74424826077302e-06
4.685999556386378e-06
5.851956302649342e-06
7.292162990779616e-06
9.066993698070291e-06
1.124907794292085e-05
1.392554349877173e-05
1.72006093634991e-05
2.119857163052075e-05
2.606724228826351e-05
3.19818573188968e-05
3.914953776984476e-05
4.781434472533874e-05
5.826295455335639e-05
7.083098898874596e-05
8.5910149209667e-05
0.0001039560083881952
0.0001254966191481799
0.000151141983224079
0.0001815942086977884
0.0002176585112465546
0.0002602548047434539
0.0003104302450083196
0.0003693718754220754
0.0004384199855849147
0.0005190814845263958
0.0006130434921942651
0.0007221862906590104
0.0008485956350341439
0.000994573812931776
0.001162649714387953
0.001355586107820272
0.001576384296640754
0.001828285516239703
0.002114768605679274
0.002439542207866907
0.002806531032547355
0.003219856647774577
0.003683809889480472
0.004202816635370255
0.004781393799930811
0.005424095783382654
0.006135454867035151
0.006919905543327332
0.007781702559441328
0.00872483104467392
0.009752903133630753
0.01086904760450125
0.01207580231130123
0.01337498240172863
0.01476756203919649
0.01625354960560799
0.01783186942338943
0.01950024999678135
0.02125511504709721
0.02309149876236916
0.02500298246741295
0.0269816480576992
0.02901806868612766
0.03110132925212383
0.03321908414363861
0.03535765781998634
0.03750218451023102
0.03963680565357208
0.0417449101805687
0.04380940645933151
0.04581305012106895
0.04773880541324615
0.0495702438056469
0.05129194259643555
0.05288991332054138
0.05435202270746231
0.0556684248149395
0.05683190375566483
0.05783824250102043
0.05868648365139961
0.05937912315130234
0.059922244399786
0.06032548472285271
0.06060197204351425
0.06076810881495476
0.06084319949150085
0.06084901839494705
0.06080923974514008
0.06074878200888634
0.06069303676486015
0.06066709011793137
0.0606948658823967
0.06079829484224319
0.06099649518728256
0.06130502372980118
0.06173523142933846
0.06229372322559357
0.06298202276229858
0.06379640847444534
0.06472790986299515
0.06576258689165115
0.06688196957111359
0.06806378811597824
0.06928279995918274
0.0705118328332901
0.07172296196222305
0.07288872450590134
0.07398338615894318
0.07498414069414139
0.07587222754955292
0.07663393765687943
0.07726127654314041
0.0777525007724762
0.07811225950717926
0.07835151255130768
0.07848700135946274
0.07854048162698746
0.07853766530752182
0.07850690931081772
0.07847771793603897
0.07847920060157776
0.07853842526674271
0.07867898046970367
0.07891953736543655
0.0792728066444397
0.07974473387002945
0.08033417165279388
0.08103279024362564
0.0818256214261055
0.08269189298152924
0.08360626548528671
0.08454034477472305
0.08546445518732071
0.0863494947552681
0.08716880530118942
0.08789987117052078
0.08852581679821014
0.08903651684522629
0.08942928165197372
0.0897090956568718
0.08988825976848602
0.08998558670282364
0.09002514183521271
0.09003452211618423
0.09004301577806473
0.09007947146892548
0.09017027914524078
0.09033749252557755
0.09059721231460571
0.09095842391252518
0.09142236411571503
0.09198243170976639
0.0926247239112854
0.09332909435033798
0.09407071024179459
0.09482195973396301
0.09555461257696152
0.09624204039573669
0.09686128050088882
0.09739484637975693
0.09783212095499039
0.09817014634609222
0.0984138622879982
0.09857562184333801
0.09867416322231293
0.09873298555612564
0.0987783819437027
0.0988372266292572
0.09893465787172318
0.0990920215845108
0.09932497888803482
0.09964229911565781
0.1000450626015663
0.1005267128348351
0.101073682308197
0.1016666740179062
0.1022824198007584
0.1028958261013031
0.103482261300087
0.1040197759866714
0.1044911295175552
0.1048852726817131
0.1051983535289764
0.1054339781403542
0.1056027412414551
0.1057212203741074
0.10581024736166
0.1058929190039635
0.1059923097491264
0.1061292886734009
0.1063204854726791
0.1065767332911491
0.1069021075963974
0.1072936207056046
0.1077416092157364
0.1082308143377304
0.1087419986724854
0.1092539727687836
0.1097457632422447
0.1101987436413765
0.1105985566973686
0.1109364628791809
0.1112101897597313
0.1114240661263466
0.1115884035825729
0.1117183566093445
0.1118321940302849
0.1119493246078491
0.112088181078434
0.1122642531991005
0.1124884933233261
0.1127662137150764
0.1130966022610664
0.1134729906916618
0.1138836294412613
0.114313155412674
0.1147443726658821
0.1151602044701576
0.1155455932021141
0.1158891767263412
0.1161844730377197
0.1164305433630943
0.116631917655468
0.1167980134487152
0.1169419065117836
0.1170786991715431
0.1172237694263458
0.117390938103199
0.1175909116864204
0.1178300753235817
0.1181098818778992
0.1184267550706863
0.1187726855278015
0.1191362738609314
0.1195042133331299
0.1198629811406136
0.1202004179358482
0.1205072104930878
0.120777927339077
0.1210116595029831
0.1212118864059448
0.1213860064744949
0.1215442940592766
0.1216985210776329
0.1218604519963264
0.1220403611660004
0.1222457811236382
0.1224806606769562
0.1227449104189873
0.1230346113443375
0.1233425587415695
0.1236593499779701
0.1239746510982513
0.1242785528302193
0.1245628297328949
0.1248219981789589
0.1250539422035217
0.1252600699663162
0.1254449784755707
0.1256158351898193
0.125781238079071
0.1259500831365585
0.1261303573846817
0.1263280808925629
0.1265465766191483
0.1267861723899841
0.1270441263914108
0.1273152530193329
0.1275925934314728
0.1278685629367828
0.1281359046697617
0.1283887177705765
0.1286232322454453
0.1288382560014725
0.1290352344512939
0.1292179226875305
0.1293918788433075
0.1295634657144547
0.129738986492157
0.1299238801002502
0.1301218569278717
0.1303345113992691
0.1305611431598663
0.1307989805936813
0.1310436129570007
0.1312897205352783
0.1315318942070007
0.1317653656005859
0.1319867372512817
0.1321943402290344
0.1323884725570679
0.1325711905956268
0.1327459812164307
0.132917195558548
0.1330892741680145
0.1332661509513855
0.1334505379199982
0.1336437612771988
0.1338454037904739
0.134053498506546
0.1342648416757584
0.1344754844903946
0.1346813142299652
0.1348786801099777
0.1350647360086441
0.1352378726005554
0.1353977471590042
0.1355452239513397
0.1356820315122604
0.1358103603124619
0.1359323263168335
0.1360494792461395
0.1361624002456665
0.1362704634666443
0.1363717764616013
0.1364632099866867
0.1365407258272171
0.1365997344255447
0.13663549721241
0.1366435587406158
0.1366199553012848
0.1365614384412766
0.1364655047655106
0.1363302618265152
0.1361542046070099
0.1359358876943588
0.1356735676527023
0.1353649348020554
0.1350069493055344
0.1345957517623901
0.1341267228126526
0.1335947662591934
0.1329945027828217
0.1323206126689911
0.1315682828426361
0.130733460187912
0.1298131048679352
0.1288052499294281
0.1277090758085251
0.1265248656272888
0.1252538561820984
0.123898059129715
0.1224601045250893
0.1209432035684586
0.1193510740995407
0.1176879554986954
0.1159587800502777
0.1141692325472832
0.1123259663581848
0.1104367151856422
0.1085103452205658
0.1065568700432777
0.1045872941613197
0.1026134341955185
0.100647509098053
0.09870189428329468
0.09678859263658524
0.0949188768863678
0.09310287982225418
0.09134925901889801
0.08966490626335144
0.08805471658706665
0.08652148395776749
0.08506572246551514
0.08368565887212753
0.08237716555595398
0.08113376796245575
0.07994662225246429
0.078804612159729
0.07769439369440079
0.0766005665063858
0.07550595700740814
0.0743919238448143
0.07323882728815079
0.07202661782503128
0.07073547691106796
0.06934655457735062
0.06784272938966751
0.06620936095714569
0.06443504989147186
0.06251223385334015
0.06043773889541626
0.05821318179368973
0.05584519729018211
0.05334549024701118
0.05073071643710136
0.04802221432328224
0.04524552077054977
0.04242975264787674
0.03960685059428215
0.03681068867444992
0.03407603874802589
0.03143751248717308
0.02892842516303062
0.02657960541546345
0.02441828884184361
0.02246704511344433
0.02074285037815571
0.01925630122423172
0.01801108010113239
0.01700365170836449
0.0162232480943203
0.01565216295421124
0.01526632905006409
0.01503618899732828
0.01492781564593315
0.01490421965718269
0.01492682378739119
0.01495700050145388
0.0149576123803854
0.01489449385553598
0.01473778672516346
0.01446307078003883
0.0140522476285696
0.01349411532282829
0.01278461795300245
0.01192675996571779
0.01093017961829901
0.009810412302613258
0.008587880060076714
0.007286651525646448
0.005933061707764864
0.00455424701794982
0.003176690777763724
0.001824856153689325
0.000519991444889456
-0.0007208242896012962
-0.001885344507172704
-0.002966486383229494
-0.003962318412959576
-0.004875714890658855
-0.005713702645152807
-0.00648656627163291
-0.007206772454082966
-0.007887803949415684
-0.008542989380657673
-0.009184423834085464
-0.009822058491408825
-0.01046303100883961
-0.01111128274351358
-0.0117674944922328
-0.01242933515459299
-0.01309199724346399
-0.01374898105859756
-0.01439303439110518
-0.01501718163490295
-0.0156157361343503
-0.0161852054297924
-0.01672499626874924
-0.01723784767091274
-0.01772993430495262
-0.01821063458919525
-0.01869193464517593
-0.01918753609061241
-0.01971171796321869
-0.02027804590761662
-0.02089803479611874
-0.02157990448176861
-0.02232752554118633
-0.02313966490328312
-0.02400964125990868
-0.02492541074752808
-0.02587014809250832
-0.02682325057685375
-0.02776175364851952
-0.02866202034056187
-0.02950158901512623
-0.03026103600859642
-0.03092568181455135
-0.03148699924349785
-0.03194357454776764
-0.03230152279138565
-0.03257431462407112
-0.03278197720646858
-0.03294976055622101
-0.03310626745223999
-0.03328128531575203
-0.0335034653544426
-0.033797986805439
-0.03418448567390442
-0.03467536717653275
-0.03527470678091049
-0.0359777994453907
-0.03677145019173622
-0.03763497248291969
-0.03854184597730637
-0.03946186602115631
-0.0403636172413826
-0.0412171259522438
-0.04199634119868279
-0.04268131405115128
-0.04325985163450241
-0.04372852295637131
-0.04409286007285118
-0.04436681792140007
-0.04457145184278488
-0.04473302513360977
-0.04488063976168633
-0.04504364728927612
-0.04524904862046242
-0.04551919177174568
-0.04586983844637871
-0.0463089607656002
-0.04683618620038033
-0.04744307696819305
-0.04811415448784828
-0.04882849380373955
-0.04956185817718506
-0.05028904974460602
-0.05098630115389824
-0.05163346976041794
-0.05221576616168022
-0.05272499099373817
-0.05316001176834106
-0.05352657288312912
-0.05383643880486488
-0.05410595238208771
-0.05435419455170631
-0.05460098013281822
-0.05486480891704559
-0.05516108497977257
-0.05550074577331543
-0.05588936805725098
-0.05632693693041801
-0.05680818855762482
-0.05732347071170807
-0.05786008387804031
-0.05840382352471352
-0.05894064903259277
-0.05945818498730659
-0.05994698777794838
-0.06040139496326447
-0.06081988662481308
-0.0612049512565136
-0.06156250089406967
-0.06190090253949165
-0.06222977861762047
-0.06255876272916794
-0.06289630383253098
-0.06324870139360428
-0.0636194720864296
-0.06400912255048752
-0.06441529095172882
-0.06483331322669983
-0.06525703519582748
-0.06567971408367157
-0.06609506905078888
-0.06649814546108246
-0.06688592582941055
-0.06725771725177765
-0.06761512905359268
-0.06796175241470337
-0.06830255687236786
-0.06864307820796967
-0.0689886212348938
-0.06934337317943573
-0.06970982998609543
-0.07008840143680573
-0.07047734409570694
-0.07087299972772598
-0.07127034664154053
-0.07166372239589691
-0.07204761356115341
-0.07241751253604889
-0.07277056574821472
-0.07310602813959122
-0.07342539727687836
-0.07373225688934326
-0.07403180003166199
-0.074330173432827
-0.07463353872299194
-0.07494731992483139
-0.07527542859315872
-0.07561967521905899
-0.07597952336072922
-0.07635212689638138
-0.07673269510269165
-0.07711510360240936
-0.07749274373054504
-0.07785937190055847
-0.07820989936590195
-0.07854113727807999
-0.07885210961103439
-0.07914422452449799
-0.0794210210442543
-0.07968764752149582
-0.07995016872882843
-0.08021466434001923
-0.08048641681671143
-0.0807691365480423
-0.08106444776058197
-0.08137167245149612
-0.08168789744377136
-0.08200826495885849
-0.08232665061950684
-0.08263637870550156
-0.08293105661869049
-0.08320526033639908
-0.08345512300729752
-0.08367865532636642
-0.08387576788663864
-0.08404805511236191
-0.08419828861951828
-0.0843297615647316
-0.08444561064243317
-0.08454804867506027
-0.084637850522995
-0.08471396565437317
-0.08477342873811722
-0.08481145650148392
-0.08482185006141663
-0.08479749411344528
-0.08473102748394012
-0.08461546897888184
-0.08444470912218094
-0.08421393483877182
-0.08391981571912766
-0.08356044441461563
-0.08313512057065964
-0.08264399319887161
-0.08208759874105453
-0.0814664363861084
-0.08078061789274216
-0.08002958446741104
-0.07921209931373596
-0.07832635939121246
-0.0773703008890152
-0.07634200155735016
-0.07524016499519348
-0.07406461983919144
-0.07281668484210968
-0.07149951159954071
-0.07011816650629044
-0.06867962330579758
-0.06719259917736053
-0.06566721946001053
-0.06411463767290115
-0.06254670768976212
-0.060975581407547
-0.05941339954733849
-0.05787218362092972
-0.05636366456747055
-0.05489927530288696
-0.05349017679691315
-0.05214724689722061
-0.05088110268115997
-0.04970201104879379
-0.04861970245838165
-0.04764311015605927
-0.04678001999855042
-0.04603667557239532
-0.04541735723614693
-0.04492397978901863
-0.04455580562353134
-0.04430922120809555
-0.04417769983410835
-0.04415186122059822
-0.04421968758106232
-0.04436689615249634
-0.04457733407616615
-0.0448334701359272
-0.04511692747473717
-0.04540896415710449
-0.04569098353385925
-0.04594498127698898
-0.0461539663374424
-0.04630237445235252
-0.04637646302580833
-0.04636466503143311
-0.04625797271728516
-0.04605026170611382
-0.04573861137032509
-0.04532353952527046
-0.04480918124318123
-0.04420328885316849
-0.04351715371012688
-0.04276532307267189
-0.04196514934301376
-0.04113619402050972
-0.04029947519302368
-0.03947660326957703
-0.03868888318538666
-0.03795639798045158
-0.03729710355401039
-0.03672603517770767
-0.03625466302037239
-0.0358903668820858
-0.03563612699508667
-0.03549037501215935
-0.03544707968831062
-0.03549598902463913
-0.03562304005026817
-0.03581098094582558
-0.0360400415956974
-0.03628881648182869
-0.03653514757752419
-0.03675712645053864
-0.03693407773971558
-0.03704755753278732
-0.0370822362601757
-0.03702672943472862
-0.0368741936981678
-0.0366227924823761
-0.03627585992217064
-0.03584182634949684
-0.03533382713794708
-0.03476909175515175
-0.03416803106665611
-0.03355314955115318
-0.03294781595468521
-0.03237491101026535
-0.03185554966330528
-0.03140783682465553
-0.03104581497609615
-0.03077864274382591
-0.03061003983020782
-0.03053806163370609
-0.03055521473288536
-0.03064888343214989
-0.03080210275948048
-0.03099456429481506
-0.03120384365320206
-0.03140675649046898
-0.03158077970147133
-0.03170542791485786
-0.03176352381706238
-0.03174230456352234
-0.03163421154022217
-0.03143738582730293
-0.03115582093596458
-0.03079911135137081
-0.03038183599710464
-0.0299226101487875
-0.02944285050034523
-0.02896533533930779
-0.02851264923810959
-0.02810562215745449
-0.02776188589632511
-0.02749462984502316
-0.0273116510361433
-0.02721481211483479
-0.02719989977777004
-0.02725693769752979
-0.02737090922892094
-0.02752287872135639
-0.02769139036536217
-0.02785405702888966
-0.02798923663794994
-0.02807766012847424
-0.02810386009514332
-0.02805733494460583
-0.02793332003057003
-0.02773312665522099
-0.02746401354670525
-0.02713857963681221
-0.02677376382052898
-0.02638948336243629
-0.02600704319775105
-0.02564744278788567
-0.02532968111336231
-0.02506925724446774
-0.02487692423164845
-0.02475783973932266
-0.02471117861568928
-0.02473023533821106
-0.02480301633477211
-0.02491327188909054
-0.02504188753664494
-0.02516851760447025
-0.02527331747114658
-0.02533863857388496
-0.02535052783787251
-0.025299908593297
-0.02518332190811634
-0.02500319667160511
-0.02476757392287254
-0.02448935247957706
-0.02418509498238564
-0.02387351728975773
-0.02357378043234348
-0.02330376580357552
-0.02307845279574394
-0.02290859259665012
-0.02279975637793541
-0.02275189012289047
-0.02275936678051949
-0.02281158417463303
-0.02289400063455105
-0.02298955246806145
-0.02308028377592564
-0.02314906753599644
-0.02318121865391731
-0.02316586300730705
-0.02309693768620491
-0.02297372370958328
-0.02280082739889622
-0.02258767746388912
-0.02234752103686333
-0.02209608815610409
-0.0218499880284071
-0.02162506431341171
-0.02143481373786926
-0.02128907293081284
-0.02119308710098267
-0.02114703506231308
-0.02114609442651272
-0.02118099853396416
-0.02123905532062054
-0.02130550891160965
-0.0213650818914175
-0.02140357159078121
-0.02140931598842144
-0.02137435413897038
-0.02129522711038589
-0.02117324061691761
-0.02101426757872105
-0.02082803100347519
-0.02062701620161533
-0.02042506635189056
-0.02023588865995407
-0.02007156051695347
-0.01994125917553902
-0.01985031366348267
-0.01979968696832657
-0.01978596113622189
-0.0198017843067646
-0.01983676105737686
-0.01987866498529911
-0.01991483196616173
-0.01993358880281448
-0.01992553845047951
-0.01988456770777702
-0.01980847865343094
-0.01969914883375168
-0.0195622444152832
-0.01940648630261421
-0.01924259215593338
-0.01908199861645699
-0.01893552206456661
-0.01881212368607521
-0.01871789433062077
-0.01865543238818645
-0.01862358674407005
-0.01861769147217274
-0.01863019354641438
-0.01865160465240479
-0.0186716765165329
-0.01868063397705555
-0.0186703372746706
-0.01863521337509155
-0.01857287064194679
-0.01848431117832661
-0.01837372407317162
-0.01824790611863136
-0.01811536587774754
-0.01798523589968681
-0.01786614395678043
-0.01776516065001488
-0.01768695749342442
-0.01763330027461052
-0.01760289445519447
-0.01759163103997707
-0.01759316213428974
-0.01759976893663406
-0.01760335825383663
-0.01759649813175201
-0.01757334172725677
-0.01753032393753529
-0.01746656186878681
-0.01738388650119305
-0.01728653348982334
-0.0171805378049612
-0.01707289554178715
-0.01697064936161041
-0.01687994785606861
-0.01680529862642288
-0.01674900576472282
-0.01671093516051769
-0.01668860763311386
-0.01667759381234646
-0.01667214557528496
-0.01666600629687309
-0.01665325090289116
-0.01662906631827354
-0.01659035682678223
-0.01653611287474632
-0.01646747812628746
-0.01638753153383732
-0.01630081050097942
-0.01621264778077602
-0.0161284301429987
-0.0160528626292944
-0.01598933525383472
-0.01593951694667339
-0.015903165563941
-0.01587824150919914
-0.01586122810840607
-0.01584767363965511
-0.01583283767104149
-0.01581236533820629
-0.01578287594020367
-0.01574240252375603
-0.01569061912596226
-0.01562883518636227
-0.01555975526571274
-0.01548704970628023
-0.01541479490697384
-0.01534688659012318
-0.01528649032115936
-0.01523561403155327
-0.01519486121833324
-0.01516339555382729
-0.01513910759240389
-0.01511896587908268
-0.01509948819875717
-0.01507726218551397
-0.01504943892359734
-0.01501412130892277
-0.01497061271220446
-0.01491947192698717
-0.01486238464713097
-0.01480187382549047
-0.0147408964112401
-0.01468239072710276
-0.01462884061038494
-0.01458192802965641
-0.01454230584204197
-0.01450954843312502
-0.01448225043714046
-0.01445827446877956
-0.01443510316312313
-0.0144102293998003
-0.01438154093921185
-0.0143476128578186
-0.01430790312588215
-0.01426279731094837
-0.01421351637691259
-0.01416189223527908
-0.01411006599664688
-0.01406014524400234
-0.01401388179510832
-0.01397241931408644
-0.01393613498657942
-0.01390462275594473
-0.01387677993625402
-0.01385101024061441
-0.01382549293339252
-0.01379847526550293
-0.01376854442059994
-0.01373483333736658
-0.01369712874293327
-0.013655886054039
-0.0136121204122901
-0.01356722507625818
-0.01352273486554623
-0.01348007656633854
-0.01344034727662802
-0.01340415142476559
-0.01337152719497681
-0.01334196701645851
-0.01331452094018459
-0.01328797172755003
-0.01326103415340185
-0.0132325766608119
-0.01320179179310799
-0.01316830888390541
-0.01313223782926798
-0.01309412904083729
-0.01305486261844635
-0.01301548909395933
-0.0129770478233695
-0.01294040028005838
-0.01290609687566757
-0.0128742977976799
-0.01284476649016142
-0.01281692832708359
-0.01278997957706451
-0.01276303268969059
-0.012735266238451
-0.01270606368780136
-0.01267509814351797
-0.01264237705618143
-0.01260822638869286
-0.01257321611046791
-0.01253805216401815
-0.01250345632433891
-0.01247003860771656
-0.01243819948285818
-0.01240807492285967
-0.01237952616065741
-0.01235217601060867
-0.01232548523694277
-0.01229885127395391
-0.01227171625941992
-0.01224365923553705
-0.01221446134150028
-0.01218413282185793
-0.01215289812535048
-0.01212114840745926
-0.01208936236798763
-0.01205802243202925
-0.01202752627432346
-0.01199812535196543
-0.01196988672018051
-0.01194269582629204
-0.01191627699881792
-0.01189025770872831
-0.01186423655599356
-0.01183785777539015
-0.01181086245924234
-0.01178314257413149
-0.01175473909825087
-0.01172583270817995
-0.0116967037320137
-0.01166767440736294
-0.01163905300199986
-0.01161107700318098
-0.01158387307077646
-0.01155744306743145
-0.01153167057782412
-0.01150634791702032
-0.01148121803998947
-0.01145602110773325
-0.01143054664134979
-0.01140466425567865
-0.01137834135442972
-0.01135165151208639
-0.01132474280893803
-0.01129781734198332
-0.01127108372747898
-0.01124472450464964
-0.01121886167675257
-0.01119353529065847
-0.0111687034368515
-0.01114425715059042
-0.01112003996968269
-0.01109588053077459
-0.01107162609696388
-0.01104716770350933
-0.01102246157824993
-0.01099752727895975
-0.01097244769334793
-0.01094734016805887
-0.01092234067618847
-0.010897571220994
-0.01087312586605549
-0.01084904372692108
-0.01082531549036503
-0.0108018796890974
-0.01077864319086075
-0.0107554979622364
-0.01073234342038631
-0.01070910133421421
-0.01068573445081711
-0.01066224742680788
-0.01063868496567011
-0.01061511971056461
-0.01059163734316826
-0.01056831516325474
-0.01054521556943655
-0.01052236836403608
-0.01049977168440819
-0.01047739014029503
-0.01045516598969698
-0.01043303310871124
-0.0104109263047576
-0.01038879714906216
-0.01036662142723799
-0.01034440100193024
-0.01032216101884842
-0.01029994525015354
-0.01027780678123236
-0.01025579590350389
-0.01023394800722599
-0.01021228171885014
-0.01019079424440861
-0.01016946416348219
-0.01014825329184532
-0.01012711971998215
-0.01010602619498968
-0.01008494291454554
-0.01006385870277882
-0.01004277542233467
-0.01002170797437429
-0.01000068709254265
-0.009979745373129845
-0.009958909824490547
-0.009938200935721397
-0.009917628020048141
-0.009897185489535332
-0.009876859374344349
-0.009856627322733402
-0.009836460463702679
-0.009816339239478111
-0.009796246886253357
-0.009776178747415543
-0.009756136685609818
-0.009736137464642525
-0.009716195985674858
-0.00969633087515831
-0.009676559828221798
-0.009656890295445919
-0.009637326933443546
-0.009617865085601807
-0.009598493576049805
-0.009579195640981197
-0.009559956379234791
-0.009540763683617115
-0.009521609172224998
-0.009502493776381016
-0.00948342215269804
-0.009464402683079243
-0.009445446543395519
-0.009426566772162914
-0.009407768025994301
-0.009389054961502552
-0.009370426647365093
-0.009351879358291626
-0.009333401918411255
-0.009314987808465958
-0.009296627715229988
-0.009278315119445324
-0.009260050021111965
-0.009241831488907337
-0.009223665110766888
-0.009205554611980915
-0.009187509305775166
-0.009169534780085087
-0.009151631034910679
-0.009133799001574516
-0.009116038680076599
-0.009098341688513756
-0.009080706164240837
-0.009063125587999821
-0.009045597165822983
-0.00902811624109745
-0.009010683745145798
-0.0089933006092906
-0.008975970558822155
-0.008958698250353336
-0.008941488340497017
-0.008924341760575771
-0.008907261304557323
-0.008890244178473949
-0.008873287588357925
-0.008856387808918953
-0.008839543908834457
-0.00882275216281414
-0.008806010708212852
-0.008789320476353168
-0.008772680535912514
-0.008756091818213463
-0.00873955711722374
-0.008723076432943344
-0.008706653490662575
-0.008690287359058857
-0.008673976175487041
-0.008657719008624554
-0.008641517721116543
-0.008625363931059837
-0.008609258569777012
-0.008593201637268066
-0.008577192202210426
-0.008561230264604092
-0.008545318618416786
-0.008529458194971085
-0.008513649925589561
-0.008497894741594791
-0.008482193574309349
-0.00846654549241066
-0.008450948633253574
-0.008435402065515518
-0.008419905789196491
-0.008404456079006195
-0.008389053866267204
-0.008373699150979519
-0.008358391001820564
-0.008343130350112915
-0.008327918127179146
-0.008312755264341831
-0.008297640830278397
-0.008282575756311417
-0.008267559111118317
-0.008252591826021671
-0.008237671107053757
-0.008222796022891998
-0.008207964710891247
-0.008193179033696651
-0.008178435266017914
-0.008163737133145332
-0.008149082772433758
-0.008134473115205765
-0.008119907230138779
-0.008105386048555374
-0.008090910501778126
-0.008076480589807034
-0.008062094449996948
-0.008047751151025295
-0.008033451624214649
-0.00801919586956501
-0.008004986681044102
-0.007990820333361626
-0.007976698689162731
-0.007962620817124844
-0.007948585785925388
-0.007934593595564365
-0.007920642383396626
-0.007906734012067318
-0.007892867550253868
-0.007879042066633701
-0.007865257561206818
-0.007851514033973217
-0.007837811484932899
-0.00782414898276329
-0.007810527458786964
-0.007796946447342634
-0.0077834059484303
-0.007769905496388674
-0.007756446488201618
-0.007743027992546558
-0.007729648146778345
-0.00771630834788084
-0.007703007198870182
-0.007689743768423796
-0.007676518987864256
-0.007663332391530275
-0.007650183513760567
-0.00763707235455513
-0.007624000310897827
-0.007610966917127371
-0.007597972638905048
-0.007585017010569572
-0.007572100032120943
-0.007559222634881735
-0.007546383887529373
-0.007533583790063858
-0.007520821411162615
-0.007508096285164356
-0.007495407946407795
-0.007482756394892931
-0.007470141164958477
-0.007457561325281858
-0.00744501780718565
-0.007432510145008564
-0.007420039270073175
-0.007407603319734335
-0.00739520275965333
-0.007382837124168873
-0.007370506413280964
-0.007358210161328316
-0.007345948368310928
-0.007333720568567514
-0.007321527693420649
-0.007309368345886469
-0.00729724345728755
-0.007285153027623892
-0.007273095659911633
-0.007261072751134634
-0.007249084301292896
-0.007237129379063845
-0.007225208450108767
-0.007213321048766375
-0.007201467175036669
-0.007189646828919649
-0.007177859544754028
-0.007166104856878519
-0.007154382299631834
-0.007142691873013973
-0.007131033111363649
-0.007119406014680862
-0.007107810117304325
-0.00709624495357275
-0.007084709592163563
-0.007073204033076763
-0.007061727344989777
-0.007050279527902603
-0.007038859650492668
-0.007027466781437397
-0.007016101386398077
-0.007004762068390846
-0.006993448827415705
-0.006982159335166216
-0.006970892660319805
-0.006959647871553898
-0.006948423571884632
-0.006937217898666859
-0.006926029454916716
-0.006914855912327766
-0.006903694942593575
-0.006892543751746416
-0.00688139908015728
-0.00687025859951973
-0.006859118584543467
-0.00684797391295433
-0.006836820859462023
-0.006825653370469809
-0.006814466789364815
-0.006803253199905157
-0.006792006548494101
-0.006780718453228474
-0.006769381463527679
-0.006757985800504684
-0.006746521219611168
-0.006734977476298809
-0.006723342929035425
-0.006711604073643684
-0.006699748337268829
-0.006687760353088379
-0.006675623822957277
-0.00666332058608532
-0.006650832016021013
-0.006638137623667717
-0.006625215522944927
-0.006612043362110853
-0.00659859599545598
-0.006584847811609507
-0.006570771802216768
-0.006556338630616665
-0.006541519891470671
-0.006526283919811249
-0.006510598585009575
-0.00649443082511425
-0.006477747578173876
-0.006460512988269329
-0.006442693062126637
-0.006424251478165388
-0.006405154708772898
-0.00638536736369133
-0.006364855915307999
-0.006343585439026356
-0.006321525666862726
-0.006298646330833435
-0.006274919491261244
-0.0062503213994205
-0.006224829703569412
-0.006198428571224213
-0.00617110263556242
-0.006142844446003437
-0.006113650277256966
-0.006083521991968155
-0.006052468903362751
-0.006020504981279373
-0.005987651646137238
-0.005953938700258732
-0.005919403862208128
-0.005884092301130295
-0.005848055705428123
-0.005811356473714113
-0.005774063523858786
-0.005736255552619696
-0.005698018707334995
-0.005659445654600859
-0.005620636511594057
-0.005581698846071959
-0.00554274395108223
-0.005503889173269272
-0.00546525651589036
-0.005426968913525343
-0.005389150232076645
-0.005351925734430552
-0.005315417423844337
-0.005279745440930128
-0.005245025269687176
-0.005211364943534136
-0.005178865976631641
-0.005147619172930717
-0.005117704626172781
-0.005089188925921917
-0.005062127020210028
-0.005036555696278811
-0.005012497771531343
-0.004989956505596638
-0.004968918859958649
-0.004949353635311127
-0.004931209608912468
-0.004914418794214725
-0.004898895509541035
-0.004884537309408188
-0.004871226381510496
-0.004858831409364939
-0.004847208503633738
-0.004836204461753368
-0.004825657699257135
-0.004815400578081608
-0.00480526452884078
-0.004795081913471222
-0.0047846888191998
-0.004773926921188831
-0.004762650467455387
-0.004750723950564861
-0.004738027695566416
-0.004724459256976843
-0.004709938075393438
-0.004694402683526278
-0.00467781675979495
-0.004660166334360838
-0.004641462583094835
-0.004621740896254778
-0.004601061809808016
-0.004579506814479828
-0.004557178355753422
-0.004534197971224785
-0.004510701633989811
-0.004486838821321726
-0.00446276692673564
-0.00443864893168211
-0.004414647817611694
-0.004390924703329802
-0.004367634188383818
-0.004344919230788946
-0.004322907421737909
-0.004301708657294512
-0.004281413741409779
-0.004262090194970369
-0.004243780393153429
-0.004226500634104013
-0.004210243467241526
-0.004194973036646843
-0.004180631134659052
-0.004167135339230299
-0.004154383204877377
-0.004142254590988159
-0.004130614455789328
-0.004119319375604391
-0.004108218941837549
-0.004097162280231714
-0.004086000844836235
-0.004074595402926207
-0.004062816966325045
-0.004050553310662508
-0.004037708975374699
-0.004024212714284658
-0.004010016564279795
-0.003995097242295742
-0.00397945661097765
-0.003963123541325331
-0.003946148790419102
-0.003928604535758495
-0.003910582978278399
-0.003892192151397467
-0.003873551730066538
-0.003854789072647691
-0.003836034098640084
-0.003817416029050946
-0.00379905803129077
-0.003781072096899152
-0.003763557644560933
-0.003746595466509461
-0.003730247961357236
-0.003714554477483034
-0.003699531778693199
-0.003685172647237778
-0.0036714484449476
-0.003658308880403638
-0.003645684337243438
-0.003633489133790135
-0.003621626412495971
-0.003609988372772932
-0.003598465584218502
-0.00358694838359952
-0.003575330367311835
-0.003563513746485114
-0.003551413770765066
-0.003538962220773101
-0.003526106476783752
-0.003512815339490771
-0.003499076934531331
-0.003484900109469891
-0.003470313502475619
-0.003455363214015961
-0.003440111642703414
-0.003424632595852017
-0.003409009892493486
-0.003393332473933697
-0.003377690445631742
-0.003362170420587063
-0.003346855286508799
-0.003331815823912621
-0.003317110938951373
-0.003302785102277994
-0.003288866486400366
-0.003275365568697453
-0.003262275597080588
-0.003249573986977339
-0.003237222321331501
-0.003225170308724046
-0.003213356714695692
-0.003201713785529137
-0.003190170973539352
-0.003178656799718738
-0.003167102811858058
-0.003155447309836745
-0.003143637673929334
-0.003131633857265115
-0.003119408385828137
-0.003106948221102357
-0.003094254760071635
-0.003081344766542315
-0.003068246878683567
-0.003055002307519317
-0.003041661577299237
-0.003028282197192311
-0.003014925867319107
-0.003001655917614698
-0.002988534048199654
-0.002975617535412312
-0.00296295783482492
-0.002950596855953336
-0.002938568126410246
-0.00292689329944551
-0.002915584715083241
-0.00290464423596859
-0.002894065110012889
-0.002883833134546876
-0.002873928984627128
-0.00286433007568121
-0.002855013823136687
-0.002845959272235632
-0.002837150124832988
-0.002828576136380434
-0.002820236375555396
-0.002812139224261045
-0.002804304473102093
-0.002796762390062213
-0.002789554884657264
-0.002782733412459493
-0.002776358742266893
-0.002770499093458056
-0.002765228739008307
-0.002760624745860696
-0.00275676604360342
-0.002753730164840817
-0.002751591615378857
-0.002750420477241278
-0.002750280313193798
-0.002751225838437676
-0.002753303851932287
-0.002756551839411259
-0.002760998206213117
-0.002766661811619997
-0.002773553598672152
-0.00278167612850666
-0.002791024511680007
-0.00280158850364387
-0.002813351806253195
-0.002826293231919408
-0.002840387402102351
-0.002855604281648993
-0.002871910575777292
-0.002889267634600401
-0.002907631918787956
-0.002926953369751573
-0.002947175176814198
-0.002968232380226254
-0.002990050939843059
-0.003012545872479677
-0.003035621019080281
-0.003059168113395572
-0.003083067247644067
-0.00310718547552824
-0.003131379373371601
-0.003155494807288051
-0.003179368562996387
-0.003202830906957388
-0.003225708147510886
-0.003247825428843498
-0.003269008127972484
-0.00328908720985055
-0.003307902254164219
-0.003325302619487047
-0.00334115419536829
-0.003355339635163546
-0.003367762314155698
-0.003378348890691996
-0.003387050004675984
-0.003393842140212655
-0.00339872925542295
-0.003401743015274405
-0.003402943024411798
-0.003402413567528129
-0.003400266403332353
-0.003396636806428432
-0.003391682403162122
-0.003385578747838736
-0.003378519089892507
-0.003370709950104356
-0.003362368326634169
-0.003353717271238565
-0.003344982163980603
-0.003336386755108833
-0.003328149439767003
-0.00332047906704247
-0.003313570283353329
-0.003307600738480687
-0.003302726428955793
-0.003299078904092312
-0.003296761540696025
-0.003295846516266465
-0.003296374808996916
-0.003298352938145399
-0.003301752964034677
-0.003306512488052249
-0.003312535583972931
-0.003319694194942713
-0.003327830927446485
-0.003336763475090265
-0.00334628764539957
-0.003356182714924216
-0.00336621911264956
-0.003376160282641649
-0.003385774092748761
-0.003394836559891701
-0.003403139300644398
-0.003410495119169354
-0.003416743595153093
-0.003421756438910961
-0.003425442148000002
-0.003427747637033463
-0.003428659634664655
-0.003428207477554679
-0.0034264603164047
-0.003423525486141443
-0.003419546410441399
-0.00341469538398087
-0.003409170312806964
-0.003403187496587634
-0.003396973013877869
-0.003390757134184241
-0.00338476593606174
-0.00337921385653317
-0.003374295774847269
-0.003370180493220687
-0.003367006313055754
-0.003364874515682459
-0.003363847034052014
-0.00336394552141428
-0.00336514925584197
-0.003367397468537092
-0.003370591439306736
-0.003374598920345306
-0.003379259957000613
-0.003384391544386744
-0.003389796474948525
-0.003395270323380828
-0.003400609362870455
-0.003405619412660599
-0.003410121658816934
-0.003413960803300142
-0.003417011583223939
-0.003419182728976011
-0.003420419059693813
-0.00342070683836937
-0.003420071210712194
-0.003418575506657362
-0.003416318912059069
-0.00341343111358583
-0.003410067642107606
-0.003406401956453919
-0.003402619622647762
-0.003398908767849207
-0.003395453793928027
-0.003392426297068596
-0.003389978781342506
-0.00338823813945055
-0.003387301461771131
-0.003387232311069965
-0.003388058627024293
-0.003389772959053516
-0.003392334328964353
-0.003395670559257269
-0.003399682464078069
-0.003404251532629132
-0.003409244818612933
-0.003414522157981992
-0.003419946413487196
-0.003425388131290674
-0.003430732991546392
-0.003435889724642038
-0.00344079383648932
-0.003445410868152976
-0.003449739655479789
-0.003453812329098582
-0.003457691986113787
-0.003461472457274795
-0.003465271322056651
-0.003469225950539112
-0.003473487216979265
-0.003478211117908359
-0.003483553184196353
-0.003489660331979394
-0.003496664110571146
-0.003504676278680563
-0.003513782052323222
-0.003524038940668106
-0.003535474417731166
-0.003548085456714034
-0.003561839926987886
-0.003576678922399879
-0.003592522349208593
-0.003609273117035627
-0.003626821795478463
-0.003645054064691067
-0.003663856303319335
-0.0036831209436059
-0.003702751360833645
-0.00372266536578536
-0.003742798697203398
-0.003763105720281601
-0.003783559426665306
-0.003804151201620698
-0.003824886167421937
-0.003845780389383435
-0.003866857616230845
-0.003888142062351108
-0.003909656312316656
-0.003931412473320961
-0.003953411243855953
-0.00397563586011529
-0.003998049534857273
-0.004020594526082277
-0.004043192137032747
-0.004065742250531912
-0.004088128451257944
-0.004110217560082674
-0.00413186801597476
-0.0041529331356287
-0.004173266235738993
-0.00419272668659687
-0.004211186431348324
-0.004228533245623112
-0.004244676325470209
-0.004259547218680382
-0.004273103550076485
-0.004285330884158611
-0.00429623806849122
-0.00430586002767086
-0.004314252641052008
-0.004321492277085781
-0.004327668342739344
-0.004332883283495903
-0.004337245132774115
-0.004340865183621645
-0.004343854729086161
-0.004346321802586317
-0.004348369315266609
-0.004350093193352222
-0.004351583309471607
-0.004352923482656479
-0.004354190547019243
-0.004355455283075571
-0.004356787074357271
-0.004358252510428429
-0.004359917249530554
-0.004361848346889019
-0.004364112857729197
-0.004366778302937746
-0.004369912203401327
-0.004373581148684025
-0.004377847071737051
-0.004382768180221319
-0.004388391971588135
-0.004394755698740482
-0.004401882644742727
-0.004409780260175467
-0.00441843643784523
-0.004427819978445768
-0.004437880590558052
-0.004448546562343836
-0.004459728486835957
-0.004471320193260908
-0.004483203869313002
-0.004495250061154366
-0.004507324658334255
-0.004519290756434202
-0.004531016573309898
-0.004542376846075058
-0.004553257953375578
-0.004563560243695974
-0.004573202691972256
-0.004582122899591923
-0.004590279422700405
-0.004597651772201061
-0.004604239482432604
-0.0046100621111691
-0.004615157376974821
-0.004619579296559095
-0.004623394459486008
-0.004626680165529251
-0.004629522562026978
-0.004632011987268925
-0.004634243901818991
-0.004636312369257212
-0.004638311453163624
-0.004640331491827965
-0.004642458166927099
-0.004644771572202444
-0.004647343885153532
-0.004650238901376724
-0.004653512500226498
-0.004657209385186434
-0.004661362618207932
-0.004665995482355356
-0.004671118687838316
-0.004676728509366512
-0.004682810977101326
-0.004689337685704231
-0.00469626858830452
-0.0047035519964993
-0.004711125046014786
-0.004718916025012732
-0.00472684670239687
-0.004734831862151623
-0.004742785822600126
-0.004750621970742941
-0.004758257418870926
-0.004765613470226526
-0.004772622603923082
-0.004779227077960968
-0.004785382654517889
-0.00479106092825532
-0.004796247929334641
-0.004800946917384863
-0.004805177450180054
-0.004808974917978048
-0.004812387283891439
-0.004815474152565002
-0.004818305373191833
-0.004820954985916615
-0.00482350355014205
-0.00482602883130312
-0.00482860766351223
-0.004831310361623764
-0.004834199324250221
-0.00483732670545578
-0.004840732086449862
-0.00484444247558713
-0.004848471377044916
-0.004852819256484509
-0.004857473541051149
-0.004862409085035324
-0.004867589566856623
-0.004872969351708889
-0.00487849535420537
-0.004884109366685152
-0.004889749456197023
-0.004895352758467197
-0.004900856409221888
-0.004906200803816319
-0.004911330994218588
-0.004916197154670954
-0.004920756444334984
-0.004924974869936705
-0.004928826820105314
-0.004932296462357044
-0.00493537588045001
-0.004938066937029362
-0.004940379410982132
-0.004942327737808228
-0.004943935200572014
-0.004945226013660431
-0.004946228116750717
-0.004946969449520111
-0.004947477485984564
-0.004947774577885866
-0.004947879817336798
-0.004947803448885679
-0.004947548266500235
-0.004947106819599867
-0.00494646281003952
-0.004945589229464531
-0.004944447427988052
-0.00494299316778779
-0.004941170569509268
-0.00493891816586256
-0.004936168901622295
-0.004932851064950228
-0.00492889154702425
-0.004924218636006117
-0.004918762482702732
-0.004912457894533873
-0.004905246663838625
-0.004897077102214098
-0.004887906834483147
-0.004877703730016947
-0.004866445437073708
-0.004854120779782534
-0.004840728361159563
-0.004826275631785393
-0.004810781218111515
-0.004794270731508732
-0.004776777699589729
-0.004758340306580067
-0.004739003721624613
-0.004718816839158535
-0.004697830881923437
-0.004676100332289934
-0.00465368339791894
-0.004630638286471367
-0.004607027862221003
-0.004582915455102921
-0.004558366257697344
-0.004533450584858656
-0.004508241079747677
-0.004482814110815525
-0.004457249771803617
-0.004431634675711393
-0.004406060092151165
-0.004380622413009405
-0.00435542268678546
-0.004330568481236696
-0.004306170158088207
-0.004282342735677958
-0.004259201232343912
-0.004236862994730473
-0.004215442575514317
-0.004195051733404398
-0.004175795707851648
-0.004157772287726402
-0.004141067620366812
-0.004125755745917559
-0.004111896269023418
-0.004099530167877674
-0.00408868258818984
-0.004079356789588928
-0.004071536008268595
-0.004065182060003281
-0.004060235340148211
-0.004056617617607117
-0.004054228309541941
-0.004052949603646994
-0.004052647389471531
-0.004053172655403614
-0.004054366145282984
-0.00405605835840106
-0.004058075603097677
-0.004060241859406233
-0.004062380641698837
-0.004064320120960474
-0.004065896384418011
-0.004066955763846636
-0.004067357629537582
-0.004066975321620703
-0.004065701272338629
-0.004063448868691921
-0.004060151055455208
-0.004055763594806194
-0.00405026413500309
-0.004043655470013618
-0.004035962279886007
-0.004027232527732849
-0.004017535131424665
-0.004006959497928619
-0.003995613195002079
-0.003983620088547468
-0.003971116151660681
-0.003958249930292368
-0.003945176023989916
-0.003932053688913584
-0.003919042181223631
-0.003906299360096455
-0.003893976332619786
-0.003882213030010462
-0.003871137276291847
-0.003860860131680965
-0.003851474029943347
-0.003843049053102732
-0.003835632698610425
-0.003829247551038861
-0.00382389104925096
-0.003819534787908196
-0.003816125448793173
-0.003813586430624127
-0.00381181831471622
-0.003810703521594405
-0.003810107940807939
-0.003809885121881962
-0.003809881629422307
-0.003809939604252577
-0.003809901652857661
-0.003809616435319185
-0.003808942856267095
-0.003807754023000598
-0.003805941203609109
-0.003803417785093188
-0.003800120437517762
-0.003796011907979846
-0.00379108265042305
-0.00378534896299243
-0.003778854850679636
-0.003771668300032616
-0.003763880347833037
-0.003755600890144706
-0.003746954957023263
-0.003738078288733959
-0.003729113377630711
-0.003720203414559364
-0.003711488097906113
-0.003703098511323333
-0.003695152932778001
-0.003687752643600106
-0.00368097797036171
-0.003674886887893081
-0.003669511992484331
-0.003664861200377345
-0.003660917049273849
-0.003657637163996696
-0.003654956119135022
-0.003652789862826467
-0.003651037346571684
-0.003649585181847215
-0.003648312529549003
-0.00364709529094398
-0.003645811462774873
-0.003644344629719853
-0.003642589785158634
-0.00364045612514019
-0.003637871006503701
-0.003634782508015633
-0.003631158964708447
-0.003626992926001549
-0.003622298594564199
-0.003617113223299384
-0.003611492225900292
-0.003605508478358388
-0.003599248128011823
-0.003592807566747069
-0.003586288774386048
-0.003579794662073255
-0.003573424648493528
-0.003567272098734975
-0.003561418270692229
-0.003555930685251951
-0.003550860332325101
-0.003546238876879215
-0.003542078891769052
-0.003538372926414013
-0.003535094670951366
-0.003532200353220105
-0.003529630834236741
-0.00352731510065496
-0.003525173757225275
-0.003523121820762753
-0.003521074075251818
-0.003518947865813971
-0.003516667755320668
-0.003514167387038469
-0.003511393908411264
-0.003508309368044138
-0.003504891414195299
-0.003501135623082519
-0.003497053170576692
-0.003492671996355057
-0.003488032845780253
-0.003483188804239035
-0.003478201804682612
-0.003473138436675072
-0.003468068083748221
-0.003463058499619365
-0.003458173014223576
-0.003453467506915331
-0.003448986914008856
-0.003444764064624906
-0.003440818283706903
-0.003437154926359653
-0.003433765145018697
-0.003430626122280955
-0.003427704330533743
-0.003424955764785409
-0.003422329667955637
-0.00341977016068995
-0.003417220897972584
-0.003414626698940992
-0.003411937039345503
-0.003409108845517039
-0.003406106494367123
-0.003402906702831388
-0.003399496432393789
-0.003395875217393041
-0.003392053302377462
-0.003388051642104983
-0.003383900271728635
-0.003379635978490114
-0.003375300671905279
-0.003370937891304493
-0.003366591176018119
-0.00336230150423944
-0.003358104731887579
-0.003354030661284924
-0.003350099548697472
-0.003346324199810624
-0.003342706710100174
-0.00333924125880003
-0.00333591247908771
-0.003332697786390781
-0.003329568775370717
-0.003326494013890624
-0.003323440439999104
-0.003320373594760895
-0.003317263443022966
-0.003314083209261298
-0.003310812171548605
-0.00330743589438498
-0.003303948324173689
-0.003300350625067949
-0.003296651877462864
-0.003292868146672845
-0.003289022017270327
-0.003285139333456755
-0.00328125013038516
-0.00327738537453115
-0.003273575333878398
-0.003269848879426718
-0.003266231389716268
-0.003262743586674333
-0.003259401069954038
-0.003256213618442416
-0.003253185423091054
-0.003250314854085445
-0.003247595624998212
-0.003245017491281033
-0.003242566250264645
-0.003240227000787854
-0.00323798437602818
-0.003235823241993785
-0.003233730792999268
-0.003231696551665664
-0.003229714231565595
-0.003227780805900693
-0.003225897904485464
-0.003224070882424712
-0.003222307423129678
-0.003220618702471256
-0.003219017060473561
-0.003217515535652637
-0.003216126933693886
-0.003214861731976271
-0.00321372807957232
-0.003212730167433619
-0.0032118686940521
-0.003211139235645533
-0.003210533410310745
-0.003210037713870406
-0.003209635382518172
-0.003209305461496115
-0.003209024202078581
-0.003208766924217343
-0.003208507085219026
-0.003208219073712826
-0.003207877278327942
-0.003207458648830652
-0.003206942463293672
-0.00320630962960422
-0.003205545246601105
-0.003204637439921498
-0.003203576896339655
-0.003202356630936265
-0.003200971987098455
-0.003199421102181077
-0.003197702346369624
-0.00319581595249474
-0.00319376215338707
-0.003191542346030474
-0.003189157228916883
-0.003186607966199517
-0.00318389548920095
-0.003181021427735686
-0.00317798787727952
-0.003174798330292106
-0.003171457210555673
-0.003167970571666956
-0.003164347028359771
-0.003160596825182438
-0.003156733466312289
-0.003152773017063737
-0.00314873387105763
-0.003144636983051896
-0.003140504937618971
-0.003136362181976438
-0.003132233629003167
-0.003128145588561893
-0.003124123206362128
-0.003120191162452102
-0.003116372507065535
-0.003112687729299068
-0.003109154757112265
-0.00310578802600503
-0.003102598479017615
-0.003099593101069331
-0.003096774918958545
-0.003094143467023969
-0.003091694787144661
-0.003089420730248094
-0.00308731128461659
-0.003085352014750242
-0.003083527553826571
-0.003081820206716657
-0.003080211114138365
-0.003078680019825697
-0.003077205736190081
-0.003075767075642943
-0.003074342850595713
-0.003072911873459816
-0.003071453422307968
-0.003069947939366102
-0.003068376099690795
-0.003066720208153129
-0.003064963966608047
-0.003063092473894358
-0.003061092924326658
-0.003058955073356628
-0.00305667077191174
-0.003054235130548477
-0.003051645820960402
-0.003048904240131378
-0.003046014346182346
-0.003042984055355191
-0.003039824776351452
-0.003036549780517817
-0.003033176530152559
-0.00302972411736846
-0.00302621372975409
-0.003022668650373816
-0.003019112395122647
-0.003015568945556879
-0.003012062050402164
-0.003008614061400294
-0.003005246398970485
-0.003001977922394872
-0.002998825162649155
-0.002995801158249378
-0.002992916153743863
-0.002990176668390632
-0.002987585263326764
-0.002985141705721617
-0.00298284157179296
-0.002980677410960197
-0.002978638280183077
-0.002976710209622979
-0.002974877366796136
-0.002973121590912342
-0.002971423789858818
-0.002969763008877635
-0.002968118293210864
-0.00296646892093122
-0.002964793471619487
-0.002963072387501597
-0.00296128704212606
-0.00295942067168653
-0.002957458142191172
-0.002955386880785227
-0.002953196642920375
-0.002950879745185375
-0.002948431530967355
-0.002945849671959877
-0.002943134400993586
-0.002940288512036204
-0.002937316661700606
-0.002934225834906101
-0.002931023947894573
-0.002927720546722412
-0.002924325177446008
-0.002920848783105612
-0.002917301608249545
-0.002913693198934197
-0.002910031238570809
-0.002906322479248047
-0.002902570879086852
-0.002898778533563018
-0.00289494451135397
-0.002891065552830696
-0.002887135837227106
-0.002883146516978741
-0.002879086881875992
-0.002874944126233459
-0.002870703581720591
-0.002866350114345551
-0.002861867425963283
-0.002857239218428731
-0.002852449426427484
-0.002847483148798347
-0.002842328045517206
-0.002836972707882524
-0.002831410383805633
-0.002825636183843017
-0.002819648943841457
-0.002813451690599322
-0.002807051409035921
-0.002800459507852793
-0.002793691353872418
-0.002786766039207578
-0.002779706846922636
-0.002772539621219039
-0.002765294397249818
-0.002758003305643797
-0.002750700805336237
-0.002743421820923686
-0.002736203139647841
-0.00272908085025847
-0.002722090808674693
-0.002715267473831773
-0.002708643674850464
-0.002702249912545085
-0.0026961131952703
-0.002690257737413049
-0.002684704028069973
-0.002679468365386128
-0.002674562390893698
-0.00266999495215714
-0.002665769308805466
-0.002661884995177388
-0.002658337121829391
-0.002655117772519588
-0.002652214374393225
-0.002649611560627818
-0.002647290704771876
-0.002645229920744896
-0.002643406158313155
-0.002641793340444565
-0.00264036376029253
-0.002639088779687881
-0.002637939527630806
-0.002636886201798916
-0.002635898534208536
-0.002634946722537279
-0.002634000265970826
-0.002633030293509364
-0.002632008632645011
-0.002630907576531172
-0.002629701048135757
-0.002628365531563759
-0.002626877976581454
-0.002625218592584133
-0.002623368985950947
-0.002621314022690058
-0.002619041129946709
-0.002616541227325797
-0.002613808261230588
-0.002610840369015932
-0.002607639180496335
-0.002604210050776601
-0.00260056322440505
-0.002596711507067084
-0.002592672826722264
-0.002588467905297875
-0.00258412235416472
-0.002579663647338748
-0.002575123216956854
-0.002570533659309149
-0.002565929666161537
-0.002561347559094429
-0.002556823194026947
-0.00255239219404757
-0.002548089018091559
-0.002543945331126451
-0.002539990935474634
-0.002536251209676266
-0.002532747341319919
-0.002529495162889361
-0.002526506083086133
-0.002523784292861819
-0.002521328860893846
-0.002519132336601615
-0.002517181914299726
-0.002515458269044757
-0.002513937186449766
-0.002512589562684298
-0.002511381870135665
-0.002510278252884746
-0.002509240293875337
-0.002508228179067373
-0.002507201861590147
-0.002506122458726168
-0.002504953183233738
-0.002503659809008241
-0.002502212533727288
-0.002500585746020079
-0.002498759888112545
-0.002496721455827355
-0.002494462532922626
-0.002491981955245137
-0.002489285543560982
-0.002486385405063629
-0.002483298536390066
-0.002480048220604658
-0.002476661931723356
-0.00247317086905241
-0.002469608560204506
-0.00246601109392941
-0.002462414326146245
-0.002458854112774134
-0.002455364214256406
-0.002451976062729955
-0.002448717830702662
-0.002445614198222756
-0.002442683326080441
-0.002439939184114337
-0.002437389455735683
-0.00243503600358963
-0.002432874636724591
-0.002430896041914821
-0.002429085550829768
-0.002427423838526011
-0.002425887156277895
