0
0
0
0
0
0
0
0
0
0
0
0
0
0
0
0
0
0
0
0
0
0
0
0
0
0
0
0
0
0
0
0
0
0
0
0
0
0
0
0
0
0
0
0
0
0
0
0
0
0
0
0
0
0
0
0
0
0
0
0
0
0
0
0
0
0
0
0
0
0
0
0
0
0
0
0
0
0
0
0
0
0
0
0
0
0
0
0
0
0
0
0
0
0
0
0
0
0
0
0
0
0
0
0
0
0
0
0
0
0
0
0
0
0
0
0
0
0
0
0
0
0
0
0
0
0
0
0
0
0
0
0
0
0
0
0
0
0
0
0
0
0
0
0
0
0
0
0
0
0
0
0
0
0
0
0
0
0
0
0
0
0
0
0
0
0
0
0
0
0
0
0
0
0
0
0
0
0
0
0
0
0
0
0
0
0
0
0
0
0
0
0
0
0
0
0
0
0
0
0
0
0
0
0
0
0
0
0
0
0
0
0
0
0
0
0
0
0
0
0
0
0
0
0
0
0
0
0
0
0
0
0
0
0
0
0
0
0
0
0
0
0
0
0
0
0
0
0
0
0
0
0
0
0
0
0
0
0
0
0
0
0
0
0
0
0
0
0
0
0
0
0
0
0
0
0
0
0
0
0
0
0
0
0
0
0
0
0
0
0
0
0
0
0
0
0
0
0
0
0
0
0
0
0
0
0
0
0
0
0
0
0
0
0
0
0
0
0
0
0
0
0
0
0
0
0
0
0
0
0
0
0
0
0
0
0
0
0
0
0
0
0
0
0
0
0
0
0
0
0
0
0
0
0
0
0
0
0
0
0
0
0
0
0
0
0
0
0
0
0
0
0
0
0
0
0
0
0
0
0
0
0
0
0
0
0
0
0
0
0
0
0
0
0
0
0
0
0
0
0
0
0
0
0
0
0
0
0
0
0
0
0
0
0
0
0
0
0
0
0
0
0
0
0
0
0
0
0
0
0
0
0
0
0
0
0
0
0
0
0
0
0
0
0
0
0
0
0
0
0
0
0
0
0
0
0
0
0
0
0
0
0
0
0
0
0
0
0
0
0
0
0
0
0
0
0
0
0
0
0
0
0
0
0
0
0
0
0
0
0
0
0
0
0
0
0
0
0
0
0
0
0
0
0
0
0
0
0
0
0
0
0
0
0
0
0
0
0
0
0
0
0
0
0
0
0
0
0
0
0
0
0
0
0
0
0
0
0
0
0
0
0
0
0
0
0
0
0
0
0
0
0
0
0
0
0
0
0
0
0
0
0
0
0
0
0
0
0
0
0
0
0
0
0
0
0
0
0
0
0
0
0
0
0
0
0
0
0
0
0
0
0
0
0
0
0
0
0
0
0
0
0
0
0
0
0
0
0
0
0
0
0
0
0
0
0
0
0
0
0
0
0
0
0
0
0
0
0
0
0
0
0
0
0
0
0
0
0
0
0
0
0
0
0
0
0
0
0
0
0
0
0
0
0
0
0
0
0
0
0
0
0
0
0
0
0
0
0
0
0
0
0
0
0
0
0
0
0
0
0
0
0
0
0
0
0
0
0
0
0
0
0
0
0
0
0
0
0
0
0
0
0
0
0
0
0
0
0
0
0
0
0
0
0
0
0
0
0
0
0
0
0
0
0
0
0
0
0
0
0
0
0
0
0
0
0
0
0
0
0
0
0
0
0
0
0
0
0
0
0
0
0
0
0
0
0
0
0
0
0
0
0
0
0
0
0
0
0
0
0
0
0
0
0
0
0
0
0
0
0
0
0
0
0
0
0
0
0
0
0
0
0
0
0
0
0
0
0
0
0
0
0
0
0
0
0
0
0
0
0
0
0
0
0
0
0
0
0
0
0
0
0
0
0
0
0
0
0
0
0
0
0
0
0
0
0
0
0
0
0
0
0
0
0
0
0
0
0
0
0
0
0
0
0
0
0
0
0
0
0
0
0
0
0
0
0
0
0
0
0
0
0
0
0
0
0
0
0
0
0
0
0
0
0
0
0
0
0
0
0
0
0
0
0
0
0
0
0
0
0
0
0
0
0
0
0
0
0
0
0
0
0
0
0
0
0
0
0
0
0
0
0
0
0
0
0
0
0
0
0
0
0
0
0
0
0
0
0
0
0
0
0
0
0
0
0
0
0
0
0
0
0
0
0
0
0
0
0
0
0
0
0
0
0
0
0
0
0
0
0
0
0
0
0
0
0
0
0
0
0
0
0
0
0
0
0
0
0
0
0
0
0
0
0
0
0
0
0
0
0
0
0
0
0
0
0
0
0
0
0
0
0
0
0
0
0
0
0
0
0
0
0
0
0
0
0
0
0
0
0
0
0
0
0
0
0
0
0
0
0
0
0
0
0
0
0
0
0
0
0
0
0
0
0
0
0
0
0
0
0
0
0
0
0
0
0
0
0
0
0
0
0
0
0
0
0
0
0
0
0
0
0
0
0
0
0
0
0
0
0
0
0
0
0
0
0
0
0
0
0
0
0
0
0
0
0
0
0
0
0
0
0
0
0
0
0
0
0
0
0
0
0
0
0
0
0
0
0
0
0
0
0
0
0
0
0
0
0
0
0
0
0
0
0
0
0
0
0
0
0
0
0
0
0
0
0
0
0
0
0
0
0
0
0
0
0
0
0
0
0
0
0
0
0
0
0
0
0
0
0
0
0
0
0
0
0
0
0
0
0
0
0
0
0
0
0
0
0
0
0
0
0
0
0
0
0
0
0
0
0
0
0
0
0
0
0
0
0
0
0
0
0
0
0
0
0
0
0
0
0
0
0
0
0
0
0
0
0
0
0
0
0
0
0
0
0
0
0
0
0
0
0
0
0
0
0
0
0
0
0
0
0
0
0
0
0
0
0
0
0
0
0
0
0
0
0
0
0
0
0
0
0
0
0
0
0
0
0
0
0
0
0
0
0
0
0
0
0
0
0
0
0
0
0
0
0
0
0
0
0
0
0
0
0
0
0
0
0
0
0
0
0
0
0
0
0
0
0
0
0
0
0
0
0
0
0
0
0
0
0
0
0
0
0
0
0
0
0
0
0
0
0
0
0
0
0
0
0
0
0
0
0
0
0
0
0
0
0
0
0
0
0
0
0
0
0
0
0
0
0
0
0
0
0
0
0
0
0
0
0
0
0
0
0
0
0
0
0
0
0
0
0
0
0
0
0
0
0
0
0
0
0
0
0
0
0
0
0
0
0
0
0
0
0
0
0
0
0
0
0
0
0
0
0
0
0
0
0
0
0
0
0
0
0
0
0
0
0
0
0
0
0
0
0
0
0
0
0
0
0
0
0
0
0
0
0
0
0
0
0
0
0
0
0
0
0
0
0
0
0
0
0
0
0
0
0
0
0
0
0
0
0
0
0
0
0
0
0
0
0
0
0
0
0
0
0
0
0
0
0
0
0
0
0
0
0
0
0
0
0
0
0
0
0
0
0
0
0
0
0
0
0
0
0
0
0
0
0
0
0
0
0
0
0
0
0
0
0
0
0
0
0
0
0
0
0
0
0
0
0
0
0
0
0
0
0
0
0
0
0
0
0
0
0
0
0
0
0
0
0
0
0
0
0
0
0
0
0
0
0
0
0
0
0
0
0
0
0
0
0
0
0
0
0
0
0
0
0
0
0
0
0
0
0
0
0
0
0
0
0
0
0
0
0
0
0
0
0
0
0
0
0
0
0
0
0
0
0
0
0
0
0
0
0
0
0
0
0
0
0
0
0
0
0
0
0
0
0
0
0
0
0
0
0
0
0
0
0
0
0
0
0
0
0
0
0
0
0
0
0
0
0
0
0
0
0
0
0
0
0
0
0
0
0
0
0
0
0
0
0
0
0
0
0
0
0
0
0
0
0
0
0
0
0
0
0
0
0
0
0
0
0
0
0
0
0
0
0
0
0
0
0
0
0
0
0
0
0
0
0
0
0
0
0
0
0
0
0
0
0
0
0
0
0
0
0
0
0
0
0
0
0
0
0
0
0
0
0
0
0
0
0
0
0
0
0
0
0
0
0
0
0
0
0
0
0
0
0
0
0
0
0
0
0
0
0
0
0
0
0
0
0
0
0
0
0
0
0
0
0
0
0
0
0
0
0
0
0
0
0
0
0
0
0
0
0
0
0
0
0
0
0
0
0
0
0
0
0
0
0
0
0
0
0
0
0
0
0
0
0
0
0
0
0
0
0
0
0
0
0
0
0
0
0
0
0
0
0
0
0
0
0
0
0
0
0
0
0
0
0
0
0
0
0
0
0
0
0
0
0
0
0
0
0
0
0
0
0
0
0
0
0
0
0
0
0
0
0
0
0
0
0
0
0
0
0
0
0
0
0
0
0
0
0
0
0
0
0
0
0
0
0
0
0
0
0
0
0
0
0
0
0
0
0
0
0
0
0
0
0
0
0
0
0
0
0
0
0
0
0
0
0
0
0
0
0
0
0
0
0
0
0
0
0
0
0
0
0
0
0
0
0
0
0
0
0
0
0
0
0
0
0
0
0
0
0
0
0
0
0
0
0
0
0
0
0
0
0
0
0
0
0
0
0
0
0
0
0
0
0
0
0
0
0
0
0
0
0
0
0
0
0
0
0
0
0
0
0
0
0
0
0
0
0
0
0
0
0
0
0
0
0
0
0
0
0
0
0
0
0
0
0
0
0
0
0
0
0
0
0
0
0
0
0
0
0
0
0
0
0
0
0
0
0
0
0
0
0
0
0
0
0
0
0
0
0
0
0
0
0
0
0
0
0
0
0
0
0
0
0
0
0
0
0
0
0
0
0
0
0
0
0
0
0
0
0
0
0
0
0
0
0
0
0
0
0
0
0
0
0
0
0
0
0
0
0
0
0
0
0
0
0
0
0
0
0
0
0
0
0
0
0
0
0
0
0
0
0
0
0
0
0
0
0
0
0
0
0
0
0
0
0
0
0
0
0
0
0
0
1.401298464324817e-44
5.324934164434305e-44
1.233142648605839e-43
2.326155450779196e-43
4.175869423687955e-43
7.749180507716238e-43
1.443337418254562e-42
2.697499543825273e-42
5.061490053141239e-42
9.475580215764413e-42
1.769419570902947e-41
3.300618402870674e-41
6.142451688521403e-41
1.140684975929688e-40
2.113956824326489e-40
3.909258377865515e-40
7.21410870209845e-40
1.328488397416964e-39
2.441305750786624e-39
4.476873939018783e-39
8.192493888591573e-39
1.49604922180799e-38
2.726244659483661e-38
4.957625250446098e-38
8.996491965354559e-38
1.62916147763501e-37
2.944064174336467e-37
5.309133795573841e-37
9.554195525898332e-37
1.715771543029921e-36
3.074825320389656e-36
5.498927632610232e-36
9.813702549026031e-36
1.747776572173388e-35
3.106260180245648e-35
5.509211414517893e-35
9.750826659116649e-35
1.72224375006673e-34
3.035636100826823e-34
5.339584365451871e-34
9.37278124740747e-34
1.641850612346914e-33
2.870142659278369e-33
5.007013044539749e-33
8.716859256739472e-33
1.514426106362816e-32
2.625690270361823e-32
4.54304380796546e-32
7.844386484534443e-32
1.351699896065633e-31
2.324402545912027e-31
3.988897609600113e-31
6.831331817261326e-31
1.167533620959875e-30
1.991340468598064e-30
3.389489248110168e-30
5.757529200610031e-30
9.76004270233504e-30
1.65113073675822e-29
2.787570538500426e-29
4.696619405998554e-29
7.896970597434297e-29
1.325109255587038e-28
2.219010259604308e-28
3.708376904211407e-28
6.184801423133923e-28
1.029402910816669e-27
1.709870456541126e-27
2.834388788038762e-27
4.688938376083162e-27
7.741209929846385e-27
1.275447876042425e-26
2.097183635042149e-26
3.44136255819591e-26
5.635661133646587e-26
9.210434245759761e-26
1.502229917224152e-25
2.445197388729934e-25
3.972035452113906e-25
6.439231952819158e-25
1.041782431816965e-24
1.68206266743857e-24
2.71037697562831e-24
4.358527893258013e-24
6.994758649113242e-24
1.120285037331515e-23
1.790636315394261e-23
2.856336595705552e-23
4.54710122723266e-23
7.224091558313663e-23
1.14539498481568e-22
1.812386346510908e-22
2.862001500529252e-22
4.510373946078359e-22
7.093797737626588e-22
1.113444679271938e-21
1.74414303720752e-21
2.726585208398681e-21
4.253824363771178e-21
6.623134190516224e-21
1.029131508449664e-20
1.595884725677385e-20
2.469763076542012e-20
3.814451952556509e-20
5.879384597820686e-20
9.043871306127984e-20
1.388351572336366e-19
2.126997105223282e-19
3.252044810121802e-19
4.962129832674316e-19
7.556164614725431e-19
1.148302052513464e-18
1.741534274345416e-18
2.635899323430613e-18
3.981494498590784e-18
6.001828964421431e-18
9.02902711059602e-18
1.355557035354239e-17
2.031017751595954e-17
3.036884762019829e-17
4.531700052321147e-17
6.748570232870617e-17
1.00295093406683e-16
1.48752551299901e-16
2.201737209027834e-16
3.252238322822254e-16
4.79418054107533e-16
7.052792306742146e-16
1.035432662360562e-15
1.517036432048926e-15
2.218109085348838e-15
3.236546349260098e-15
4.712943834565657e-15
6.84878230381358e-15
9.932177896430049e-15
1.43742355122661e-14
2.076029134029118e-14
2.992193691713115e-14
4.303806253437917e-14
6.177626091881036e-14
8.849027738865034e-14
1.264950600862735e-13
1.804491208149892e-13
2.568846556912779e-13
3.649410417957966e-13
5.173773735822618e-13
7.319665706884138e-13
1.033410986991945e-12
1.45596815853688e-12
2.047040271666023e-12
2.872073455797985e-12
4.02122215734102e-12
5.61840201099284e-12
7.833546311619699e-12
1.089917652657979e-11
1.513272666897603e-11
2.096658090200432e-11
2.898835338438488e-11
3.999479913918691e-11
5.506378686348512e-11
7.565013893096051e-11
1.037129479519727e-10
1.418842404676823e-10
1.936920346334858e-10
2.638541884980583e-10
3.586652086440267e-10
4.865032821044224e-10
6.584938150311359e-10
8.893759062544859e-10
1.198628862830731e-09
1.611937028300758e-09
2.16308349010319e-09
2.896399342589007e-09
3.869915943255364e-09
5.159413785094102e-09
6.863613677410285e-09
9.110805443413028e-09
1.206729383085303e-08
1.594813703320597e-08
2.103074159265361e-08
2.767205309339715e-08
3.633020995152947e-08
4.759175098456581e-08
6.220568593562348e-08
8.112606764143493e-08
1.055650429293564e-07
1.370586346638447e-07
1.775482729726718e-07
2.294813157277531e-07
2.959348819331353e-07
3.807675739153638e-07
4.888049147666607e-07
6.260656846279744e-07
8.000362754501111e-07
1.020003423946036e-06
1.297455355597776e-06
1.6465636463181e-06
2.084761945297942e-06
2.633435315146926e-06
3.318741164548555e-06
4.172582066530595e-06
5.233752290223492e-06
6.54929363008705e-06
8.176069968612865e-06
1.018261900753714e-05
1.265129048988456e-05
1.568073275848292e-05
1.938873901963234e-05
2.391552879998926e-05
2.942747050838079e-05
3.612132059060968e-05
4.422899655764922e-05
5.402297392720357e-05
6.582224159501493e-05
7.999897206900641e-05
9.69858665484935e-05
0.0001172841075458564
0.0001414721627952531
0.0001702151639619842
0.0002042748965322971
0.0002445204299874604
0.0002919393591582775
0.0003476491547189653
0.0004129088774789125
0.0004891309654340148
0.0005778928170911968
0.0006809474434703588
0.0008002339163795114
0.0009378861868754029
0.001096240244805813
0.001277838833630085
0.001485434011556208
0.001721986103802919
0.001990658231079578
0.002294807229191065
0.002637968631461263
0.003023836063221097
0.00345623423345387
0.003939084708690643
0.004476364236325026
0.005072055850178003
0.005730091128498316
0.006454285234212875
0.007248264271765947
0.008115384727716446
0.009058644995093346
0.01008059550076723
0.01118324045091867
0.01236793864518404
0.01363530289381742
0.01498510967940092
0.01641619764268398
0.01792638748884201
0.01951240934431553
0.02116983756422997
0.02289306186139584
0.02467525191605091
0.02650838159024715
0.02838324196636677
0.03028951585292816
0.03221587464213371
0.03415010124444962
0.03607925027608871
0.03798985108733177
0.03986812382936478
0.04170024022459984
0.04347260296344757
0.04517212137579918
0.04678653925657272
0.0483047254383564
0.04971697553992271
0.05101529881358147
0.05219368264079094
0.05324830859899521
0.05417772382497787
0.05498295649886131
0.05566759780049324
0.05623775720596313
0.05670198425650597
0.05707112327218056
0.05735806748270988
0.05757743492722511
0.05774520710110664
0.0578782856464386
0.05799402669072151
0.05810972303152084
0.0582420825958252
0.05840671434998512
0.05861761048436165
0.05888674408197403
0.05922362953424454
0.05963503941893578
0.06012476235628128
0.06069351360201836
0.06133890524506569
0.06205557286739349
0.06283542513847351
0.06366795301437378
0.06454064697027206
0.06543958187103271
0.06634999066591263
0.06725681573152542
0.06814537942409515
0.06900203227996826
0.06981465965509415
0.07057325541973114
0.07127027213573456
0.07190092653036118
0.07246337831020355
0.07295873016119003
0.07339093834161758
0.07376652956008911
0.074094258248806
0.07438463717699051
0.07464933395385742
0.07490060478448868
0.07515065371990204
0.07541101425886154
0.07569196820259094
0.0760020911693573
0.07634782046079636
0.07673319429159164
0.07715976238250732
0.0776265412569046
0.07813017815351486
0.07866524159908295
0.0792246013879776
0.07979992032051086
0.08038213849067688
0.08096209168434143
0.08153103291988373
0.08208113163709641
0.08260591328144073
0.08310059458017349
0.08356233686208725
0.08399026840925217
0.08438549190759659
0.0847509503364563
0.08509113639593124
0.08541169017553329
0.08571904897689819
0.08601993322372437
0.08632092177867889
0.0866280198097229
0.0869462862610817
0.08727952092885971
0.08763012290000916
0.08799894899129868
0.08838538080453873
0.08878743648529053
0.08920199424028397
0.08962508291006088
0.09005220234394073
0.09047870337963104
0.09090011566877365
0.09131249785423279
0.09171266853809357
0.0920984297990799
0.09246863424777985
0.09282325208187103
0.09316327422857285
0.09349058568477631
0.09380774945020676
0.09411779046058655
0.09442391991615295
0.09472925215959549
0.09503660351037979
0.09534824639558792
0.09566579759120941
0.09599009156227112
0.0963212251663208
0.09665857255458832
0.09700088202953339
0.09734643995761871
0.09769325703382492
0.09803923219442368
0.09838235378265381
0.09872088581323624
0.09905345737934113
0.09937921166419983
0.0996977761387825
0.1000093147158623
0.1003144755959511
0.1006142273545265
0.1009098440408707
0.1012026816606522
0.1014941111207008
0.1017853990197182
0.1020775362849236
0.1023712307214737
0.1026668474078178
0.1029644086956978
0.1032636091113091
0.1035638749599457
0.1038644537329674
0.1041645035147667
0.104463167488575
0.1047596707940102
0.1050533726811409
0.1053438559174538
0.1056308820843697
0.1059144735336304
0.106194868683815
0.1064724326133728
0.1067476645112038
0.1070211157202721
0.1072933524847031
0.1075648739933968
0.1078360602259636
0.1081071794033051
0.1083783432841301
0.1086495295166969
0.1089206039905548
0.1091913059353828
0.1094613298773766
0.1097303330898285
0.1099980175495148
0.1102641150355339
0.1105284169316292
0.1107908338308334
0.1110513657331467
0.1113100796937943
0.1115670949220657
0.1118226274847984
0.1120768710970879
0.1123300418257713
0.112582340836525
0.1128339022397995
0.1130848303437233
0.1133351624011993
0.113584890961647
0.113833948969841
0.1140822544693947
0.1143296808004379
0.1145761162042618
0.1148214489221573
0.1150655969977379
0.1153085231781006
0.115550197660923
0.1157906427979469
0.1160299107432365
0.1162680611014366
0.1165051683783531
0.1167413294315338
0.1169765964150429
0.1172110438346863
0.1174447163939476
0.1176776438951492
0.1179098188877106
0.1181412115693092
0.1183717995882034
0.1186015382409096
0.1188303977251053
0.1190583482384682
0.1192853674292564
0.1195114478468895
0.1197365820407867
0.1199607774615288
0.120184063911438
0.1204064562916756
0.1206279993057251
0.1208487153053284
0.1210686415433884
0.1212877854704857
0.1215061694383621
0.1217237785458565
0.1219406425952911
0.1221567392349243
0.122372068464756
0.1225866079330444
0.1228003576397896
0.1230133026838303
0.1232254430651665
0.1234367787837982
0.1236472949385643
0.1238569915294647
0.1240659207105637
0.1242740526795387
0.1244813874363899
0.1246879100799561
0.1248936280608177
0.1250985562801361
0.1253026276826859
0.1255058199167252
0.125708132982254
0.1259095221757889
0.1261098980903625
0.1263092160224915
0.1265074014663696
0.1267043650150299
0.1269000321626663
0.1270942687988281
0.1272869557142258
0.1274779140949249
0.1276669651269913
0.1278538703918457
0.1280383467674255
0.1282201260328293
0.1283988505601883
0.1285741031169891
0.12874536216259
0.1289121061563492
0.1290737092494965
0.1292294710874557
0.1293786019086838
0.1295201778411865
0.1296531707048416
0.1297764480113983
0.1298887133598328
0.1299885213375092
0.1300743669271469
0.130144476890564
0.1301969587802887
0.1302297562360764
0.1302406191825867
0.130227118730545
0.1301866322755814
0.1301164329051971
0.1300135105848312
0.1298747807741165
0.1296969652175903
0.1294767111539841
0.1292105168104172
0.1288948208093643
0.1285260021686554
0.1281004846096039
0.1276146918535233
0.1270651966333389
0.1264486610889435
0.1257619708776474
0.1250023245811462
0.12416722625494
0.1232546046376228
0.1222628653049469
0.1211909577250481
0.1200384572148323
0.1188056096434593
0.1174933910369873
0.1161035299301147
0.1146385744214058
0.1131019219756126
0.1114977523684502
0.1098311170935631
0.1081078201532364
0.1063344329595566
0.1045181453227997
0.1026667505502701
0.100788488984108
0.09889189153909683
0.09698569029569626
0.09507857263088226
0.09317901730537415
0.09129513800144196
0.0894344225525856
0.08760357648134232
0.08580829203128815
0.08405309915542603
0.08234120905399323
0.08067434281110764
0.0790526419878006
0.07747462391853333
0.07593711465597153
0.07443536818027496
0.07296305894851685
0.07151246815919876
0.07007463276386261
0.06863962858915329
0.06719684600830078
0.0657353401184082
0.06424417346715927
0.06271282583475113
0.06113161519169807
0.05949205160140991
0.05778728052973747
0.05601242929697037
0.05416492745280266
0.05224472284317017
0.05025451630353928
0.0481998436152935
0.04608907178044319
0.04393330588936806
0.04174621403217316
0.03954370319843292
0.03734354674816132
0.03516488894820213
0.03302770853042603
0.03095219843089581
0.02895811200141907
0.02706411853432655
0.02528714574873447
0.02364177256822586
0.0221396591514349
0.02078910358250141
0.01959464512765408
0.01855684816837311
0.01767217367887497
0.01693302951753139
0.01632795482873917
0.01584195159375668
0.01545695122331381
0.01515240035951138
0.01490593980997801
0.01469417475163937
0.01449346262961626
0.01428074389696121
0.0140343252569437
0.01373462658375502
0.01336483750492334
0.01291145943105221
0.01236471813172102
0.01171882078051567
0.010972049087286
0.01012669876217842
0.009188852272927761
0.00816800631582737
0.007076572626829147
0.005929272156208754
0.004742461256682873
0.003533404553309083
0.002319543156772852
0.001117781735956669
-5.616746784653515e-05
-0.001188362017273903
-0.002267102710902691
-0.003283285768702626
-0.004230627790093422
-0.005105752032250166
-0.005908144172281027
-0.006639992818236351
-0.007305912673473358
-0.007912589237093925
-0.008468353189527988
-0.008982714265584946
-0.009465878829360008
-0.00992827583104372
-0.01038010884076357
-0.01083095371723175
-0.01128942240029573
-0.01176289655268192
-0.01225733663886786
-0.0127771683037281
-0.01332524884492159
-0.01390289235860109
-0.01450996566563845
-0.01514502055943012
-0.01580546982586384
-0.01648778282105923
-0.01718770153820515
-0.01790045201778412
-0.01862096041440964
-0.01934405043721199
-0.02006463892757893
-0.02077789604663849
-0.02147939614951611
-0.02216525189578533
-0.02283221483230591
-0.02347775548696518
-0.02410013787448406
-0.02469844557344913
-0.02527260594069958
-0.02582337148487568
-0.02635228633880615
-0.02686161547899246
-0.02735425904393196
-0.02783361449837685
-0.02830345369875431
-0.02876774035394192
-0.02923045307397842
-0.02969541028141975
-0.03016607090830803
-0.03064537234604359
-0.03113557212054729
-0.03163814172148705
-0.03215368092060089
-0.032681904733181
-0.03322165459394455
-0.03377095982432365
-0.034327182918787
-0.0348871685564518
-0.03544744104146957
-0.03600443154573441
-0.03655467182397842
-0.03709504008293152
-0.03762295469641685
-0.03813649713993073
-0.03863456100225449
-0.03911688923835754
-0.03958406671881676
-0.04003745689988136
-0.04047911986708641
-0.04091162234544754
-0.04133787751197815
-0.04176089912652969
-0.04218363761901855
-0.04260873794555664
-0.04303839430212975
-0.04347420856356621
-0.04391709715127945
-0.04436726123094559
-0.04482420533895493
-0.04528680443763733
-0.04575341567397118
-0.04622203484177589
-0.0466904453933239
-0.04715642333030701
-0.04761786758899689
-0.04807298630475998
-0.04852039739489555
-0.04895921051502228
-0.0493890717625618
-0.04981017112731934
-0.05022317916154861
-0.05062918365001678
-0.05102957040071487
-0.05142590403556824
-0.05181979015469551
-0.05221276730298996
-0.05260617285966873
-0.05300106108188629
-0.05339813604950905
-0.05379772931337357
-0.05419978871941566
-0.05460392683744431
-0.05500945821404457
-0.05541549995541573
-0.05582104250788689
-0.05622504279017448
-0.05662652850151062
-0.05702463537454605
-0.05741871893405914
-0.05780835077166557
-0.05819335952401161
-0.05857383087277412
-0.05895005911588669
-0.0593225322663784
-0.05969185382127762
-0.06005870550870895
-0.06042376905679703
-0.06078768149018288
-0.06115099042654037
-0.06151410192251205
-0.06187726557254791
-0.06224057450890541
-0.06260395795106888
-0.06296722590923309
-0.06333006918430328
-0.0636921152472496
-0.06405294686555862
-0.06441216915845871
-0.06476942449808121
-0.06512442231178284
-0.06547696143388748
-0.06582694500684738
-0.06617438048124313
-0.0665193498134613
-0.06686201691627502
-0.0672026127576828
-0.06754141300916672
-0.06787867844104767
-0.06821464747190475
-0.06854955106973648
-0.06888354569673538
-0.06921675056219101
-0.06954918056726456
-0.06988081336021423
-0.07021155953407288
-0.07054129242897034
-0.07086985558271408
-0.07119707018136978
-0.07152274996042252
-0.07184673845767975
-0.07216887921094894
-0.07248905301094055
-0.0728071853518486
-0.07312321662902832
-0.07343710213899612
-0.07374883443117142
-0.07405839115381241
-0.07436574995517731
-0.07467085123062134
-0.07497362047433853
-0.07527390867471695
-0.07557152956724167
-0.07586623728275299
-0.07615768909454346
-0.07644550502300262
-0.07672920078039169
-0.07700823247432709
-0.07728198915719986
-0.0775497704744339
-0.07781082391738892
-0.07806430011987686
-0.07830925285816193
-0.07854470610618591
-0.07876953482627869
-0.07898253947496414
-0.07918239384889603
-0.07936764508485794
-0.07953672111034393
-0.07968790084123611
-0.07981929183006287
-0.07992886751890182
-0.08001445978879929
-0.08007371425628662
-0.08010414987802505
-0.08010312169790268
-0.08006788045167923
-0.07999557256698608
-0.07988326996564865
-0.07972796261310577
-0.0795266404747963
-0.07927629351615906
-0.07897396385669708
-0.07861679047346115
-0.07820204645395279
-0.07772722095251083
-0.07719004899263382
-0.07658857107162476
-0.07592117786407471
-0.07518672943115234
-0.07438457757234573
-0.07351461797952652
-0.07257737964391708
-0.07157406955957413
-0.07050664722919464
-0.06937785446643829
-0.06819126754999161
-0.06695127487182617
-0.065663181245327
-0.06433309614658356
-0.06296797841787338
-0.06157559156417847
-0.0601644292473793
-0.05874363705515862
-0.0573229007422924
-0.05591234564781189
-0.05452236905694008
-0.05316350236535072
-0.0518462210893631
-0.05058074370026588
-0.04937685281038284
-0.0482436791062355
-0.04718948900699615
-0.04622151330113411
-0.0453457310795784
-0.04456670954823494
-0.04388745501637459
-0.04330930113792419
-0.04283181205391884
-0.04245271533727646
-0.04216793552041054
-0.041971605271101
-0.04185615479946136
-0.0418124720454216
-0.04183006286621094
-0.04189728200435638
-0.04200160503387451
-0.04212991893291473
-0.04226886481046677
-0.04240516945719719
-0.042526014149189
-0.04261936619877815
-0.04267432913184166
-0.04268145561218262
-0.04263302311301231
-0.04252323880791664
-0.04234844818711281
-0.04210720211267471
-0.04180031642317772
-0.04143083468079567
-0.04100389778614044
-0.04052657261490822
-0.04000759124755859
-0.03945702686905861
-0.0388859435915947
-0.03830597177147865
-0.03772891685366631
-0.03716627508401871
-0.0366288460791111
-0.03612631559371948
-0.03566690161824226
-0.03525706753134727
-0.03490127623081207
-0.0346018522977829
-0.0343589186668396
-0.03417044505476952
-0.03403235226869583
-0.03393872454762459
-0.03388211503624916
-0.03385387361049652
-0.03384456783533096
-0.03384439274668694
-0.03384362533688545
-0.03383304923772812
-0.03380436822772026
-0.03375055268406868
-0.03366613760590553
-0.03354741632938385
-0.03339257836341858
-0.03320173546671867
-0.03297685459256172
-0.03272159025073051
-0.03244104981422424
-0.03214151039719582
-0.03183002024888992
-0.03151404485106468
-0.03120104596018791
-0.0308980904519558
-0.03061148896813393
-0.03034649603068829
-0.03010706044733524
-0.02989565394818783
-0.02971319667994976
-0.02955906093120575
-0.029431177303195
-0.02932619862258434
-0.02923974953591824
-0.02916670776903629
-0.0291015449911356
-0.02903865650296211
-0.0289726909250021
-0.02889885753393173
-0.0288131907582283
-0.02871273644268513
-0.02859569527208805
-0.02846146747469902
-0.02831063978374004
-0.02814488299190998
-0.02796679362654686
-0.02777968719601631
-0.02758734300732613
-0.02739373780786991
-0.0272027775645256
-0.02701805159449577
-0.02684260159730911
-0.02667875587940216
-0.0265280045568943
-0.02639095671474934
-0.02626733668148518
-0.02615604735910892
-0.02605530619621277
-0.02596278488636017
-0.02587581425905228
-0.0257915910333395
-0.02570737898349762
-0.02562069334089756
-0.02552947029471397
-0.02543218247592449
-0.02532791905105114
-0.02521641179919243
-0.02509801089763641
-0.02497362717986107
-0.02484461665153503
-0.02471266128122807
-0.0245796199887991
-0.02444736286997795
-0.02431765198707581
-0.02419198304414749
-0.02407151088118553
-0.02395697496831417
-0.02384866401553154
-0.02374642342329025
-0.02364970371127129
-0.02355762384831905
-0.02346906810998917
-0.02338278107345104
-0.02329749241471291
-0.0232120081782341
-0.02312530763447285
-0.02303661406040192
-0.02294543385505676
-0.02285158820450306
-0.02275519073009491
-0.02265662327408791
-0.0225564781576395
-0.02245550043880939
-0.02235450409352779
-0.02225430309772491
-0.02215563133358955
-0.02205909043550491
-0.02196510694921017
-0.02187390998005867
-0.02178552374243736
-0.02169978059828281
-0.02161635085940361
-0.02153478562831879
-0.02145456150174141
-0.02137513644993305
-0.02129600010812283
-0.02121671475470066
-0.02113694883882999
-0.02105650119483471
-0.02097530290484428
-0.02089341916143894
-0.02081101760268211
-0.02072836644947529
-0.02064577303826809
-0.02056357264518738
-0.02048208564519882
-0.02040158212184906
-0.02032227255403996
-0.02024428173899651
-0.02016764879226685
-0.02009232342243195
-0.02001819387078285
-0.01994508691132069
-0.01987279765307903
-0.01980110257863998
-0.01972979865968227
-0.01965871080756187
-0.01958770118653774
-0.01951669156551361
-0.01944566331803799
-0.01937464252114296
-0.0193036999553442
-0.01923293992877007
-0.01916248351335526
-0.01909246295690536
-0.01902299374341965
-0.01895416714251041
-0.01888604462146759
-0.01881865784525871
-0.01875200495123863
-0.01868604496121407
-0.01862072199583054
-0.01855595596134663
-0.01849166117608547
-0.01842775754630566
-0.01836417242884636
-0.01830085553228855
-0.0182377677410841
-0.01817489601671696
-0.01811224967241287
-0.01804984919726849
-0.01798773556947708
-0.01792595349252224
-0.01786454766988754
-0.01780355535447598
-0.01774300634860992
-0.01768292672932148
-0.01762331649661064
-0.01756416819989681
-0.0175054669380188
-0.01744718477129936
-0.01738929562270641
-0.01733176223933697
-0.01727456040680408
-0.01721766218543053
-0.0171610489487648
-0.01710470952093601
-0.01704864390194416
-0.01699285954236984
-0.01693735830485821
-0.01688216254115105
-0.01682728156447411
-0.01677273213863373
-0.01671851798892021
-0.0166646484285593
-0.01661112532019615
-0.01655794121325016
-0.01650509051978588
-0.01645256392657757
-0.01640035398304462
-0.01634844392538071
-0.01629682444036007
-0.01624548248946667
-0.0161944143474102
-0.01614361256361008
-0.01609307527542114
-0.0160428024828434
-0.01599279791116714
-0.01594306714832783
-0.01589361391961575
-0.0158444382250309
-0.01579554006457329
-0.01574692502617836
-0.01569859124720097
-0.01565053313970566
-0.01560274884104729
-0.01555523369461298
-0.01550797838717699
-0.01546097826212645
-0.01541422959417105
-0.01536772679537535
-0.01532146707177162
-0.01527544669806957
-0.01522966660559177
-0.01518412586301565
-0.01513882260769606
-0.01509375777095556
-0.01504893228411674
-0.01500434521585703
-0.01495999656617641
-0.01491588540375233
-0.01487200800329447
-0.01482836343348026
-0.01478495169430971
-0.01474176626652479
-0.01469880621880293
-0.01465606968849897
-0.01461355201900005
-0.01457125041633844
-0.01452916674315929
-0.01448729634284973
-0.01444563828408718
-0.01440419070422649
-0.0143629526719451
-0.01432192418724298
-0.01428110338747501
-0.01424048934131861
-0.01420007925480604
-0.01415987312793732
-0.01411986816674471
-0.01408006343990564
-0.01404045708477497
-0.01400105003267527
-0.01396183855831623
-0.01392282266169786
-0.01388400141149759
-0.01384537201374769
-0.01380693260580301
-0.01376868039369583
-0.01373061537742615
-0.01369273476302624
-0.01365503668785095
-0.01361752208322287
-0.01358018815517426
-0.01354303397238255
-0.01350605953484774
-0.01346926297992468
-0.01343264523893595
-0.01339620351791382
-0.01335993595421314
-0.01332384254783392
-0.013287921436131
-0.01325217075645924
-0.01321659050881863
-0.0131811797618866
-0.01314593572169542
-0.01311085652559996
-0.0130759421736002
-0.01304119173437357
-0.0130066042765975
-0.01297217793762684
-0.01293791178613901
-0.01290380675345659
-0.01286986097693443
-0.01283607166260481
-0.01280243974179029
-0.01276896148920059
-0.0127356369048357
-0.0127024631947279
-0.01266944035887718
-0.01263656839728355
-0.01260384544730186
-0.01257127150893211
-0.01253884565085173
-0.01250656507909298
-0.0124744325876236
-0.01244244538247585
-0.01241060346364975
-0.01237890496850014
-0.01234735082834959
-0.01231593638658524
-0.01228466350585222
-0.01225352939218283
-0.01222253497689962
-0.01219167746603489
-0.01216095685958862
-0.0121303703635931
-0.0120999189093709
-0.01206959970295429
-0.01203941367566586
-0.01200935803353786
-0.01197943463921547
-0.01194964163005352
-0.01191997900605202
-0.01189044397324324
-0.01186103653162718
-0.01183175668120384
-0.01180260349065065
-0.01177357509732246
-0.01174467336386442
-0.01171589456498623
-0.01168724056333303
-0.01165870856493711
-0.01163029950112104
-0.01160201150923967
-0.01157384365797043
-0.01154579408466816
-0.01151786372065544
-0.01149005256593227
-0.01146235968917608
-0.01143478509038687
-0.01140732504427433
-0.01137998234480619
-0.01135275419801474
-0.01132564060389996
-0.01129864063113928
-0.01127175148576498
-0.01124497409909964
-0.0112183066084981
-0.01119175087660551
-0.01116530317813158
-0.01113896351307631
-0.01111273281276226
-0.01108661014586687
-0.01106059364974499
-0.01103468053042889
-0.01100887544453144
-0.01098317466676235
-0.01095758005976677
-0.01093208882957697
-0.01090670097619295
-0.01088141743093729
-0.01085623539984226
-0.01083115767687559
-0.01080618053674698
-0.01078130584210157
-0.01075652986764908
-0.01073185261338949
-0.01070727407932281
-0.01068279333412647
-0.01065841037780046
-0.01063412427902222
-0.01060993131250143
-0.0105858352035284
-0.01056183222681284
-0.01053792331367731
-0.01051410846412182
-0.01049038581550121
-0.01046675629913807
-0.01044322084635496
-0.01041977759450674
-0.01039642654359341
-0.01037316583096981
-0.01034999638795853
-0.01032691728323698
-0.01030392851680517
-0.0102810300886631
-0.01025822106748819
-0.01023550052195787
-0.01021286565810442
-0.01019031647592783
-0.01016785390675068
-0.01014547888189554
-0.01012318767607212
-0.01010098122060299
-0.01007885951548815
-0.01005682162940502
-0.01003486849367619
-0.01001299824565649
-0.009991210885345936
-0.009969507344067097
-0.009947884827852249
-0.009926343336701393
-0.009904881939291954
-0.009883501566946507
-0.009862201288342476
-0.009840982034802437
-0.00981984194368124
-0.009798781014978886
-0.009777798317372799
-0.00975689385086298
-0.009736068546772003
-0.00971531867980957
-0.009694646112620831
-0.009674049913883209
-0.009653529152274132
-0.009633081965148449
-0.009612709283828735
-0.009592411108314991
-0.009572185575962067
-0.009552035480737686
-0.009531958028674126
-0.00951195415109396
-0.009492023847997189
-0.009472164325416088
-0.009452375583350658
-0.009432660415768623
-0.009413016028702259
-0.009393442422151566
-0.009373940527439117
-0.00935450941324234
-0.009335149079561234
-0.009315858595073223
-0.009296637959778309
-0.009277485311031342
-0.009258401580154896
-0.009239385835826397
-0.009220436215400696
-0.009201553650200367
-0.009182739071547985
-0.009163987822830677
-0.009145302698016167
-0.009126683697104454
-0.009108129888772964
-0.009089640341699123
-0.00907121691852808
-0.009052859619259834
-0.009034566581249237
-0.009016337804496288
-0.008998173289000988
-0.008980072103440762
-0.008962034247815609
-0.008944058790802956
-0.008926145732402802
-0.008908294141292572
-0.008890503086149693
-0.008872773498296738
-0.008855103515088558
-0.008837493136525154
-0.008819945156574249
-0.008802457712590694
-0.008785029873251915
-0.008767660707235336
-0.008750354871153831
-0.008733106777071953
-0.00871591828763485
-0.008698788471519947
-0.008681717328727245
-0.008664702996611595
-0.008647744543850422
-0.0086308429017663
-0.008613995276391506
-0.008597203530371189
-0.008580468595027924
-0.008563789539039135
-0.008547165431082249
-0.008530599065124989
-0.00851408950984478
-0.008497634902596474
-0.008481234312057495
-0.008464888669550419
-0.00844859890639782
-0.008432364091277122
-0.008416182361543179
-0.008400055579841137
-0.008383982814848423
-0.008367961272597313
-0.008351992815732956
-0.008336075581610203
-0.008320211432874203
-0.008304398506879807
-0.008288636803627014
-0.008272928185760975
-0.008257269859313965
-0.008241664618253708
-0.008226108737289906
-0.008210605941712856
-0.008195153437554836
-0.008179748430848122
-0.008164393715560436
-0.00814908929169178
-0.008133833296597004
-0.008118623867630959
-0.008103463798761368
-0.008088353089988232
-0.008073290809988976
-0.00805827509611845
-0.00804330687969923
-0.008028388023376465
-0.008013518527150154
-0.007998696528375149
-0.007983922958374023
-0.007969198748469353
-0.007954522967338562
-0.007939891889691353
-0.0079253064468503
-0.007910768501460552
-0.007896276190876961
-0.007881827652454376
-0.007867423817515373
-0.007853064686059952
-0.007838751189410686
-0.007824482396245003
-0.007810258306562901
-0.00779607892036438
-0.007781944703310728
-0.007767855189740658
-0.007753809448331594
-0.007739807479083538
-0.007725849747657776
-0.007711936719715595
-0.007698065601289272
-0.007684236392378807
-0.007670450024306774
-0.007656706497073174
-0.007643003482371569
-0.007629341911524534
-0.00761572178453207
-0.007602143101394176
-0.007588604930788279
-0.007575106807053089
-0.007561650592833757
-0.007548235356807709
-0.007534862495958805
-0.007521530147641897
-0.00750823924317956
-0.007494989316910505
-0.007481780834496021
-0.00746861333027482
-0.007455485407263041
-0.007442398462444544
-0.007429350633174181
-0.007416342385113239
-0.007403372321277857
-0.007390440441668034
-0.007377545814961195
-0.007364688441157341
-0.007351870182901621
-0.007339089643210173
-0.007326346356421709
-0.007313640788197517
-0.007300973404198885
-0.007288343738764524
-0.007275751326233149
-0.007263195235282183
-0.007250676397234201
-0.007238195277750492
-0.007225751876831055
-0.007213346194475889
-0.007200976833701134
-0.007188644725829363
-0.007176349870860577
-0.007164091803133488
-0.007151869125664234
-0.007139682769775391
-0.007127531804144382
-0.007115415763109922
-0.007103335577994585
-0.007091289386153221
-0.007079277653247118
-0.007067298982292414
-0.00705535477027297
-0.007043445482850075
-0.007031568791717291
-0.007019726559519768
-0.007007918786257505
-0.006996145006269217
-0.006984405685216188
-0.006972700357437134
-0.00696102948859334
-0.00694939261302352
-0.006937788799405098
-0.006926218047738075
-0.006914680823683739
-0.006903176661580801
-0.006891705561429262
-0.006880267523229122
-0.006868863478302956
-0.006857492495328188
-0.006846153642982244
-0.006834847386926413
-0.006823573727160692
-0.006812331732362509
-0.00680112186819315
-0.006789943668991327
-0.006778796203434467
-0.006767680402845144
-0.006756595335900784
-0.006745542399585247
-0.006734519265592098
-0.00672352546826005
-0.006712561473250389
-0.006701626814901829
-0.006690722890198231
-0.006679849233478308
-0.006669004913419485
-0.00665819039568305
-0.00664740614593029
-0.006636652629822493
-0.006625928450375795
-0.006615234538912773
-0.006604569498449564
-0.006593934260308743
-0.006583327893167734
-0.006572750397026539
-0.006562202703207731
-0.006551684346050024
-0.006541193928569555
-0.006530731916427612
-0.006520298775285482
-0.006509894039481878
-0.006499518640339375
-0.006489171180874109
-0.00647885212674737
-0.006468561477959156
-0.006458299700170755
-0.006448065396398306
-0.006437860894948244
-0.006427684333175421
-0.006417536176741123
-0.006407416425645351
-0.006397323682904243
-0.006387259345501661
-0.00637722248211503
-0.00636721309274435
-0.006357231177389622
-0.006347276736050844
-0.006337350234389305
-0.006327452603727579
-0.006317584775388241
-0.00630774674937129
-0.006297938991338015
-0.006288163363933563
-0.006278419401496649
-0.006268708966672421
-0.006259032059460878
-0.006249389611184597
-0.006239780690521002
-0.006230209022760391
-0.006220673676580191
-0.006211176980286837
-0.006201721262186766
-0.006192308850586414
-0.006182939745485783
-0.006173617206513882
-0.006164343096315861
-0.006155120208859444
-0.006145952269434929
-0.006136841140687466
-0.006127791479229927
-0.006118804216384888
-0.006109884474426508
-0.006101035047322512
-0.006092260126024485
-0.006083565298467875
-0.006074954755604267
-0.00606643408536911
-0.006058007944375277
-0.006049681454896927
-0.006041460670530796
-0.006033350247889757
-0.006025355774909258
-0.006017482839524746
-0.006009736098349094
-0.006002119276672602
-0.00599463889375329
-0.005987299606204033
-0.005980106070637703
-0.005973062943667173
-0.00596617441624403
-0.005959444679319859
-0.00595287699252367
-0.00594647228717804
-0.00594023335725069
-0.005934161599725485
-0.00592825748026371
-0.005922519601881504
-0.005916946101933718
-0.005911534652113914
-0.005906279664486647
-0.005901176482439041
-0.005896217189729214
-0.005891393404453993
-0.005886695813387632
-0.005882113240659237
-0.005877634044736624
-0.005873244721442461
-0.005868930369615555
-0.005864675156772137
-0.005860461387783289
-0.005856269970536232
-0.005852082744240761
-0.005847880151122808
-0.005843642167747021
-0.005839346908032894
-0.005834972951561213
-0.00583049887791276
-0.005825904197990894
-0.005821167957037687
-0.005816271062940359
-0.005811195354908705
-0.005805922672152519
-0.005800438113510609
-0.005794727709144354
-0.005788780283182859
-0.005782586522400379
-0.005776139441877604
-0.005769435781985521
-0.005762473214417696
-0.005755253601819277
-0.005747783463448286
-0.005740070249885321
-0.005732125137001276
-0.005723963491618633
-0.005715600680559874
-0.005707058124244213
-0.005698359105736017
-0.005689528305083513
-0.00568059366196394
-0.005671583581715822
-0.005662527401000261
-0.005653455387800932
-0.005644398741424084
-0.005635387264192104
-0.00562644936144352
-0.005617612507194281
-0.005608903709799051
-0.005600345320999622
-0.005591957829892635
-0.005583758465945721
-0.005575761198997498
-0.005567975342273712
-0.005560406483709812
-0.005553056485950947
-0.005545924417674541
-0.005539002828299999
-0.005532281473278999
-0.005525745917111635
-0.005519377999007702
-0.005513154435902834
-0.005507051013410091
-0.00550104072317481
-0.005495095625519753
-0.005489184055477381
-0.005483277142047882
-0.005477343685925007
-0.005471354816108942
-0.005465283058583736
-0.005459103733301163
-0.005452794022858143
-0.005446336232125759
-0.00543971499428153
-0.005432920064777136
-0.005425944924354553
-0.005418787244707346
-0.005411450285464525
-0.005403941031545401
-0.00539627019315958
-0.005388453137129545
-0.00538050988689065
-0.005372462794184685
-0.00536433607339859
-0.00535615673288703
-0.005347953177988529
-0.005339753814041615
-0.005331586580723524
-0.005323477555066347
-0.005315450951457024
-0.00530752819031477
-0.00529972929507494
-0.00529206870123744
-0.005284556187689304
-0.005277198739349842
-0.005269998218864202
-0.005262951366603374
-0.005256051663309336
-0.005249287467449903
-0.005242645274847746
-0.005236105993390083
-0.005229649599641562
-0.00522325374186039
-0.005216894205659628
-0.005210546310991049
-0.005204186774790287
-0.005197793245315552
-0.005191344767808914
-0.005184821784496307
-0.005178210325539112
-0.005171497352421284
-0.005164675414562225
-0.005157740321010351
-0.005150692537426949
-0.005143535323441029
-0.005136276595294476
-0.005128927994519472
-0.00512150302529335
-0.005114018451422453
-0.00510649336501956
-0.005098946858197451
-0.005091398954391479
-0.005083869211375713
-0.005076377652585506
-0.005068940576165915
-0.005061571951955557
-0.005054284818470478
-0.005047088023275137
-0.005039987154304981
-0.005032984539866447
-0.005026078317314386
-0.005019262433052063
-0.00501252943649888
-0.005005868151783943
-0.004999265074729919
-0.004992704372853041
-0.004986169282346964
-0.004979643039405346
-0.004973109345883131
-0.004966550972312689
-0.004959953017532825
-0.004953302443027496
-0.004946587607264519
-0.004939800128340721
-0.004932934883981943
-0.004925988614559174
-0.004918960388749838
-0.00491185300052166
-0.004904672037810087
-0.004897423088550568
-0.004890114534646273
-0.004882754758000374
-0.004875354003161192
-0.004867919720709324
-0.004860460292547941
-0.004852982703596354
-0.004845491610467434
-0.004837989341467619
-0.004830476827919483
-0.004822950810194016
-0.004815405234694481
-0.004807832185178995
-0.004800220020115376
-0.004792556166648865
-0.004784825257956982
-0.004777009598910809
-0.004769090563058853
-0.004761049523949623
-0.004752866458147764
-0.00474452180787921
-0.004735998343676329
-0.004727277439087629
-0.00471834372729063
-0.004709183238446712
-0.004699783865362406
-0.004690136294811964
-0.004680231213569641
-0.004670063499361277
-0.004659630358219147
-0.004648930393159389
-0.004637965001165867
-0.004626735579222441
-0.004615245386958122
-0.004603499546647072
-0.00459150318056345
-0.004579262342303991
-0.004566784482449293
-0.004554076585918665
-0.004541147965937853
-0.004528007470071316
-0.004514663945883512
-0.004501128569245338
-0.004487413447350264
-0.004473531153053045
-0.004459497984498739
-0.004445331171154976
-0.004431049339473248
-0.00441667577251792
-0.004402235615998507
-0.004387755878269672
-0.004373267758637667
-0.004358804784715176
-0.004344400949776173
-0.004330095369368792
-0.004315925762057304
-0.004301932640373707
-0.004288156516849995
-0.004274637904018164
-0.004261417780071497
-0.004248533863574266
-0.004236022476106882
-0.004223916679620743
-0.004212246276438236
-0.004201034549623728
-0.004190302453935146
-0.004180062562227249
-0.004170325119048357
-0.004161091521382332
-0.004152357112616301
-0.004144112579524517
-0.004136340692639351
-0.004129020031541586
-0.004122122656553984
-0.004115615040063858
-0.004109459929168224
-0.004103614948689938
-0.004098034929484129
-0.004092672374099493
-0.004087476991117001
-0.004082396626472473
-0.004077380523085594
-0.004072376061230898
-0.004067334346473217
-0.004062205087393522
-0.004056944511830807
-0.004051509778946638
-0.004045863170176744
-0.004039972554892302
-0.00403381185606122
-0.004027359653264284
-0.004020602907985449
-0.004013534169644117
-0.004006152972579002
-0.003998467233031988
-0.003990491386502981
-0.003982245922088623
-0.003973758779466152
-0.003965063486248255
-0.003956197760999203
-0.003947203978896141
-0.003938128706067801
-0.003929019905626774
-0.003919927403330803
-0.00391090102493763
-0.003901988500729203
-0.003893236164003611
-0.003884686389937997
-0.003876377595588565
-0.003868341911584139
-0.003860604716464877
-0.003853183938190341
-0.003846090519800782
-0.003839326789602637
-0.003832886693999171
-0.003826757194474339
-0.003820915939286351
-0.003815334988757968
-0.003809980116784573
-0.003804811043664813
-0.003799784230068326
-0.003794854041188955
-0.003789972979575396
-0.003785094246268272
-0.00378017220646143
-0.003775164950639009
-0.003770034993067384
-0.003764749737456441
-0.003759283805266023
-0.003753618104383349
-0.003747740760445595
-0.003741649677976966
-0.003735348815098405
-0.003728849813342094
-0.003722172696143389
-0.003715342842042446
-0.003708391217514873
-0.003701352747157216
-0.003694265382364392
-0.003687168937176466
-0.003680102527141571
-0.003673104802146554
-0.003666211618110538
-0.00365945533849299
-0.00365286273881793
-0.003646454541012645
-0.003640245879068971
-0.003634244436398149
-0.003628451377153397
-0.003622860880568624
-0.003617460373789072
-0.003612231696024537
-0.003607152029871941
-0.003602193668484688
-0.00359732611104846
-0.003592517459765077
-0.003587735584005713
-0.003582948120310903
-0.0035781254991889
-0.003573241177946329
-0.003568273270502687
-0.003563202684745193
-0.003558018011972308
-0.003552712732926011
-0.003547286614775658
-0.003541744081303477
-0.003536096308380365
-0.003530358429998159
-0.003524549538269639
-0.003518692217767239
-0.003512811148539186
-0.003506931941956282
-0.003501079976558685
-0.003495278535410762
-0.003489549737423658
-0.003483911510556936
-0.003478378988802433
-0.003472961718216538
-0.003467664588242769
-0.003462487366050482
-0.003457425162196159
-0.003452468430623412
-0.003447603434324265
-0.003442812943831086
-0.003438077634200454
-0.003433376317843795
-0.003428686875849962
-0.003423987654969096
-0.003419257933273911
-0.003414479317143559
-0.003409636206924915
-0.003404716262593865
-0.003399710636585951
-0.003394614672288299
-0.003389426739886403
-0.003384150099009275
-0.003378789639100432
-0.00337335467338562
-0.003367855679243803
-0.003362304763868451
-0.003356714500114322
-0.003351096762344241
-0.003345462959259748
-0.003339821938425303
-0.0033341811504215
-0.00332854432053864
-0.003322913078591228
-0.003317284397780895
-0.00331165362149477
-0.003306013299152255
-0.003300352953374386
-0.003294660244137049
-0.003288921667262912
-0.003283122787252069
-0.003277250565588474
-0.003271291265264153
-0.003265233710408211
-0.003259068122133613
-0.003252787748351693
-0.003246387932449579
-0.00323986797593534
-0.003233229974284768
-0.003226479282602668
-0.003219623817130923
-0.003212674055248499
-0.003205643035471439
-0.003198544960469007
-0.003191395197063684
-0.003184208646416664
-0.003177001606673002
-0.003169789910316467
-0.003162587992846966
-0.003155410289764404
-0.003148269839584827
-0.003141177585348487
-0.003134143771603703
-0.003127177013084292
-0.003120285691693425
-0.003113477258011699
-0.003106758696958423
-0.003100136294960976
-0.003093616804108024
-0.003087206743657589
-0.003080914029851556
-0.003074745880439878
-0.003068710211664438
-0.003062815638259053
-0.003057071240618825
-0.003051486099138856
-0.003046068828552961
-0.003040827810764313
-0.00303577003069222
-0.003030901541933417
-0.003026226302608848
-0.00302174617536366
-0.003017461393028498
-0.003013368230313063
-0.003009461564943194
-0.003005732782185078
-0.003002170706167817
-0.002998760668560863
-0.002995487302541733
-0.002992332680150867
-0.002989276777952909
-0.002986298408359289
-0.002983375685289502
-0.002980487188324332
-0.002977611729875207
-0.002974727423861623
-0.002971814712509513
-0.002968854969367385
-0.002965831430628896
-0.002962728962302208
-0.002959534293040633
-0.002956236712634563
-0.002952827606350183
-0.002949301153421402
-0.002945653861388564
-0.002941883867606521
-0.002937992801889777
-0.002933983691036701
-0.002929861657321453
-0.002925634384155273
-0.002921310951933265
-0.002916902303695679
-0.002912421012297273
-0.002907880814746022
-0.002903296612203121
-0.002898684469982982
-0.002894061617553234
-0.002889445750042796
-0.002884854096919298
-0.002880304818972945
-0.002875815145671368
-0.002871401840820909
-0.002867080504074693
-0.002862866036593914
-0.002858770312741399
-0.002854804275557399
-0.002850976306945086
-0.002847291296347976
-0.002843752736225724
-0.002840360393747687
-0.002837111009284854
-0.002833998762071133
-0.002831014804542065
-0.002828148193657398
-0.002825384493917227
-0.002822708571329713
-0.002820102497935295
-0.002817548345774412
-0.002815027255564928
-0.00281251990236342
-0.002810007426887751
-0.002807473065331578
-0.002804899821057916
-0.002802272560074925
-0.002799578942358494
-0.0027968087233603
-0.002793954219669104
-0.002791010541841388
-0.002787976292893291
-0.002784851938486099
-0.0027816416695714
-0.002778352005407214
-0.002774992259219289
-0.002771572675555944
-0.002768106991425157
-0.002764608943834901
-0.002761094132438302
-0.002757578389719129
-0.002754077780991793
-0.002750608138740063
-0.002747184131294489
-0.002743819961324334
-0.002740527736023068
-0.002737317932769656
-0.002734199166297913
-0.002731177490204573
-0.002728256396949291
-0.002725437749177217
-0.002722719451412559
-0.002720098942518234
-0.002717570401728153
-0.002715126145631075
-0.002712757093831897
-0.00271045183762908
-0.002708199201151729
-0.00270598684437573
-0.002703802660107613
-0.00270163407549262
-0.002699470380321145
-0.002697300398722291
-0.002695116447284818
-0.002692911308258772
-0.002690680092200637
-0.002688420470803976
-0.002686132444068789
-0.002683818573132157
-0.002681483048945665
-0.002679133089259267
-0.002676778472959995
-0.00267443060874939
-0.002672102069482207
-0.002669807523488998
-0.002667561871930957
-0.002665380947291851
-0.002663280814886093
-0.002661277307197452
-0.002659384859725833
-0.002657617442309856
-0.002655987394973636
-0.002654505195096135
-0.002653180155903101
-0.002652019495144486
-0.002651028335094452
-0.002650210401043296
-0.002649567555636168
-0.002649100264534354
-0.002648807596415281
-0.002648687222972512
-0.002648736583068967
-0.002648951951414347
-0.002649329835548997
-0.002649866044521332
-0.002650557085871696
-0.002651399932801723
-0.002652392257004976
-0.002653531963005662
-0.002654817420989275
-0.002656248630955815
-0.002657825592905283
-0.002659548539668322
-0.002661417936906219
-0.002663434483110905
-0.002665599109604955
-0.002667911117896438
-0.002670368878170848
-0.002672970294952393
-0.002675710478797555
-0.002678584074601531
-0.002681582467630506
-0.002684695180505514
-0.002687909407541156
-0.002691209781914949
-0.002694577910006046
-0.002697993302717805
-0.002701433608308434
-0.002704873913899064
-0.002708287443965673
-0.002711646491661668
-0.002714922884479165
-0.002718087285757065
-0.002721110126003623
-0.002723962301388383
-0.002726616337895393
-0.002729045925661922
-0.002731227548792958
-0.002733139786869287
-0.002734763314947486
-0.002736082766205072
-0.002737086033448577
-0.002737764967605472
-0.002738115377724171
-0.002738136565312743
-0.002737832255661488
-0.002737209433689713
-0.002736279973760247
-0.002735058777034283
-0.002733563771471381
-0.002731816377490759
-0.002729840576648712
-0.00272766244597733
-0.002725310390815139
-0.002722814679145813
-0.002720206510275602
-0.0027175173163414
-0.002714780159294605
-0.002712027635425329
-0.002709291642531753
-0.002706603612750769
-0.002703993348404765
-0.002701489720493555
-0.002699119504541159
-0.002696906914934516
-0.002694874070584774
-0.002693039365112782
-0.002691418631002307
-0.002690024208277464
-0.002688864711672068
-0.002687944797798991
-0.002687264699488878
-0.002686821389943361
-0.002686607418581843
-0.002686611376702785
-0.002686818363144994
-0.002687210217118263
-0.002687764586880803
-0.002688457258045673
-0.002689262153580785
-0.002690150868147612
-0.002691094763576984
-0.002692064037546515
-0.002693029120564461
-0.002693962538614869
-0.002694838680326939
-0.002695633564144373
-0.002696327166631818
-0.002696902491152287
-0.002697347197681665
-0.002697653835639358
-0.002697819843888283
-0.002697847317904234
-0.002697743708267808
-0.002697522053495049
-0.002697199583053589
-0.00269679818302393
-0.002696343697607517
-0.002695863833650947
-0.002695390954613686
-0.002694957191124558
-0.002694596070796251
-0.00269434112124145
-0.002694224007427692
-0.002694274066016078
-0.002694517839699984
-0.002694978611543775
-0.002695674542337656
-0.00269661913625896
-0.00269782030954957
-0.002699279692023993
-0.002700993558391929
-0.00270295119844377
-0.002705137245357037
-0.002707530045881867
-0.002710103057324886
-0.002712825546041131
-0.002715662820264697
-0.002718578092753887
-0.002721531549468637
-0.002724482445046306
-0.002727390499785542
-0.002730216132476926
-0.002732921857386827
-0.002735471818596125
-0.00273783365264535
-0.002739979885518551
-0.002741886302828789
-0.002743534045293927
-0.002744909608736634
-0.00274600344710052
-0.00274681206792593
-0.002747336868196726
-0.002747582970187068
-0.00274756015278399
-0.00274728168733418
-0.002746763406321406
-0.002746024169027805
-0.002745083998888731
-0.0027439643163234
-0.00274268607608974
-0.002741271629929543
-0.002739741466939449
-0.002738115144893527
-0.00273641012609005
-0.00273464247584343
-0.002732825465500355
-0.002730971900746226
-0.002729091793298721
-0.002727193757891655
-0.002725283615291119
-0.00272336695343256
-0.002721448661759496
-0.002719532232731581
-0.002717622322961688
-0.002715722192078829
-0.00271383672952652
-0.002711971290409565
-0.002710132393985987
-0.002708327956497669
-0.002706565428525209
-0.002704855054616928
-0.002703206613659859
-0.002701630117371678
-0.00270013720728457
-0.00269873789511621
-0.002697441726922989
-0.002696257783100009
-0.002695192350074649
-0.002694250550121069
-0.002693433780223131
-0.002692741574719548
-0.002692169276997447
-0.002691709203645587
-0.002691349713131785
-0.002691075904294848
-0.002690869849175215
-0.002690709661692381
-0.002690572524443269
-0.002690432593226433
-0.002690263092517853
-0.002690037246793509
-0.002689728746190667
-0.00268931221216917
-0.00268876482732594
-0.002688066102564335
-0.002687199972569942
-0.002686154097318649
-0.002684920327737927
-0.002683496102690697
-0.002681883284822106
-0.002680089324712753
-0.002678127028048038
-0.002676013158634305
-0.002673768205568194
-0.002671416150406003
-0.002668984467163682
-0.002666501328349113
-0.002663996303454041
-0.00266149896197021
-0.002659037476405501
-0.002656638389453292
-0.002654325217008591
-0.002652118448168039
-0.00265003414824605
-0.002648084657266736
-0.002646276960149407
-0.002644612919539213
-0.002643090672791004
-0.002641703002154827
-0.002640439430251718
-0.002639285055920482
-0.002638222649693489
-0.002637231955304742
-0.002636291552335024
-0.002635378623381257
-0.002634470351040363
-0.002633544150739908
-0.002632579067721963
-0.002631556242704391
-0.002630458679050207
-0.002629271941259503
-0.002627985319122672
-0.002626590896397829
-0.002625084016472101
-0.002623463980853558
-0.002621732885017991
-0.002619895851239562
-0.002617960795760155
-0.002615937031805515
-0.002613837365061045
-0.002611674834042788
