0
0
0
0
0
0
0
0
0
0
0
0
0
0
0
0
0
0
0
0
0
0
0
0
0
0
0
0
0
0
0
0
0
0
0
0
0
0
0
0
0
0
0
0
0
0
0
0
0
0
0
0
0
0
0
0
0
0
0
0
0
0
0
0
0
0
0
0
0
0
0
0
0
0
0
0
0
0
0
0
0
0
0
0
0
0
0
0
0
0
0
0
0
0
0
0
0
0
0
0
0
0
0
0
0
0
0
0
0
0
0
0
0
0
0
0
0
0
0
0
0
0
0
0
0
0
0
0
0
0
0
0
0
0
0
0
0
0
0
0
0
0
0
0
0
0
0
0
0
0
0
0
0
0
0
0
0
0
0
0
0
0
0
0
0
0
0
0
0
0
0
0
0
0
0
0
0
0
0
0
0
0
0
0
0
0
0
0
0
0
0
0
0
0
0
0
0
0
0
0
0
0
0
0
0
0
0
0
0
0
0
0
0
0
0
0
0
0
0
0
0
0
0
0
0
0
0
0
0
0
0
0
0
0
0
0
0
0
0
0
0
0
0
0
0
0
0
0
0
0
0
0
0
0
0
0
0
0
0
0
0
0
0
0
0
0
0
0
0
0
0
0
0
0
0
0
0
0
0
0
0
0
0
0
0
0
0
0
0
0
0
0
0
0
0
0
0
0
0
0
0
0
0
0
0
0
0
0
0
0
0
0
0
0
0
0
0
0
0
0
0
0
0
0
0
0
0
0
0
0
0
0
0
0
0
0
0
0
0
0
0
0
0
0
0
0
0
0
0
0
0
0
0
0
0
0
0
0
0
0
0
0
0
0
0
0
0
0
0
0
0
0
0
0
0
0
0
0
0
0
0
0
0
0
0
0
0
0
0
0
0
0
0
0
0
0
0
0
0
0
0
0
0
0
0
0
0
0
0
0
0
0
0
0
0
0
0
0
0
0
0
0
0
0
0
0
0
0
0
0
0
0
0
0
0
0
0
0
0
0
0
0
0
0
0
0
0
0
0
0
0
0
0
0
0
0
0
0
0
0
0
0
0
0
0
0
0
0
0
0
0
0
0
0
0
0
0
0
0
0
0
0
0
0
0
0
0
0
0
0
0
0
0
0
0
0
0
0
0
0
0
0
0
0
0
0
0
0
0
0
0
0
0
0
0
0
0
0
0
0
0
0
0
0
0
0
0
0
0
0
0
0
0
0
0
0
0
0
0
0
0
0
0
0
0
0
0
0
0
0
0
0
0
0
0
0
0
0
0
0
0
0
0
0
0
0
0
0
0
0
0
0
0
0
0
0
0
0
0
0
0
0
0
0
0
0
0
0
0
0
0
0
0
0
0
0
0
0
0
0
0
0
0
0
0
0
0
0
0
0
0
0
0
0
0
0
0
0
0
0
0
0
0
0
0
0
0
0
0
0
0
0
0
0
0
0
0
0
0
0
0
0
0
0
0
0
0
0
0
0
0
0
0
0
0
0
0
0
0
0
0
0
0
0
0
0
0
0
0
0
0
0
0
0
0
0
0
0
0
0
0
0
0
0
0
0
0
0
0
0
0
0
0
0
0
0
0
0
0
0
0
0
0
0
0
0
0
0
0
0
0
0
0
0
0
0
0
0
0
0
0
0
0
0
0
0
0
0
0
0
0
0
0
0
0
0
0
0
0
0
0
0
0
0
0
0
0
0
0
0
0
0
0
0
0
0
0
0
0
0
0
0
0
0
0
0
0
0
0
0
0
0
0
0
0
0
0
0
0
0
0
0
0
0
0
0
0
0
0
0
0
0
0
0
0
0
0
0
0
0
0
0
0
0
0
0
0
0
0
0
0
0
0
0
0
0
0
0
0
0
0
0
0
0
0
0
0
0
0
0
0
0
0
0
0
0
0
0
0
0
0
0
0
0
0
0
0
0
0
0
0
0
0
0
0
0
0
0
0
0
0
0
0
0
0
0
0
0
0
0
0
0
0
0
0
0
0
0
0
0
0
0
0
0
0
0
0
0
0
0
0
0
0
0
0
0
0
0
0
0
0
0
0
0
0
0
0
0
0
0
0
0
0
0
0
0
0
0
0
0
0
0
0
0
0
0
0
0
0
0
0
0
0
0
0
0
0
0
0
0
0
0
0
0
0
0
0
0
0
0
0
0
0
0
0
0
0
0
0
0
0
0
0
0
0
0
0
0
0
0
0
0
0
0
0
0
0
0
0
0
0
0
0
0
0
0
0
0
0
0
0
0
0
0
0
0
0
0
0
0
0
0
0
0
0
0
0
0
0
0
0
0
0
0
0
0
0
0
0
0
0
0
0
0
0
0
0
0
0
0
0
0
0
0
0
0
0
0
0
0
0
0
0
0
0
0
0
0
0
0
0
0
0
0
0
0
0
0
0
0
0
0
0
0
0
0
0
0
0
0
0
0
0
0
0
0
0
0
0
0
0
0
0
0
0
0
0
0
0
0
0
0
0
0
0
0
0
0
0
0
0
0
0
0
0
0
0
0
0
0
0
0
0
0
0
0
0
0
0
0
0
0
0
0
0
0
0
0
0
0
0
0
0
0
0
0
0
0
0
0
0
0
0
0
0
0
0
0
0
0
0
0
0
0
0
0
0
0
0
0
0
0
0
0
0
0
0
0
0
0
0
0
0
0
0
0
0
0
0
0
0
0
0
0
0
0
0
0
0
0
0
0
0
0
0
0
0
0
0
0
0
0
0
0
0
0
0
0
0
0
0
0
0
0
0
0
0
0
0
0
0
0
0
0
0
0
0
0
0
0
0
0
0
0
0
0
0
0
0
0
0
0
0
0
0
0
0
0
0
0
0
0
0
0
0
0
0
0
0
0
0
0
0
0
0
0
0
0
0
0
0
0
0
0
0
0
0
0
0
0
0
0
0
0
0
0
0
0
0
0
0
0
0
0
0
0
0
0
0
0
0
0
0
0
0
0
0
0
0
0
0
0
0
0
0
0
0
0
0
0
0
0
0
0
0
0
0
0
0
0
0
0
0
0
0
0
0
0
0
0
0
0
0
0
0
0
0
0
0
0
0
0
0
0
0
0
0
0
0
0
0
0
0
0
0
0
0
0
0
0
0
0
0
0
0
0
0
0
0
0
0
0
0
0
0
0
0
0
0
0
0
0
0
0
0
0
0
0
0
0
0
0
0
0
0
0
0
0
0
0
0
0
0
0
0
0
0
0
0
0
0
0
0
0
0
0
0
0
0
0
0
0
0
0
0
0
0
0
0
0
0
0
0
0
0
0
0
0
0
0
0
0
0
0
0
0
0
0
0
0
0
0
0
0
0
0
0
0
0
0
0
0
0
0
0
0
0
0
0
0
0
0
0
0
0
0
0
0
0
0
0
0
0
0
0
0
0
0
0
0
0
0
0
0
0
0
0
0
0
0
0
0
0
0
0
0
0
0
0
0
0
0
0
0
0
0
0
0
0
0
0
0
0
0
0
0
0
0
0
0
0
0
0
0
0
0
0
0
0
0
0
0
0
0
0
0
0
0
0
0
0
0
0
0
0
0
0
0
0
0
0
0
0
0
0
0
0
0
0
0
0
0
0
0
0
0
0
0
0
0
0
0
0
0
0
0
0
0
0
0
0
0
0
0
0
0
0
0
0
0
0
0
0
0
0
0
0
0
0
0
0
0
0
0
0
0
0
0
0
0
0
0
0
0
0
0
0
0
0
0
0
0
0
0
0
0
0
0
0
0
0
0
0
0
0
0
0
0
0
0
0
0
0
0
0
0
0
0
0
0
0
0
0
0
0
0
0
0
0
0
0
0
0
0
0
0
0
0
0
0
0
0
0
0
0
0
0
2.802596928649634e-45
1.68155815718978e-44
4.203895392974451e-44
8.688050478813866e-44
1.597480249330291e-43
2.690493051503649e-43
4.484155085839415e-43
7.286752014489049e-43
1.170084217711222e-42
1.884746434516879e-42
3.029607279870255e-42
4.865308268135765e-42
7.794022058574633e-42
1.246314854170492e-41
1.99152537749843e-41
3.17730413801009e-41
5.063451870991294e-41
8.059708247410618e-41
1.28129126384004e-40
2.034419123491413e-40
3.22622346739967e-40
5.110171161791883e-40
8.084595308137027e-40
1.277485337210934e-39
2.016221861633691e-39
3.178374730036834e-39
5.004451600449362e-39
7.870347983329477e-39
1.236284079503162e-38
1.939680977694419e-38
3.039696628813393e-38
4.757934614085954e-38
7.438677991394217e-38
1.161615778727737e-37
1.811837435937444e-37
2.82271127891043e-37
4.392427209403484e-37
6.827065133681341e-37
1.059876869117242e-36
1.643497725018396e-36
2.545514577859951e-36
3.937996834553601e-36
6.085116115713538e-36
9.3919659695408e-36
1.447900673836115e-35
2.229544724060434e-35
3.429170429920824e-35
5.268146680934272e-35
8.083938935452182e-35
1.239039233622588e-34
1.896899366519252e-34
2.900688890174944e-34
4.430533717165206e-34
6.759419910771956e-34
1.030058148976723e-33
1.56788171196646e-33
2.383771035037101e-33
3.620060851657963e-33
5.491204677773218e-33
8.319941834240819e-33
1.259140765585275e-32
1.90339865641785e-32
2.874003460271049e-32
4.334581639790635e-32
6.529949289192137e-32
9.825971972202887e-32
1.476878289484698e-31
2.217265639789382e-31
3.325024714733107e-31
4.980541822767353e-31
7.451832967263782e-31
1.113665604918189e-30
1.66246329223235e-30
2.478878161194829e-30
3.692023502034406e-30
5.492628821505334e-30
8.162118940019333e-30
1.211525791742788e-29
1.796262798836166e-29
2.66020337460013e-29
3.93520932194269e-29
5.814725558376409e-29
8.58221286052863e-29
1.265255565887236e-28
1.863229850600251e-28
2.74071627407213e-28
4.026906216972369e-28
5.910020331283446e-28
8.663967262591031e-28
1.268689017495592e-27
1.8556855015256e-27
2.711219405119376e-27
3.956728700176301e-27
5.767924449614578e-27
8.398750146251387e-27
1.221579538460716e-26
1.774766014168215e-26
2.575567839118823e-26
3.733513188510227e-26
5.405991676662476e-26
7.818910109745931e-26
1.129615166428501e-25
1.630152834209956e-25
2.349849003711035e-25
3.38349541997439e-25
4.866372976819757e-25
6.991326611137465e-25
1.003294499896911e-24
1.438175668967274e-24
2.059256312054771e-24
2.945262085094903e-24
4.207777363131183e-24
6.004778050536586e-24
8.559663047567234e-24
1.218799328239054e-23
1.733498804484741e-23
2.462809862148067e-23
3.49505833800128e-23
4.954435866530771e-23
7.015366535856873e-23
9.922545532448281e-23
1.401885219539239e-22
1.978420614914288e-22
2.788955757496173e-22
3.927186875550487e-22
5.523807521362199e-22
7.760911530534306e-22
1.089191384243745e-21
1.526908363906833e-21
2.138154648853564e-21
2.990768439913505e-21
4.178726623129663e-21
5.83207043223815e-21
8.130536763162004e-21
1.132226727886685e-20
1.574944939276289e-20
2.18834185342598e-20
3.037265683861789e-20
4.210834963387359e-20
5.831383565368175e-20
8.066644007866959e-20
1.114633630233447e-19
1.538471024088874e-19
2.121116368055913e-19
2.921174633052122e-19
4.018541901974291e-19
5.522012717147544e-19
7.579564003290907e-19
1.039223399497321e-18
1.423283564700845e-18
1.947115953525057e-18
2.660785879339883e-18
3.631999936439166e-18
4.952212454117688e-18
6.744820374999731e-18
9.176118848662037e-18
1.246996197401554e-17
1.692733637414023e-17
2.29524686707785e-17
3.108762125039257e-17
4.205935482146328e-17
5.684008636849572e-17
7.672974345900678e-17
1.034640686554879e-16
1.393580427074546e-16
1.874955736095167e-16
2.519802051188764e-16
3.382657573897774e-16
4.53592443062223e-16
6.075604806208342e-16
8.128848139857432e-16
1.086385823423526e-15
1.450289177014103e-15
1.9339282609956e-15
2.575972035234308e-15
3.427337344255577e-15
4.554987860012254e-15
6.046888589351408e-15
8.018459418039463e-15
1.062096306628062e-14
1.405240449692388e-14
1.857166493073742e-14
2.451683333345306e-14
3.232889284510328e-14
4.258239269007424e-14
5.602498174585302e-14
7.362843380777015e-14
9.665431974746619e-14
1.26738504131578e-13
1.659996603066774e-13
2.171784480769004e-13
2.838160208153834e-13
3.704822364690441e-13
4.830675247834149e-13
6.291553649589998e-13
8.184972339654595e-13
1.06361729319826e-12
1.380581521499835e-12
1.789974418686668e-12
2.318138302842554e-12
2.998742530332943e-12
3.874769862605154e-12
5.001025635276157e-12
6.447306664242314e-12
8.302390025471951e-12
1.067906266888352e-11
1.372043277603208e-11
1.76078613495223e-11
2.257091735735628e-11
2.889980962872407e-11
3.69609828854145e-11
4.721654317529911e-11
6.024854226627241e-11
7.678917224307469e-11
9.775839165948597e-11
1.243106034776176e-10
1.578925740153281e-10
2.003152921314921e-10
2.538427246179253e-10
3.213016797065649e-10
4.062171987673224e-10
5.129795477287757e-10
6.470494140486949e-10
8.152108987857787e-10
1.025880824734315e-09
1.289488849032239e-09
1.618941980474631e-09
2.030192902680028e-09
2.542933197346997e-09
3.181437779886664e-09
3.975593632077334e-09
4.962149802167914e-09
6.186233303395738e-09
7.703187421270741e-09
9.580796600516805e-09
1.190197007616689e-08
1.476798860977624e-08
1.830240670130934e-08
2.265575638205064e-08
2.801119336481861e-08
3.459126318716699e-08
4.266600583946456e-08
5.256267243680668e-08
6.467728042025556e-08
7.948844427119184e-08
9.757379615393802e-08
1.196295045247098e-07
1.464934769046522e-07
1.791728152511496e-07
2.188762664445676e-07
2.670526555448305e-07
3.254360478877061e-07
3.96099125055116e-07
4.815155989490449e-07
5.846338808623841e-07
7.089629434631206e-07
8.586728199588833e-07
1.03871252576937e-06
1.254946596418449e-06
1.514314135420136e-06
1.825014578571427e-06
2.19672119783354e-06
2.640830416567042e-06
3.170747049807687e-06
3.802216497206246e-06
4.553704002319137e-06
5.44683189218631e-06
6.506882073153974e-06
7.763366738799959e-06
9.250687071471475e-06
1.100887675420381e-05
1.308445462200325e-05
1.553138281451538e-05
1.841216544562485e-05
2.179908187827095e-05
2.577557461336255e-05
3.043782635359094e-05
3.589650805224665e-05
4.227875615470111e-05
4.9730391765479e-05
5.841834718012251e-05
6.85334307490848e-05
8.029334276216105e-05
9.394602966494858e-05
0.0001097734129871242
0.0001280954456888139
0.0001492745359428227
0.0001737205893732607
0.0002018961822614074
0.0002343224623473361
0.0002715853916015476
0.0003143426438327879
0.0003633307933341712
0.000419373216573149
0.0004833884013351053
0.0005563989980146289
0.0006395410164259374
0.0007340739830397069
0.0008413910400122404
0.0009630301501601934
0.001100684865377843
0.001256215968169272
0.001431663404218853
0.001629257807508111
0.001851433073170483
0.002100836718454957
0.002380343386903405
0.002693063346669078
0.003042354946956038
0.003431833581998944
0.003865378210321069
0.004347140435129404
0.004881548229604959
0.005473308730870485
0.006127411499619484
0.006849122699350119
0.007643981836736202
0.008517790585756302
0.009476605802774429
0.01052671205252409
0.01167461276054382
0.01292699202895164
0.01429068855941296
0.01577265001833439
0.01737989857792854
0.01911946944892406
0.02099836058914661
0.0230234656482935
0.02520150505006313
0.02753893844783306
0.0300418920814991
0.032716054469347
0.03556660190224648
0.03859806433320045
0.04181426018476486
0.04521814361214638
0.04881171509623528
0.05259590968489647
0.05657046288251877
0.06073383986949921
0.06508307904005051
0.0696137323975563
0.07431972771883011
0.07919331640005112
0.08422500640153885
0.08940348029136658
0.09471558779478073
0.1001462787389755
0.1056786626577377
0.1112939938902855
0.1169717237353325
0.1226896196603775
0.1284238696098328
0.1341491639614105
0.1398389488458633
0.1454655826091766
0.151000589132309
0.1564149260520935
0.1616792231798172
0.1667642444372177
0.1716410964727402
0.1762815713882446
0.1806586384773254
0.1847468018531799
0.1885224133729935
0.1919641345739365
0.1950532346963882
0.1977740675210953
0.2001142352819443
0.2020649760961533
0.2036214619874954
0.2047829777002335
0.2055530101060867
0.2059394866228104
0.2059546560049057
0.2056151330471039
0.2049417197704315
0.2039593458175659
0.2026966512203217
0.2011857181787491
0.1994617134332657
0.1975623220205307
0.195527195930481
0.1933974176645279
0.191214844584465
0.189021423459053
0.1868584156036377
0.1847657263278961
0.1827812045812607
0.1809399127960205
0.1792735159397125
0.1778095215559006
0.1765708178281784
0.1755751669406891
0.1748347878456116
0.1743559390306473
0.1741389185190201
0.1741778552532196
0.1744607537984848
0.1749696433544159
0.1756809651851654
0.1765659153461456
0.1775909811258316
0.1787185966968536
0.1799079924821854
0.181115910410881
0.182297557592392
0.1834075748920441
0.1844010502099991
0.1852344274520874
0.1858666241168976
0.186259850859642
0.1863805651664734
0.1862001568078995
0.1856957972049713
0.1848507523536682
0.1836549937725067
0.1821053773164749
0.1802057027816772
0.1779666095972061
0.1754054427146912
0.1725456863641739
0.1694165617227554
0.1660521626472473
0.1624907851219177
0.1587739139795303
0.1549452841281891
0.151049792766571
0.14713254570961
0.1432376801967621
0.1394074708223343
0.1356813460588455
0.1320951133966446
0.1286802291870117
0.125463142991066
0.1224649921059608
0.1197012141346931
0.1171815469861031
0.1149100512266159
0.1128853484988213
0.1111010164022446
0.1095460876822472
0.1082056760787964
0.1070617586374283
0.1060938835144043
0.1052799895405769
0.104597307741642
0.1040230840444565
0.1035353988409042
0.1031138077378273
0.1027399227023125
0.1023978739976883
0.1020746156573296
0.1017601490020752
0.1014474928379059
0.1011326760053635
0.1008144095540047
0.1004938334226608
0.1001739725470543
0.09985925257205963
0.09955493360757828
0.09926651418209076
0.09899915754795074
0.09875710308551788
0.09854321181774139
0.09835853427648544
0.09820204973220825
0.09807047992944717
0.0979582667350769
0.09785760939121246
0.0977587103843689
0.09765017777681351
0.0975193977355957
0.09735314548015594
0.09713814407587051
0.09686172753572464
0.09651247411966324
0.09608083963394165
0.0955597311258316
0.09494492411613464
0.09423547983169556
0.09343401342630386
0.09254668653011322
0.09158320724964142
0.09055659174919128
0.08948278427124023
0.08838016539812088
0.0872688964009285
0.08617018908262253
0.0851055309176445
0.08409582823514938
0.08316059410572052
0.08231717348098755
0.08158001303672791
0.08096003532409668
0.080464206635952
0.08009517192840576
0.07985115796327591
0.0797259509563446
0.07970910519361496
0.07978638261556625
0.07994027435779572
0.08015063405036926
0.08039554208517075
0.08065213263034821
0.08089753240346909
0.08110973238945007
0.08126846700906754
0.08135604113340378
0.08135797083377838
0.08126355707645416
0.08106625825166702
0.08076390624046326
0.08035868406295776
0.07985704392194748
0.07926926761865616
0.07860901951789856
0.07789270579814911
0.07713869959115982
0.07636653631925583
0.07559606432914734
0.07484658062458038
0.07413603365421295
0.07348025590181351
0.07289240509271622
0.07238239049911499
0.0719565749168396
0.07161758095026016
0.07136431336402893
0.07119211554527283
0.07109308987855911
0.07105652242898941
0.07106948643922806
0.07111747562885284
0.07118513435125351
0.07125696539878845
0.07131800800561905
0.07135454565286636
0.07135466486215591
0.07130874693393707
0.07120978087186813
0.07105361670255661
0.07083901017904282
0.07056760787963867
0.0702437236905098
0.06987399607896805
0.06946698576211929
0.06903272867202759
0.06858211755752563
0.06812640279531479
0.0676765963435173
0.06724296510219574
0.06683457642793655
0.06645888835191727
0.06612148135900497
0.06582587212324142
0.06557342410087585
0.06536339223384857
0.06519307196140289
0.06505801528692245
0.06495235115289688
0.06486912816762924
0.06480074673891068
0.06473936140537262
0.06467729061841965
0.06460738182067871
0.0645233690738678
0.06442015618085861
0.06429398059844971
0.06414254754781723
0.06396506726741791
0.06376223266124725
0.06353608518838882
0.0632898211479187
0.06302756816148758
0.06275414675474167
0.06247472390532494
0.06219456344842911
0.0619187168776989
0.06165175884962082
0.06139758601784706
0.06115924939513206
0.06093883886933327
0.06073739379644394
0.06055494397878647
0.06039055436849594
0.0602424293756485
0.06010805070400238
0.05998437851667404
0.05986803025007248
0.05975550040602684
0.05964334681630135
0.05952839553356171
0.05940787866711617
0.05927958339452744
0.05914192646741867
0.05899401009082794
0.05883563682436943
0.05866726115345955
0.05848995223641396
0.05830526724457741
0.05811514332890511
0.05792176723480225
0.05772742629051208
0.05753436684608459
0.05734469369053841
0.05716020241379738
0.05698235332965851
0.05681217089295387
0.05665021389722824
0.05649658665060997
0.056350938975811
0.05621252208948135
0.05608027055859566
0.05595287308096886
0.05582885816693306
0.05570670589804649
0.05558492988348007
0.05546216294169426
0.05533725395798683
0.05520929023623466
0.05507766455411911
0.05494207516312599
0.0548025406897068
0.05465936660766602
0.0545131117105484
0.05436453223228455
0.05421453341841698
0.05406410247087479
0.05391422659158707
0.05376585200428963
0.05361979454755783
0.05347674340009689
0.05333719030022621
0.05320141091942787
0.05306947976350784
0.05294126272201538
0.05281643196940422
0.05269451439380646
0.05257492512464523
0.05245700851082802
0.05234008282423019
0.05222349986433983
0.05210667103528976
0.05198910087347031
0.05187042057514191
0.05175041034817696
0.05162898078560829
0.05150618031620979
0.05138221010565758
0.05125737190246582
0.05113202705979347
0.05100660026073456
0.05088154226541519
0.0507572740316391
0.05063416808843613
0.05051254853606224
0.05039263516664505
0.0502745546400547
0.05015832930803299
0.05004390701651573
0.0499311238527298
0.04981974139809608
0.04970947280526161
0.04959999397397041
0.04949098080396652
0.04938210919499397
0.04927309229969978
0.04916367307305336
0.04905366525053978
0.0489429347217083
0.04883141815662384
0.04871910065412521
0.0486060194671154
0.04849224910140038
0.0483778789639473
0.04826298728585243
0.04814764484763145
0.04803189635276794
0.04791573062539101
0.04779908061027527
0.04768180847167969
0.04756370186805725
0.04744449257850647
0.0473238117992878
0.0472012422978878
0.0470762811601162
0.0469483807682991
0.04681695252656937
0.04668134450912476
0.04654087126255035
0.04639481380581856
0.04624241590499878
0.04608286172151566
0.04591529816389084
0.04573881253600121
0.04555242136120796
0.04535505175590515
0.04514553397893906
0.04492257907986641
0.04468478262424469
0.04443057626485825
0.04415823519229889
0.043865866959095
0.04355140402913094
0.04321257397532463
0.0428469181060791
0.04245177656412125
0.04202428460121155
0.04156137257814407
0.04105975478887558
0.0405159592628479
0.03992630168795586
0.03928690031170845
0.03859366104006767
0.03784231096506119
0.03702835738658905
0.03614715114235878
0.03519383817911148
0.03416340425610542
0.03305066004395485
0.03185026720166206
0.03055674582719803
0.02916451171040535
0.02766790241003036
0.02606119960546494
0.02433866076171398
0.02249456569552422
0.02052326686680317
0.01841923035681248
0.0161771047860384
0.01379176881164312
0.01125840283930302
0.008572552353143692
0.005730200558900833
0.002727843355387449
-0.0004374418058432639
-0.003767916932702065
-0.007265110034495592
-0.01092973351478577
-0.01476161740720272
-0.01875962689518929
-0.0229215957224369
-0.02724425680935383
-0.03172317892313004
-0.03635272011160851
-0.04112594574689865
-0.04603462666273117
-0.05106917396187782
-0.05621863529086113
-0.06147066876292229
-0.06681156158447266
-0.07222623378038406
-0.07769828289747238
-0.08321001380681992
-0.08874250948429108
-0.09427573531866074
-0.09978863596916199
-0.1052592545747757
-0.1106648445129395
-0.1159820556640625
-0.1211871355772018
-0.1262560933828354
-0.1311648935079575
-0.1358897387981415
-0.1404072493314743
-0.1446947157382965
-0.1487303674221039
-0.1524936109781265
-0.1559653133153915
-0.1591280698776245
-0.1619664132595062
-0.1644670367240906
-0.1666190922260284
-0.1684143394231796
-0.1698473244905472
-0.1709156036376953
-0.1716197580099106
-0.171963632106781
-0.1719542890787125
-0.1716020107269287
-0.1709202975034714
-0.1699257791042328
-0.16863813996315
-0.1670798659324646
-0.1652760207653046
-0.1632539629936218
-0.1610430777072906
-0.1586743146181107
-0.1561799198389053
-0.1535928696393967
-0.1509463936090469
-0.1482735425233841
-0.1456066220998764
-0.142976775765419
-0.1404133439064026
-0.1379434168338776
-0.1355913579463959
-0.1333784312009811
-0.1313223391771317
-0.1294368356466293
-0.1277315318584442
-0.1262116730213165
-0.1248779445886612
-0.1237265393137932
-0.1227491199970245
-0.1219329833984375
-0.1212612614035606
-0.1207132488489151
-0.1202648282051086
-0.1198888942599297
-0.1195560097694397
-0.1192349120974541
-0.1188932880759239
-0.1184984445571899
-0.1180180683732033
-0.1174209415912628
-0.1166777387261391
-0.1157617270946503
-0.1146494597196579
-0.1133213862776756
-0.1117624491453171
-0.109962560236454
-0.1079169288277626
-0.1056263595819473
-0.1030973792076111
-0.1003422886133194
-0.09737897664308548
-0.09423070400953293
-0.09092572331428528
-0.08749677985906601
-0.08398047834634781
-0.08041653037071228
-0.07684696465730667
-0.07331521064043045
-0.06986518204212189
-0.06654028594493866
-0.06338242441415787
-0.06043104082345963
-0.05772219598293304
-0.05528770759701729
-0.05315439403057098
-0.0513434149324894
-0.04986972361803055
-0.04874169826507568
-0.04796088859438896
-0.04752196371555328
-0.04741283133625984
-0.04761486873030663
-0.04810336604714394
-0.04884810745716095
-0.04981409758329391
-0.05096238106489182
-0.05225098133087158
-0.05363591760396957
-0.05507224425673485
-0.05651514232158661
-0.05792096629738808
-0.05924827232956886
-0.06045878306031227
-0.06151824817061424
-0.06239720806479454
-0.06307161599397659
-0.0635232999920845
-0.06374026834964752
-0.06371687352657318
-0.0634537935256958
-0.06295780092477798
-0.06224142387509346
-0.06132244691252708
-0.06022326275706291
-0.05897016078233719
-0.05759243294596672
-0.05612155050039291
-0.05459016561508179
-0.05303121730685234
-0.05147699639201164
-0.04995827749371529
-0.04850351437926292
-0.04713813960552216
-0.04588398337364197
-0.04475879669189453
-0.04377591982483864
-0.04294412955641747
-0.04226758703589439
-0.04174593091011047
-0.04137453436851501
-0.04114485532045364
-0.04104490950703621
-0.04105979949235916
-0.0411723405122757
-0.04136370122432709
-0.04161408171057701
-0.04190339148044586
-0.04221185296773911
-0.04252062737941742
-0.04281230270862579
-0.04307137802243233
-0.0432845875620842
-0.04344118386507034
-0.0435330793261528
-0.04355493187904358
-0.04350408539175987
-0.04338043555617332
-0.0431862510740757
-0.04292589798569679
-0.04260550066828728
-0.04223261773586273
-0.04181582853198051
-0.04136438295245171
-0.04088782891631126
-0.04039564728736877
-0.03989695757627487
-0.03940024599432945
-0.03891314938664436
-0.03844229131937027
-0.0379931814968586
-0.03757013753056526
-0.03717631101608276
-0.03681371733546257
-0.03648329898715019
-0.03618506714701653
-0.03591820225119591
-0.03568120673298836
-0.03547205403447151
-0.03528832271695137
-0.03512733429670334
-0.03498626500368118
-0.03486223891377449
-0.03475240245461464
-0.03465399891138077
-0.03456436470150948
-0.03448100388050079
-0.0344015397131443
-0.03432374075055122
-0.03424549102783203
-0.03416478261351585
-0.03407971188426018
-0.03398847952485085
-0.03388937190175056
-0.03378082066774368
-0.03366139158606529
-0.0335298553109169
-0.03338522091507912
-0.03322678431868553
-0.0330541804432869
-0.03286744654178619
-0.03266704455018044
-0.03245388716459274
-0.03222937136888504
-0.03199534490704536
-0.03175408393144608
-0.03150824457406998
-0.03126079216599464
-0.03101487644016743
-0.03077374398708344
-0.03054060786962509
-0.03031850606203079
-0.03011017106473446
-0.02991790138185024
-0.02974345907568932
-0.02958797104656696
-0.02945185266435146
-0.0293347891420126
-0.02923570945858955
-0.02915283478796482
-0.02908374182879925
-0.02902544848620892
-0.02897456102073193
-0.02892739698290825
-0.0288801696151495
-0.02882915176451206
-0.02877085097134113
-0.02870216779410839
-0.02862054295837879
-0.02852407656610012
-0.02841162122786045
-0.02828283049166203
-0.028138168156147
-0.02797888591885567
-0.0278069619089365
-0.02762499079108238
-0.02743605338037014
-0.02724356763064861
-0.02705110237002373
-0.02686221338808537
-0.02668025344610214
-0.02650822326540947
-0.02634860388934612
-0.02620326541364193
-0.02607336267828941
-0.02595930173993111
-0.02586072310805321
-0.02577655017375946
-0.02570503763854504
-0.02564388513565063
-0.02559037320315838
-0.0255415067076683
-0.02549418434500694
-0.02544534951448441
-0.02539215609431267
-0.02533211745321751
-0.0252632237970829
-0.0251840353012085
-0.02509374171495438
-0.0249921903014183
-0.02487986721098423
-0.02475786209106445
-0.02462778985500336
-0.0244916770607233
-0.02435184270143509
-0.02421076409518719
-0.02407093532383442
-0.02393472380936146
-0.02380423992872238
-0.02368124574422836
-0.02356705442070961
-0.02346247807145119
-0.02336779236793518
-0.02328274957835674
-0.02320660278201103
-0.02313817664980888
-0.02307593636214733
-0.02301810309290886
-0.02296276204288006
-0.02290796115994453
-0.02285184524953365
-0.0227927453815937
-0.02272927947342396
-0.02266040444374084
-0.02258547581732273
-0.02250426262617111
-0.02241694182157516
-0.02232407778501511
-0.02222656086087227
-0.02212555520236492
-0.02202239632606506
-0.0219185221940279
-0.02181537635624409
-0.02171432226896286
-0.02161655947566032
-0.02152306213974953
-0.02143453247845173
-0.02135136723518372
-0.02127365209162235
-0.02120115980505943
-0.02113339491188526
-0.02106962352991104
-0.0210089348256588
-0.02095030806958675
-0.0208926722407341
-0.02083498053252697
-0.02077627927064896
-0.02071575447916985
-0.0206527765840292
-0.02058693021535873
-0.02051803283393383
-0.02044613286852837
-0.02037148736417294
-0.0202945452183485
-0.02021590061485767
-0.02013625949621201
-0.02005637064576149
-0.01997698098421097
-0.01989879459142685
-0.01982242614030838
-0.01974836364388466
-0.01967694237828255
-0.01960833184421062
-0.01954254321753979
-0.0194794163107872
-0.01941866241395473
-0.01935987733304501
-0.01930257491767406
-0.01924622431397438
-0.01919028908014297
-0.01913426257669926
-0.01907769404351711
-0.01902022957801819
-0.01896161399781704
-0.01890170946717262
-0.01884049922227859
-0.01877807825803757
-0.01871463656425476
-0.01865045353770256
-0.01858586259186268
-0.01852122321724892
-0.01845690049231052
-0.01839323900640011
-0.01833054050803185
-0.01826904155313969
-0.01820890791714191
-0.0181502178311348
-0.01809297502040863
-0.018037099391222
-0.01798244193196297
-0.01792880892753601
-0.01787595823407173
-0.01782364025712013
-0.01777159795165062
-0.01771959662437439
-0.01766743510961533
-0.01761495880782604
-0.01756206713616848
-0.01750871539115906
-0.01745491288602352
-0.01740072667598724
-0.01734626293182373
-0.01729166135191917
-0.01723708212375641
-0.01718269661068916
-0.01712867058813572
-0.01707514561712742
-0.01702224463224411
-0.01697005704045296
-0.01691862754523754
-0.01686796918511391
-0.01681805029511452
-0.01676881685853004
-0.01672017574310303
-0.01667202636599541
-0.01662424765527248
-0.0165767278522253
-0.01652935706079006
-0.0164820458739996
-0.01643471978604794
-0.01638733223080635
-0.01633986085653305
-0.01629231311380863
-0.01624471135437489
-0.01619711145758629
-0.01614957675337791
-0.01610217615962029
-0.01605498418211937
-0.01600807160139084
-0.01596149988472462
-0.01591531746089458
-0.01586955785751343
-0.01582423970103264
-0.01577936485409737
-0.01573491096496582
-0.01569084636867046
-0.01564713194966316
-0.01560371369123459
-0.01556054223328829
-0.01551756542176008
-0.01547473948448896
-0.01543202716857195
-0.01538940239697695
-0.01534685026854277
-0.01530436798930168
-0.01526196300983429
-0.01521965302526951
-0.01517745945602655
-0.01513541303575039
-0.0150935472920537
-0.0150518910959363
-0.01501047238707542
-0.01496931165456772
-0.01492842566221952
-0.01488782092928886
-0.01484749838709831
-0.01480745058506727
-0.01476766355335712
-0.01472811959683895
-0.01468879915773869
-0.01464967895299196
-0.01461073756217957
-0.01457195356488228
-0.01453331019729376
-0.01449479721486568
-0.01445640530437231
-0.01441813539713621
-0.01437999028712511
-0.01434197742491961
-0.01430410612374544
-0.01426638849079609
-0.01422883663326502
-0.01419146452099085
-0.0141542823985219
-0.01411729864776134
-0.01408051699399948
-0.01404393836855888
-0.01400756184011698
-0.01397138182073832
-0.01393538899719715
-0.01389957778155804
-0.01386393886059523
-0.0138284619897604
-0.01379314064979553
-0.01375796180218458
-0.01372292265295982
-0.01368801854550838
-0.01365324668586254
-0.01361860800534487
-0.01358410436660051
-0.01354973763227463
-0.01351551059633493
-0.01348143070936203
-0.01344749983400106
-0.01341372169554234
-0.01338010001927614
-0.01334663573652506
-0.01331333164125681
-0.01328018680214882
-0.01324719842523336
-0.0132143646478653
-0.01318168360739946
-0.01314914785325527
-0.01311675366014242
-0.01308449823409319
-0.01305237878113985
-0.01302039064466953
-0.01298853196203709
-0.01295679993927479
-0.01292519457638264
-0.01289371587336063
-0.01286236569285393
-0.01283114217221737
-0.01280004717409611
-0.01276908442378044
-0.0127382529899478
-0.01270755380392075
-0.01267698686569929
-0.01264655217528343
-0.01261624973267317
-0.01258607860654593
-0.01255603786557913
-0.01252612564712763
-0.01249633822590113
-0.01246667560189962
-0.01243713591247797
-0.01240771636366844
-0.01237841602414846
-0.01234923209995031
-0.01232016738504171
-0.01229121629148722
-0.01226238254457712
-0.01223366148769855
-0.01220505591481924
-0.0121765648946166
-0.01214818935841322
-0.01211992837488651
-0.01209178194403648
-0.01206375192850828
-0.01203583832830191
-0.01200803741812706
-0.01198035106062889
-0.01195277646183968
-0.01192531455308199
-0.01189796160906553
-0.01187071669846773
-0.01184357982128859
-0.01181654911488295
-0.01178962644189596
-0.01176280807703733
-0.01173609402030706
-0.01170948520302773
-0.01168297976255417
-0.01165657863020897
-0.01163027994334698
-0.01160408556461334
-0.01157799176871777
-0.01155200134962797
-0.01152611058205366
-0.01150032039731741
-0.01147463172674179
-0.01144904177635908
-0.01142355147749186
-0.01139815896749496
-0.01137286704033613
-0.01134767290204763
-0.0113225756213069
-0.01129757426679134
-0.0112726679071784
-0.01124785654246807
-0.01122313924133778
-0.01119851693511009
-0.01117398776113987
-0.01114955265074968
-0.01112521067261696
-0.01110096089541912
-0.01107680331915617
-0.01105273608118296
-0.01102875825017691
-0.01100487168878317
-0.01098107360303402
-0.01095736585557461
-0.01093374751508236
-0.01091021671891212
-0.0108867734670639
-0.01086341589689255
-0.01084014400839806
-0.010816958732903
-0.01079385727643967
-0.01077084057033062
-0.01074790768325329
-0.0107250576838851
-0.01070229057222605
-0.01067960634827614
-0.01065700594335794
-0.01063448749482632
-0.01061205193400383
-0.01058969832956791
-0.01056742668151855
-0.01054523698985577
-0.01052312925457954
-0.01050110161304474
-0.01047915499657393
-0.0104572894051671
-0.01043550297617912
-0.01041379570960999
-0.01039216853678226
-0.01037061866372824
-0.01034914515912533
-0.01032774988561869
-0.01030643004924059
-0.01028518564999104
-0.01026401482522488
-0.01024291850626469
-0.01022189576178789
-0.01020094472914934
-0.01018006727099419
-0.01015926245599985
-0.01013853121548891
-0.01011787354946136
-0.01009728852659464
-0.01007677614688873
-0.0100563345476985
-0.01003596466034651
-0.01001566648483276
-0.009995440952479839
-0.009975288063287735
-0.009955205023288727
-0.009935191832482815
-0.009915247559547424
-0.00989537313580513
-0.009875568561255932
-0.009855831973254681
-0.009836162440478802
-0.009816559962928295
-0.009797024540603161
-0.00977755431085825
-0.009758149273693562
-0.009738809429109097
-0.009719535708427429
-0.009700327180325985
-0.009681183844804764
-0.009662105701863766
-0.009643091820180416
-0.009624144062399864
-0.009605261497199535
-0.00958644412457943
-0.009567689150571823
-0.00954899936914444
-0.009530371986329556
-0.009511807002127171
-0.009493304416537285
-0.009474865160882473
-0.00945648830384016
-0.009438173845410347
-0.009419918991625309
-0.009401724673807621
-0.009383589960634708
-0.009365513920783997
-0.009347499348223209
-0.009329542517662048
-0.009311643429100513
-0.009293803013861179
-0.009276020340621471
-0.00925829540938139
-0.009240631014108658
-0.009223024360835552
-0.009205474518239498
-0.009187984280288219
-0.009170550853013992
-0.009153174236416817
-0.009135854430496693
-0.009118592366576195
-0.009101387113332748
-0.009084237739443779
-0.009067141450941563
-0.009050101041793823
-0.009033112786710262
-0.009016180410981178
-0.008999302983283997
-0.008982479572296143
-0.008965711109340191
-0.008948996663093567
-0.008932336233556271
-0.008915728889405727
-0.008899174630641937
-0.008882671594619751
-0.008866221643984318
-0.008849823847413063
-0.008833478204905987
-0.008817183785140514
-0.008800940588116646
-0.008784748613834381
-0.008768608793616295
-0.008752522058784962
-0.008736485615372658
-0.008720499463379383
-0.008704565465450287
-0.00868868175894022
-0.008672847412526608
-0.008657063357532024
-0.008641328662633896
-0.008625641465187073
-0.008610003627836704
-0.008594414219260216
-0.008578872308135033
-0.008563376031816006
-0.008547927252948284
-0.008532524108886719
-0.008517167530953884
-0.008501856587827206
-0.008486594073474407
-0.008471379056572914
-0.008456211537122726
-0.00844109058380127
-0.008426017127931118
-0.008410991169512272
-0.008396012708544731
-0.008381080813705921
-0.008366193622350693
-0.008351352997124195
-0.008336558006703854
-0.008321808651089668
-0.00830710306763649
-0.008292442187666893
-0.008277825079858303
-0.008263249881565571
-0.008248716592788696
-0.008234227076172829
-0.008219779469072819
-0.008205374702811241
-0.00819101370871067
-0.008176695555448532
-0.008162422105669975
-0.008148193359375
-0.008134008385241032
-0.008119866251945496
-0.008105766959488392
-0.008091711439192295
-0.00807770062237978
-0.008063728921115398
-0.0080497981980443
-0.00803590752184391
-0.008022055961191654
-0.008008243516087532
-0.007994470186531544
-0.007980735972523689
-0.007967040874063969
-0.007953384891152382
-0.007939768955111504
-0.007926193997263908
-0.007912660017609596
-0.007899167016148567
-0.007885714061558247
-0.00787230022251606
-0.007858926430344582
-0.007845591753721237
-0.007832297123968601
-0.007819040678441525
-0.007805821485817432
-0.007792640943080187
-0.007779498118907213
-0.007766392547637224
-0.00775332422927022
-0.007740292698144913
-0.007727297954261303
-0.007714340463280678
-0.007701420225203037
-0.007688537240028381
-0.007675691042095423
-0.007662881631404161
-0.00765010854229331
-0.007637371774762869
-0.007624671794474125
-0.007612008601427078
-0.007599381729960442
-0.007586791180074215
-0.007574237417429686
-0.007561719510704279
-0.00754923839122057
-0.007536792661994696
-0.00752438185736537
-0.007512005977332592
-0.007499664090573788
-0.007487355265766382
-0.007475081365555525
-0.007462840527296066
-0.007450633682310581
-0.007438460364937782
-0.007426320109516382
-0.007414213381707668
-0.007402140647172928
-0.007390101905912161
-0.007378096226602793
-0.007366124540567398
-0.007354186847805977
-0.007342282682657242
-0.007330411579459906
-0.007318572606891394
-0.007306766230612993
-0.007294991053640842
-0.007283247541636229
-0.007271535694599152
-0.007259855978190899
-0.007248207461088896
-0.00723659060895443
-0.007225004956126213
-0.007213450968265533
-0.007201929111033678
-0.00719043891876936
-0.007178980391472578
-0.007167554460465908
-0.007156160194426775
-0.007144797127693892
-0.007133465725928545
-0.007122165523469448
-0.007110896985977888
-0.007099658716470003
-0.007088450714945793
-0.007077272515743971
-0.007066122721880674
-0.007055002730339766
-0.007043910678476095
-0.007032847031950951
-0.007021812256425619
-0.007010805886238813
-0.006999827921390533
-0.006988879293203354
-0.006977960467338562
-0.006967070978134871
-0.006956210825592279
-0.006945381406694651
-0.006934582721441984
-0.006923813838511705
-0.006913074757903814
-0.006902364548295736
-0.006891683209687471
-0.006881029810756445
-0.006870404351502657
-0.00685980636626482
-0.00684923492372036
-0.006838689558207989
-0.006828171201050282
-0.006817679386585951
-0.006807214114814997
-0.006796776317059994
-0.006786365527659655
-0.006775982212275267
-0.00676562637090683
-0.006755298469215631
-0.006744998507201672
-0.006734725553542376
-0.006724479142576456
-0.006714258808642626
-0.006704065483063459
-0.006693897303193808
-0.00668375613167882
-0.006673639640212059
-0.006663549225777388
-0.006653485354036093
-0.006643446628004313
-0.006633433513343334
-0.006623446010053158
-0.006613485049456358
-0.006603549234569073
-0.006593639496713877
-0.006583754438906908
-0.006573895458132029
-0.006564060691744089
-0.006554252002388239
-0.006544467527419329
-0.006534708198159933
-0.006524974014610052
-0.006515264045447111
-0.006505579687654972
-0.006495919078588486
-0.006486282683908939
-0.006476670503616333
-0.006467082537710667
-0.006457518320530653
-0.006447977852076292
-0.006438461598008871
-0.006428968627005816
-0.006419499404728413
-0.006410053931176662
-0.006400632206350565
-0.006391233764588833
-0.006381858605891466
-0.006372506264597178
-0.006363175809383392
-0.006353867705911398
-0.006344581488519907
-0.006335318554192781
-0.006326077971607447
-0.00631686020642519
-0.006307665258646011
-0.006298493128269911
-0.006289344746619463
-0.006280219648033381
-0.006271118763834238
-0.006262041162699461
-0.006252986844629049
-0.006243955343961716
-0.006234947126358747
-0.006225961726158857
-0.006216999143362045
-0.006208057980984449
-0.00619913823902607
-0.006190239917486906
-0.006181362085044384
-0.006172505207359791
-0.006163668818771839
-0.006154853850603104
-0.006146060302853584
-0.006137287244200706
-0.006128536071628332
-0.006119806319475174
-0.006111097522079945
-0.006102410610765219
-0.006093744188547134
-0.006085098255425692
-0.006076473742723465
-0.00606786971911788
-0.006059286650270224
-0.006050723604857922
-0.006042181514203548
-0.006033660378307104
-0.006025159731507301
-0.006016680039465427
-0.006008220836520195
-0.005999782122671604
-0.005991363432258368
-0.005982964299619198
-0.005974584724754095
-0.005966224707663059
-0.005957883782684803
-0.005949561949819326
-0.005941259209066629
-0.005932975094765425
-0.005924709141254425
-0.005916462279856205
-0.005908235441893339
-0.00590002816170454
-0.005891840439289808
-0.005883672740310431
-0.00587552459910512
-0.005867396015673876
-0.005859287455677986
-0.005851197987794876
-0.005843128077685833
-0.005835078191012144
-0.005827047862112522
-0.005819036159664392
-0.005811043083667755
-0.005803069099783897
-0.005795113276690245
-0.005787175614386797
-0.005779256112873554
-0.005771354306489229
-0.005763470195233822
-0.005755603779107332
-0.005747754592448473
-0.005739924032241106
-0.005732110701501369
-0.005724315531551838
-0.005716538056731224
-0.005708778742700815
-0.005701037589460611
-0.005693314597010612
-0.005685609299689531
-0.005677921697497368
-0.005670251790434122
-0.005662599578499794
-0.005654964596033096
-0.005647346843034029
-0.005639746319502592
-0.005632163025438786
-0.005624596495181322
-0.005617047660052776
-0.005609516054391861
-0.005602001678198576
-0.005594504065811634
-0.00558702414855361
-0.005579562392085791
-0.005572117399424314
-0.005564690101891756
-0.005557279102504253
-0.005549884401261806
-0.005542505532503128
-0.005535142961889505
-0.005527796223759651
-0.005520465318113565
-0.005513150710612535
-0.005505851004272699
-0.005498566664755344
-0.005491298157721758
-0.00548404548317194
-0.005476809106767178
-0.005469589959830046
-0.005462388508021832
-0.00545520382001996
-0.005448035430163145
-0.00544088426977396
-0.005433750804513693
-0.005426634103059769
-0.0054195336997509
-0.005412449594587088
-0.005405380856245756
-0.005398327019065619
-0.005391288548707962
-0.005384264979511499
-0.005377255380153656
-0.005370260216295719
-0.005363278556615114
-0.005356311798095703
-0.005349360406398773
-0.005342423915863037
-0.005335502792149782
-0.005328597035259008
-0.005321707110852003
-0.005314832087606192
-0.005307971499860287
-0.005301125347614288
-0.005294294096529484
-0.005287478677928448
-0.005280678160488605
-0.00527389207854867
-0.005267120897769928
-0.005260365083813667
-0.0052536241710186
-0.005246898625046015
-0.00524018844589591
-0.005233492702245712
-0.005226812325417995
-0.005220146849751472
-0.005213495809584856
-0.005206860136240721
-0.005200238432735205
-0.005193630699068308
-0.005187036469578743
-0.005180455278605223
-0.005173887591809034
-0.005167333409190178
-0.005160792730748653
-0.005154265556484461
-0.0051477518863976
-0.005141252651810646
-0.005134767852723598
-0.005128296557813883
-0.005121839232742786
-0.005115395877510309
-0.005108965560793877
-0.005102549213916063
-0.005096145905554295
-0.005089755170047283
-0.005083377938717604
-0.005077014677226543
-0.005070664919912815
-0.005064328666776419
-0.005058005917817354
-0.005051696207374334
-0.005045400932431221
-0.005039119627326727
-0.005032852292060852
-0.005026597995311022
-0.005020357202738523
-0.00501412944868207
-0.005007914267480373
-0.005001711193472147
-0.004995521157979965
-0.004989343229681253
-0.004983178339898586
-0.004977026488631964
-0.004970886744558811
-0.004964759107679129
-0.004958644043654203
-0.004952542018145323
-0.004946452565491199
-0.004940375685691833
-0.004934311378747225
-0.004928259178996086
-0.004922219552099705
-0.004916192498058081
-0.004910178482532501
-0.004904176574200392
-0.004898187704384327
-0.004892211407423019
-0.004886247683316469
-0.004880296532064676
-0.004874358419328928
-0.004868432879447937
-0.004862518981099129
-0.004856617655605078
-0.004850728437304497
-0.004844851791858673
-0.004838986322283745
-0.004833132028579712
-0.004827288910746574
-0.004821456968784332
-0.004815635271370411
-0.00480982381850481
-0.004804023541510105
-0.004798234906047583
-0.004792456980794668
-0.004786689765751362
-0.004780933726578951
-0.004775188397616148
-0.004769454710185528
-0.004763731267303228
-0.004758019931614399
-0.004752319306135178
-0.004746631253510714
-0.004740954376757145
-0.004735288675874472
-0.004729634616523981
-0.004723991733044386
-0.004718360491096973
-0.004712739959359169
-0.004707128275185823
-0.004701526369899511
-0.004695933312177658
-0.004690348636358976
-0.004684773273766041
-0.004679206758737564
-0.004673649091273546
-0.004668100271373987
-0.004662560299038887
-0.004657029174268246
-0.004651506897062063
-0.004645994398742914
-0.004640489816665649
-0.004634995013475418
-0.004629509057849646
-0.004624031018465757
-0.004618561826646328
-0.004613100085407495
-0.004607646260410547
-0.004602199420332909
-0.004596760030835867
-0.004591327160596848
-0.00458590080961585
-0.004580481443554163
-0.004575068596750498
-0.004569662269204855
-0.004564261995255947
-0.004558868706226349
-0.004553481470793486
-0.004548102151602507
-0.004542728886008263
-0.004537362605333328
-0.004532003775238991
-0.00452665239572525
-0.004521308001130819
-0.004515971522778273
-0.004510642495006323
-0.004505321383476257
-0.004500009119510651
-0.004494704771786928
-0.004489409271627665
-0.004484123084694147
-0.004478846676647663
-0.004473581444472075
-0.004468326922506094
-0.004463084507733583
-0.00445785466581583
-0.004452638793736696
-0.004447438754141331
-0.004442255012691021
-0.004437088966369629
-0.004431941080838442
-0.004426812287420034
-0.004421703983098269
-0.004416616633534431
-0.00441155256703496
-0.004406512249261141
-0.004401498008519411
-0.004396509379148483
-0.004391548689454794
-0.004386615939438343
-0.004381713923066854
-0.004376842640340328
-0.004372003953903913
-0.004367198329418898
-0.004362427163869143
-0.004357690457254648
-0.004352989606559277
-0.004348325077444315
-0.004343697335571051
-0.004339106846600771
-0.004334553144872189
-0.004330036230385303
-0.004325555637478828
-0.004321111366152763
-0.004316701553761959
-0.004312325734645128
-0.004307982046157122
-0.00430366862565279
-0.004299385473132133
-0.004295129794627428
-0.004290899727493525
-0.004286692943423986
-0.004282507579773664
-0.004278340376913548
-0.004274187609553337
-0.004270046018064022
-0.004265912342816591
-0.004261783789843321
-0.004257655702531338
-0.004253524821251631
-0.004249387420713902
-0.004245239309966564
-0.00424107676371932
-0.004236896522343159
-0.004232694860547781
-0.004228468518704176
-0.004224213771522045
-0.004219928290694952
-0.004215608350932598
-0.00421125115826726
-0.004206853453069925
-0.004202413372695446
-0.004197928123176098
-0.004193396307528019
-0.00418881606310606
-0.004184186458587646
-0.004179507493972778
-0.004174777772277594
-0.004169997293502092
-0.004165168385952711
-0.004160291980952024
-0.004155369475483894
-0.004150404594838619
-0.004145399201661348
-0.004140356555581093
-0.004135280847549438
-0.004130175337195396
-0.004125043749809265
-0.004119890742003918
-0.004114721901714802
-0.00410954188555479
-0.004104355350136757
-0.004099167883396149
-0.004093984607607126
-0.004088811110705137
-0.004083652980625629
-0.004078515339642763
-0.004073403775691986
-0.004068323411047459
-0.004063280764967203
-0.004058279097080231
-0.004053323063999414
-0.004048417322337627
-0.004043566063046455
-0.004038772080093622
-0.004034038633108139
-0.00402936851605773
-0.004024762660264969
-0.004020223394036293
-0.004015751648694277
-0.00401134742423892
-0.004007011186331511
-0.00400274246931076
-0.00399854127317667
-0.003994406200945377
-0.003990334924310446
-0.003986324649304152
-0.003982373513281345
-0.003978476859629154
-0.003974631428718567
-0.00397083256393671
-0.003967075608670712
-0.003963354509323835
-0.003959665074944496
-0.003956000320613384
-0.003952356055378914
-0.003948725759983063
-0.003945103380829096
-0.003941483329981565
-0.003937858622521162
-0.0039342250674963
-0.003930576611310244
-0.003926909994333982
-0.003923219162970781
-0.003919500857591629
-0.00391575088724494
-0.003911967389285564
-0.003908147104084492
-0.003904288168996572
-0.003900389187037945
-0.003896450158208609
-0.003892471548169851
-0.003888454753905535
-0.003884400939568877
-0.003880312666296959
-0.003876192728057504
-0.003872044384479523
-0.003867871593683958
-0.003863679012283683
-0.003859471529722214
-0.003855254268273711
-0.00385103328153491
-0.003846813924610615
-0.00384260225109756
-0.003838403848931193
-0.003834225470200181
-0.003830072470009327
-0.003825950436294079
-0.003821864491328597
-0.003817819291725755
-0.003813819261267781
-0.0038098671939224
-0.003805965883657336
-0.003802116960287094
-0.003798321355134249
-0.0037945790681988
-0.003790889168158174
-0.003787250258028507
-0.003783660009503365
-0.003780114697292447
-0.003776610596105456
-0.003773142816498876
-0.003769706236198545
-0.003766295500099659
-0.003762904787436128
-0.003759527578949928
-0.003756157821044326
-0.003752788528800011
-0.003749413648620248
-0.00374602759256959
-0.003742624772712588
-0.00373919983394444
-0.003735748818144202
-0.003732268232852221
-0.003728755516931415
-0.003725209273397923
-0.003721629036590457
-0.003718015272170305
-0.003714369144290686
-0.003710693214088678
-0.003706990741193295
-0.003703265683725476
-0.003699522698298097
-0.00369576714001596
-0.003692005062475801
-0.003688241820782423
-0.003684483701363206
-0.003680736757814884
-0.003677007276564837
-0.003673300845548511
-0.003669622587040067
-0.003665976691991091
-0.003662367584183812
-0.003658797824755311
-0.003655269974842668
-0.003651785431429744
-0.00364834419451654
-0.003644945565611124
-0.003641587682068348
-0.003638267982751131
-0.003634982975199819
-0.003631728468462825
-0.003628499340265989
-0.003625290002673864
-0.003622094867751002
-0.003618908347561955
-0.003615724854171276
-0.003612538799643517
-0.003609345061704516
-0.00360613944940269
-0.003602917771786451
-0.003599677002057433
-0.003596414811909199
-0.00359313003718853
-0.003589822212234139
-0.003586491104215384
-0.003583138342946768
-0.003579765791073442
-0.003576376242563128
-0.003572972724214196
-0.00356955942697823
-0.003566140308976173
-0.003562720259651542
-0.003559304168447852
-0.003555896924808621
-0.003552503185346723
-0.003549127839505672
-0.003545774146914482
-0.00354244583286345
-0.003539145458489656
-0.003535875119268894
-0.003532635280862451
-0.0035294268745929
-0.003526249434798956
-0.003523101098835468
-0.003519979771226645
-0.003516882425174117
-0.003513806266710162
-0.003510747570544481
-0.003507701912894845
-0.003504665102809668
-0.003501633182168007
-0.003498602192848921
-0.003495568176731467
-0.003492527874186635
-0.003489478025585413
-0.003486416768282652
-0.003483342938125134
-0.003480255603790283
-0.003477154532447457
-0.003474040422588587
-0.003470914671197534
-0.003467779140919447
-0.003464636392891407
-0.003461488988250494
-0.003458340186625719
-0.003455193247646093
-0.003452051430940628
-0.003448918228968978
-0.00344579666852951
-0.003442689077928662
-0.00343959778547287
-0.003436524886637926
-0.003433471545577049
-0.003430438227951527
-0.003427425865083933
-0.003424433525651693
-0.003421460278332233
-0.003418504958972335
-0.003415565937757492
-0.003412640886381269
-0.003409727709367871
-0.003406823379918933
-0.003403925336897373
-0.003401031019166112
-0.003398138098418713
-0.003395244479179382
-0.003392348065972328
-0.003389446996152401
-0.003386539872735739
-0.003383626230061054
-0.003380706533789635
-0.003377781016752124
-0.003374850610271096
-0.003371916711330414
-0.003368981415405869
-0.003366046352311969
-0.003363113617524505
-0.003360185073688626
-0.00335726304911077
-0.003354349406436086
-0.003351445775479078
-0.00334855355322361
-0.003345674136653543
-0.003342808224260807
-0.003339956281706691
-0.00333711807616055
-0.003334293374791741
-0.00333148124627769
-0.003328680526465178
-0.003325890051200986
-0.003323108656331897
-0.003320334712043405
-0.003317566588521004
-0.003314802655950189
-0.003312041517347097
-0.003309281775727868
-0.003306522499769926
-0.00330376299098134
-0.00330100255087018
-0.003298241645097733
-0.003295480040833354
-0.003292718203738332
-0.003289956133812666
-0.003287194762378931
-0.003284435020759702
-0.003281677840277553
-0.003278924152255058
-0.00327617465518415
-0.003273430746048689
-0.003270693123340607
-0.003267963184043765
-0.003265241393819451
-0.00326252868399024
-0.003259825287386775
-0.003257131204009056
-0.003254446433857083
-0.0032517712097615
-0.003249105298891664
-0.003246448002755642
-0.003243798622861505
-0.003241155995056033
-0.003238519188016653
-0.003235887037590146
-0.003233258379623294
-0.003230632515624166
-0.003228008281439543
-0.003225385444238782
-0.003222763305529952
-0.00322014233097434
-0.00321752205491066
-0.003214902943000197
-0.003212285460904241
-0.00320967030711472
-0.003207058180123568
-0.003204450244084001
-0.003201846731826663
-0.003199249040335417
-0.003196657402440906
-0.003194072749465704
-0.003191495547071099
-0.003188925562426448
-0.00318636279553175
-0.003183807479217649
-0.003181259147822857
-0.003178717801347375
-0.003176182974129915
-0.003173654666170478
-0.003171132178977132
-0.003168615279719234
-0.003166104201227427
-0.00316359824500978
-0.003161097411066294
-0.003158601699396968
-0.003156110877171159
-0.003153624711558223
-0.003151142969727516
-0.003148665651679039
-0.003146192757412791
-0.003143724519759417
-0.003141260705888271
-0.003138801548629999
-0.003136347280815244
-0.003133897669613361
-0.00313145387917757
-0.00312901521101594
-0.003126582596451044
-0.003124156035482883
-0.003121735528111458
-0.003119322005659342
-0.003116915235295892
-0.003114515682682395
-0.003112123114988208
-0.00310973753221333
-0.003107358934357762
-0.00310498708859086
-0.003102622693404555
-0.003100265748798847
-0.003097915556281805
-0.00309557281434536
-0.003093237057328224
-0.003090908285230398
-0.003088585799559951
-0.003086269367486238
-0.003083958523347974
-0.00308165280148387
-0.003079351736232638
-0.003077054861932993
-0.00307476194575429
-0.003072472522035241
-0.003070187056437135
-0.00306790485046804
-0.003065625904127955
-0.003063349984586239
-0.003061076626181602
-0.003058805828914046
-0.003056537127122283
-0.003054270520806313
-0.003052005311474204
-0.003049741499125957
-0.003047477686777711
-0.003045213641598821
-0.003042948432266712
-0.003040680894628167
-0.003038410330191255
-0.0030361358076334
-0.003033856162801385
-0.003031570231541991
-0.003029277082532644
-0.003026975551620126
-0.003024664940312505
-0.003022344782948494
-0.003020014148205519
-0.003017672803252935
-0.003015319816768169
-0.003012955188751221
-0.003010577987879515
-0.003008187748491764
-0.003005784470587969
-0.003003367222845554
-0.003000935772433877
-0.002998489420861006
-0.002996028168126941
-0.002993551781401038
-0.002991059562191367
-0.002988551743328571
-0.002986027859151363
-0.002983489073812962
-0.00298093562014401
-0.002978368429467082
-0.002975787967443466
-0.002973195631057024
-0.002970591885969043
-0.002967978827655315
-0.002965357154607773
-0.002962728729471564
-0.002960095182061195
-0.002957458840683103
-0.002954821567982435
-0.002952185459434986
-0.002949552843347192
-0.002946925815194845
-0.00294430716894567
-0.002941699000075459
-0.002939103869721293
-0.002936524339020252
-0.002933962969109416
-0.002931422786787152
-0.002928906120359898
-0.002926415996626019
-0.002923955209553242
-0.002921526320278645
-0.002919132355600595
-0.002916776109486818
-0.002914459677413106
-0.002912185853347182
-0.002909956965595484
-0.002907774643972516
-0.002905640983954072
-0.00290355714969337
-0.002901524072512984
-0.00289954268373549
-0.002897613449022174
-0.002895736135542393
-0.002893909346312284
-0.002892133314162493
-0.002890405710786581
-0.002888725372031331
-0.002887089969590306
-0.002885497407987714
-0.002883944660425186
-0.002882428700104356
-0.002880946034565568
-0.002879492240026593
-0.00287806405685842
-0.00287665706127882
-0.002875266131013632
-0.00287388707511127
-0.002872514305636287
-0.002871142700314522
-0.002869766904041171
-0.002868381096050143
-0.002866980386897922
-0.002865559188649058
-0.00286411214619875
-0.002862634602934122
-0.002861121902242303
-0.002859569620341063
-0.002857974031940103
-0.002856330946087837
-0.002854637568816543
-0.002852891338989139
-0.002851090859621763
-0.002849234268069267
-0.002847321098670363
-0.002845351351425052
-0.002843325259163976
-0.002841243986040354
-0.002839109161868691
-0.002836923114955425
-0.002834688406437635
-0.00283240876160562
-0.002830087905749679
-0.002827730495482683
-0.002825341187417507
-0.002822925336658955
-0.002820488531142473
-0.002818037057295442
-0.002815576735883951
-0.00281311315484345
-0.002810652833431959
-0.002808201592415571
-0.002805765019729733
-0.00280334847047925
-0.002800957066938281
-0.0027985954657197
-0.002796268556267023
-0.002793980529531837
-0.002791734412312508
-0.002789533464238048
-0.002787379780784249
-0.002785274758934975
-0.002783219562843442
-0.002781214658170938
-0.00277925911359489
-0.002777351997792721
-0.00277549191378057
-0.002773675136268139
-0.002771899104118347
-0.002770160092040896
-0.002768453676253557
-0.0027667754329741
-0.002765120239928365
-0.002763482742011547
-0.002761857584118843
-0.002760239178314805
-0.002758621703833342
-0.002757000038400292
-0.002755368826910853
-0.002753723179921508
-0.002752058673650026
-0.002750370884314179
-0.002748655853793025
-0.002746910322457552
-0.002745131263509393
-0.002743316814303398
-0.002741465577855706
-0.00273957708850503
-0.002737650880590081
-0.002735687885433435
-0.002733689732849598
-0.002731658518314362
-0.002729596570134163
-0.002727507147938013
-0.002725393977016211
-0.002723260782659054
-0.002721111988648772
-0.002718952484428883
-0.002716787159442902
-0.002714620903134346
-0.002712458372116089
-0.002710304455831647
-0.002708163810893893
-0.002706041093915701
-0.002703940495848656
-0.002701865509152412
-0.002699819393455982
-0.002697804709896445
-0.002695823088288307
-0.00269387592561543
-0.002691963687539101
-0.002690085908398032
-0.002688241424039006
-0.002686428371816874
-0.002684644656255841
-0.002682887017726898
-0.002681152895092964
-0.002679438097402453
-0.002677738666534424
-0.002676050178706646
-0.002674368675798178
-0.002672689268365502
-0.002671007998287678
-0.002669320674613118
-0.002667622873559594
-0.002665911102667451
-0.002664182102307677
-0.002662433078512549
-0.002660661935806274
-0.002658867044374347
-0.002657047705724835
-0.002655203221365809
-0.002653334056958556
-0.00265144114382565
-0.002649526111781597
-0.002647591521963477
-0.00264563993550837
-0.002643674844875932
-0.002641699044033885
-0.00263971695676446
-0.002637731842696667
-0.002635748125612736
-0.002633769297972322
-0.002631799317896366
-0.002629841677844524
-0.00262789917178452
-0.002625975059345365
-0.002624070970341563
-0.002622189000248909
-0.002620330080389977
-0.002618495374917984
-0.002616684651002288
-0.002614896977320313
-0.002613131422549486
-0.002611385891214013
-0.002609658753499389
-0.002607947215437889
-0.00260624778456986
-0.00260455789975822
-0.002602874068543315
-0.002601193031296134
-0.002599511295557022
-0.002597825368866324
-0.002596132922917604
-0.002594430698081851
-0.002592716598883271
-0.00259098899550736
-0.00258924625813961
-0.002587487455457449
-0.002585712354630232
-0.00258392165414989
-0.002582115586847067
-0.002580296015366912
-0.002578464802354574
-0.002576623810455203
-0.002574775600805879
-0.002572922967374325
-0.002571068936958909
-0.002569216303527355
-0.002567367628216743
-0.002565525937825441
-0.002563693560659885
-0.002561872825026512
-0.002560065127909184
-0.002558271866291761
-0.00255649397149682
-0.002554732374846935
-0.002552986610680819
-0.002551256213337183
-0.002549540484324098
-0.002547837560996413
-0.002546146744862199
-0.002544465940445662
-0.002542792819440365
-0.002541125519201159
-0.002539461478590965
-0.002537798369303346
-0.002536134095862508
-0.002534466562792659
-0.002532793441787362
-0.002531113335862756
-0.002529425080865622
-0.002527728211134672
-0.002526021795347333
-0.002524306299164891
-0.002522581489756703
-0.0025208480656147
-0.002519107656553388
-0.002517361426725984
-0.002515611005946994
-0.002513858489692211
-0.002512105973437428
-0.002510355086997151
-0.002508607925847173
-0.002506866352632642
-0.00250513176433742
-0.002503404626622796
-0.002501686569303274
-0.002499978058040142
-0.002498279558494687
-0.002496591070666909
-0.002494912361726165
-0.002493242733180523
-0.002491581719368696
-0.00248992838896811
-0.002488281577825546
-0.00248664035461843
-0.002485003089532256
-0.00248336885124445
-0.002481735777109861
-0.002480102702975273
-0.00247846869751811
-0.002476831898093224
-0.002475192071869969
-0.002473547821864486
-0.002471898915246129
-0.002470245119184256
-0.002468586200848222
-0.002466922858729959
-0.002465255558490753
-0.00246358523145318
-0.002461913274601102
-0.002460240153595805
-0.002458567498251796
-0.002456896472722292
-0.002455228241160512
-0.002453563967719674
-0.002451904816552997
-0.002450251486152411
-0.002448604675009847
-0.002446964615955949
-0.002445331308990717
-0.002443704754114151
-0.002442084718495607
-0.002440470736473799
-0.002438862109556794
-0.002437257673591375
-0.002435656730085611
-0.002434058347716928
-0.002432461827993393
-0.002430866239592433
-0.002429270884022117
-0.002427675062790513
-0.002426078077405691
-0.002424479695037007
-0.002422879682853818
-0.002421277575194836
-0.002419673604890704
-0.002418068237602711
-0.002416461706161499
-0.002414854243397713
-0.002413246547803283
-0.00241163931787014
-0.002410033019259572
-0.002408428583294153
-0.002406826475635171
-0.002405226929113269
-0.002403631107881665
-0.002402039244771004
-0.002400451339781284
-0.002398867858573794
-0.00239728856831789
-0.002395713934674859
-0.002394143026322126
-0.002392576076090336
-0.0023910126183182
-0.002389452187344432
-0.0023878940846771
-0.002386337844654918
-0.002384782768785954
-0.002383228624239564
-0.002381674712523818
-0.002380120800808072
-0.002378566423431039
-0.002377011347562075
-0.002375456038862467
-0.002373900497332215
-0.002372344490140676
-0.002370788482949138
-0.002369232708588243
-0.002367677865549922
-0.00236612418666482
-0.002364572370424867
-0.002363022416830063
-0.002361474558711052
-0.002359929494559765
-0.002358387457206845
-0.002356848679482937
-0.002355312230065465
-0.002353778574615717
-0.00235224817879498
-0.002350720809772611
-0.002349196234717965
-0.0023476742208004
-0.002346154535189271
-0.002344636945053935
-0.002343121450394392
-0.002341607585549355
-0.002340095117688179
-0.002338584046810865
-0.002337074372917414
-0.002335565397515893
-0.002334057586267591
-0.002332550473511219
-0.002331043593585491
-0.002329536946490407
-0.002328030997887254
-0.002326525282114744
-0.002325020730495453
-0.002323516644537449
-0.002322013955563307
-0.002320512663573027
-0.002319012768566608
-0.002317514969035983
-0.002316018799319863
-0.002314524725079536
-0.002313032979145646
-0.002311543794348836
-0.002310056705027819
-0.002308571711182594
-0.00230708927847445
-0.002305608708411455
-0.002304130000993609
-0.002302653389051557
-0.002301178174093366
-0.00229970458894968
-0.002298232633620501
-0.002296762075275183
-0.002295292681083083
-0.002293824451044202
-0.002292357617989182
-0.002290891716256738
-0.002289427211508155
-0.002287964103743434
-0.002286502160131931
-0.002285041613504291
-0.002283582696691155
-0.00228212564252317
-0.002280670218169689
-0.002279216656461358
-0.002277764491736889
-0.002276313723996282
-0.002274864818900824
-0.002273417776450515
-0.002271972363814712
-0.00227052834816277
-0.002269085729494691
-0.002267644507810473
-0.002266204683110118
-0.002264766255393624
-0.002263329224660993
-0.002261893823742867
-0.002260460052639246
-0.002259027445688844
-0.002257596468552947
-0.002256166655570269
-0.002254738239571452
-0.002253311453387141
-0.002251885831356049
-0.002250461839139462
-0.002249039243906736
-0.002247618045657873
-0.002246198710054159
-0.002244781004264951
-0.002243364928290248
-0.002241950714960694
-0.002240537898615003
-0.002239126712083817
-0.002237716922536492
-0.00223630852997303
-0.00223490153439343
-0.002233495935797691
-0.002232091734185815
-0.002230689162388444
-0.002229287987574935
-0.002227888209745288
-0.002226489828899503
-0.002225092612206936
-0.002223696792498231
-0.002222301904112101
-0.002220908179879189
-0.002219515619799495
-0.002218124456703663
-0.002216734224930406
-0.002215345622971654
-0.002213958417996764
-0.002212572144344449
-0.002211187267675996
-0.002209804020822048
-0.002208422170951962
-0.002207041950896382
-0.002205663826316595
-0.002204287331551313
-0.002202912699431181
-0.002201539697125554
-0.002200168557465076
-0.002198799047619104
-0.002197431167587638
-0.002196064684540033
-0.002194699365645647
-0.002193335210904479
-0.002191972453147173
-0.002190611092373729
-0.002189251128584146
-0.002187892328947783
-0.002186534693464637
-0.002185178687795997
-0.002183824311941862
-0.002182471100240946
-0.002181119052693248
-0.002179768402129412
-0.002178419148549438
-0.002177071059122682
-0.002175724366679788
-0.002174378372728825
-0.002173033775761724
-0.002171690575778484
-0.002170348539948463
-0.002169007901102304
-0.002167668659240007
-0.002166330814361572
-0.002164994832128286
-0.002163660246878862
-0.002162327524274588
-0.002160996198654175
-0.002159666735678911
-0.002158339135348797
-0.002157013164833188
-0.002155688591301441
-0.0021543656475842
-0.002153043868020177
-0.002151722786948085
-0.002150402637198567
-0.002149083418771625
-0.002147765131667256
-0.002146447543054819
-0.002145130652934313
-0.002143814694136381
-0.002142499899491668
-0.002141186269000173
-0.002139873802661896
-0.002138562733307481
-0.00213725259527564
-0.002135944087058306
-0.002134637208655477
-0.002133332192897797
-0.002132028806954622
-0.002130727050825953
-0.002129427157342434
