0
0
0
0
0
0
0
0
0
0
0
0
0
0
0
0
0
0
0
0
0
0
0
0
0
0
0
0
0
0
0
0
0
0
0
0
0
0
0
0
0
0
0
0
0
0
0
0
0
0
0
0
0
0
0
0
0
0
0
0
0
0
0
0
0
0
0
0
0
0
0
0
0
0
0
0
0
0
0
0
0
0
0
0
0
0
0
0
0
0
0
0
0
0
0
0
0
0
0
0
0
0
0
0
0
0
0
0
0
0
0
0
0
0
0
0
0
0
0
0
0
0
0
0
0
0
0
0
0
0
0
0
0
0
0
0
0
0
0
0
0
0
0
0
0
0
0
0
0
0
0
0
0
0
0
0
0
0
0
0
0
0
0
0
0
0
0
0
0
0
0
0
0
0
0
0
0
0
0
0
0
0
0
0
0
0
0
0
0
0
0
0
0
0
0
0
0
0
0
0
0
0
0
0
0
0
0
0
0
0
0
0
0
0
0
0
0
0
0
0
0
0
0
0
0
0
0
0
0
0
0
0
0
0
0
0
0
0
0
0
0
0
0
0
0
2.802596928649634e-45
2.802596928649634e-44
1.14906474074635e-43
4.512181055125911e-43
1.701176335690328e-42
6.332467760283848e-42
2.309900388593028e-41
8.284336391241886e-41
2.922463999287979e-40
1.01452467388806e-39
3.466946925392173e-39
1.166678221663834e-38
3.867339375084317e-38
1.263170793138163e-37
4.066553794174344e-37
1.290705299027251e-36
4.039996654727766e-36
1.247387338510683e-35
3.800117531748841e-35
1.142545955893834e-34
3.391040848490692e-34
9.937418938565417e-34
2.876012233179811e-33
8.221982012515043e-33
2.322310606777945e-32
6.481992058414465e-32
1.788236297713836e-31
4.876976068482506e-31
1.315117124784709e-30
3.507055234152856e-30
9.250376187524724e-30
2.413718496882421e-29
6.231522076172327e-29
1.592024729174015e-28
4.025496436253078e-28
1.007551213371155e-27
2.49663575738965e-27
6.125536514292245e-27
1.488307816471924e-26
3.581446382333278e-26
8.536837012148018e-26
2.015870194862779e-25
4.716371568730047e-25
1.093414659962651e-24
2.512136032931043e-24
5.720470213712217e-24
1.291213919439084e-23
2.889275009486512e-23
6.409866566179261e-23
1.41001111795174e-22
3.075761096392035e-22
6.653973325521534e-22
1.427738475944513e-21
3.038753397274034e-21
6.415939179562329e-21
1.343943605669632e-20
2.793154022222306e-20
5.760204027423134e-20
1.178814315467495e-19
2.394152532388328e-19
4.826038459381912e-19
9.655955361860932e-19
1.917773582451117e-18
3.781187336587086e-18
7.401478945045871e-18
1.438461129529305e-17
2.77585137611647e-17
5.319139599524677e-17
1.012188622450026e-16
1.912861651624879e-16
3.590328876740848e-16
6.693287701125779e-16
1.239437583091445e-15
2.279893150829225e-15
4.166133245136171e-15
7.563178361857329e-15
1.364115051927413e-14
2.444532003578227e-14
4.352717662757348e-14
7.70134959493865e-14
1.354052910377754e-13
2.365850842057232e-13
4.10810925208227e-13
7.089556264099073e-13
1.216011124259564e-12
2.073080205763911e-12
3.512955768295023e-12
5.917319585713177e-12
9.908096912369935e-12
1.649245323642745e-11
2.729142606350266e-11
4.489822749698114e-11
7.343610441967741e-11
1.19421500466288e-10
1.930912513214977e-10
3.104303480938597e-10
4.962505406602702e-10
7.888357189678175e-10
1.246906800034253e-09
1.959999496037312e-09
3.063830300575887e-09
4.762907845901054e-09
7.363596843390496e-09
1.132215743382403e-08
1.731412524463849e-08
2.633386131378757e-08
3.98364967679754e-08
5.993906171397612e-08
8.970369691496671e-08
1.335337884711407e-07
1.977247450213326e-07
2.912245804509439e-07
4.266777011707745e-07
6.218479597919213e-07
9.015458317662706e-07
1.300221924793732e-06
1.865432068370865e-06
2.662438873812789e-06
3.780275847020675e-06
5.339690687833354e-06
7.503472716052784e-06
1.048977992468281e-05
1.458922452002298e-05
2.018660961766727e-05
2.778835732897278e-05
3.805690357694402e-05
5.185341433389112e-05
7.029045809758827e-05
9.479639265919104e-05
0.0001271934452233836
0.0001697913103271276
0.0002254987193737179
0.0002979545388370752
0.0003916807763744146
0.0005122586735524237
0.0006665292312391102
0.0008628180366940796
0.001111184828914702
0.001423693844117224
0.001814704854041338
0.00230117398314178
0.002902962500229478
0.003643137868493795
0.004548258148133755
0.005648618564009666
0.0069784433580935
0.008576002903282642
0.01048361789435148
0.01274754665791988
0.01541769038885832
0.01854712702333927
0.02219141088426113
0.02640762738883495
0.03125318512320518
0.03678432106971741
0.04305432736873627
0.05011148005723953
0.05799676477909088
0.06674131751060486
0.07636378705501556
0.08686757832765579
0.09823817759752274
0.1104405894875526
0.1234171316027641
0.1370855569839478
0.1513379961252213
0.1660404354333878
0.1810333281755447
0.1961331069469452
0.2111348658800125
0.225816398859024
0.2399432510137558
0.2532749772071838
0.26557257771492
0.2766064703464508
0.2861652076244354
0.2940643429756165
0.3001549541950226
0.3043318688869476
0.3065402507781982
0.306781142950058
0.3051148951053619
0.3016620874404907
0.2966020405292511
0.2901687026023865
0.2826436460018158
0.2743465304374695
0.2656234204769135
0.2568330764770508
0.2483321130275726
0.2404595762491226
0.2335217893123627
0.2277782708406448
0.2234293669462204
0.2206067144870758
0.2193668037652969
0.2196883857250214
0.2214739918708801
0.2245553731918335
0.2287031710147858
0.2336398661136627
0.2390556633472443
0.2446262985467911
0.2500316798686981
0.2549742758274078
0.2591960728168488
0.2624931037425995
0.2647262513637543
0.2658279240131378
0.26580411195755
0.2647315263748169
0.2627500891685486
0.2600513696670532
0.2568639516830444
0.2534363865852356
0.2500193417072296
0.2468481808900833
0.2441270649433136
0.242015928030014
0.2406211197376251
0.239990234375
0.2401117086410522
0.2409186810255051
0.2422971725463867
0.2440972328186035
0.2461467236280441
0.2482660710811615
0.2502828538417816
0.2520451843738556
0.2534326910972595
0.2543644309043884
0.254802942276001
0.2547546625137329
0.2542662918567657
0.2534182071685791
0.2523152232170105
0.2510756850242615
0.2498203814029694
0.2486615478992462
0.2476935833692551
0.2469858974218369
0.2465785443782806
0.246480867266655
0.2466729432344437
0.2471097409725189
0.2477273494005203
0.2484505772590637
0.2492008954286575
0.2499043196439743
0.2504981458187103
0.2509360909461975
0.2511913180351257
0.2512575685977936
0.2511478364467621
0.2508914768695831
0.2505296766757965
0.250110387802124
0.249682679772377
0.2492916136980057
0.2489740252494812
0.2487554252147675
0.2486483454704285
0.2486524134874344
0.248755469918251
0.2489360570907593
0.2491665929555893
0.2494170516729355
0.2496583312749863
0.2498654872179031
0.2500198781490326
0.2501107454299927
0.2501355707645416
0.2500993013381958
0.2500133812427521
0.2498935014009476
0.2497574687004089
0.2496229708194733
0.249505490064621
0.24941685795784
0.2493642121553421
0.2493496537208557
0.2493706345558167
0.249420702457428
0.2494907230138779
0.2495702505111694
0.2496488988399506
0.2497176378965378
0.2497696727514267
0.2498010545969009
0.2498107701539993
0.2498006075620651
0.2497745454311371
0.2497380077838898
0.2496970593929291
0.2496575862169266
0.2496245354413986
0.2496014088392258
0.2495900094509125
0.2495904415845871
0.2496011853218079
0.2496195286512375
0.249642014503479
0.2496649771928787
0.2496848702430725
0.2496986985206604
0.2497041821479797
0.2496998459100723
0.2496848553419113
0.2496587634086609
0.2496211230754852
0.2495711594820023
0.249507263302803
0.2494265884160995
0.2493245899677277
0.2491948902606964
0.249028816819191
0.2488153725862503
0.2485411763191223
0.2481902986764908
0.2477443665266037
0.2471826821565628
0.2464824020862579
0.2456187903881073
0.2445655763149261
0.2432955652475357
0.2417814284563065
0.2399965524673462
0.237916424870491
0.2355199009180069
0.2327908277511597
0.2297198325395584
0.2263060510158539
0.2225587666034698
0.2184988856315613
0.214159831404686
0.2095880061388016
0.2048426121473312
0.1999944150447845
0.1951238214969635
0.1903178989887238
0.1856666654348373
0.1812587380409241
0.1771764606237411
0.1734908521175385
0.1702568233013153
0.1675092279911041
0.1652596741914749
0.1634948998689651
0.1621768474578857
0.1612443774938583
0.1606169790029526
0.1602001637220383
0.1598920077085495
0.1595907062292099
0.1592021286487579
0.1586469709873199
0.1578667759895325
0.1568280756473541
0.155524343252182
0.1539755016565323
0.1522248238325119
0.1503338515758514
0.1483754068613052
0.1464258581399918
0.1445571333169937
0.1428294479846954
0.1412858068943024
0.1399482041597366
0.1388167142868042
0.1378708779811859
0.1370735168457031
0.1363761276006699
0.1357254832983017
0.1350702792406082
0.1343671530485153
0.1335853338241577
0.1327092200517654
0.1317389905452728
0.1306889951229095
0.129584401845932
0.1284566968679428
0.127338707447052
0.1262598931789398
0.1252425312995911
0.1242993399500847
0.1234326511621475
0.1226351708173752
0.1218921765685081
0.1211844980716705
0.1204918622970581
0.1197961568832397
0.1190838739275932
0.1183475777506828
0.1175862923264503
0.1168047785758972
0.116011954843998
0.1152188777923584
0.1144365668296814
0.1136741638183594
0.1129376217722893
0.1122291162610054
0.1115471571683884
0.1108873635530472
0.1102436184883118
0.1096093580126762
0.1089787557721138
0.1083476915955544
0.1077141240239143
0.1070781648159027
0.1064417138695717
0.1058077663183212
0.1051796674728394
0.104560412466526
0.1039520874619484
0.1033556014299393
0.1027707010507584
0.1021961495280266
0.1016301512718201
0.1010707542300224
0.100516214966774
0.09996535629034042
0.09941761195659637
0.098873071372509
0.09833230078220367
0.09779614210128784
0.09726545214653015
0.09674088656902313
0.09622284770011902
0.0957113578915596
0.09520614892244339
0.09470672905445099
0.09421250224113464
0.09372294694185257
0.09323761612176895
0.09275630861520767
0.09227895736694336
0.09180565923452377
0.09133659303188324
0.09087194502353668
0.09041184186935425
0.08995635062456131
0.08950541913509369
0.08905892819166183
0.08861670643091202
0.08817856758832932
0.0877443328499794
0.08731386810541153
0.08688710629940033
0.08646398037672043
0.08604450523853302
0.0856286883354187
0.08521652221679688
0.08480803668498993
0.08440318703651428
0.08400190621614456
0.08360415697097778
0.08320984244346619
0.0828188955783844
0.08243124186992645
0.08204680681228638
0.08166555315256119
0.08128745853900909
0.08091249316930771
0.08054061979055405
0.08017180860042572
0.07980603724718094
0.07944326847791672
0.07908345758914948
0.07872656732797623
0.07837255299091339
0.07802136987447739
0.07767298072576523
0.07732734829187393
0.07698445022106171
0.07664424180984497
0.07630670815706253
0.0759718045592308
0.0756395012140274
0.07530977576971054
0.07498259097337723
0.07465791702270508
0.0743357315659523
0.07401598244905472
0.07369864732027054
0.07338371127843857
0.07307114452123642
0.07276090979576111
0.07245299220085144
0.07214734703302383
0.07184396684169769
0.07154282182455063
0.07124388962984085
0.07094713300466537
0.0706525593996048
0.07036010921001434
0.07006975263357162
0.06978148221969604
0.06949527561664581
0.06921108067035675
0.06892889738082886
0.06864870339632034
0.06837046146392822
0.06809414923191071
0.06781972199678421
0.06754716485738754
0.06727642565965652
0.06700746715068817
0.0667402446269989
0.06647471338510513
0.06621081382036209
0.0659484788775444
0.0656876340508461
0.06542817503213882
0.06516999006271362
0.06491293013095856
0.06465683132410049
0.06440148502588272
0.06414663046598434
0.06389195472002029
0.06363711506128311
0.06338165700435638
0.06312505155801773
0.06286664307117462
0.06260567158460617
0.06234119087457657
0.06207211315631866
0.06179709360003471
0.06151457875967026
0.06122272089123726
0.06091931462287903
0.06060178205370903
0.0602671205997467
0.0599118247628212
0.05953181907534599
0.05912239104509354
0.05867810919880867
0.05819274857640266
0.05765919014811516
0.05706934258341789
0.05641407519578934
0.05568311363458633
0.05486492440104485
0.05394666641950607
0.05291412025690079
0.05175160244107246
0.05044195801019669
0.04896651208400726
0.04730506613850594
0.04543594643473625
0.04333606362342834
0.04098102077841759
0.03834526985883713
0.03540229424834251
0.03212491050362587
0.02848557382822037
0.02445675246417522
0.02001139149069786
0.01512343529611826
0.00976839940994978
0.003924021031707525
-0.002429034328088164
-0.00930644478648901
-0.01671941950917244
-0.02467391826212406
-0.03316981717944145
-0.04220011830329895
-0.05175018683075905
-0.06179703399538994
-0.0723087266087532
-0.08324386179447174
-0.09455122798681259
-0.1061696112155914
-0.1180278286337852
-0.1300449371337891
-0.1421307921409607
-0.1541867405176163
-0.1661067754030228
-0.1777787655591965
-0.1890861541032791
-0.1999098062515259
-0.2101302295923233
-0.2196300029754639
-0.2282961755990982
-0.2360232174396515
-0.2427156418561935
-0.2482908815145493
-0.2526819109916687
-0.2558399140834808
-0.257736474275589
-0.2583654224872589
-0.2577445507049561
-0.2559163868427277
-0.2529485821723938
-0.2489334940910339
-0.2439871430397034
-0.238247349858284
-0.231871172785759
-0.2250315546989441
-0.2179132550954819
-0.210708275437355
-0.2036107033491135
-0.1968114674091339
-0.1904924958944321
-0.1848214566707611
-0.1799461841583252
-0.1759900152683258
-0.1730474531650543
-0.1711808294057846
-0.1704179644584656
-0.1707509458065033
-0.1721361726522446
-0.1744956374168396
-0.1777195781469345
-0.1816703379154205
-0.1861872673034668
-0.1910926252603531
-0.1961982697248459
-0.2013127505779266
-0.2062486708164215
-0.2108299136161804
-0.2148983776569366
-0.218320220708847
-0.2209909558296204
-0.2228393256664276
-0.2238298952579498
-0.223964050412178
-0.2232791930437088
-0.2218466997146606
-0.2197681367397308
-0.2171700596809387
-0.2141978889703751
-0.2110088318586349
-0.2077643573284149
-0.2046223431825638
-0.2017296701669693
-0.1992154568433762
-0.1971850097179413
-0.1957152485847473
-0.1948515027761459
-0.1946060061454773
-0.1949580460786819
-0.1958558708429337
-0.1972200572490692
-0.1989483684301376
-0.2009215950965881
-0.2030102163553238
-0.2050813585519791
-0.2070057839155197
-0.2086644619703293
-0.2099543064832687
-0.2107929289340973
-0.2111219018697739
-0.2109087109565735
-0.2101469784975052
-0.2088553011417389
-0.2070745825767517
-0.2048640847206116
-0.2022966891527176
-0.1994535475969315
-0.1964183747768402
-0.1932719498872757
-0.1900870800018311
-0.1869244575500488
-0.1838294565677643
-0.180830255150795
-0.177937313914299
-0.175144150853157
-0.1724293678998947
-0.1697597354650497
-0.1670941710472107
-0.1643881350755692
-0.1615982800722122
-0.1586870402097702
-0.1556264013051987
-0.1524013429880142
-0.1490119248628616
-0.1454744189977646
-0.141821101307869
-0.1380989849567413
-0.1343672573566437
-0.1306938529014587
-0.1271514296531677
-0.1238128617405891
-0.1207466423511505
-0.118012547492981
-0.1156578287482262
-0.1137141138315201
-0.1121954247355461
-0.1110971495509148
-0.1103962510824203
-0.110052578151226
-0.1100111976265907
-0.1102055758237839
-0.1105613261461258
-0.1110004559159279
-0.1114455834031105
-0.1118240207433701
-0.1120714917778969
-0.1121351420879364
-0.1119758486747742
-0.1115694716572762
-0.1109073981642723
-0.1099960580468178
-0.1088555157184601
-0.1075175777077675
-0.1060231551527977
-0.1044193431735039
-0.1027563661336899
-0.1010845378041267
-0.09945140033960342
-0.09789926558732986
-0.09646321833133698
-0.09516971558332443
-0.09403577446937561
-0.09306872636079788
-0.09226661920547485
-0.09161901473999023
-0.09110832214355469
-0.0907113179564476
-0.09040094166994095
-0.09014815092086792
-0.0899236723780632
-0.08969970792531967
-0.0894513875246048
-0.08915793150663376
-0.08880352973937988
-0.08837783336639404
-0.08787611126899719
-0.08729909360408783
-0.08665253967046738
-0.0859464704990387
-0.08519428223371506
-0.08441168814897537
-0.08361557871103287
-0.08282288908958435
-0.08204957097768784
-0.08130960911512375
-0.08061428368091583
-0.0799715518951416
-0.07938577979803085
-0.0788576528429985
-0.07838428020477295
-0.07795967906713486
-0.07757528871297836
-0.07722074538469315
-0.0768846720457077
-0.07655558735132217
-0.07622267305850983
-0.07587657123804092
-0.07550995051860809
-0.07511793822050095
-0.07469836622476578
-0.07425173372030258
-0.07378102093935013
-0.07329132407903671
-0.07278928160667419
-0.07228244096040726
-0.07177862524986267
-0.07128521054983139
-0.07080858945846558
-0.070353664457798
-0.0699235200881958
-0.0695192813873291
-0.06914011389017105
-0.06878343969583511
-0.06844528019428253
-0.06812068074941635
-0.06780420988798141
-0.06749048084020615
-0.06717460602521896
-0.06685264408588409
-0.06652186065912247
-0.06618087738752365
-0.06582972407341003
-0.06546970456838608
-0.06510317325592041
-0.06473323702812195
-0.06436339765787125
-0.06399717926979065
-0.06363774091005325
-0.06328768283128738
-0.06294873356819153
-0.06262170523405075
-0.06230646371841431
-0.0620020218193531
-0.06170668452978134
-0.06141829118132591
-0.06113447621464729
-0.06085290014743805
-0.06057150289416313
-0.0602886751294136
-0.06000338494777679
-0.05971524119377136
-0.05942445620894432
-0.05913176760077477
-0.05883833020925522
-0.05854552239179611
-0.05825478956103325
-0.05796749144792557
-0.05768474936485291
-0.05740733072161674
-0.05713561549782753
-0.05686958879232407
-0.05660886317491531
-0.05635275691747665
-0.05610039457678795
-0.05585081875324249
-0.05560310557484627
-0.0553564578294754
-0.05511026829481125
-0.05486419796943665
-0.05461814999580383
-0.05437226593494415
-0.05412688478827477
-0.05388247966766357
-0.05363960191607475
-0.05339877307415009
-0.05316045880317688
-0.0529249981045723
-0.05269257724285126
-0.05246322974562645
-0.05223683640360832
-0.05201315507292747
-0.05179185420274734
-0.05157257616519928
-0.05135496705770493
-0.05113871023058891
-0.05092357844114304
-0.05070942267775536
-0.05049619823694229
-0.05028395354747772
-0.0500728115439415
-0.04986292868852615
-0.04965449124574661
-0.0494476854801178
-0.04924265667796135
-0.04903950169682503
-0.04883826524019241
-0.04863893613219261
-0.04844145104289055
-0.04824569821357727
-0.04805155470967293
-0.04785888269543648
-0.04766754806041718
-0.04747745394706726
-0.04728851467370987
-0.04710068553686142
-0.04691397771239281
-0.04672840237617493
-0.04654400795698166
-0.04636085033416748
-0.04617898166179657
-0.04599845036864281
-0.04581928625702858
-0.04564150795340538
-0.04546510800719261
-0.04529004916548729
-0.04511630162596703
-0.04494381695985794
-0.04477253556251526
-0.0446024090051651
-0.04443339258432388
-0.04426545277237892
-0.04409856721758842
-0.04393273591995239
-0.04376795142889023
-0.04360422864556313
-0.04344157129526138
-0.04327999800443649
-0.04311951622366905
-0.04296012967824936
-0.04280183836817741
-0.04264462366700172
-0.04248847812414169
-0.04233337566256523
-0.04217929765582085
-0.04202621802687645
-0.04187411442399025
-0.04172296822071075
-0.04157276824116707
-0.0414235033094883
-0.04127517342567444
-0.0411277562379837
-0.04098126292228699
-0.04083568602800369
-0.04069102928042412
-0.04054728522896767
-0.04040444642305374
-0.04026251286268234
-0.04012147709727287
-0.03998132050037384
-0.03984203189611435
-0.0397036075592041
-0.0395660325884819
-0.03942929208278656
-0.03929338604211807
-0.03915829584002495
-0.03902401775121689
-0.03889055550098419
-0.03875789418816566
-0.03862602263689041
-0.03849494457244873
-0.03836464509367943
-0.0382351242005825
-0.03810638189315796
-0.037978395819664
-0.03785117343068123
-0.03772469609975815
-0.03759896382689476
-0.03747395798563957
-0.03734967485070229
-0.0372261144220829
-0.03710326552391052
-0.03698112815618515
-0.03685969114303589
-0.03673895448446274
-0.0366189032793045
-0.03649953380227089
-0.03638084605336189
-0.03626283630728722
-0.03614549711346626
-0.03602882474660873
-0.03591281175613403
-0.03579744324088097
-0.03568272292613983
-0.03556864708662033
-0.03545520082116127
-0.03534238785505295
-0.03523019701242447
-0.03511862456798553
-0.03500767052173615
-0.0348973274230957
-0.03478758782148361
-0.03467844799160957
-0.03456990048289299
-0.03446194529533386
-0.03435457497835159
-0.03424778580665588
-0.03414157405495644
-0.03403593227267265
-0.03393086045980453
-0.03382635116577148
-0.0337224006652832
-0.03361900523304939
-0.03351614996790886
-0.0334138423204422
-0.03331207856535912
-0.03321084752678871
-0.03311014920473099
-0.03300997614860535
-0.03291033208370209
-0.03281120955944061
-0.03271260112524033
-0.03261450305581093
-0.03251691907644272
-0.0324198342859745
-0.03232325240969658
-0.03222717344760895
-0.03213157877326012
-0.03203647583723068
-0.03194185718894005
-0.03184771910309792
-0.03175405785441399
-0.03166086971759796
-0.03156815096735954
-0.03147589415311813
-0.03138410300016403
-0.03129277005791664
-0.03120189905166626
-0.03111148253083229
-0.03102152235805988
-0.03093200922012329
-0.03084294125437737
-0.03075431473553181
-0.03066612593829632
-0.03057837300002575
-0.0304910484701395
-0.03040415234863758
-0.03031768277287483
-0.03023163415491581
-0.03014600090682507
-0.03006078116595745
-0.02997597306966782
-0.02989157289266586
-0.02980758063495159
-0.02972399443387985
-0.02964081056416035
-0.02955802716314793
-0.02947564236819744
-0.02939364872872829
-0.02931204438209534
-0.02923082560300827
-0.02914999052882195
-0.02906953543424606
-0.02898945845663548
-0.02890975587069988
-0.02883042767643929
-0.02875147573649883
-0.02867289260029793
-0.02859468013048172
-0.02851683273911476
-0.0284393485635519
-0.0283622220158577
-0.02828545309603214
-0.02820903621613979
-0.0281329732388258
-0.02805725671350956
-0.02798188664019108
-0.02790685743093491
-0.02783217281103134
-0.02775783091783524
-0.02768382802605629
-0.02761016227304935
-0.02753682807087898
-0.02746382728219032
-0.02739115245640278
-0.02731880359351635
-0.02724677883088589
-0.02717507444322109
-0.02710368856787682
-0.02703261934220791
-0.02696186676621437
-0.0268914271146059
-0.02682130225002766
-0.02675148844718933
-0.02668198570609093
-0.02661279030144215
-0.02654389850795269
-0.02647531032562256
-0.0264070238918066
-0.02633903734385967
-0.02627134509384632
-0.02620394714176655
-0.02613684348762035
-0.02607003040611744
-0.02600350230932236
-0.02593726292252541
-0.02587130852043629
-0.025805639103055
-0.0257402490824461
-0.02567514032125473
-0.02561031095683575
-0.025545759126544
-0.02548148110508919
-0.02541747502982616
-0.02535374276340008
-0.02529027871787548
-0.02522708289325237
-0.0251641534268856
-0.02510148659348488
-0.02503908611834049
-0.024976946413517
-0.0249150674790144
-0.02485345117747784
-0.02479209192097187
-0.02473099157214165
-0.02467014081776142
-0.02460954152047634
-0.02454919368028641
-0.02448909543454647
-0.02442924305796623
-0.02436963841319084
-0.02431027591228485
-0.02425115369260311
-0.02419227547943592
-0.02413363568484783
-0.02407523430883884
-0.02401707321405411
-0.02395914867520332
-0.02390146069228649
-0.02384400554001331
-0.02378678321838379
-0.02372979000210762
-0.02367302775382996
-0.0236164927482605
-0.02356018126010895
-0.02350409887731075
-0.02344823814928532
-0.02339260093867779
-0.02333718352019787
-0.02328198589384556
-0.02322700805962086
-0.02317224815487862
-0.02311770431697369
-0.02306337654590607
-0.02300926484167576
-0.02295536734163761
-0.02290167845785618
-0.02284820005297661
-0.0227949321269989
-0.02274187095463276
-0.02268901653587818
-0.02263636514544487
-0.02258391678333282
-0.02253167144954205
-0.02247962914407253
-0.02242778800427914
-0.02237614616751671
-0.0223247054964304
-0.0222734659910202
-0.02222242765128613
-0.02217158675193787
-0.02212094143033028
-0.02207049354910851
-0.02202023938298225
-0.02197017334401608
-0.02192029729485512
-0.02187061123549938
-0.02182111144065857
-0.02177179604768753
-0.02172266319394112
-0.02167371101677418
-0.02162493951618671
-0.02157635055482388
-0.02152794227004051
-0.02147971652448177
-0.02143166586756706
-0.02138379588723183
-0.02133610844612122
-0.02128859795629978
-0.02124126628041267
-0.02119411155581474
-0.02114713191986084
-0.02110032550990582
-0.02105368860065937
-0.0210072249174118
-0.02096093073487282
-0.02091480419039726
-0.02086884900927544
-0.02082306146621704
-0.02077743969857693
-0.02073198370635509
-0.02068669348955154
-0.02064156904816628
-0.02059660851955414
-0.02055181004106998
-0.02050717920064926
-0.02046270854771137
-0.02041839808225632
-0.02037424594163895
-0.02033025212585926
-0.02028641290962696
-0.0202427301555872
-0.02019920572638512
-0.02015583589673042
-0.02011262066662312
-0.02006956003606319
-0.02002665214240551
-0.01998389698565006
-0.019941296428442
-0.01989884488284588
-0.01985654421150684
-0.01981439255177975
-0.01977238804101944
-0.01973053067922592
-0.01968882046639919
-0.0196472555398941
-0.01960583589971066
-0.0195645559579134
-0.01952342316508293
-0.01948243379592896
-0.01944158785045147
-0.01940088346600533
-0.01936032250523567
-0.01931990124285221
-0.01927961967885494
-0.01923947781324387
-0.01919947564601898
-0.01915961131453514
-0.01911988295614719
-0.01908029057085514
-0.01904083415865898
-0.01900151371955872
-0.01896232552826405
-0.01892327144742012
-0.01888434961438179
-0.01884555816650391
-0.01880690082907677
-0.01876837201416492
-0.01872997358441353
-0.01869170367717743
-0.01865356601774693
-0.01861555501818657
-0.01857767254114151
-0.0185399167239666
-0.01850228756666183
-0.01846478506922722
-0.0184274073690176
-0.01839015260338783
-0.01835302077233791
-0.01831601373851299
-0.01827912777662277
-0.01824236661195755
-0.01820572838187218
-0.01816921308636665
-0.01813281700015068
-0.01809654012322426
-0.01806038245558739
-0.01802434213459492
-0.017988421022892
-0.01795261912047863
-0.01791693456470966
-0.01788136921823025
-0.01784592121839523
-0.01781059056520462
-0.01777537167072296
-0.0177402701228857
-0.01770528219640255
-0.01767040602862835
-0.0176356416195631
-0.01760098896920681
-0.01756644807755947
-0.01753202080726624
-0.0174977034330368
-0.01746349595487118
-0.01742939837276936
-0.01739540509879589
-0.01736152358353138
-0.01732774823904037
-0.01729408279061317
-0.01726052723824978
-0.01722707785665989
-0.01719373278319836
-0.01716049574315548
-0.01712736114859581
-0.0170943345874548
-0.01706141419708729
-0.01702859625220299
-0.01699588261544704
-0.01696327142417431
-0.01693076640367508
-0.01689836569130421
-0.01686606742441654
-0.01683386974036694
-0.01680177450180054
-0.0167697798460722
-0.01673788577318192
-0.01670609042048454
-0.01667439378798008
-0.01664279587566853
-0.01661129295825958
-0.0165798868983984
-0.01654857955873013
-0.01651736907660961
-0.01648625731468201
-0.01645524054765701
-0.01642432063817978
-0.01639349758625031
-0.01636276580393314
-0.01633212715387344
-0.01630157977342606
-0.01627112366259098
-0.01624075882136822
-0.01621048711240292
-0.01618030853569508
-0.0161502230912447
-0.01612023077905178
-0.01609032601118088
-0.01606051251292229
-0.01603079400956631
-0.01600116677582264
-0.01597162708640099
-0.0159421768039465
-0.01591281406581402
-0.0158835407346487
-0.01585435122251511
-0.01582524925470352
-0.0157962366938591
-0.01576730981469154
-0.01573846861720085
-0.01570971682667732
-0.01568104699254036
-0.01565246470272541
-0.0156239690259099
-0.01559555809944868
-0.01556722912937403
-0.01553898397833109
-0.01551082264631987
-0.01548274420201778
-0.01545474957674742
-0.01542683783918619
-0.01539900992065668
-0.01537126675248146
-0.01534360740333796
-0.01531603094190359
-0.01528853736817837
-0.01526112388819456
-0.01523379143327475
-0.0152065372094512
-0.01517936121672392
-0.01515226159244776
-0.01512523926794529
-0.01509829331189394
-0.01507142465561628
-0.01504463236778975
-0.01501791644841433
-0.01499127596616745
-0.01496471371501684
-0.0149382296949625
-0.01491182297468185
-0.01488549076020718
-0.01485923677682877
-0.01483305636793375
-0.01480695232748985
-0.01478092186152935
-0.01475496590137482
-0.01472908165305853
-0.01470327097922564
-0.01467753574252129
-0.01465187408030033
-0.01462628599256277
-0.01460077147930861
-0.01457533147186041
-0.01454996503889561
-0.01452467031776905
-0.01449944730848074
-0.0144742950797081
-0.0144492145627737
-0.01442420482635498
-0.01439926587045193
-0.01437439769506454
-0.01434959750622511
-0.01432486530393362
-0.01430020295083523
-0.01427560858428478
-0.01425108406692743
-0.01422662753611803
-0.01420223712921143
-0.01417791470885277
-0.01415365934371948
-0.01412947103381157
-0.01410534884780645
-0.01408129278570414
-0.01405730377882719
-0.01403338182717562
-0.01400952413678169
-0.01398573350161314
-0.01396200992166996
-0.01393835246562958
-0.01391476206481457
-0.01389123871922493
-0.01386778149753809
-0.01384438760578632
-0.01382105890661478
-0.01379779353737831
-0.01377459149807692
-0.01375145185738802
-0.01372837368398905
-0.01370535604655743
-0.01368239987641573
-0.01365950424224138
-0.01363667007535696
-0.01361389644443989
-0.01359118521213531
-0.01356853544712067
-0.01354594714939594
-0.01352341938763857
-0.01350095216184855
-0.01347854733467102
-0.01345620304346085
-0.0134339202195406
-0.01341169700026512
-0.01338953524827957
-0.01336743030697107
-0.0133453831076622
-0.01332339365035295
-0.01330146193504333
-0.01327958796173334
-0.01325777266174555
-0.01323601603507996
-0.01321431901305914
-0.01319267973303795
-0.01317109912633896
-0.01314957439899445
-0.01312810741364956
-0.0131066981703043
-0.01308534480631351
-0.01306404825299978
-0.0130428085103631
-0.01302162371575832
-0.01300049386918545
-0.01297941990196705
-0.01295840181410313
-0.01293743588030338
-0.01291652396321297
-0.01289566699415445
-0.01287486311048269
-0.01285411510616541
-0.0128334192559123
-0.01281277742236853
-0.01279218960553408
-0.01277165673673153
-0.01275117788463831
-0.01273075304925442
-0.01271038223057985
-0.01269006542861462
-0.01266979891806841
-0.0126495873555541
-0.0126294270157814
-0.01260931696742773
-0.01258925721049309
-0.01256924774497747
-0.01254928857088089
-0.01252937875688076
-0.01250951923429966
-0.01248971186578274
-0.01246995385736227
-0.01245024707168341
-0.01243059244006872
-0.01241098903119564
-0.01239143684506416
-0.01237193495035172
-0.01235248148441315
-0.01233307644724846
-0.01231371983885765
-0.01229441165924072
-0.01227515190839767
-0.01225594058632851
-0.01223677769303322
-0.01221766322851181
-0.01219859533011913
-0.01217957586050034
-0.01216060481965542
-0.01214168313890696
-0.01212280988693237
-0.01210398599505424
-0.01208520773798227
-0.01206647790968418
-0.01204779371619225
-0.01202915608882904
-0.01201056223362684
-0.0119920140132308
-0.01197350956499577
-0.01195505168288946
-0.01193663757294416
-0.0119182700291276
-0.01189994718879461
-0.01188166998326778
-0.01186343934386969
-0.0118452524766326
-0.01182711217552423
-0.01180901564657688
-0.01179096475243568
-0.01177295856177807
-0.01175499521195889
-0.01173707656562328
-0.01171920262277126
-0.01170137245208025
-0.01168358791619539
-0.01166584622114897
-0.01164814736694098
-0.01163049228489399
-0.01161288004368544
-0.01159531064331532
-0.01157778315246105
-0.01156029757112265
-0.0115428538993001
-0.01152545120567083
-0.01150808949023485
-0.0114907706156373
-0.01147349458187819
-0.0114562613889575
-0.0114390691742301
-0.01142191793769598
-0.01140480861067772
-0.01138773933053017
-0.0113707110285759
-0.01135372370481491
-0.01133677642792463
-0.01131987106055021
-0.01130300667136908
-0.01128618326038122
-0.01126940082758665
-0.01125266030430794
-0.01123595889657736
-0.01121929753571749
-0.01120267529040575
-0.0111860940232873
-0.01116955000907183
-0.01115304511040449
-0.01113657839596272
-0.01112014707177877
-0.01110375579446554
-0.01108740177005529
-0.01107108592987061
-0.01105481013655663
-0.01103857345879078
-0.01102237496525049
-0.01100621372461319
-0.01099008973687887
-0.01097400393337011
-0.01095795631408691
-0.01094194687902927
-0.01092597376555204
-0.0109100379049778
-0.01089414115995169
-0.01087827980518341
-0.01086245663464069
-0.01084666978567839
-0.01083092018961906
-0.01081520784646273
-0.01079953275620937
-0.01078389585018158
-0.01076829619705677
-0.0107527319341898
-0.01073720492422581
-0.01072171237319708
-0.01070625521242619
-0.0106908343732357
-0.01067544892430305
-0.01066009886562824
-0.01064478419721127
-0.01062950398772955
-0.01061425823718309
-0.01059904880821705
-0.01058387383818626
-0.01056873239576817
-0.01055362448096275
-0.0105385510250926
-0.01052351109683514
-0.01050850562751293
-0.01049353554844856
-0.01047859992831945
-0.01046369783580303
-0.0104488292708993
-0.01043399423360825
-0.01041919272392988
-0.01040442381054163
-0.01038968749344349
-0.01037498284131289
-0.01036031078547239
-0.01034567411988974
-0.01033107284456491
-0.01031650509685278
-0.01030196901410818
-0.01028746645897627
-0.01027299556881189
-0.01025855913758278
-0.0102441543713212
-0.01022978127002716
-0.01021544076502323
-0.01020113285630941
-0.01018685754388571
-0.01017261389642954
-0.01015840098261833
-0.01014421973377466
-0.01013006921857595
-0.01011595036834478
-0.01010186225175858
-0.01008780300617218
-0.01007377542555332
-0.01005977764725685
-0.01004581153392792
-0.01003187522292137
-0.01001796964555979
-0.01000409666448832
-0.009990253485739231
-0.009976441971957684
-0.009962661191821098
-0.00994891207665205
-0.009935194626450539
-0.009921509772539139
-0.009907858446240425
-0.009894236922264099
-0.009880648925900459
-0.009867091663181782
-0.009853564202785492
-0.009840065613389015
-0.009826593101024628
-0.009813148528337479
-0.009799731895327568
-0.009786341339349747
-0.00977297592908144
-0.009759636595845222
-0.009746325202286243
-0.009733040817081928
-0.009719785302877426
-0.009706558659672737
-0.009693361818790436
-0.009680196642875671
-0.009667061269283295
-0.009653955698013306
-0.009640879929065704
-0.009627832099795341
-0.009614814072847366
-0.009601824916899204
-0.009588862769305706
-0.009575926698744297
-0.009563018567860126
-0.009550138376653194
-0.009537286125123501
-0.00952446274459362
-0.009511667303740978
-0.009498898871243
-0.009486159309744835
-0.009473448619246483
-0.009460764937102795
-0.009448109194636345
-0.009435477666556835
-0.009422874078154564
-0.009410295635461807
-0.00939774326980114
-0.009385216049849987
-0.009372714906930923
-0.009360238909721375
-0.00934778805822134
-0.00933536235243082
-0.009322963654994965
-0.009310590103268623
-0.009298244491219521
-0.009285924024879932
-0.009273630566895008
-0.009261364117264748
-0.009249125607311726
-0.009236913174390793
-0.0092247249558568
-0.009212562814354897
-0.009200424887239933
-0.009188312105834484
-0.009176223538815975
-0.009164160117506981
-0.009152120910584927
-0.009140108712017536
-0.009128119796514511
-0.009116156958043575
-0.009104219265282154
-0.009092305786907673
-0.009080418385565281
-0.009068555198609829
-0.009056718088686466
-0.009044905193150043
-0.00903311837464571
-0.009021355770528316
-0.009009617380797863
-0.008997904136776924
-0.008986214175820351
-0.008974547497928143
-0.0089629041031003
-0.008951283991336823
-0.008939686231315136
-0.008928111754357815
-0.008916561491787434
-0.008905034512281418
-0.008893531747162342
-0.008882053196430206
-0.008870598860085011
-0.008859169669449329
-0.008847765624523163
-0.008836384862661362
-0.008825026452541351
-0.008813691325485706
-0.008802379481494427
-0.008791090920567513
-0.00877982284873724
-0.008768578991293907
-0.008757355622947216
-0.008746154606342316
-0.008734975941479206
-0.008723819628357887
-0.008712685666978359
-0.008701573126018047
-0.008690483868122101
-0.00867941789329052
-0.008668373338878155
-0.008657350204885006
-0.008646350353956223
-0.008635373786091805
-0.008624419569969177
-0.008613488636910915
-0.008602580986917019
-0.008591696619987488
-0.008580832742154598
-0.008569993078708649
-0.008559173904359341
-0.008548376150429249
-0.008537600748240948
-0.008526845835149288
-0.008516112342476845
-0.008505400270223618
-0.008494709618389606
-0.008484039455652237
-0.008473389782011509
-0.008462760597467422
-0.008452150970697403
-0.008441559970378876
-0.008430988527834415
-0.008420438505709171
-0.008409908041357994
-0.008399399928748608
-0.008388912305235863
-0.008378446102142334
-0.008368000388145447
-0.008357575163245201
-0.008347171358764172
-0.008336788043379784
-0.008326426148414612
-0.008316084742546082
-0.008305764757096767
-0.008295466192066669
-0.008285189047455788
-0.008274933323264122
-0.008264699019491673
-0.008254485204815865
-0.008244291879236698
-0.008234119042754173
-0.008223965764045715
-0.00821383111178875
-0.008203718811273575
-0.008193625137209892
-0.008183550089597702
-0.008173494599759579
-0.008163457736372948
-0.008153438568115234
-0.008143438957631588
-0.008133457973599434
-0.008123493753373623
-0.008113549090921879
-0.008103623986244202
-0.008093716576695442
-0.00808382872492075
-0.008073959499597549
-0.008064108900725842
-0.008054277859628201
-0.008044466376304626
-0.008034674450755119
-0.008024902082979679
-0.00801515020430088
-0.008005417883396149
-0.007995704188942909
-0.007986009120941162
-0.007976331748068333
-0.007966672070324421
-0.007957030087709427
-0.007947405800223351
-0.007937800139188766
-0.0079282121732831
-0.007918640971183777
-0.007909087464213371
-0.007899552583694458
-0.007890036329627037
-0.007880537770688534
-0.007871056906878948
-0.007861594669520855
-0.007852150127291679
-0.007842723280191422
-0.007833315059542656
-0.007823923602700233
-0.007814549840986729
-0.007805194240063429
-0.007795856799930334
-0.007786537520587444
-0.00777723640203476
-0.00776795344427228
-0.00775868771597743
-0.007749439217150211
-0.00774020841345191
-0.007730995770543814
-0.007721801288425922
-0.007712624035775661
-0.007703463546931744
-0.007694320287555456
-0.007685194257646799
-0.007676084525883198
-0.00766699155792594
-0.007657915819436312
-0.007648856844753027
-0.007639814168214798
-0.007630789186805487
-0.007621780037879944
-0.007612788118422031
-0.007603812962770462
-0.00759485550224781
-0.007585913874208927
-0.007576989941298962
-0.007568083703517914
-0.007559193763881922
-0.007550320588052273
-0.007541464176028967
-0.007532624993473291
-0.007523801177740097
-0.007514993194490671
-0.007506201043725014
-0.007497425191104412
-0.007488665170967579
-0.007479920517653227
-0.007471192162483931
-0.00746248010545969
-0.007453783880919218
-0.007445103023201227
-0.00743643706664443
-0.007427786476910114
-0.007419150322675705
-0.007410529069602489
-0.007401922717690468
-0.007393330801278353
-0.007384754251688719
-0.007376193068921566
-0.007367648184299469
-0.007359119597822428
-0.00735060777515173
-0.007342112250626087
-0.007333633024245501
-0.007325169630348682
-0.00731672253459692
-0.007308290805667639
-0.007299873977899551
-0.007291472051292658
-0.007283084560185671
-0.007274711970239878
-0.007266354281455278
-0.00725801195949316
-0.007249685470014811
-0.007241374813020229
-0.007233080454170704
-0.007224802393466234
-0.007216539699584246
-0.007208291906863451
-0.007200058549642563
-0.007191839627921581
-0.007183634210377932
-0.007175443228334188
-0.007167266681790352
-0.007159103639423847
-0.007150955032557249
-0.007142820861190557
-0.00713470159098506
-0.007126597687602043
-0.007118509151041508
-0.007110436912626028
-0.00710238004103303
-0.0070943390019238
-0.007086312398314476
-0.007078300230205059
-0.007070302031934261
-0.007062316406518221
-0.007054342422634363
-0.007046380545943975
-0.007038431707769632
-0.007030495908111334
-0.00702257314696908
-0.007014664355665445
-0.007006769999861717
-0.006998889613896608
-0.006991023197770119
-0.006983171682804823
-0.006975334137678146
-0.006967511028051376
-0.0069597028195858
-0.006951909512281418
-0.006944128777831793
-0.006936362013220787
-0.0069286092184484
-0.006920870393514633
-0.006913145072758198
-0.006905433256179094
-0.006897734943777323
-0.00689005060121417
-0.006882380228489637
-0.006874724291265011
-0.006867081392556429
-0.006859451998025179
-0.006851836107671261
-0.006844233721494675
-0.006836644373834133
-0.006829068064689636
-0.006821504794061184
-0.006813953630626202
-0.006806415505707264
-0.006798890419304371
-0.006791377440094948
-0.006783877033740282
-0.006776389200240374
-0.00676891440525651
-0.006761452648788691
-0.006754002999514341
-0.006746566388756037
-0.006739142816513777
-0.006731732748448849
-0.006724335253238678
-0.006716950796544552
-0.006709578447043896
-0.006702219136059284
-0.006694872863590717
-0.006687539163976908
-0.006680218502879143
-0.006672909948974848
-0.006665613036602736
-0.006658329162746668
-0.006651057861745358
-0.00664379820227623
-0.00663655111566186
-0.006629317533224821
-0.00662209652364254
-0.006614888552576303
-0.00660769222304225
-0.006600508466362953
-0.006593336816877127
-0.006586177740246058
-0.006579030770808458
-0.006571895908564329
-0.006564773619174957
-0.006557662971317768
-0.006550564430654049
-0.006543478462845087
-0.006536404602229595
-0.006529342383146286
-0.006522292271256447
-0.006515254732221365
-0.006508228834718466
-0.006501215044409037
-0.00649421289563179
-0.006487221922725439
-0.006480242125689983
-0.006473274435847998
-0.00646631745621562
-0.006459371652454138
-0.006452436558902264
-0.006445513572543859
-0.006438601762056351
-0.006431701593101025
-0.006424812600016594
-0.006417936179786921
-0.00641107140108943
-0.006404217798262835
-0.006397376302629709
-0.006390546914190054
-0.006383729167282581
-0.006376923061907291
-0.006370129063725471
-0.00636334577575326
-0.006356574129313231
-0.006349814124405384
-0.00634306576102972
-0.006336329970508814
-0.006329604890197515
-0.0063228914514184
-0.006316188722848892
-0.00630949717015028
-0.006302816327661276
-0.006296146661043167
-0.006289487704634666
-0.006282838992774487
-0.006276200525462627
-0.006269572302699089
-0.006262953858822584
-0.006256346590816975
-0.006249750033020973
-0.006243163719773293
-0.006236588582396507
-0.006230025086551905
-0.006223473232239485
-0.006216932088136673
-0.006210402585566044
-0.00620388425886631
-0.006197377108037472
-0.006190881133079529
-0.006184394471347332
-0.006177918519824743
-0.006171451881527901
-0.006164994556456804
-0.006158547941595316
-0.006152111571282148
-0.006145685445517302
-0.006139270029962063
-0.006132865324616432
-0.006126472260802984
-0.006120089907199144
-0.0061137187294662
-0.006107359193265438
-0.006101010832935572
-0.006094673182815313
-0.006088346242904663
-0.006082029547542334
-0.006075723096728325
-0.006069426890462637
-0.006063140463083982
-0.006056863348931074
-0.006050595548003912
-0.006044337060302496
-0.006038087885826826
-0.006031848024576902
-0.006025617476552725
-0.006019396707415581
-0.006013185251504183
-0.006006983574479818
-0.006000792607665062
-0.005994611885398626
-0.005988441407680511
-0.005982281640172005
-0.005976132582873106
-0.005969993770122528
-0.005963864736258984
-0.005957745481282473
-0.005951636005192995
-0.005945537704974413
-0.005939449183642864
-0.005933370441198349
-0.005927301943302155
-0.005921243689954281
-0.005915194749832153
-0.005909155122935772
-0.005903124343603849
-0.005897102411836386
-0.005891089793294668
-0.00588508602231741
-0.005879090633243322
-0.005873103626072407
-0.005867125932127237
-0.005861158482730389
-0.005855200346559286
-0.00584925152361393
-0.005843312945216894
-0.005837384145706892
-0.005831465590745211
-0.00582555728033185
-0.00581965921446681
-0.005813771393150091
-0.005807893350720406
-0.005802025087177753
-0.00579616567119956
-0.005790315102785826
-0.005784472916275263
-0.005778639111667871
-0.005772813688963652
-0.005766996648162603
-0.005761188454926014
-0.005755388643592596
-0.005749598145484924
-0.005743816494941711
-0.005738044157624245
-0.005732281133532524
-0.005726527888327837
-0.005720783956348896
-0.005715049803256989
-0.005709324963390827
-0.005703609436750412
-0.00569790368899703
-0.005692206788808107
-0.005686519201844931
-0.005680840462446213
-0.005675170570611954
-0.005669509526342154
-0.005663858260959387
-0.005658216308802366
-0.005652583204209805
-0.005646958947181702
-0.005641343537718058
-0.005635736044496298
-0.00563013693317771
-0.005624546203762293
-0.005618963856250048
-0.005613388959318399
-0.005607821512967348
-0.005602261982858181
-0.005596709903329611
-0.00559116480872035
-0.005585628096014261
-0.005580099765211344
-0.005574578884989023
-0.005569066386669874
-0.005563563201576471
-0.00555806839838624
-0.005552582442760468
-0.005547105334699154
-0.005541637539863586
-0.005536178592592478
-0.005530729424208403
-0.005525289569050074
-0.005519858095794916
-0.005514435470104218
-0.005509022157639265
-0.005503617227077484
-0.005498221144080162
-0.005492833442986012
-0.005487453658133745
-0.005482081789523363
-0.005476717837154865
-0.005471362732350826
-0.005466015543788671
-0.005460677668452263
-0.005455348175019026
-0.005450026597827673
-0.005444713402539492
-0.005439408589154482
-0.005434111226350069
-0.00542882177978754
-0.005423540715128183
-0.005418266169726849
-0.005412999074906111
-0.005407737568020821
-0.005402482114732265
-0.005397234112024307
-0.005391992628574371
-0.005386758130043745
-0.005381530616432428
-0.005376312416046858
-0.005371101666241884
-0.005365900229662657
-0.005360707174986601
-0.005355522967875004
-0.00535034853965044
-0.005345182958990335
-0.005340025760233402
-0.005334877409040928
-0.00532973650842905
-0.005324603989720345
-0.005319478455930948
-0.005314359441399574
-0.00530924741178751
-0.00530414329841733
-0.005299046169966459
-0.005293956492096186
-0.005288873799145222
-0.005283798556774855
-0.005278730299323797
-0.005273669958114624
-0.00526861660182476
-0.005263570696115494
-0.005258532706648111
-0.005253502633422613
-0.005248480010777712
-0.00524346437305212
-0.005238456185907125
-0.005233455449342728
-0.005228461232036352
-0.005223474930971861
-0.005218495614826679
-0.005213523749262094
-0.005208558868616819
-0.005203602369874716
-0.005198654253035784
-0.005193714052438736
-0.005188781768083572
-0.005183857399970293
-0.005178941413760185
-0.005174033809453249
-0.005169134121388197
-0.005164241883903742
-0.005159357562661171
-0.005154480691999197
-0.005149610340595245
-0.005144746042788029
-0.005139888264238834
-0.005135036539286375
-0.005130191333591938
-0.005125352181494236
-0.005120519082993269
-0.005115692038089037
-0.005110871512442827
-0.005106058437377214
-0.005101251881569624
-0.00509645277634263
-0.005091662053018808
-0.005086878314614296
-0.005082102492451668
-0.005077333655208349
-0.005072572268545628
-0.005067818332463503
-0.005063071381300688
-0.005058331415057182
-0.005053597968071699
-0.005048871506005526
-0.005044152494519949
-0.005039439536631107
-0.005034734029322863
-0.005030035506933928
-0.005025343969464302
-0.005020658951252699
-0.005015980917960405
-0.005011309869587421
-0.005006646271795034
-0.005001989658921957
-0.004997339099645615
-0.004992694593966007
-0.004988056607544422
-0.004983425140380859
-0.004978799261152744
-0.004974178038537502
-0.004969563335180283
-0.004964954219758511
-0.004960351157933474
-0.004955754615366459
-0.004951165057718754
-0.004946582950651646
-0.00494200736284256
-0.004937439225614071
-0.004932878073304892
-0.004928323905915022
-0.004923776723444462
-0.004919237457215786
-0.004914704710245132
-0.004910178016871214
-0.004905658308416605
-0.004901145119220018
-0.004896637983620167
-0.004892137367278337
-0.00488764327019453
-0.004883155226707458
-0.004878673236817122
-0.004874197766184807
-0.004869728349149227
-0.004865264985710382
-0.004860807675868273
-0.004856356419622898
-0.004851911216974258
-0.004847472067922354
-0.004843039903789759
-0.004838613793253899
-0.004834195133298635
-0.004829783458262682
-0.004825379233807325
-0.004820980597287416
-0.004816589411348104
-0.004812205210328102
-0.004807827528566122
-0.004803454969078302
-0.004799088463187218
-0.004794728010892868
-0.004790373612195253
-0.004786024801433086
-0.004781682044267654
-0.004777344409376383
-0.004773011431097984
-0.004768683575093746
-0.004764360841363668
-0.004760043695569038
-0.004755732137709856
-0.004751426167786121
-0.004747125785797834
-0.004742831457406282
-0.004738543648272753
-0.004734262824058533
-0.004729988519102335
-0.004725721199065447
-0.004721461329609156
-0.004717208445072174
-0.004712962545454502
-0.004708723165094852
-0.004704489838331938
-0.004700261633843184
-0.004696039017289877
-0.004691821988672018
-0.004687609616667032
-0.004683402366936207
-0.004679201170802116
-0.004675005562603474
-0.004670815542340279
-0.004666631575673819
-0.004662454128265381
-0.004658283200114965
-0.004654118791222572
-0.004649959970265627
-0.004645808599889278
-0.004641663283109665
-0.004637524485588074
-0.00463339127600193
-0.004629263188689947
-0.004625140689313412
-0.004621023312211037
-0.004616910126060247
-0.004612802062183619
-0.004608698654919863
-0.004604599438607693
-0.004600504878908396
-0.004596415441483259
-0.004592331126332283
-0.004588252399116755
-0.004584179725497961
-0.004580112639814615
-0.004576052539050579
-0.004571998957544565
-0.004567952360957861
-0.004563911352306604
-0.004559876397252083
-0.004555847495794296
-0.004551824182271957
-0.004547806456685066
-0.004543794319033623
-0.00453978730365634
-0.004535785410553217
-0.004531788174062967
-0.004527795594185591
-0.004523808136582375
-0.004519825801253319
-0.004515849053859711
-0.004511877428740263
-0.00450791185721755
-0.004503951407968998
-0.004499996080994606
-0.004496046807616949
-0.00449210312217474
-0.004488165024667978
-0.004484232980757952
-0.004480306524783373
-0.004476386122405529
-0.004472470376640558
-0.004468560684472322
-0.004464656114578247
-0.004460757132619619
-0.004456863272935152
-0.004452974069863558
-0.004449089523404837
-0.004445210099220276
-0.004441335331648588
-0.004437465220689774
-0.004433599300682545
-0.004429737571626902
-0.004425880964845419
-0.004422029480338097
-0.004418183583766222
-0.004414343275129795
-0.00441050948575139
-0.004406680818647146
-0.00440285773947835
-0.004399041179567575
-0.004395230673253536
-0.004391426686197519
-0.004387627821415663
-0.004383834544569254
-0.004380046389997005
-0.004376263357698917
-0.004372484982013702
-0.004368710331618786
-0.004364940337836742
-0.004361174069344997
-0.004357412457466125
-0.004353654570877552
-0.004349900875240564
-0.00434615183621645
-0.004342407453805208
-0.004338667262345552
-0.00433493172749877
-0.004331201780587435
-0.004327476490288973
-0.004323756787925959
-0.004320041742175817
-0.004316332284361124
-0.004312627948820591
-0.004308928269892931
-0.004305234644562006
-0.004301545675843954
-0.004297861829400063
-0.004294183105230331
-0.004290509503334761
-0.00428684102371335
-0.004283178132027388
-0.004279520828276873
-0.004275869112461805
-0.004272222984582186
-0.004268582444638014
-0.00426494749262929
-0.004261317662894726
-0.004257692955434322
-0.004254072904586792
-0.004250457976013422
-0.004246848169714212
-0.004243242554366589
-0.004239640664309263
-0.004236042033880949
-0.004232446663081646
-0.004228854551911354
-0.004225266166031361
-0.00422168243676424
-0.004218102432787418
-0.004214526619762182
-0.004210954997688532
-0.004207388497889042
-0.004203828051686287
-0.004200272262096405
-0.004196721594780684
-0.004193176981061697
-0.004189637023955584
-0.004186101723462343
-0.004182571545243263
-0.004179046954959631
-0.004175526555627584
-0.004172010812908411
-0.004168499726802111
-0.004164993297308683
-0.004161491058766842
-0.004157993011176586
-0.004154499620199203
-0.004151010885834694
-0.00414752634242177
-0.004144045989960432
-0.004140569362789392
-0.004137098323553801
-0.004133631475269794
-0.004130169283598661
-0.004126711748540401
-0.00412325793877244
-0.004119808785617352
-0.004116364289075136
-0.004112923983484507
-0.004109487868845463
-0.004106056410819292
-0.004102629143744707
-0.004099205601960421
-0.00409578625112772
-0.00409237202256918
-0.004088961984962225
-0.004085556138306856
-0.004082155413925648
-0.004078758880496025
-0.004075366538017988
-0.004071978852152824
-0.004068596288561821
-0.004065218847244978
-0.004061845596879721
-0.004058476537466049
-0.004055112600326538
-0.0040517533197999
-0.004048398230224848
-0.004045047797262669
-0.004041701089590788
-0.004038358107209206
-0.004035018850117922
-0.004031683783978224
-0.004028352443128824
-0.004025024827569723
-0.00402170093730092
-0.004018380306661129
-0.004015063401311636
-0.004011750686913729
-0.004008442629128695
-0.004005138296633959
-0.004001837689429522
-0.00399854127317667
-0.003995249513536692
-0.003991962410509586
-0.003988679498434067
-0.003985400777310133
-0.00398212717846036
-0.003978858701884747
-0.003975594416260719
-0.003972334787249565
-0.003969079814851284
-0.003965829499065876
-0.003962583374232054
-0.00395934097468853
-0.003956103231757879
-0.00395286874845624
-0.003949638921767473
-0.003946413286030293
-0.00394319137558341
-0.003939973190426826
-0.003936759196221828
-0.003933548927307129
-0.003930342383682728
-0.003927140031009912
-0.003923941869288683
-0.003920747432857752
-0.003917556721717119
-0.003914369735866785
-0.003911186475306749
-0.003908007405698299
-0.003904831130057573
-0.003901658346876502
-0.003898489288985729
-0.003895323956385255
-0.003892162581905723
-0.003889005165547132
-0.003885852172970772
-0.003882703604176641
-0.003879559924826026
-0.003876421367749572
-0.003873287467285991
-0.003870157990604639
-0.003867032937705517
-0.00386391207575798
-0.003860795171931386
-0.00385768199339509
-0.003854572540149093
-0.003851466113701463
-0.003848362481221557
-0.003845261875540018
-0.003842164529487491
-0.003839070443063974
-0.003835979616269469
-0.003832892049103975
-0.003829807974398136
-0.003826727857813239
-0.003823651932179928
-0.003820579964667559
-0.003817512188106775
-0.003814449068158865
-0.00381139013916254
-0.003808335168287158
-0.003805284388363361
-0.003802237566560507
-0.003799194470047951
-0.003796154865995049
-0.003793118987232447
-0.003790086600929499
-0.003787057939916849
-0.003784033237025142
-0.003781012492254376
-0.003777995705604553
-0.003774982644245028
-0.003771973541006446
-0.003768968628719449
-0.003765967907384038
-0.003762970911338925
-0.003759977640584111
-0.003756988095119596
-0.003754002042114735
-0.003751019481569529
-0.00374803994782269
-0.003745063440874219
-0.003742090193554759
-0.00373912020586431
-0.003736153710633516
-0.003733190707862377
-0.003730230964720249
-0.00372727494686842
-0.003724322887137532
-0.003721374552696943
-0.003718430176377296
-0.003715489059686661
-0.003712551668286324
-0.003709618002176285
-0.003706688527017832
-0.003703763009980321
-0.003700841451063752
-0.003697923617437482
-0.003695009741932154
-0.003692099824547768
-0.003689193399623036
-0.00368629046715796
-0.003683391027152538
-0.003680494846776128
-0.003677601926028728
-0.003674712032079697
-0.003671824932098389
-0.003668940626084805
-0.003666059346869588
-0.003663181327283382
-0.003660306567326188
-0.003657434368506074
-0.003654565894976258
-0.00365170044824481
-0.003648838959634304
-0.003645981196314096
-0.003643127158284187
-0.00364027707837522
-0.003637430723756552
-0.003634588094428182
-0.003631748957559466
-0.00362891354598105
-0.003626081394031644
-0.003623252734541893
-0.00362042710185051
-0.00361760426312685
-0.003614784218370914
-0.003611966967582703
-0.003609152976423502
-0.003606342012062669
-0.003603534307330847
-0.00360073009505868
-0.00359792890958488
-0.003595131682232022
-0.003592338413000107
-0.003589549101889133
-0.003586763748899102
-0.003583982586860657
-0.003581205615773797
-0.003578432369977236
-0.003575663547962904
-0.003572897985577583
-0.003570135915651917
-0.00356737757101655
-0.003564622718840837
-0.003561870660632849
-0.003559121862053871
-0.003556375624611974
-0.003553631948307157
-0.003550891065970063
-0.00354815274477005
-0.003545417217537761
-0.003542684251442552
-0.003539954079315066
-0.003537226701155305
-0.003534502349793911
-0.003531781490892172
-0.003529064124450088
-0.003526350017637014
-0.003523639403283596
-0.003520932514220476
-0.003518228884786367
-0.00351552851498127
-0.003512831870466471
-0.003510138485580683
-0.003507448127493262
-0.003504760796204209
-0.00350207625888288
-0.003499394515529275
-0.003496715566143394
-0.003494038945063949
-0.003491365583613515
-0.003488695481792092
-0.003486028173938394
-0.00348336435854435
-0.003480703802779317
-0.003478046739473939
-0.003475393401458859
-0.003472743323072791
-0.003470096504315734
-0.003467453178018332
-0.00346481311134994
-0.003462176537141204
-0.003459543222561479
-0.003456913167610765
-0.003454286605119705
-0.00345166283659637
-0.003449041862040758
-0.003446424379944801
-0.003443809691816568
-0.003441198030486703
-0.003438589395955205
-0.003435983788222075
-0.003433380974456668
-0.003430780721828341
-0.003428183030337095
-0.003425587667152286
-0.003422994865104556
-0.003420404624193907
-0.003417816711589694
-0.003415231360122561
-0.003412648569792509
-0.003410068573430181
-0.00340749160386622
-0.00340491789393127
-0.003402347443625331
-0.003399780951440334
-0.003397218184545636
-0.00339465937577188
-0.003392104292288423
-0.003389553166925907
-0.003387005999684334
-0.003384462324902415
-0.003381922142580152
-0.003379385219886899
-0.00337685109116137
-0.003374319756403565
-0.003371790982782841
-0.003369265235960484
-0.003366741817444563
-0.003364220261573792
-0.003361700801178813
-0.003359183669090271
-0.003356668865308166
-0.003354156157001853
-0.003351645777001977
-0.003349138190969825
-0.003346633398905396
-0.003344130935147405
-0.003341631265357137
-0.003339134622365236
-0.00333664077334106
-0.003334149485453963
-0.003331661224365234
-0.003329175990074873
-0.003326693549752235
-0.003324213903397322
-0.003321737283840775
-0.00331926392391324
-0.003316793357953429
-0.003314325585961342
-0.003311861073598266
-0.003309399820864201
-0.003306941594928503
-0.003304486628621817
-0.003302034689113498
-0.003299585543572903
-0.003297139192000031
-0.003294696100056171
-0.003292255569249392
-0.003289817832410336
-0.003287383355200291
-0.003284952137619257
-0.003282523714005947
-0.003280098084360361
-0.003277675015851855
-0.003275254974141717
-0.003272837959229946
-0.003270423505455256
-0.003268012078478932
-0.003265603445470333
-0.00326319714076817
-0.003260793397203088
-0.003258391749113798
-0.003255992429330945
-0.003253595205023885
-0.003251200309023261
-0.003248807974159718
-0.003246417501941323
-0.003244030056521297
-0.003241644706577063
-0.00323926261626184
-0.003236882854253054
-0.003234506351873279
-0.003232132410630584
-0.003229761030524969
-0.003227392677217722
-0.003225027117878199
-0.003222664119675756
-0.003220303915441036
-0.003217946272343397
-0.003215591656044126
-0.003213240299373865
-0.003210891969501972
-0.003208546433597803
-0.003206203924492002
-0.003203864442184567
-0.003201527753844857
-0.003199193626642227
-0.003196862060576677
-0.003194533055648208
-0.003192206844687462
-0.00318988342769444
-0.003187562339007854
-0.003185244044288993
-0.003182927845045924
-0.003180613974109292
-0.003178302897140384
-0.003175993915647268
-0.003173687728121877
-0.003171383403241634
-0.003169081639498472
-0.003166782204061747
-0.003164485096931458
-0.003162190550938249
-0.00315989856608212
-0.003157609375193715
-0.003155322978273034
-0.003153039375320077
-0.003150758799165487
-0.003148480784147978
-0.003146205563098192
-0.003143932670354843
-0.003141662571579218
-0.003139395033940673
-0.003137129591777921
-0.003134866012260318
-0.003132604295387864
-0.00313034444116056
-0.003128086449578404
-0.003125830553472042
-0.003123576985672116
-0.003121325513347983
-0.003119076834991574
-0.003116830252110958
-0.003114586463198066
-0.003112345468252897
-0.003110106801614165
-0.003107871161773801
-0.003105638781562448
-0.003103408962488174
-0.003101181704550982
-0.003098957240581512
-0.00309673510491848
-0.003094515530392528
-0.003092298749834299
-0.003090084530413151
-0.00308787333779037
-0.003085664706304669
-0.003083458403125405
-0.003081254661083221
-0.003079053713008761
-0.003076855558902025
-0.003074659500271082
-0.003072466002777219
-0.003070275066420436
-0.003068086225539446
-0.003065899480134249
-0.003063714830204844
-0.003061532042920589
-0.003059351118281484
-0.003057172289118171
-0.003054995322600007
-0.003052820218726993
-0.003050647210329771
-0.003048476064577699
-0.003046307247132063
-0.00304414052516222
-0.003041976364329457
-0.003039814764633775
-0.003037655726075172
-0.003035499015823007
-0.003033345332369208
-0.003031194442883134
-0.003029045881703496
-0.003026900114491582
-0.003024756908416748
-0.003022616729140282
-0.003020479111000896
-0.00301834405399859
-0.003016211092472076
-0.003014080459252
-0.00301195215433836
-0.0030098264105618
-0.003007702995091677
-0.003005581675097346
-0.003003462916240096
-0.003001346718519926
-0.002999233081936836
-0.002997122006490827
-0.002995013492181897
-0.002992907539010048
-0.002990803681313992
-0.002988702151924372
-0.002986602485179901
-0.002984504913911223
-0.002982408972457051
-0.002980314427986741
-0.00297822174616158
-0.002976130694150925
-0.002974041039124131
-0.002971953013911843
-0.002969867084175348
-0.00296778348274529
-0.002965702675282955
-0.002963624428957701
-0.002961548743769526
-0.002959476318210363
-0.002957406919449568
-0.002955340314656496
-0.002953276503831148
-0.002951215719804168
-0.002949157729744911
-0.002947101835161448
-0.002945047570392489
-0.002942994702607393
-0.002940943231806159
-0.002938893157988787
-0.002936844248324633
-0.002934796735644341
-0.002932750387117267
-0.002930705668404698
-0.002928663045167923
-0.00292662251740694
-0.002924584085121751
-0.002922547981142998
-0.002920514205470681
-0.002918483223766088
-0.002916455501690507
-0.002914430573582649
-0.002912408905103803
-0.00291039003059268
-0.002908373717218637
-0.002906360197812319
-0.002904349006712437
-0.002902340376749635
-0.002900333609431982
-0.002898328704759479
-0.002896325429901481
-0.002894323552027345
-0.002892323303967714
-0.002890324220061302
-0.002888326533138752
-0.002886330243200064
-0.002884335350245237
-0.00288234231993556
-0.002880350919440389
-0.002878361847251654
-0.002876374870538712
-0.00287439045496285
-0.002872408600524068
-0.00287042954005301
-0.002868453040719032
-0.002866479568183422
-0.002864509122446179
-0.002862541470676661
-0.002860576612874866
-0.002858614083379507
-0.002856653649359941
-0.002854695310816169
-0.002852739067748189
-0.002850784687325358
-0.002848832169547677
-0.002846881281584501
-0.002844932489097118
-0.002842985559254885
-0.002841040957719088
-0.002839098451659083
-0.002837157808244228
-0.002835219027474523
-0.002833282109349966
-0.002831347053870559
-0.002829414093866944
-0.002827482763677835
-0.002825552830472589
-0.002823624527081847
-0.002821697853505611
-0.002819772809743881
-0.0028178496286273
-0.002815928310155869
-0.002814008854329586
-0.002812091261148453
-0.002810175763443112
-0.002808262361213565
-0.002806350821629167
-0.002804441610351205
-0.00280253472737968
-0.002800629707053304
-0.002798726549372077
-0.002796825254335999
-0.002794925821945071
-0.002793028252199292
-0.002791132545098662
-0.002789238933473825
-0.002787347417324781
-0.002785457763820887
-0.002783569972962141
-0.002781684277579188
-0.002779800910502672
-0.002777919406071305
-0.002776039764285088
-0.002774162217974663
-0.002772286767140031
-0.002770413644611835
-0.002768541919067502
-0.002766672288998961
-0.002764804754406214
-0.002762939315289259
-0.002761075738817453
-0.002759214257821441
-0.002757354639470577
-0.00275549734942615
-0.002753641922026873
-0.002751788590103388
-0.00274993758648634
-0.002748088678345084
-0.002746242098510265
-0.002744397148489952
-0.002742554759606719
-0.002740714233368635
-0.002738876035436988
-0.002737039467319846
-0.002735204994678497
-0.002733372151851654
-0.00273154117166996
-0.002729711821302772
-0.002727883867919445
-0.00272605731151998
-0.002724232152104378
-0.002722408622503281
-0.002720586722716689
-0.00271876621991396
-0.002716947114095092
-0.002715129405260086
-0.00271331355907023
-0.00271150004118681
-0.002709688385948539
-0.002707879059016705
-0.002706071827560663
-0.002704266924411058
-0.002702464116737247
-0.002700663171708584
-0.002698864322155714
-0.002697067800909281
-0.002695273142307997
-0.002693480346351862
-0.002691689413040876
-0.002689900109544396
-0.002688112435862422
-0.002686327090486884
-0.002684543607756495
-0.002682761987671256
-0.002680981997400522
-0.002679203636944294
-0.002677427371963859
-0.002675652503967285
-0.002673879498615861
-0.002672108123078942
-0.002670337911695242
-0.002668569330126047
-0.002666802145540714
-0.002665036357939243
-0.002663272200152278
-0.002661509439349174
-0.002659748308360577
-0.002657988807186484
-0.002656230935826898
-0.002654475159943104
-0.002652721479535103
-0.002650969661772251
-0.002649219706654549
-0.002647471148520708
-0.002645723987370729
-0.0026439786888659
-0.00264223525300622
-0.002640493679791689
-0.002638753736391664
-0.0026370151899755
-0.00263527873903513
-0.002633544383570552
-0.00263181165792048
-0.002630081027746201
-0.002628352493047714
-0.002626626519486308
-0.002624902641400695
-0.002623181324452162
-0.002621461870148778
-0.002619744511321187
-0.002618028782308102
-0.002616315381601453
-0.002614603377878666
-0.002612893236801028
-0.002611184492707253
-0.002609477145597339
-0.002607771195471287
-0.002606066642329097
-0.002604363719001412
-0.002602661959826946
-0.002600961364805698
-0.002599261933937669
-0.002597564132884145
-0.002595868427306414
-0.002594174817204475
-0.00259248330257833
-0.002590793650597334
-0.002589106094092131
-0.002587420400232077
-0.002585736801847816
-0.00258405483327806
-0.00258237449452281
-0.002580695552751422
-0.002579017775133252
-0.002577341161668301
-0.002575666178017855
-0.002573993057012558
-0.002572321332991123
-0.002570650773122907
-0.002568981843069196
-0.00256731454282999
-0.002565648872405291
-0.002563984366133809
-0.002562321489676833
-0.002560660243034363
-0.002559000160545111
-0.002557341707870364
-0.00255568465217948
-0.002554028993472457
-0.002552374498918653
-0.002550721634179354
-0.002549071097746491
-0.002547422191128135
-0.002545775612816215
-0.002544131362810731
-0.00254248920828104
-0.002540849382057786
-0.002539211884140968
-0.002537576481699944
-0.002535942941904068
-0.002534311031922698
-0.002532680751755834
-0.002531052101403475
-0.002529424848034978
-0.002527798758819699
-0.002526174066588283
-0.002524550771340728
-0.002522928640246391
-0.002521307906135917
-0.002519688801839948
-0.002518071327358484
-0.002516455017030239
-0.002514839870855212
-0.002513226587325335
-0.002511615166440606
-0.002510005375370383
-0.002508397214114666
-0.002506790682673454
-0.002505185548216105
-0.00250358204357326
-0.002501980401575565
-0.002500379923731089
-0.002498780377209187
-0.00249718246050179
-0.002495585475116968
-0.002493990119546652
-0.002492395928129554
-0.00249080266803503
-0.002489210804924369
-0.002487620571628213
-0.002486031968146563
-0.002484444761648774
-0.002482859650626779
-0.002481276169419289
-0.002479694550856948
-0.002478114562109113
-0.00247653666883707
-0.002474960638210177
-0.002473386004567146
-0.002471813233569264
-0.002470241859555244
-0.002468671649694443
-0.002467102836817503
-0.002465535188093781
-0.002463968936353922
-0.002462404081597924
-0.002460840623825788
-0.002459278563037515
-0.002457717899233103
-0.002456159563735127
-0.002454602858051658
-0.002453048480674624
-0.002451496198773384
-0.002449945546686649
-0.002448397455736995
-0.002446850994601846
-0.002445306396111846
-0.002443763427436352
-0.00244222185574472
-0.002440681913867593
-0.002439143368974328
-0.002437605988234282
-0.002436070004478097
-0.002434535417705774
-0.002433001529425383
-0.002431469270959496
-0.002429937710985541
-0.002428407780826092
-0.002426879247650504
-0.002425351878628135
-0.002423825673758984
-0.002422301331534982
-0.002420778153464198
-0.002419256372377276
-0.002417735755443573
-0.002416216302663088
-0.002414698246866465
-0.002413181588053703
-0.002411666791886091
-0.002410152927041054
-0.002408640692010522
-0.002407130086794496
-0.002405620878562331
-0.002404113300144672
-0.002402606885880232
-0.002401101402938366
-0.002399597782641649
-0.002398095326498151
-0.002396594267338514
-0.00239509460516274
-0.002393596107140183
-0.002392099238932133
-0.002390603302046657
-0.002389108994975686
-0.002387616317719221
-0.002386125037446618
-0.002384635154157877
-0.002383147133514285
-0.002381660975515842
-0.002380176447331905
-0.002378693548962474
-0.002377212047576904
-0.00237573217600584
-0.002374253235757351
-0.002372775925323367
-0.002371299779042602
-0.002369824564084411
-0.002368350978940725
-0.002366878790780902
-0.002365407766774297
-0.002363938372582197
-0.00236247037537396
-0.002361003775149584
-0.00235953857190907
-0.002358075231313705
-0.002356613287702203
-0.002355152741074562
-0.002353693125769496
-0.002352234674617648
-0.002350777387619019
-0.002349321264773607
-0.002347866538912058
-0.002346412977203727
-0.002344960812479258
-0.002343509811908007
-0.002342060208320618
-0.002340612001717091
-0.002339165657758713
-0.002337720943614841
-0.002336278092116117
-0.002334837103262544
-0.002333397511392832
-0.002331959549337626
-0.002330523217096925
-0.002329088281840086
-0.002327654976397753
-0.002326223067939281
-0.002324791857972741
-0.002323362044990063
-0.002321933628991246
-0.002320505911484361
-0.002319079358130693
-0.002317653736099601
-0.00231622951105237
-0.00231480598449707
-0.002313383389264345
-0.002311962191015482
-0.002310542389750481
-0.002309123752638698
-0.00230770674534142
-0.002306291833519936
-0.002304878318682313
-0.002303466433659196
-0.002302056411281228
-0.002300647785887122
-0.002299241023138165
-0.002297835890203714
-0.002296432154253125
-0.002295030048117042
-0.00229362933896482
-0.002292229561135173
-0.002290830481797457
-0.002289432566612959
-0.002288035582751036
-0.002286639995872974
-0.002285245340317488
-0.002283851616084576
-0.002282459521666169
-0.002281068591400981
-0.002279679058119655
-0.002278290456160903
-0.00227690301835537
-0.002275516744703054
-0.002274131635203958
-0.002272747922688723
-0.00227136560715735
-0.002269984455779195
-0.002268604701384902
-0.002267226111143827
-0.002265848219394684
-0.002264471724629402
-0.002263096394017339
-0.002261722227558494
-0.00226034945808351
-0.002258978085592389
-0.002257607877254486
-0.002256238833069801
-0.002254870720207691
-0.002253503771498799
-0.002252137986943126
-0.00225077336654067
-0.002249409910291433
-0.002248047851026058
-0.002246686723083258
-0.002245327457785606
-0.002243969356641173
-0.002242612885311246
-0.002241258043795824
-0.002239904832094908
-0.002238553483039141
-0.002237203763797879
-0.00223585544154048
-0.002234508749097586
-0.002233163453638554
-0.002231819555163383
-0.002230476820841432
-0.002229135250672698
-0.002227794611826539
-0.002226454671472311
-0.002225115429610014
-0.002223777119070292
-0.002222439972683787
-0.00222110329195857
-0.002219767775386572
-0.002218432957306504
-0.002217099536210299
-0.002215767512097955
-0.002214436652138829
-0.002213107189163566
-0.002211779356002808
-0.002210452919825912
-0.002209127880632877
-0.002207804471254349
-0.002206482458859682
-0.002205161843448877
-0.002203842625021935
-0.00220252457074821
-0.002201208146288991
-0.002199893118813634
-0.002198579255491495
-0.002197266556322575
-0.00219595548696816
-0.002194645581766963
-0.002193336840718985
-0.002192029030993581
-0.002190722385421395
-0.002189416671171784
-0.002188112121075392
-0.002186808502301574
-0.002185505582019687
-0.002184203593060374
-0.002182902302592993
-0.00218160217627883
-0.002180302748456597
-0.00217900425195694
-0.002177706686779857
-0.002176410052925348
-0.002175114117562771
-0.002173819812014699
-0.002172526670619845
-0.00217123469337821
-0.00216994434595108
-0.0021686558611691
-0.002167368773370981
-0.002166083315387368
-0.002164799487218261
-0.002163517056033015
-0.002162236021831632
-0.00216095638461411
-0.002159677911549807
-0.002158400835469365
-0.002157124457880855
-0.002155849477276206
-0.002154575195163488
-0.002153302077203989
-0.002152030123397708
-0.002150759100914001
-0.002149489242583513
-0.002148220548406243
-0.002146953018382192
-0.002145686419680715
-0.002144420985132456
-0.002143156947568059
-0.002141893841326237
-0.002140631899237633
-0.002139371121302247
-0.002138110576197505
-0.002136850962415338
-0.002135592047125101
-0.002134333830326796
-0.00213307561352849
-0.002131818328052759
-0.002130561741068959
-0.002129306085407734
-0.002128051361069083
-0.002126797800883651
-0.002125545870512724
-0.002124295802786946
-0.002123047132045031
-0.002121800323948264
-0.002120555378496647
-0.002119312528520823
-0.002118071541190147
-0.002116832183673978
-0.00211559422314167
-0.002114357892423868
-0.002113122958689928
-0.002111889189109206
-0.002110656118020415
-0.002109423978254199
-0.002108192536979914
-0.002106961794197559
-0.002105731749907136
-0.002104502171278
-0.002103273058310151
-0.00210204441100359
-0.002100816229358315
-0.002099588513374329
-0.002098361728712916
-0.002097135875374079
-0.002095910953357816
-0.002094687195494771
-0.002093464368954301
-0.002092243172228336
-0.00209102313965559
-0.002089804504066706
-0.002088587265461683
-0.002087371423840523
-0.002086157444864511
-0.002084944862872362
-0.002083734143525362
-0.002082524821162224
-0.002081316895782948
-0.002080110367387533
-0.00207890453748405
-0.002077699871733785
-0.002076495904475451
-0.002075292635709047
-0.002074090065434575
-0.002072888193652034
-0.002071686554700136
-0.00207048561424017
-0.002069285372272134
-0.002068086061626673
-0.002066887449473143
-0.002065690001472831
-0.002064493717625737
-0.002063298597931862
-0.002062104875221848
-0.002060912782326341
-0.002059722086414695
-0.002058533020317554
-0.00205734558403492
-0.002056159544736147
-0.002054974436759949
-0.002053790958598256
-0.002052608644589782
-0.002051427261903882
-0.002050247043371201
-0.00204906752333045
-0.002047889400273561
-0.002046712441369891
-0.002045536180958152
-0.002044361550360918
-0.002043187618255615
-0.002042014617472887
-0.002040842082351446
-0.00203967047855258
-0.002038499340415001
-0.002037328667938709
-0.002036158461123705
-0.002034988952800632
-0.002033819910138845
-0.00203265156596899
-0.002031483687460423
-0.002030316274613142
-0.002029149560257792
-0.002027984010055661
-0.002026819391176105
-0.002025655703619123
-0.002024492947384715
-0.00202333158813417
-0.002022171625867486
-0.002021013293415308
-0.002019856357946992
-0.002018700819462538
-0.002017546445131302
-0.002016393933445215
-0.002015242353081703
-0.002014092169702053
-0.002012943383306265
-0.002011795761063695
-0.002010649302974343
-0.002009504241868854
-0.002008360112085938
-0.002007216913625598
-0.002006074413657188
-0.002004933077841997
-0.002003792906180024
-0.002002653898671269
-0.002001516288146377
-0.002000379376113415
-0.001999243162572384
-0.001998107647523284
-0.001996972830966115
-0.001995838712900877
-0.00199470529332757
-0.001993572805076838
-0.001992440782487392
-0.001991309691220522
-0.001990179065614939
-0.00198904937133193
-0.001987920375540853
-0.001986792078241706
-0.001985664945095778
-0.001984539208933711
-0.001983414636924863
-0.001982290996238589
-0.001981168519705534
-0.001980047440156341
-0.001978927757591009
-0.001977809239178896
-0.001976691652089357
-0.001975574996322393
-0.001974459271878004
-0.001973344711586833
-0.001972230849787593
-0.001971117686480284
-0.001970005221664906
-0.001968893688172102
-0.001967783086001873
-0.001966673415154219
-0.001965564675629139
-0.001964457333087921
-0.001963350921869278
-0.001962245209142566
-0.001961140427738428
-0.001960036810487509
-0.001958934357389808
-0.001957832602784038
-0.001956732012331486
-0.001955632353201509
-0.001954533625394106
-0.001953435596078634
-0.001952338381670415
-0.001951241982169449
-0.001950146513991058
-0.001949051977135241
-0.001947958488017321
-0.001946865813806653
-0.001945774187333882
-0.001944683725014329
-0.001943594194017351
-0.001942505827173591
-0.001941418508067727
-0.00194033223669976
-0.001939246896654367
-0.001938162371516228
-0.001937078894115984
-0.001935996580868959
-0.001934915082529187
-0.001933834748342633
-0.001932755461893976
-0.001931676873937249
-0.001930598984472454
-0.001929521909914911
-0.001928445533849299
-0.001927369623444974
-0.001926294411532581
-0.001925219898112118
-0.001924145966768265
-0.00192307261750102
-0.001922000199556351
-0.001920928596518934
-0.001919857691973448
-0.001918787835165858
-0.001917718909680843
-0.001916650915518403
-0.001915583969093859
-0.001914518070407212
-0.001913453219458461
-0.001912389416247606
-0.001911326544359326
-0.001910264487378299
-0.001909203478135169
-0.001908143400214612
-0.001907084137201309
-0.001906026038341224
-0.001904968870803714
-0.001903912634588778
-0.001902857562527061
-0.001901803538203239
-0.001900750678032637
-0.001899698749184608
-0.001898647868074477
-0.001897598034702241
-0.001896549132652581
-0.001895500929094851
-0.001894453656859696
-0.001893407199531794
-0.001892361557111144
-0.001891316729597747
-0.001890272949822247
-0.001889229868538678
-0.001888187718577683
-0.001887146150693297
-0.001886105397716165
-0.001885065226815641
-0.001884025637991726
-0.001882986747659743
-0.00188194855581969
-0.001880911062471569
-0.001879874267615378
-0.001878837938420475
-0.001877802424132824
-0.001876767608337104
-0.001875733840279281
-0.001874701003544033
-0.001873669098131359
-0.001872638240456581
-0.0018716084305197
-0.001870579784736037
-0.001869552303105593
-0.001868525985628366
-0.001867500599473715
-0.001866476377472281
-0.001865453203208745
-0.001864430960267782
-0.001863409415818751
-0.001862388919107616
-0.001861369237303734
-0.001860350486822426
-0.00185933243483305
-0.001858315197750926
-0.001857298891991377
-0.001856283401139081
-0.001855268608778715
-0.001854254747740924
-0.001853241701610386
-0.001852229237556458
-0.001851217821240425
-0.001850207336246967
-0.00184919754974544
-0.001848188578151166
-0.001847180537879467
-0.00184617331251502
-0.001845166902057827
-0.001844161422923207
-0.001843156875111163
-0.001842153025791049
-0.001841149991378188
-0.001840147888287902
-0.001839146367274225
-0.001838145428337157
-0.00183714518789202
-0.001836145645938814
-0.001835147035308182
-0.00183414900675416
-0.001833152025938034
-0.001832155976444483
-0.001831160974688828
-0.00183016702067107
-0.001829174114391208
-0.00182818213943392
-0.001827191095799208
-0.001826200634241104
-0.001825210987590253
-0.001824222039431334
-0.001823233673349023
-0.001822245772927999
-0.001821258338168263
-0.001820271369069815
-0.001819284982047975
-0.001818299177102745
-0.00181731372140348
-0.001816328847780824
-0.001815344789065421
-0.001814361428841949
-0.001813378767110407
-0.001812396803870797
-0.001811415888369083
-0.001810436137020588
-0.001809457433409989
-0.00180848001036793
-0.001807503984309733
-0.001806529355235398
-0.001805555890314281
-0.001804583589546382
-0.001803612569347024
-0.001802642596885562
-0.001801673555746675
-0.00180070532951504
-0.001799737685360014
-0.001798770506866276
-0.001797803794033825
-0.00179683743044734
-0.001795871299691498
-0.001794905634596944
-0.001793940435163677
-0.001792975817807019
-0.00179201178252697
-0.001791048562154174
-0.001790086273103952
-0.001789124915376306
-0.001788164605386555
-0.001787205343134701
-0.001786247245036066
-0.001785290194675326
-0.001784334308467805
-0.001783379237167537
-0.0017824248643592
-0.001781471306458116
-0.001780518447048962
-0.00177956628613174
-0.001778614590875804
-0.001777663361281157
-0.001776712946593761
-0.001775763113982975
-0.00177481397986412
-0.001773865660652518
-0.001772918156348169
-0.001771971816197038
-0.001771026174537838
-0.001770081464201212
-0.001769137801602483
-0.001768194953911006
-0.001767253153957427
-0.001766312285326421
-0.001765372231602669
-0.001764433109201491
-0.001763494685292244
-0.001762556959874928
-0.001761619932949543
-0.001760683604516089
-0.001759747858159244
-0.00175881281029433
-0.001757878344506025
-0.001756944344379008
-0.001756010926328599
-0.0017550780903548
-0.001754145952872932
-0.001753214513882995
-0.00175228388980031
-0.001751353847794235
-0.00175042450428009
-0.001749495859257877
-0.001748567912727594
-0.001747640548273921
-0.001746713765896857
-0.001745787798427045
-0.001744862413033843
-0.001743937376886606
-0.001743012922815979
-0.001742088934406638
-0.001741165644489229
-0.001740242936648428
-0.001739321160130203
-0.00173840019851923
-0.001737480168230832
-0.001736561069265008
-0.001735643250867724
-0.001734726596623659
-0.001733810873702168
-0.001732896431349218
-0.001731982920318842
-0.001731070340611041
-0.001730158692225814
-0.001729247625917196
-0.001728337025269866
-0.001727426890283823
-0.001726517337374389
-0.001725608250126243
-0.001724699744954705
-0.001723791705444455
-0.001722884364426136
-0.001721977605484426
-0.001721071894280612
-0.00172016688156873
-0.001719262800179422
-0.001718359533697367
-0.001717457082122564
-0.001716555329039693
-0.001715654158033431
-0.001714753452688456
-0.001713853213004768
-0.001712953322567046
-0.001712053897790611
-0.001711154938675463
-0.001710256561636925
-0.001709358883090317
-0.001708461903035641
-0.001707565621472895
-0.001706670387648046
-0.001705776201561093
-0.001704882946796715
-0.001703990856185555
-0.00170309969689697
-0.001702209701761603
-0.001701320521533489
-0.001700432156212628
-0.001699544489383698
-0.001698657404631376
-0.001697770901955664
-0.001696884981356561
-0.001695999642834067
-0.001695114769972861
-0.001694230595603585
-0.001693347003310919
-0.001692464109510183
-0.001691581914201379
-0.001690700650215149
-0.001689820317551494
-0.001688941032625735
-0.001688062562607229
-0.001687184674665332
-0.001686307485215366
-0.001685430877842009
-0.00168455473612994
-0.001683679060079157
-0.001682803733274341
-0.001681928639300168
-0.001681053778156638
-0.001680179382674396
-0.001679305569268763
-0.001678432221524417
-0.001677559455856681
-0.001676687505096197
-0.001675816485658288
-0.001674946397542953
-0.001674077240750194
-0.001673209015280008
-0.001672341721132398
-0.001671475474722683
-0.0016706099268049
-0.00166974519379437
-0.001668881275691092
-0.001668018056079745
-0.00166715553496033
-0.001666293945163488
-0.001665433286689222
-0.001664573443122208
-0.001663714530877769
-0.001662856666371226
-0.00166199984960258
-0.00166114408057183
-0.001660289359278977
-0.00165943568572402
-0.001658582943491638
-0.001657730783335865
-0.001656879088841379
-0.00165602786000818
-0.001655176631174982
-0.001654325285926461
-0.001653474173508584
-0.001652622828260064
-0.001651771483011544
-0.001650920021347702
-0.001650068559683859
-0.001649217447265983
-0.001648366684094071
-0.001647516735829413
-0.001646667602472007
-0.001645819400437176
-0.001644972362555563
-0.001644126605242491
-0.00164328224491328
-0.001642439165152609
-0.001641597365960479
-0.001640756614506245
-0.001639916561543941
-0.001639077323488891
-0.00163823866751045
-0.001637400477193296
-0.001636562286876142
-0.001635724329389632
-0.0016348862554878
-0.001634048414416611
-0.001633210573345423
-0.001632372965104878
-0.001631536055356264
-0.001630699611268938
-0.001629864214919508
-0.001629029866307974
-0.001628196449019015
-0.001627364428713918
-0.001626533572562039
-0.001625703880563378
-0.001624875352717936
-0.001624047989025712
-0.001623221556656063
-0.001622395706363022
-0.001621570670977235
-0.001620745752006769
-0.001619921298697591
-0.001619097078219056
-0.001618273090571165
-0.001617449335753918
-0.001616625697351992
-0.001615802408196032
-0.001614979584701359
-0.00161415699403733
-0.001613335101865232
-0.001612513791769743
-0.001611693180166185
-0.001610873267054558
-0.001610054168850183
-0.00160923576913774
-0.001608418067917228
-0.00160760129801929
-0.001606785110197961
-0.001605969737283885
-0.001605155295692384
-0.001604341669008136
-0.00160352885723114
-0.001602716860361397
-0.001601905445568264
-0.001601094729267061
-0.001600284827873111
-0.001599475624971092
-0.001598666654899716
-0.001597858150489628
-0.001597049995325506
-0.001596242189407349
-0.001595434849150479
-0.001594627625308931
-0.001593820750713348
-0.00159301410894841
-0.001592207816429436
-0.00159140198957175
-0.001590596861205995
-0.001589792547747493
-0.001588989165611565
-0.001588186831213534
-0.001587385544553399
-0.001586585189215839
-0.001585785998031497
-0.001584987854585052
-0.001584190526045859
-0.001583394128829241
-0.001582598430104554
-0.001581803546287119
-0.001581009360961616
-0.0015802156412974
-0.001579422503709793
-0.001578629948198795
-0.001577837858349085
-0.00157704611774534
-0.001576254842802882
-0.001575464033521712
-0.001574673806317151
-0.001573884044773877
-0.001573094632476568
-0.001572305569425225
-0.00157151697203517
-0.001570728840306401
-0.001569941057823598
-0.001569153508171439
-0.001568366191349924
-0.001567579573020339
-0.001566793187521398
-0.001566007500514388
-0.001565222395583987
-0.001564437989145517
-0.001563654164783657
-0.00156287127174437
-0.001562089193612337
-0.0015613081632182
-0.001560528064146638
-0.001559749012812972
-0.001558970543555915
-0.001558192656375468
-0.001557415467686951
-0.001556638861075044
-0.001555862720124424
-0.001555086928419769
-0.001554311602376401
-0.001553536509163678
-0.001552761765196919
-0.001551987370476127
-0.001551213325001299
-0.001550439745187759
-0.001549666747450829
-0.001548894448205829
-0.00154812284745276
-0.001547352178022265
-0.001546582439914346
-0.001545813516713679
-0.001545045524835587
-0.001544278347864747
-0.001543511869385839
-0.001542746205814183
-0.001541981124319136
-0.001541216392070055
-0.001540452125482261
-0.001539688091725111
-0.001538924407213926
-0.001538160955533385
-0.001537397736683488
-0.001536634750664234
-0.001535871997475624
-0.001535109477117658
-0.0015343475388363
-0.001533586182631552
-0.001532825524918735
-0.001532065449282527
-0.00153130607213825
-0.001530547509901226
-0.001529789762571454
-0.001529032713733613
-0.001528276363387704
-0.001527520711533725
-0.001526765758171678
-0.001526011503301561
-0.001525258063338697
-0.001524505438283086
-0.001523753511719406
-0.001523002283647656
-0.001522251754067838
-0.001521501922979951
-0.001520752906799316
-0.001520004589110613
-0.001519257086329162
-0.001518510514870286
-0.001517764525488019
-0.001517019234597683
-0.001516274292953312
-0.001515529700554907
-0.00151478557381779
-0.001514041563495994
-0.00151329766958952
-0.001512554241344333
-0.001511810813099146
-0.001511067384853959
-0.001510323956608772
-0.001509580644778907
-0.001508837332949042
-0.001508094253949821
-0.001507351407781243
-0.001506608910858631
-0.00150586711242795
-0.001505125896073878
-0.001504385378211737
-0.001503645675256848
-0.001502907020039856
-0.001502169528976083
-0.001501433202065527
-0.001500697806477547
-0.001499963458627462
-0.001499230158515275
-0.001498497789725661
-0.001497766352258623
-0.001497035613283515
-0.001496305107139051
-0.001495575066655874
-0.001494845491833985
-0.001494116033427417
-0.001493386807851493
-0.001492657815106213
-0.00149192928802222
-0.001491201226599514
-0.001490473514422774
-0.001489746500737965
-0.001489020069129765
-0.001488294336013496
-0.001487569068558514
-0.001486844383180141
-0.0014861203962937
-0.001485396875068545
-0.00148467393592
-0.00148395134601742
-0.001483228988945484
-0.001482506864704192
-0.001481784973293543
-0.001481063314713538
-0.001480342005379498
-0.001479621161706746
-0.001478900783695281
-0.001478180754929781
-0.001477461191825569
-0.001476742094382644
-0.001476023811846972
-0.001475306344218552
-0.001474589458666742
-0.001473873388022184
-0.001473158015869558
-0.00147244322579354
-0.001471729134209454
-0.001471015624701977
-0.001470302697271109
-0.00146959035191685
-0.001468878705054522
-0.001468167873099446
-0.001467457739636302
-0.001466748304665089
-0.001466039568185806
-0.001465331530198455
-0.001464623957872391
-0.001463916967622936
-0.00146321055945009
-0.001462504733353853
-0.001461799372918904
-0.00146109436172992
-0.00146038958337158
-0.001459685270674527
-0.001458981074392796
-0.00145827722735703
-0.001457573380321264
-0.001456869882531464
-0.001456166733987629
-0.001455464051105082
-0.001454761950299144
-0.001454060198739171
-0.001453359145671129
-0.00145265890751034
-0.00145195925142616
-0.001451260410249233
-0.001450562383979559
-0.001449865056201816
-0.001449168659746647
-0.001448472961783409
-0.00144777784589678
-0.001447083195671439
-0.001446388894692063
-0.001445694942958653
-0.001445001224055886
-0.001444307621568441
-0.001443614135496318
-0.001442920882254839
-0.001442227861844003
-0.001441535074263811
-0.001440842868760228
-0.001440150896087289
-0.001439459389075637
-0.001438768464140594
-0.00143807812128216
-0.001437388360500336
-0.001436699298210442
-0.001436010934412479
-0.001435323501937091
-0.001434636767953634
-0.001433950965292752
-0.0014332658611238
-0.001432581339031458
-0.001431897399015725
-0.001431214157491922
-0.001430531614460051
-0.001429849653504789
-0.001429168158210814
-0.001428487477824092
-0.001427807146683335
-0.001427127281203866
-0.001426447764970362
-0.001425768481567502
-0.001425089547410607
-0.001424410962499678
-0.001423732610419393
-0.001423054258339107
-0.001422375906258821
-0.001421697903424501
-0.001421019900590181
-0.001420342130586505
-0.001419664593413472
-0.001418987521901727
-0.001418310916051269
-0.001417634775862098
-0.001416959334164858
-0.001416284707374871
-0.001415611011907458
-0.001414938131347299
-0.00141426594927907
-0.001413594465702772
-0.001412923797033727
-0.00141225359402597
-0.001411583856679499
-0.001410914584994316
-0.001410245662555099
-0.001409577089361846
-0.001408908748999238
-0.001408240641467273
-0.001407572999596596
-0.001406905823387206
-0.001406238880008459
-0.001405572285875678
-0.001404906273819506
-0.001404240960255265
-0.001403576345182955
-0.001402912428602576
-0.001402249094098806
-0.001401586458086967
-0.001400924287736416
-0.001400262699462473
-0.00139960169326514
-0.001398941152729094
-0.001398281077854335
-0.001397621468640864
-0.00139696232508868
-0.001396303763613105
-0.001395645784214139
-0.00139498827047646
-0.001394331338815391
-0.001393674872815609
-0.001393019105307758
-0.001392363919876516
-0.001391709083691239
-0.00139105471316725
-0.001390400808304548
-0.001389747252687812
-0.001389094162732363
-0.001388441305607557
-0.001387788797728717
-0.001387136289849877
-0.001386484131217003
-0.001385832205414772
-0.001385180512443185
-0.001384529168717563
-0.001383878057822585
-0.001383227412588894
-0.001382576883770525
-0.001381926704198122
-0.001381276990287006
-0.001380627858452499
-0.001379979308694601
-0.001379331341013312
-0.001378684188239276
-0.00137803761754185
-0.001377391861751676
-0.001376747037284076
-0.001376103260554373
-0.001375460415147245
-0.001374818501062691
-0.001374177518300712
-0.001373537350445986
-0.00137289788108319
-0.001372258993797004
-0.001371620805002749
-0.001370982732623816
-0.001370344893075526
-0.001369707169942558
-0.001369069330394268
-0.001368431141600013
-0.001367792836390436
-0.001367154414765537
-0.001366515760309994
-0.001365877105854452
-0.001365238567814231
-0.001364600146189332
-0.001363961957395077
-0.001363324234262109
-0.00136268709320575
-0.001362050650641322
-0.001361414906568825
-0.001360779744572937
-0.001360145048238337
-0.001359510933980346
-0.001358877518214285
-0.001358244684524834
-0.001357612432911992
-0.001356980530545115
-0.001356348977424204
-0.001355718006379902
-0.001355087733827531
-0.001354457926936448
-0.001353828702121973
-0.001353200292214751
-0.001352572697214782
-0.001351945917122066
-0.001351319951936603
-0.00135069468524307
-0.00135007023345679
-0.00134944636374712
-0.001348822843283415
-0.001348199788480997
-0.001347576966509223
-0.001346954260952771
-0.001346331788226962
-0.001345709315501153
-0.001345086726360023
-0.001344464137218893
-0.00134384143166244
-0.00134321884252131
-0.001342596602626145
-0.001341974595561624
-0.00134135305415839
-0.001340732211247087
-0.001340111950412393
-0.001339492504484951
-0.001338873873464763
-0.001338255940936506
-0.001337638706900179
-0.001337022171355784
-0.001336406217887998
-0.001335790380835533
-0.001335175009444356
-0.001334559987299144
-0.001333945197984576
-0.00133333052508533
-0.001332715968601406
-0.001332101528532803
-0.001331487321294844
-0.001330873346887529
-0.001330259372480214
-0.001329645863734186
-0.001329032587818801
-0.001328420010395348
-0.001327808131463826
-0.001327196718193591
-0.001326585770584643
-0.001325975521467626
-0.00132536597084254
-0.001324757118709385
-0.001324148965068161
