0
0
0
0
0
0
0
0
0
0
0
0
0
0
0
0
0
0
0
0
0
0
0
0
0
0
0
0
0
0
0
0
0
0
0
0
0
0
0
0
0
0
0
0
0
0
0
0
0
0
0
0
0
0
0
0
0
0
0
0
0
0
0
0
0
0
0
0
0
0
0
0
0
0
0
0
0
0
0
0
0
0
0
0
0
0
0
0
0
0
0
0
0
0
0
0
0
0
0
0
0
0
0
0
0
0
0
0
0
0
0
0
0
0
0
0
0
0
0
0
0
0
0
0
0
0
0
0
0
0
0
0
0
0
0
0
0
0
0
0
0
0
0
0
0
0
0
0
0
0
0
0
0
0
0
0
0
0
0
0
0
0
0
0
0
0
0
0
0
0
0
0
0
0
0
0
0
0
0
0
0
0
0
0
0
0
0
0
0
0
0
0
0
0
0
0
0
0
0
0
0
0
0
0
0
0
0
0
0
0
0
0
0
0
0
0
0
0
0
0
0
0
0
0
0
0
0
0
0
0
0
0
0
0
0
0
0
0
0
0
0
0
0
0
0
0
0
0
0
0
0
0
0
0
0
0
0
0
0
0
0
0
0
0
0
0
0
0
0
0
0
0
0
0
0
0
0
0
0
0
0
0
0
0
0
0
0
0
0
0
0
0
0
0
0
0
0
0
0
0
0
0
0
0
0
0
0
0
0
0
0
0
0
0
0
0
0
0
0
0
0
0
0
0
0
0
0
0
0
0
0
0
0
0
0
0
0
0
0
0
0
0
0
0
0
0
0
0
0
0
0
0
0
0
0
0
0
0
0
0
0
0
0
0
0
0
0
0
0
0
0
0
0
0
0
0
0
0
0
0
0
0
0
0
0
0
0
0
0
0
0
0
0
0
0
0
0
0
0
0
0
0
0
0
0
0
0
0
0
0
0
0
0
0
0
0
0
0
0
0
0
0
0
0
0
0
0
0
0
0
0
0
0
0
0
0
0
0
0
0
0
0
0
0
0
0
0
0
0
0
0
0
0
0
0
0
0
0
0
0
0
0
0
0
0
0
0
0
0
0
0
0
0
0
0
0
0
0
0
0
0
0
0
0
0
0
0
0
0
0
0
0
0
0
0
0
0
0
0
0
0
0
0
0
0
0
0
0
0
0
0
0
0
0
0
0
0
0
0
0
0
0
0
0
0
0
0
0
0
0
0
0
0
0
0
0
0
0
0
0
0
0
0
0
0
0
0
0
0
0
0
0
0
0
0
0
0
0
0
0
0
0
0
0
0
0
0
0
0
0
0
0
0
0
0
0
0
0
0
0
0
0
0
0
0
0
0
0
0
0
0
0
0
0
0
0
0
0
0
0
0
0
0
0
0
0
0
0
0
0
0
0
0
0
0
0
0
0
0
0
0
0
0
0
0
0
0
0
0
0
0
0
0
0
0
0
0
0
0
0
0
0
0
0
0
0
0
0
0
0
0
0
0
0
0
0
0
0
0
0
0
0
0
0
0
0
0
0
0
0
0
0
0
0
0
0
0
0
0
0
0
0
0
0
0
0
0
0
0
0
0
0
0
0
0
0
0
0
0
0
0
0
0
0
0
0
0
0
0
0
0
0
0
0
0
0
0
0
0
0
0
0
0
0
0
0
0
0
0
0
0
0
0
0
0
0
0
0
0
0
0
0
0
0
0
0
0
0
0
0
0
0
0
0
0
0
0
0
0
0
0
0
0
0
0
0
0
0
0
0
0
0
0
0
0
0
0
0
0
0
0
0
0
0
0
0
0
0
0
0
0
0
0
0
0
0
0
0
0
0
0
0
0
0
0
0
0
0
0
0
0
0
0
0
0
0
0
0
0
0
0
0
0
0
0
0
0
0
0
0
0
0
0
0
0
0
0
0
0
0
0
0
0
0
0
0
0
0
0
0
0
0
0
0
0
0
0
0
0
0
0
0
0
0
0
0
0
0
0
0
0
0
0
0
0
0
0
0
0
0
0
0
0
0
0
0
0
0
0
0
0
0
0
0
0
0
0
0
0
0
0
0
0
0
0
0
0
0
0
0
0
0
0
0
0
0
0
0
0
0
0
0
0
0
0
0
0
0
0
0
0
0
0
0
0
0
0
0
0
0
0
0
0
0
0
0
0
0
0
0
0
0
0
0
0
0
0
0
0
0
0
0
0
0
0
0
0
0
0
0
0
0
0
0
0
0
0
0
0
0
0
0
0
0
0
0
0
0
0
0
0
0
0
0
0
0
0
0
0
0
0
0
0
0
0
0
0
0
0
0
0
0
0
0
0
0
0
0
0
0
0
0
0
0
0
0
0
0
0
0
0
0
0
0
0
0
0
0
0
0
0
0
0
0
0
0
0
0
0
0
0
0
0
0
0
0
0
0
0
0
0
0
0
0
0
0
0
0
0
0
0
0
0
0
0
0
0
0
0
0
0
0
0
0
0
0
0
0
0
0
0
0
0
0
0
0
0
0
0
0
0
0
0
0
0
0
0
0
0
0
0
0
0
0
0
0
0
0
0
0
0
0
0
0
0
0
0
0
0
0
0
0
0
0
0
0
0
0
0
0
0
0
0
0
0
0
0
0
0
0
0
0
0
0
0
0
0
0
0
0
0
0
0
0
0
0
0
0
0
0
0
0
0
0
0
0
0
0
0
0
0
0
0
0
0
0
0
0
0
0
0
0
0
0
0
0
0
0
0
0
0
0
0
0
0
0
0
0
0
0
0
0
0
0
0
0
0
0
0
0
0
0
0
0
0
0
0
0
0
0
0
0
0
0
0
0
0
0
0
0
0
0
0
0
0
0
0
0
0
0
0
0
0
0
0
0
0
0
0
0
0
0
0
0
0
0
0
0
0
0
0
0
0
0
0
0
0
0
0
0
0
0
0
0
0
0
0
0
0
0
0
0
0
0
0
0
0
0
0
0
0
0
0
0
0
0
0
0
0
0
0
0
0
0
0
0
0
0
0
0
0
0
0
0
0
0
0
0
0
0
0
0
0
0
0
0
0
0
0
0
0
0
0
0
0
0
0
0
0
0
0
0
0
0
0
0
0
0
0
0
0
0
0
0
0
0
0
0
0
0
0
0
0
0
0
0
0
0
0
0
0
0
0
0
0
0
0
0
0
0
0
0
0
0
0
0
0
0
0
0
0
0
0
0
0
0
0
0
0
0
0
0
0
0
0
0
0
0
0
0
0
0
0
0
0
0
0
0
0
0
0
0
0
0
0
0
0
0
0
0
0
0
0
0
0
0
0
0
0
0
0
0
0
0
0
0
0
0
0
0
0
0
0
0
0
0
0
0
0
0
0
0
0
0
0
0
0
0
0
0
0
0
0
0
0
0
0
0
0
0
0
0
0
0
0
0
0
0
0
0
0
0
0
0
0
0
0
0
0
0
0
0
0
0
0
0
0
0
0
0
0
0
0
0
0
0
0
0
0
0
0
0
0
0
0
0
0
0
0
0
0
0
0
0
0
0
0
0
0
0
0
0
0
0
0
0
0
0
0
0
0
0
0
0
0
0
0
0
0
0
0
0
0
0
0
0
0
0
0
0
0
0
0
0
0
0
0
0
0
0
0
0
0
0
0
0
0
0
0
0
0
0
0
0
0
0
0
0
0
0
0
0
0
0
0
0
0
0
0
0
0
0
0
0
0
0
0
0
0
0
0
0
0
0
0
0
0
0
0
0
0
0
0
0
0
0
0
0
0
0
0
0
0
0
0
0
0
0
0
0
0
0
0
0
0
0
0
0
0
0
0
0
0
0
0
0
0
0
0
0
0
0
0
0
0
0
0
0
0
0
0
0
0
0
0
0
0
0
0
0
0
0
0
0
0
0
0
0
0
0
0
0
0
0
0
0
0
0
0
0
0
0
0
0
0
0
0
0
0
0
0
0
0
0
0
0
0
0
0
0
0
0
0
0
0
0
0
0
0
0
0
0
0
0
0
0
0
0
0
0
0
0
0
0
0
0
0
0
0
0
0
0
0
0
0
0
0
0
0
0
0
0
0
0
0
0
0
0
0
0
0
0
0
0
0
0
0
0
0
0
0
0
0
0
0
0
0
0
0
0
0
0
0
0
0
0
0
0
0
0
0
0
0
0
0
0
0
0
0
0
0
0
0
0
0
0
0
0
0
0
0
0
0
0
0
0
0
0
0
0
0
0
0
0
0
0
0
0
0
0
0
0
0
0
0
0
0
0
0
0
0
0
0
0
0
0
0
0
0
0
0
0
0
0
0
0
0
0
0
0
0
0
0
0
0
0
0
0
0
0
0
0
0
0
0
0
0
0
0
0
0
0
0
0
0
0
0
0
0
0
0
0
0
0
0
0
0
0
0
0
0
0
0
0
0
0
0
1.401298464324817e-44
4.203895392974451e-44
9.528829557408756e-44
1.933791880768248e-43
3.867583761536495e-43
7.51095976878102e-43
1.426521836682664e-42
2.694696946896623e-42
5.067095246998539e-42
9.516217871229833e-42
1.784973983856952e-41
3.342096837414689e-41
6.24278465856706e-41
1.163498114928896e-40
2.163674893840734e-40
4.014551944474882e-40
7.432038639270246e-40
1.37277643538195e-39
2.529982720206027e-39
4.652204402875104e-39
8.535468694227394e-39
1.562519814463237e-38
2.853999919437383e-38
5.201329550531913e-38
9.458196267535385e-38
1.716078191975467e-37
3.106720173842663e-37
5.611834890981396e-37
1.011455348204517e-36
1.818984416837908e-36
3.264021509236206e-36
5.84413511027368e-36
1.044075603425761e-35
1.861184513364817e-35
3.310503758630648e-35
5.875530007339547e-35
1.040518211989118e-34
1.838668085526653e-34
3.241971634417117e-34
5.703854911914832e-34
1.001341924012089e-33
1.754091588409226e-33
3.066049996773434e-33
5.347668368672171e-33
9.30698827757897e-33
1.616272406285998e-32
2.800797786332065e-32
4.842971191577766e-32
8.356148529614084e-32
1.438684597235521e-31
2.471675060951408e-31
4.237254645448625e-31
7.248468212791864e-31
1.237307110003215e-30
2.107557175205105e-30
3.582226311136528e-30
6.075742104145989e-30
1.028299061059778e-29
1.736657975396365e-29
2.926744856666032e-29
4.921893325107652e-29
8.259566631770297e-29
1.38312368218995e-28
2.311236785368693e-28
3.853970948734763e-28
6.412891713860134e-28
1.064833666224578e-27
1.764383325838023e-27
2.917348412986236e-27
4.81358610282786e-27
7.925654699876395e-27
1.302231860816216e-26
2.135153575007337e-26
3.493480687681357e-26
5.703964778384665e-26
9.293629488976632e-26
1.511070582781351e-25
2.451747399433597e-25
3.969712256748031e-25
6.414095886150422e-25
1.034202859024375e-24
1.664066383607763e-24
2.671965366000836e-24
4.281411217746322e-24
6.846043380121882e-24
1.092420182462484e-23
1.739553311932312e-23
2.764295145183623e-23
4.383593080774415e-23
6.937066726759532e-23
1.095524334347311e-22
1.726510191062079e-22
2.715300382755539e-22
4.26156141055539e-22
6.674554895865367e-22
1.043227526387717e-21
1.627194824527063e-21
2.532819563546876e-21
3.934356144431332e-21
6.098854355141758e-21
9.434709783474028e-21
1.456514647543716e-20
2.243921120447441e-20
3.449906348021e-20
5.293150711711845e-20
8.104550851906908e-20
1.238373387522845e-19
1.888351104104729e-19
2.873575041690641e-19
4.363865250790744e-19
6.61347133155667e-19
1.000224004964554e-18
1.509645356554444e-18
2.273854777025341e-18
3.417912359020642e-18
5.127075540479254e-18
7.675192182559055e-18
1.146620725200388e-17
1.709470148183931e-17
2.543398734738043e-17
3.776407059827142e-17
5.595704128609331e-17
8.2745093517721e-17
1.221072638245551e-16
1.798260343792638e-16
2.642867732793137e-16
3.876234789570288e-16
5.673572264497113e-16
8.287334886431408e-16
1.208050141956226e-15
1.757384360172938e-15
2.551292459766633e-15
3.696283645777737e-15
5.34418878575982e-15
7.710980528955521e-15
1.110320941633859e-14
1.595505987799038e-14
2.28801640855163e-14
3.27439017198082e-14
4.676403172034285e-14
6.665051540191702e-14
9.479924983034349e-14
1.345599114988341e-13
1.906056015061816e-13
2.694414244670817e-13
3.801030941819744e-13
5.351141079724953e-13
7.517941889682855e-13
1.054043788015213e-12
1.474771910495165e-12
2.059193744338716e-12
2.869294428789471e-12
3.989863561065787e-12
5.536628013697031e-12
7.667195003890903e-12
1.059572828782107e-11
1.46126045291739e-11
2.011065966533998e-11
2.762014922330636e-11
3.785523977617444e-11
5.17756532092406e-11
7.066817270251491e-11
9.625426844461771e-11
1.308317620907218e-10
1.77460796058071e-10
2.402076315632939e-10
3.244630675247606e-10
4.373578443850334e-10
5.88302517812167e-10
7.89687981672671e-10
1.057791743086511e-09
1.413948624851002e-09
1.886056200106623e-09
2.510510466180449e-09
3.33468208602028e-09
4.420084298573101e-09
5.846407802323483e-09
7.716647765221296e-09
1.016360595684773e-08
1.335811283809107e-08
1.751938860650171e-08
2.292808964909909e-08
2.994265102529425e-08
3.901973855136021e-08
5.073977860092782e-08
6.583868383813751e-08
8.524722261427087e-08
1.10139737330428e-07
1.419942066149815e-07
1.8266615597895e-07
2.344792022768161e-07
3.003360120601428e-07
3.838531767996756e-07
4.895255187875591e-07
6.229250857359148e-07
7.909413284323819e-07
1.002070689537504e-06
1.266764002139098e-06
1.597841901457286e-06
2.01099078367406e-06
2.525351874282933e-06
3.164220061080414e-06
3.955866304750089e-06
4.93450852445676e-06
6.141445737739559e-06
7.626387741765939e-06
9.448993296246044e-06
1.168066592072137e-05
1.44066088978434e-05
1.772820360201877e-05
2.176572706957813e-05
2.666144973773044e-05
3.258312426623888e-05
3.972797640017234e-05
4.83271578559652e-05
5.865072307642549e-05
7.101315713953227e-05
8.577953849453479e-05
0.000103372207377106
0.0001242781727341935
0.00014905707212165
0.0001783497427823022
0.0002128874766640365
0.0002535015810281038
0.0003011337539646775
0.0003568465763237327
0.0004218342655804008
0.0004974337643943727
0.0005851355381309986
0.0006865940522402525
0.0008036379003897309
0.0009382788557559252
0.001092719612643123
0.001269360189326108
0.001470801769755781
0.001699849031865597
0.001959508052095771
0.002252981765195727
0.00258366041816771
0.002955109346657991
0.003371047787368298
0.00383532652631402
0.004351896699517965
0.004924770910292864
0.005557981785386801
0.00625552935525775
0.007021322846412659
0.007859116420149803
0.008772436529397964
0.009764505550265312
0.0108381574973464
0.01199574954807758
0.01323907449841499
0.01456926763057709
0.01598671451210976
0.01749096065759659
0.01908063516020775
0.02075336873531342
0.02250572852790356
0.0243331640958786
0.02622997760772705
0.02818929962813854
0.03020309656858444
0.03226220607757568
0.03435637056827545
0.03647434711456299
0.0386040098965168
0.0407324805855751
0.04284630343317986
0.04493165388703346
0.04697456210851669
0.04896114021539688
0.05087785050272942
0.05271179601550102
0.05445098876953125
0.05608462542295456
0.05760335922241211
0.05899956077337265
0.06026755273342133
0.06140380352735519
0.06240705773234367
0.06327846646308899
0.06402161717414856
0.06464255601167679
0.06514964997768402
0.06555353105068207
0.06586680561304092
0.06610383838415146
0.06628040969371796
0.06641331315040588
0.06651996076107025
0.06661790609359741
0.06672439724206924
0.06685589253902435
0.06702756136655807
0.06725288182497025
0.06754323840141296
0.06790757924318314
0.06835217773914337
0.06888038665056229
0.06949260830879211
0.07018627226352692
0.07095597684383392
0.07179362326860428
0.07268879562616348
0.07362911850214005
0.07460071891546249
0.07558874040842056
0.07657792419195175
0.0775531679391861
0.07850009202957153
0.07940558344125748
0.08025830239057541
0.08104906976222992
0.08177123218774796
0.08242088556289673
0.08299696445465088
0.08350124210119247
0.08393822610378265
0.08431487530469894
0.0846402645111084
0.08492514491081238
0.08518145233392715
0.08542172610759735
0.08565858006477356
0.0859040692448616
0.08616920560598373
0.08646344393491745
0.08679430186748505
0.08716709166765213
0.08758468925952911
0.08804749697446823
0.08855351805686951
0.0890984982252121
0.08967626094818115
0.09027905017137527
0.09089798480272293
0.09152358770370483
0.09214629232883453
0.09275692701339722
0.09334719926118851
0.09391012042760849
0.09444033354520798
0.09493434429168701
0.09539059549570084
0.09580955654382706
0.09619355201721191
0.09654659777879715
0.09687408804893494
0.09718243777751923
0.09747866541147232
0.09776993840932846
0.09806320816278458
0.09836474061012268
0.09867983311414719
0.09901252388954163
0.09936539828777313
0.09973949939012527
0.1001343801617622
0.1005481481552124
0.100977711379528
0.1014189869165421
0.1018672361969948
0.1023173928260803
0.1027644351124763
0.1032036170363426
0.103630892932415
0.1040430665016174
0.1044379770755768
0.1048145815730095
0.1051729768514633
0.1055143103003502
0.1058407127857208
0.1061549931764603
0.1064604967832565
0.1067608296871185
0.1070595681667328
0.1073600351810455
0.1076650470495224
0.1079768165946007
0.108296774327755
0.1086255311965942
0.1089628934860229
0.1093079149723053
0.1096590235829353
0.1100141480565071
0.1103709638118744
0.1107270270586014
0.1110799759626389
0.1114277243614197
0.1117685735225677
0.1121013313531876
0.1124253794550896
0.1127406880259514
0.1130477339029312
0.1133475005626678
0.1136413440108299
0.1139308139681816
0.1142175942659378
0.1145033240318298
0.1147894561290741
0.1150772199034691
0.1153674721717834
0.115660697221756
0.1159569621086121
0.1162559688091278
0.1165570914745331
0.1168594658374786
0.1171620562672615
0.1174637749791145
0.117763563990593
0.1180604919791222
0.1183538064360619
0.1186430305242538
0.118927925825119
0.119208537042141
0.1194851621985435
0.1197582632303238
0.1200284883379936
0.1202965378761292
0.1205631420016289
0.1208290010690689
0.1210947036743164
0.121360681951046
0.1216271817684174
0.1218942999839783
0.1221619322896004
0.1224298477172852
0.1226976737380028
0.122965008020401
0.123231366276741
0.1234963163733482
0.1237594932317734
0.1240205839276314
0.1242794096469879
0.1245358809828758
0.1247900649905205
0.1250420808792114
0.1252921968698502
0.1255406588315964
0.1257877796888351
0.1260338574647903
0.1262791603803635
0.1265238970518112
0.1267681866884232
0.1270121186971664
0.1272556334733963
0.127498671412468
0.1277410387992859
0.1279826015233994
0.1282231211662292
0.1284624338150024
0.1287003308534622
0.1289366483688354
0.1291712373495102
0.1294040232896805
0.1296349465847015
0.129863977432251
0.1300910860300064
0.1303163021802902
0.1305395513772964
0.1307607889175415
0.1309798955917358
0.1311966776847839
0.1314109265804291
0.1316222846508026
0.1318302750587463
0.1320344209671021
0.1322340816259384
0.1324286162853241
0.1326171606779099
0.13279889523983
0.1329727619886398
0.1331376731395721
0.1332923918962479
0.1334355771541595
0.1335657238960266
0.1336811780929565
0.1337801367044449
0.1338605880737305
0.1339203268289566
0.1339569687843323
0.133967861533165
0.1339501589536667
0.1339008361101151
0.1338165998458862
0.1336940377950668
0.1335295587778091
0.1333194077014923
0.1330597549676895
0.1327466815710068
0.1323763281106949
0.1319448202848434
0.1314483880996704
0.1308834552764893
0.130246713757515
0.1295351684093475
0.128746286034584
0.1278780251741409
0.1269288808107376
0.1258981376886368
0.1247857883572578
0.1235927492380142
0.1223208531737328
0.1209729909896851
0.1195531189441681
0.1180663481354713
0.1165189296007156
0.1149182692170143
0.1132728904485703
0.1115924119949341
0.1098874434828758
0.1081694737076759
0.1064507663249969
0.1047441735863686
0.1030628457665443
0.1014201268553734
0.09982922673225403
0.09830298274755478
0.0968535840511322
0.09549219906330109
0.09422881901264191
0.09307190030813217
0.09202812612056732
0.09110217541456223
0.09029658883810043
0.08961156010627747
0.08904487639665604
0.08859190344810486
0.08824560046195984
0.087996706366539
0.08783382177352905
0.08774375170469284
0.08771179616451263
0.08772211521863937
0.08775818347930908
0.08780325204133987
0.08784084022045135
0.08785523474216461
0.08783198148012161
0.08775831758975983
0.08762362599372864
0.08741975575685501
0.08714131265878677
0.08678578585386276
0.08635365962982178
0.08584834635257721
0.08527603000402451
0.08464541286230087
0.08396735787391663
0.08325442671775818
0.08252034336328506
0.08177941292524338
0.0810459703207016
0.08033370226621628
0.07965513318777084
0.07902105897665024
0.0784401148557663
0.0779184028506279
0.07745924592018127
0.07706309854984283
0.07672752439975739
0.07644741237163544
0.07621520012617111
0.07602127641439438
0.07585444301366806
0.0757024735212326
0.07555273175239563
0.0753927081823349
0.07521065324544907
0.07499602437019348
0.07474000751972198
0.07443580776453018
0.07407887279987335
0.07366693764925003
0.0732000470161438
0.07268031686544418
0.07211165130138397
0.07149933278560638
0.07084953039884567
0.07016881555318832
0.06946361064910889
0.06873966008424759
0.06800159811973572
0.06725255399942398
0.06649385392665863
0.06572489440441132
0.06494306027889252
0.06414387375116348
0.06332112848758698
0.06246727705001831
0.06157377362251282
0.06063154339790344
0.05963148549199104
0.0585649237036705
0.05742407217621803
0.05620241537690163
0.05489502847194672
0.05349878221750259
0.05201243609189987
0.05043667554855347
0.04877397418022156
0.04702844843268394
0.04520560428500175
0.04331203550100327
0.04135512933135033
0.0393427312374115
0.03728289902210236
0.03518363833427429
0.03305273875594139
0.03089768998324871
0.02872562594711781
0.02654336951673031
0.0243575144559145
0.02217456512153149
0.02000108547508717
0.01784385927021503
0.01571002416312695
0.01360717229545116
0.01154339592903852
0.009527278132736683
0.007567803841084242
0.0056742113083601
0.003855772549286485
0.002121529309079051
0.0004799921007361263
-0.001061179325915873
-0.00249549257569015
-0.003817918943241239
-0.005025144666433334
-0.006115772295743227
-0.007090448401868343
-0.007951919920742512
-0.008705012500286102
-0.009356535039842129
-0.009915109723806381
-0.01039095781743526
-0.01079561840742826
-0.01114165782928467
-0.01144233997911215
-0.01171130686998367
-0.01196225918829441
-0.01220864988863468
-0.01246340852230787
-0.01273869257420301
-0.01304565649479628
-0.01339426264166832
-0.01379311829805374
-0.01424933597445488
-0.01476842537522316
-0.01535420492291451
-0.01600873842835426
-0.01673230342566967
-0.0175233893096447
-0.01837871409952641
-0.01929329708218575
-0.02026056125760078
-0.02127247676253319
-0.02231975086033344
-0.02339206822216511
-0.024478355422616
-0.02556710131466389
-0.0266466923058033
-0.02770575508475304
-0.02873352356255054
-0.02972017973661423
-0.03065717220306396
-0.03153751045465469
-0.03235597535967827
-0.03310930728912354
-0.0337962843477726
-0.0344177708029747
-0.03497664257884026
-0.03547766804695129
-0.03592730313539505
-0.03633344918489456
-0.03670512139797211
-0.03705209493637085
-0.03738457337021828
-0.03771276399493217
-0.03804654628038406
-0.03839508816599846
-0.03876654431223869
-0.03916777297854424
-0.03960412368178368
-0.04007928445935249
-0.04059518128633499
-0.04115195572376251
-0.04174802452325821
-0.04238017648458481
-0.04304375499486923
-0.04373286291956902
-0.04444066062569618
-0.04515963420271873
-0.04588193818926811
-0.04659972712397575
-0.04730546474456787
-0.04799224063754082
-0.04865404590964317
-0.04928598925471306
-0.04988451674580574
-0.0504474826157093
-0.05097423493862152
-0.05146560072898865
-0.05192379653453827
-0.05235229805111885
-0.05275565758347511
-0.05313924327492714
-0.05350897088646889
-0.053871039301157
-0.05423160642385483
-0.05459650605916977
-0.05497098341584206
-0.05535947158932686
-0.05576539784669876
-0.05619107559323311
-0.05663760378956795
-0.05710487440228462
-0.05759161710739136
-0.05809551477432251
-0.058613371104002
-0.05914129689335823
-0.05967492982745171
-0.06020969152450562
-0.06074102595448494
-0.06126465648412704
-0.06177676096558571
-0.06227416545152664
-0.06275451183319092
-0.06321630626916885
-0.06365900486707687
-0.06408298015594482
-0.0644894614815712
-0.06488044559955597
-0.06525854021310806
-0.06562680751085281
-0.06598855555057526
-0.06634719669818878
-0.06670598685741425
-0.06706790626049042
-0.06743547320365906
-0.06781063228845596
-0.068194679915905
-0.06858821958303452
-0.06899113208055496
-0.06940267235040665
-0.06982149928808212
-0.07024577260017395
-0.07067336887121201
-0.07110191136598587
-0.07152900844812393
-0.07195234298706055
-0.07236986607313156
-0.07277985662221909
-0.07318103313446045
-0.07357259094715118
-0.0739542543888092
-0.07432626932859421
-0.07468933612108231
-0.07504455000162125
-0.07539331912994385
-0.07573723793029785
-0.07607802003622055
-0.07641734927892685
-0.07675675302743912
-0.0770975649356842
-0.07744079828262329
-0.0777871161699295
-0.07813682407140732
-0.07848982512950897
-0.07884566485881805
-0.07920357584953308
-0.07956252992153168
-0.07992132008075714
-0.08027862757444382
-0.08063310384750366
-0.08098349720239639
-0.0813286155462265
-0.0816674679517746
-0.0819992795586586
-0.08232346922159195
-0.0826396644115448
-0.08294769376516342
-0.08324754983186722
-0.08353931456804276
-0.08382309973239899
-0.08409897983074188
-0.08436695486307144
-0.08462683856487274
-0.08487823605537415
-0.08512048423290253
-0.08535263687372208
-0.08557341247797012
-0.08578124642372131
-0.08597423881292343
-0.08615025132894516
-0.0863068625330925
-0.08644144982099533
-0.086551234126091
-0.08663330227136612
-0.08668467402458191
-0.08670231699943542
-0.08668319880962372
-0.08662430197000504
-0.0865226611495018
-0.08637536317110062
-0.08617954701185226
-0.08593242615461349
-0.08563129603862762
-0.08527354151010513
-0.08485666662454605
-0.08437829464673996
-0.08383620530366898
-0.08322837948799133
-0.08255305886268616
-0.08180878311395645
-0.08099448680877686
-0.08010955899953842
-0.07915390282869339
-0.07812806963920593
-0.07703325152397156
-0.07587143778800964
-0.07464541494846344
-0.07335884869098663
-0.07201631367206573
-0.07062331587076187
-0.06918622553348541
-0.06771234422922134
-0.06620976328849792
-0.06468737125396729
-0.06315472722053528
-0.06162192672491074
-0.06009950488805771
-0.05859825760126114
-0.05712908506393433
-0.0557028166949749
-0.0543300174176693
-0.05302080512046814
-0.05178463831543922
-0.0506301261484623
-0.04956486821174622
-0.04859523475170135
-0.04772624745965004
-0.04696140438318253
-0.04630257189273834
-0.04574990645051003
-0.04530178382992744
-0.04495479166507721
-0.04470374062657356
-0.04454172402620316
-0.044460229575634
-0.04444929212331772
-0.04449768364429474
-0.04459313675761223
-0.04472261667251587
-0.04487261548638344
-0.04502948001027107
-0.04517974704504013
-0.04531046748161316
-0.04540957510471344
-0.04546616971492767
-0.04547086358070374
-0.04541599005460739
-0.04529586061835289
-0.04510688781738281
-0.04484773427248001
-0.04451930150389671
-0.04412471130490303
-0.0436691902577877
-0.04315988719463348
-0.04260565713047981
-0.04201672226190567
-0.04140432551503181
-0.04078036546707153
-0.04015697166323662
-0.03954607248306274
-0.03895900771021843
-0.03840609639883041
-0.0378962978720665
-0.03743691742420197
-0.0370333231985569
-0.03668880462646484
-0.03640448302030563
-0.03617928922176361
-0.03601005300879478
-0.03589164465665817
-0.03581724315881729
-0.03577862679958344
-0.03576651588082314
-0.03577100113034248
-0.03578195348381996
-0.03578943386673927
-0.03578413277864456
-0.03575772419571877
-0.03570321202278137
-0.03561519831418991
-0.03549006581306458
-0.03532608970999718
-0.03512347117066383
-0.0348842591047287
-0.03461220115423203
-0.03431252390146255
-0.03399163484573364
-0.03365678712725639
-0.03331571072340012
-0.03297619521617889
-0.03264574334025383
-0.0323311872780323
-0.0320383720099926
-0.03177191317081451
-0.03153497353196144
-0.0313291884958744
-0.03115461021661758
-0.03100978210568428
-0.03089185245335102
-0.03079678118228912
-0.03071960248053074
-0.03065471909940243
-0.03059624135494232
-0.03053830005228519
-0.03047537244856358
-0.03040257655084133
-0.03031590022146702
-0.03021240793168545
-0.0300903394818306
-0.02994916960597038
-0.02978958562016487
-0.02961338311433792
-0.0294233076274395
-0.02922286093235016
-0.0290160495787859
-0.02880712039768696
-0.0286002978682518
-0.02839953079819679
-0.02820825576782227
-0.02802922204136848
-0.02786434814333916
-0.02771464921534061
-0.02758021280169487
-0.02746023610234261
-0.02735313028097153
-0.02725664898753166
-0.02716808579862118
-0.02708444558084011
-0.02700267545878887
-0.02691984549164772
-0.02683335170149803
-0.02674105949699879
-0.02664141170680523
-0.02653351798653603
-0.02641716040670872
-0.02629277668893337
-0.02616139315068722
-0.02602450735867023
-0.02588398009538651
-0.02574186399579048
-0.02560026571154594
-0.02546117082238197
-0.02532633952796459
-0.02519717067480087
-0.02507464028894901
-0.02495924755930901
-0.02485100924968719
-0.02474948950111866
-0.02465386129915714
-0.02456297911703587
-0.02447549253702164
-0.0243899542838335
-0.02430493570864201
-0.02421912178397179
-0.02413141541182995
-0.02404099330306053
-0.02394735254347324
-0.0238503310829401
-0.02375009842216969
-0.02364710718393326
-0.02354205399751663
-0.02343580313026905
-0.02332930080592632
-0.02322350069880486
-0.02311928756535053
-0.02301741391420364
-0.02291844412684441
-0.02282273210585117
-0.02273038774728775
-0.02264130301773548
-0.02255516313016415
-0.02247149869799614
-0.0223897248506546
-0.0223091971129179
-0.02222927659749985
-0.02214936725795269
-0.02206897549331188
-0.02198772877454758
-0.02190541103482246
-0.02182196639478207
-0.02173748053610325
-0.02165217511355877
-0.02156637236475945
-0.02148045971989632
-0.02139485068619251
-0.02130994945764542
-0.02122610993683338
-0.02114362083375454
-0.02106267586350441
-0.02098336443305016
-0.02090566791594028
-0.02082947641611099
-0.02075460366904736
-0.02068080753087997
-0.02060781791806221
-0.02053535729646683
-0.02046317048370838
-0.02039104700088501
-0.02031882666051388
-0.02024641819298267
-0.02017379924654961
-0.02010101079940796
-0.02002815157175064
-0.0199553593993187
-0.0198828000575304
-0.01981063932180405
-0.01973903737962246
-0.01966812461614609
-0.01959800720214844
-0.01952874287962914
-0.01946034468710423
-0.01939278654754162
-0.01932600326836109
-0.01925990357995033
-0.01919438131153584
-0.0191293191164732
-0.01906460896134377
-0.01900015585124493
-0.01893589273095131
-0.01887177489697933
-0.0188077837228775
-0.01874393410980701
-0.01868025958538055
-0.01861681789159775
-0.01855367049574852
-0.01849088072776794
-0.01842851191759109
-0.01836661249399185
-0.01830522157251835
-0.01824435591697693
-0.01818401552736759
-0.01812418177723885
-0.01806482672691345
-0.01800591126084328
-0.01794738881289959
-0.01788921281695366
-0.01783134415745735
-0.01777374744415283
-0.01771639846265316
-0.01765928231179714
-0.01760240085422993
-0.01754575967788696
-0.01748937554657459
-0.01743327081203461
-0.0173774678260088
-0.01732199266552925
-0.01726686581969261
-0.01721209846436977
-0.01715769991278648
-0.01710367016494274
-0.01705000177025795
-0.01699668169021606
-0.01694369316101074
-0.01689101755619049
-0.01683863997459412
-0.01678654178977013
-0.01673470810055733
-0.01668313145637512
-0.01663180254399776
-0.01658071763813496
-0.01652988232672215
-0.01647929660975933
-0.01642896980047226
-0.01637891121208668
-0.01632912643253803
-0.01627962477505207
-0.01623040996491909
-0.01618147641420364
-0.01613283157348633
-0.01608446426689625
-0.01603637263178825
-0.0159885473549366
-0.01594098471105099
-0.01589367352426052
-0.0158466063439846
-0.01579977944493294
-0.01575318351387978
-0.01570682041347027
-0.01566068641841412
-0.01561478152871132
-0.01556910667568445
-0.01552366558462381
-0.01547846104949713
-0.01543349120765924
-0.01538875885307789
-0.01534426491707563
-0.01530000939965248
-0.01525598671287298
-0.01521219406276941
-0.01516862865537405
-0.01512528583407402
-0.0150821628049016
-0.01503925491124392
-0.01499655842781067
-0.01495407056063414
-0.01491179130971432
-0.01486972067505121
-0.01482785772532225
-0.01478620059788227
-0.01474475022405386
-0.01470350567251444
-0.01466246508061886
-0.01462162937968969
-0.01458099670708179
-0.01454056706279516
-0.01450033765286207
-0.01446030661463737
-0.0144204730167985
-0.01438083406537771
-0.01434138603508472
-0.01430212706327438
-0.01426305808126926
-0.01422417536377907
-0.01418547704815865
-0.01414696406573057
-0.01410863362252712
-0.0140704857185483
-0.01403251942247152
-0.01399473287165165
-0.01395712420344353
-0.01391969434916973
-0.01388244051486254
-0.01384536270052195
-0.01380845997482538
-0.0137717304751277
-0.01373517327010632
-0.01369878835976124
-0.01366257481276989
-0.01362653076648712
-0.01359065435826778
-0.0135549446567893
-0.01351939979940653
-0.01348401978611946
-0.01344880275428295
-0.01341374684125185
-0.01337885204702616
-0.0133441174402833
-0.01330953929573298
-0.01327511761337519
-0.01324085053056479
-0.01320673897862434
-0.01317277923226357
-0.0131389731541276
-0.01310531888157129
-0.0130718182772398
-0.01303846854716539
-0.0130052687600255
-0.0129722161218524
-0.01293931249529123
-0.01290655415505171
-0.01287394016981125
-0.01284146960824728
-0.0128091424703598
-0.01277695968747139
-0.01274491939693689
-0.01271302159875631
-0.01268126256763935
-0.01264964323490858
-0.01261816173791885
-0.0125868171453476
-0.01255560852587223
-0.01252453587949276
-0.01249359827488661
-0.01246279384940863
-0.01243211980909109
-0.012401576153934
-0.01237116381525993
-0.01234087906777859
-0.01231072284281254
-0.01228069514036179
-0.01225079689174891
-0.01222102716565132
-0.01219138316810131
-0.01216186676174402
-0.01213247515261173
-0.01210320927202702
-0.0120740681886673
-0.01204505097121
-0.01201615575700998
-0.01198738254606724
-0.01195873040705919
-0.01193019933998585
-0.0119017856195569
-0.01187349017709494
-0.0118453111499548
-0.01181724853813648
-0.01178930141031742
-0.01176146976649761
-0.01173375081270933
-0.01170614548027515
-0.01167865376919508
-0.01165127288550138
-0.01162400469183922
-0.01159684732556343
-0.01156980078667402
-0.01154286507517099
-0.01151604019105434
-0.01148932427167892
-0.01146271452307701
-0.01143621280789375
-0.011409817263484
-0.01138352695852518
-0.01135734282433987
-0.01133126206696033
-0.01130528468638659
-0.01127940881997347
-0.01125363539904356
-0.01122796349227428
-0.01120239403098822
-0.01117692701518536
-0.0111515624448657
-0.01112629752606153
-0.01110113319009542
-0.01107606943696737
-0.0110511053353548
-0.01102624088525772
-0.0110014732927084
-0.01097680348902941
-0.01095223147422075
-0.01092775538563728
-0.01090337242931128
-0.0108790835365653
-0.01085488684475422
-0.01083078235387802
-0.01080676913261414
-0.01078284718096256
-0.01075901743024588
-0.01073527801781893
-0.01071163080632687
-0.01068807300180197
-0.01066460553556681
-0.01064122933894396
-0.01061794348061085
-0.0105947470292449
-0.01057163905352354
-0.01054861769080162
-0.01052568480372429
-0.01050283759832382
-0.01048007700592279
-0.01045740209519863
-0.01043481100350618
-0.01041230466216803
-0.01038988120853901
-0.01036754157394171
-0.0103452866896987
-0.01032311376184225
-0.0103010218590498
-0.01027901191264391
-0.01025708205997944
-0.01023523416370153
-0.0102134682238102
-0.01019178330898285
-0.01017017941921949
-0.01014865655452013
-0.01012721285223961
-0.01010584831237793
-0.01008456200361252
-0.01006335392594337
-0.0100422203540802
-0.01002116315066814
-0.01000018045306206
-0.009979274123907089
-0.009958441369235516
-0.009937682189047337
-0.009916999377310276
-0.00989639014005661
-0.009875855408608913
-0.009855395182967186
-0.009835007600486279
-0.009814693592488766
-0.009794454090297222
-0.009774287231266499
-0.00975419208407402
-0.009734168648719788
-0.009714213199913502
-0.009694328531622887
-0.009674514643847942
-0.00965476967394352
-0.009635092690587044
-0.009615484625101089
-0.009595945477485657
-0.009576475247740746
-0.009557073004543781
-0.009537740610539913
-0.009518476203083992
-0.009499280713498592
-0.009480154141783714
-0.009461093693971634
-0.009442102164030075
-0.009423177689313889
-0.0094043193385005
-0.009385527111589909
-0.009366800077259541
-0.009348138235509396
-0.00932953879237175
-0.009311000816524029
-0.009292527101933956
-0.009274114854633808
-0.00925576314330101
-0.009237472899258137
-0.009219244122505188
-0.009201078675687313
-0.009182976558804512
-0.009164934977889061
-0.009146953001618385
-0.00912903156131506
-0.009111170656979084
-0.009093369357287884
-0.009075628593564034
-0.009057946503162384
-0.009040324948728085
-0.00902276299893856
-0.009005260653793812
-0.008987817913293839
-0.008970433846116066
-0.008953109383583069
-0.008935844525694847
-0.008918636478483677
-0.008901485241949558
-0.008884390816092491
-0.008867352269589901
-0.008850368671119213
-0.008833440020680428
-0.008816566318273544
-0.008799747563898563
-0.00878298282623291
-0.008766273967921734
-0.008749619126319885
-0.008733018301427364
-0.008716471493244171
-0.00869997963309288
-0.008683543652296066
-0.008667159825563431
-0.008650830946862698
-0.008634557016193867
-0.008618335239589214
-0.008602166548371315
-0.008586050942540169
-0.008569987490773201
-0.008553975261747837
-0.008538014255464077
-0.008522104471921921
-0.008506244979798794
-0.008490434847772121
-0.008474674075841904
-0.00845896452665329
-0.008443304337561131
-0.008427692577242851
-0.008412130177021027
-0.008396617136895657
-0.008381153456866741
-0.00836573913693428
-0.008350374177098274
-0.008335057646036148
-0.008319789543747902
-0.008304569870233536
-0.008289397694170475
-0.008274272084236145
-0.008259193040430546
-0.008244161494076252
-0.008229177445173264
-0.008214240893721581
-0.008199352771043777
-0.008184510283172131
-0.008169714361429214
-0.008154965005815029
-0.008140262216329575
-0.008125603199005127
-0.008110989816486835
-0.008096420206129551
-0.008081896230578423
-0.00806741788983345
-0.00805298238992691
-0.008038593456149101
-0.008024248294532299
-0.008009946905076504
-0.007995689287781715
-0.007981476373970509
-0.007967306300997734
-0.007953178137540817
-0.007939093746244907
-0.007925051264464855
-0.007911051623523235
-0.007897093892097473
-0.007883179001510143
-0.007869305089116096
-0.007855474017560482
-0.007841686718165874
-0.007827941328287125
-0.007814235985279083
-0.0078005725517869
-0.007786949630826712
-0.007773367688059807
-0.007759825326502323
-0.007746323011815548
-0.007732861209660769
-0.007719439920037985
-0.00770605867728591
-0.007692717481404543
-0.007679415866732597
-0.007666153833270073
-0.007652930449694395
-0.007639746181666851
-0.007626600097864866
-0.007613493129611015
-0.007600425276905298
-0.007587396074086428
-0.007574404589831829
-0.007561451755464077
-0.007548537105321884
-0.007535661105066538
-0.007522821426391602
-0.007510019466280937
-0.007497254759073257
-0.007484526839107275
-0.00747183570638299
-0.007459180895239115
-0.007446563336998224
-0.007433982100337744
-0.007421436719596386
-0.007408926729112864
-0.007396453060209751
-0.007384014315903187
-0.007371611893177032
-0.007359245792031288
-0.007346914615482092
-0.007334618363529444
-0.007322357967495918
-0.007310132030397654
-0.007297941017895937
-0.007285784929990768
-0.007273663301020861
-0.007261576130986214
-0.007249523885548115
-0.007237505633383989
-0.007225522305816412
-0.007213572505861521
-0.00720165716484189
-0.007189776282757521
-0.007177929393947124
-0.007166116032749414
-0.007154335267841816
-0.007142588496208191
-0.007130874320864677
-0.007119194138795137
-0.007107546553015709
-0.007095931563526392
-0.007084349170327187
-0.007072799373418093
-0.007061282638460398
-0.007049798034131527
-0.00703834556043148
-0.007026923820376396
-0.007015532813966274
-0.007004172541201115
-0.00699284253641963
-0.00698154279962182
-0.006970272865146399
-0.006959033664315939
-0.006947825662791729
-0.006936648860573769
-0.006925503723323345
-0.006914388854056597
-0.006903306115418673
-0.006892254110425711
-0.006881232839077711
-0.006870242767035961
-0.006859282031655312
-0.006848350167274475
-0.006837448570877314
-0.006826576311141253
-0.006815733388066292
-0.006804920267313719
-0.006794136017560959
-0.006783380638808012
-0.006772654131054878
-0.006761958356946707
-0.006751291919499636
-0.006740655284374952
-0.006730047054588795
-0.006719467230141163
-0.006708915811032057
-0.006698391865938902
-0.006687895860522985
-0.006677427794784307
-0.006666986737400293
-0.00665657315403223
-0.006646186579018831
-0.006635828875005245
-0.00662549864500761
-0.006615196354687214
-0.006604920607060194
-0.0065946732647717
-0.00658445293083787
-0.006574259139597416
-0.006564092356711626
-0.006553951650857925
-0.006543836556375027
-0.00653374707326293
-0.006523683667182922
-0.006513646803796291
-0.006503636948764324
-0.006493653636425734
-0.006483697332441807
-0.006473768036812544
-0.006463864352554083
-0.006453987676650286
-0.006444137077778578
-0.006434312555938959
-0.006424513179808855
-0.006414738483726978
-0.006404989399015903
-0.006395264528691769
-0.006385565735399723
-0.006375891622155905
-0.006366242654621601
-0.006356618367135525
-0.006347018759697676
-0.006337443832308054
-0.00632789358496666
-0.006318367086350918
-0.006308865267783403
-0.006299387663602829
-0.006289934273809195
-0.006280505564063787
-0.006271100137382746
-0.006261717528104782
-0.006252359133213758
-0.006243024952709675
-0.006233714055269957
-0.006224427372217178
-0.006215164437890053
-0.00620592525228858
-0.006196710746735334
-0.006187519989907742
-0.006178351584821939
-0.00616920692846179
-0.006160085555166006
-0.006150987464934587
-0.00614191172644496
-0.006132859736680984
-0.006123829167336226
-0.006114821881055832
-0.006105836946517229
-0.006096874829381704
-0.006087934598326683
-0.006079016253352165
-0.006070118863135576
-0.006061243358999491
-0.006052387878298759
-0.006043553352355957
-0.006034739781171083
-0.006025948561728001
-0.006017179228365421
-0.006008431781083345
-0.005999705754220486
-0.005991000682115555
-0.005982316564768553
-0.005973653867840767
-0.005965013056993484
-0.005956393666565418
-0.005947794765233994
-0.00593921635299921
-0.005930657032877207
-0.00592211727052927
-0.0059135970659554
-0.00590509595349431
-0.005896614398807287
-0.005888152867555618
-0.005879710428416729
-0.005871287547051907
-0.005862884223461151
-0.005854499991983175
-0.005846134386956692
-0.005837786477059126
-0.005829456727951765
-0.005821144673973322
-0.005812849849462509
-0.005804571323096752
-0.005796309560537338
-0.005788063630461693
-0.00577983446419239
-0.005771621596068144
-0.005763425026088953
-0.005755244754254818
-0.005747080780565739
-0.005738933105021715
-0.005730801727622747
-0.005722686182707548
-0.00571458600461483
-0.005706502124667168
-0.005698433611541986
-0.005690380930900574
-0.005682344082742929
-0.005674323532730341
-0.005666319280862808
-0.005658331327140331
-0.005650360137224197
-0.005642406642436981
-0.00563447130843997
-0.005626555066555738
-0.005618658848106861
-0.005610782653093338
-0.005602929275482893
-0.005595099646598101
-0.005587295163422823
-0.005579517222940922
-0.005571767222136259
-0.005564048420637846
-0.005556362215429544
-0.005548710469156504
-0.005541096441447735
-0.005533521994948387
-0.005525990389287472
-0.005518503952771425
-0.005511065479367971
-0.005503678228706121
-0.005496345926076174
-0.005489071365445852
-0.005481857340782881
-0.00547470711171627
-0.00546762440353632
-0.005460612941533327
-0.005453675985336304
-0.005446817725896835
-0.00544004188850522
-0.005433351267129183
-0.005426748190075159
-0.00542023591697216
-0.005413816310465336
-0.005407490767538548
-0.005401261150836945
-0.00539512699469924
-0.005389088299125433
-0.00538314413279295
-0.005377293098717928
-0.005371533334255219
-0.005365862976759672
-0.00536027830094099
-0.005354775115847588
-0.005349350161850452
-0.005343996454030275
-0.005338708404451609
-0.005333478562533855
-0.005328299943357706
-0.005323164630681276
-0.00531806331127882
-0.005312986206263304
-0.005307922139763832
-0.005302860401570797
-0.00529779028147459
-0.005292699206620455
-0.005287574604153633
-0.00528240529820323
-0.005277178715914488
-0.005271883681416512
-0.005266508087515831
-0.005261041224002838
-0.005255473777651787
-0.005249795503914356
-0.005243998486548662
-0.00523807480931282
-0.005232018884271383
-0.005225826520472765
-0.005219493992626667
-0.005213021300733089
-0.00520640704780817
-0.005199653562158346
-0.005192765966057777
-0.00518574845045805
-0.005178609397262335
-0.005171357188373804
-0.005164002999663353
-0.005156558938324451
-0.005149038042873144
-0.005141454748809338
-0.005133823957294226
-0.005126161966472864
-0.005118486471474171
-0.005110814236104488
-0.005103162955492735
-0.005095548927783966
-0.005087989382445812
-0.005080499686300755
-0.005073094740509987
-0.005065787583589554
-0.005058589391410351
-0.005051510408520699
-0.005044558085501194
-0.005037738010287285
-0.00503105390816927
-0.005024506244808435
-0.005018093157559633
-0.005011811386793852
-0.005005654413253069
-0.004999613389372826
-0.004993679467588663
-0.004987840075045824
-0.004982080310583115
-0.004976385273039341
-0.00497073819860816
-0.004965121857821941
-0.00495951808989048
-0.004953910131007433
-0.004948279820382595
-0.004942611791193485
-0.004936890210956335
-0.004931100644171238
-0.004925230517983437
-0.004919270053505898
-0.004913209937512875
-0.00490704458206892
-0.004900769796222448
-0.004894386045634747
-0.004887895658612251
-0.004881302826106548
-0.004874614533036947
-0.004867841023951769
-0.00486099487170577
-0.004854088649153709
-0.004847138188779354
-0.004840158857405186
-0.004833167418837547
-0.004826180636882782
-0.00481921574100852
-0.004812287166714668
-0.004805410280823708
-0.004798598121851683
-0.004791861865669489
-0.004785210825502872
-0.004778651986271143
-0.004772190470248461
-0.00476582907140255
-0.004759567324072123
-0.004753401502966881
-0.004747326485812664
-0.004741335287690163
-0.004735417664051056
-0.004729562439024448
-0.004723755177110434
-0.00471798237413168
-0.00471222959458828
-0.004706481471657753
-0.004700721707195044
-0.004694935400038958
-0.004689109046012163
-0.004683229606598616
-0.004677286837249994
-0.004671270027756691
-0.004665172193199396
-0.004658988676965237
-0.004652716685086489
-0.00464635482057929
-0.004639904014766216
-0.004633368924260139
-0.00462675467133522
-0.004620067309588194
-0.00461331382393837
-0.004606503527611494
-0.004599644802510738
-0.004592747427523136
-0.00458581792190671
-0.004578863736242056
-0.00457189092412591
-0.004564903676509857
-0.004557903856039047
-0.004550892859697342
-0.004543867893517017
-0.004536825232207775
-0.004529758356511593
-0.004522659815847874
-0.004515519365668297
-0.004508324898779392
-0.004501064773648977
-0.004493724089115858
-0.004486290272325277
-0.004478747956454754
-0.004471082240343094
-0.004463280085474253
-0.00445532938465476
-0.004447219893336296
-0.004438942298293114
-0.004430491011589766
-0.004421861376613379
-0.004413052927702665
-0.004404066596180201
-0.004394907038658857
-0.004385581240057945
-0.004376098979264498
-0.004366472829133272
-0.0043567162938416
-0.0043468470685184
-0.004336882848292589
-0.004326843656599522
-0.004316750913858414
-0.004306625109165907
-0.004296488594263792
-0.004286362789571285
-0.004276270046830177
-0.00426623085513711
-0.004256265237927437
-0.0042463936842978
-0.004236634355038404
-0.00422700447961688
-0.004217519890516996
-0.004208195488899946
-0.004199046175926924
-0.004190084524452686
-0.004181322641670704
-0.004172770772129297
-0.004164437297731638
-0.004156331531703472
-0.004148460924625397
-0.004140831995755434
-0.004133447539061308
-0.004126311279833317
-0.004119424615055323
-0.004112787544727325
-0.004106398206204176
-0.004100252408534288
-0.004094343632459641
-0.004088663496077061
-0.004083200357854366
-0.004077940247952938
-0.004072867799550295
-0.004067964386194944
-0.004063208121806383
-0.00405857665464282
-0.004054044838994741
-0.004049585666507483
-0.004045171663165092
-0.004040773026645184
-0.00403636135160923
-0.004031907767057419
-0.004027383401989937
-0.004022761713713408
-0.004018019419163465
-0.004013134632259607
-0.004008087795227766
-0.004002864472568035
-0.003997452557086945
-0.003991845995187759
-0.003986041992902756
-0.003980044741183519
-0.003973859827965498
-0.003967499826103449
-0.003960980568081141
-0.003954323008656502
-0.003947550896555185
-0.00394069030880928
-0.0039337701164186
-0.003926821053028107
-0.00391987431794405
-0.003912962041795254
-0.003906113561242819
-0.003899358212947845
-0.003892723470926285
-0.003886233316734433
-0.00387990940362215
-0.003873768262565136
-0.003867822233587503
-0.00386207876726985
-0.003856541821733117
-0.003851209534332156
-0.003846075618639588
-0.003841129830107093
-0.003836357267573476
-0.003831739770248532
-0.003827255917713046
-0.00382288102991879
-0.003818589728325605
-0.003814355237409472
-0.003810150315985084
-0.003805947955697775
-0.003801722778007388
-0.003797450102865696
-0.003793108277022839
-0.003788678674027324
-0.003784145694226027
-0.003779497928917408
-0.003774726996198297
-0.003769829170778394
-0.003764805616810918
-0.003759660525247455
-0.003754402976483107
-0.003749045077711344
-0.003743601962924004
-0.003738092025741935
-0.003732535056769848
-0.003726952243596315
-0.003721366170793772
-0.003715798491612077
-0.003710271324962378
-0.003704805159941316
-0.003699417924508452
-0.003694126149639487
-0.003688942641019821
-0.0036838767118752
-0.003678934881463647
-0.003674119943752885
-0.003669430734589696
-0.00366486213169992
-0.003660406451672316
-0.003656052518635988
-0.003651786595582962
-0.003647592617198825
-0.003643453354015946
-0.003639350412413478
-0.003635265165939927
-0.003631179220974445
-0.003627075580880046
-0.003622937714681029
-0.00361875188536942
-0.003614507149904966
-0.003610194893553853
-0.003605810459703207
-0.003601351752877235
-0.003596819937229156
-0.003592219669371843
-0.003587558632716537
-0.003582846838980913
-0.003578096861019731
-0.003573322435840964
-0.003568538464605808
-0.003563760546967387
-0.003559003816917539
-0.003554283175617456
-0.003549612127244473
-0.003545002080500126
-0.003540462581440806
-0.003536000149324536
-0.003531618742272258
-0.003527319058775902
-0.003523099469020963
-0.00351895485073328
-0.003514877753332257
-0.003510860027745366
-0.003506890032440424
-0.003502955660223961
-0.00349904433824122
-0.003495143726468086
-0.003491241717711091
-0.003487326903268695
-0.003483389504253864
-0.00347942253574729
-0.003475419944152236
-0.003471378702670336
-0.003467298112809658
-0.003463179571554065
-0.003459026105701923
-0.003454844001680613
-0.003450640942901373
-0.003446426242589951
-0.003442208049818873
-0.00343799707479775
-0.003433802863582969
-0.003429634729400277
-0.003425501054152846
-0.003421409288421273
-0.003417364321649075
-0.003413370344787836
-0.00340942875482142
-0.003405539551749825
-0.00340170064009726
-0.003397908760234714
-0.003394158789888024
-0.003390444908291101
-0.003386759897693992
-0.003383096540346742
-0.003379447851330042
-0.003375806380063295
-0.003372166538611054
-0.003368522971868515
-0.003364871488884091
-0.00336120929569006
-0.003357534296810627
-0.003353846026584506
-0.003350145881995559
-0.003346436191350222
-0.00334272044710815
-0.003339002374559641
-0.003335286630317569
-0.003331577638164163
-0.00332788098603487
-0.003324201097711921
-0.003320541698485613
-0.003316906513646245
-0.00331329763866961
-0.003309716004878283
-0.003306161845102906
-0.003302633529528975
-0.003299128962680697
-0.00329564418643713
-0.003292174311354756
-0.003288713982328773
-0.003285257378593087
-0.003281798446550965
-0.003278330899775028
-0.003274848451837897
-0.003271345747634768
-0.003267817664891481
-0.003264260245487094
-0.00326066929847002
-0.00325704226270318
-0.003253377275541425
-0.003249673638492823
-0.003245930420234799
-0.003242148086428642
-0.003238326404243708
-0.003234466770663857
-0.003230569651350379
-0.003226635744795203
-0.003222665982320905
-0.003218660596758127
-0.003214620053768158
-0.003210544586181641
-0.003206433029845357
-0.003202285384759307
-0.003198100021108985
-0.003193876007571816
-0.00318961264565587
-0.003185309004038572
-0.003180964617058635
-0.00317657901905477
-0.003172153141349554
-0.003167687682434916
-0.003163185203447938
-0.00315864896401763
-0.003154083387926221
-0.003149493364617229
-0.003144884714856744
-0.00314026465639472
-0.003135640639811754
-0.003131021279841661
-0.003126415424048901
-0.003121831687167287
-0.003117279149591923
-0.003112767124548554
-0.003108304459601641
-0.003103899536654353
-0.003099560737609863
-0.003095296211540699
-0.003091112477704883
-0.00308701628819108
-0.003083013230934739
-0.00307910842821002
-0.003075306536629796
-0.003071610815823078
-0.003068024525418878
-0.003064548596739769
-0.003061184659600258
-0.003057932714000344
-0.003054792061448097
-0.003051761537790298
-0.00304883811622858
-0.003046019235625863
-0.003043300239369273
-0.003040676470845938
-0.003038141410797834
-0.003035688539966941
-0.00303331040777266
-0.003030998166650534
-0.003028742270544171
-0.003026532474905252
-0.003024357836693525
-0.003022207645699382
-0.003020070260390639
-0.003017933340743184
-0.003015785943716764
-0.003013617126271129
-0.003011415479704738
-0.003009170759469271
-0.003006874583661556
-0.003004518104717135
-0.003002094337716699
-0.002999597694724798
-0.002997023751959205
-0.002994369948282838
-0.002991634886711836
-0.002988818800076842
-0.002985923551023006
-0.00298295309767127
-0.002979912096634507
-0.002976807067170739
-0.002973645692691207
-0.002970437286421657
-0.002967191627249122
-0.00296391942538321
-0.002960632089525461
-0.002957341726869345
-0.002954059513285756
-0.002950797788798809
-0.002947568194940686
-0.002944381907582283
-0.00294124917127192
-0.002938179532065988
-0.002935181837528944
-0.002932262374088168
-0.002929427195340395
-0.002926680725067854
-0.002924025757238269
-0.002921462990343571
-0.002918991958722472
-0.002916609868407249
-0.00291431276127696
-0.002912095747888088
-0.002909952541813254
-0.002907874993979931
-0.002905854722484946
-0.002903881715610623
-0.002901945263147354
-0.002900034887716174
-0.002898139879107475
-0.002896248828619719
-0.00289435125887394
-0.002892437390983105
-0.002890497911721468
-0.002888525137677789
-0.002886512316763401
-0.002884454326704144
-0.002882347907871008
-0.002880191896110773
-0.00287798629142344
-0.002875733887776732
-0.002873438177630305
-0.002871105214580894
-0.002868742914870381
-0.002866360591724515
-0.002863968256860971
-0.002861577551811934
-0.002859200583770871
-0.002856849925592542
-0.002854538150131702
-0.002852278063073754
-0.002850082470104098
-0.002847963711246848
-0.002845932496711612
-0.002843999536707997
-0.002842172980308533
-0.002840461675077677
-0.002838871208950877
-0.002837407169863582
-0.002836071886122227
-0.002834867918863893
-0.002833795035257936
-0.002832851838320494
-0.002832035766914487
-0.00283134332858026
-0.00283076916821301
-0.002830307465046644
-0.002829952398315072
-0.002829696983098984
-0.002829534467309713
-0.002829457633197308
-0.002829459961503744
-0.002829534932971001
-0.00282967765815556
-0.00282988278195262
-0.002830145647749305
-0.002830462297424674
-0.00283082970418036
-0.002831245306879282
-0.002831707242876291
-0.002832213649526238
-0.002832763129845262
-0.002833354519680142
-0.002833985490724444
-0.002834653947502375
-0.002835357328876853
-0.002836091443896294
-0.002836852567270398
-0.002837635111063719
-0.002838431857526302
-0.002839235356077552
-0.002840035362169147
-0.002840820699930191
-0.002841579029336572
-0.0028422970790416
-0.00284296041354537
-0.0028435536660254
-0.002844061469659209
-0.002844467759132385
-0.002844756469130516
-0.002844911767169833
-0.00284491921775043
-0.002844764851033688
-0.002844436792656779
-0.00284392386674881
-0.002843217924237251
-0.002842312911525369
-0.002841205336153507
-0.00283989473246038
-0.002838383428752422
-0.002836676780134439
-0.002834782470017672
-0.002832711674273014
-0.00283047859556973
-0.002828099299222231
-0.002825592877343297
-0.002822980284690857
-0.002820283407345414
-0.002817525994032621
-0.002814731560647488
-0.002811924554407597
-0.002809129422530532
-0.002806369680911303
-0.002803667215630412
-0.002801043447107077
-0.002798517700284719
-0.00279610650613904
-0.002793824067339301
-0.002791682491078973
-0.002789690857753158
-0.00278785452246666
-0.002786176977679133
-0.002784657757729292
-0.002783293835818768
-0.002782079624012113
-0.002781006041914225
-0.002780062612146139
-0.002779235597699881
-0.002778509864583611
-0.002777868648990989
-0.002777294022962451
-0.002776767127215862
-0.002776268636807799
-0.002775778761133552
-0.002775278408080339
-0.002774749184027314
-0.002774172928184271
-0.002773532876744866
-0.002772814128547907
-0.002772002946585417
-0.002771088387817144
-0.002770060673356056
-0.002768913051113486
-0.002767640631645918
-0.002766241785138845
-0.002764716511592269
-0.002763067837804556
-0.002761301351711154
-0.00275942450389266
-0.002757446840405464
-0.00275538070127368
-0.002753239590674639
-0.002751038176938891
-0.002748792059719563
-0.002746518701314926
-0.002744234399870038
-0.002741956384852529
-0.002739701420068741
-0.002737484872341156
-0.002735321875661612
-0.002733225235715508
-0.002731206826865673
-0.002729275729507208
-0.002727439627051353
-0.002725703176110983
-0.002724068704992533
-0.002722535515204072
-0.002721100812777877
-0.002719759242609143
-0.002718501957133412
-0.002717319177463651
-0.002716198097914457
-0.002715124981477857
-0.002714084926992655
-0.002713062101975083
-0.00271204044111073
-0.002711003646254539
-0.002709936117753386
-0.002708823652938008
-0.002707653446123004
-0.002706414088606834
-0.002705096499994397
-0.002703694393858314
-0.002702203812077641
-0.002700622892007232
-0.002698953961953521
-0.002697200980037451
-0.0026953702326864
-0.002693471265956759
-0.00269151502288878
-0.002689513610675931
-0.00268748146481812
-0.002685433253645897
-0.002683383645489812
-0.002681347308680415
-0.002679337980225682
-0.002677368232980371
-0.002675449242815375
-0.002673590322956443
-0.002671798225492239
-0.002670077607035637
-0.002668429631739855
-0.002666854066774249
-0.002665347885340452
-0.002663904801011086
-0.002662517596036196
-0.002661176491528749
-0.002659870777279139
-0.002658588113263249
-0.002657316625118256
-0.002656043507158756
-0.002654757117852569
-0.002653446281328797
-0.002652100520208478
-0.00265071215108037
-0.002649274654686451
-0.002647783374413848
-0.002646236214786768
-0.00264463247731328
-0.002642974490299821
-0.002641266211867332
-0.002639512997120619
-0.002637722063809633
-0.002635901561006904
-0.00263406103476882
-0.002632209798321128
-0.002630358096212149
-0.002628515241667628
-0.002626690082252026
-0.002624890534207225
-0.002623123349621892
-0.002621393650770187
-0.002619704697281122
-0.002618058584630489
-0.002616455778479576
-0.002614894416183233
-0.002613370772451162
-0.00261188019067049
-0.002610417315736413
-0.002608974929898977
-0.002607545582577586
-0.002606121823191643
-0.002604696433991194
-0.002603261964395642
-0.00260181212797761
-0.002600341103971004
-0.002598844235762954
-0.002597319195047021
-0.002595763653516769
-0.002594176912680268
-0.002592560602352023
-0.002590916585177183
-0.002589248353615403
-0.002587559865787625
-0.002585856709629297
-0.002584144007414579
-0.002582427347078919
-0.002580712782219052
-0.002579005202278495
-0.00257730926387012
-0.002575629623606801
-0.002573969541117549
-0.002572331577539444
-0.002570716664195061
-0.00256912549957633
-0.002567557152360678
-0.002566009992733598
-0.00256448145955801
-0.002562968293204904
-0.002561467001214623
-0.00255997315980494
-0.002558482578024268
-0.002556991064921021
-0.002555494429543614
-0.002553989645093679
-0.002552472986280918
-0.002550942590460181
-0.002549397060647607
-0.002547835232689977
-0.002546257805079222
-0.002544665709137917
-0.002543060574680567
-0.002541444497182965
-0.002539820270612836
-0.002538190688937902
-0.00253655924461782
-0.002534929197281599
-0.00253330310806632
-0.002531683770939708
-0.002530073514208198
-0.002528474666178226
-0.002526887459680438
-0.002525313058868051
-0.00252375123091042
-0.002522201742976904
-0.002520663430914283
-0.002519134664908051
-0.002517613815143704
-0.002516098786145449
-0.002514587482437491
-0.002513077110052109
-0.002511565340682864
-0.002510050777345896
-0.002508531324565411
-0.00250700581818819
-0.002505473326891661
-0.002503933617845178
-0.002502386225387454
-0.002500831615179777
-0.002499270485714078
-0.002497704466804862
-0.002496135188266635
-0.002494563814252615
-0.002492991974577308
-0.002491421764716506
-0.002489854814484715
-0.002488292288035154
-0.002486736048012972
-0.002485186560079455
-0.002483644522726536
-0.002482109703123569
-0.0024805823341012
-0.002479061484336853
-0.002477546222507954
-0.00247603515163064
-0.002474527107551694
-0.002473020926117897
-0.002471515210345387
-0.002470008796080947
-0.002468500519171357
-0.002466990146785975
-0.002465476747602224
-0.002463960088789463
-0.002462440403178334
-0.002460918156430125
-0.002459393348544836
-0.002457866445183754
-0.002456338610500097
-0.002454810542985797
-0.00245328270830214
-0.002451756503432989
-0.002450232394039631
-0.002448710845783353
-0.002447192557156086
-0.002445678226649761
-0.002444168087095022
-0.002442661905661225
-0.002441159682348371
-0.002439661417156458
-0.002438166411593556
-0.00243667489849031
-0.002435185480862856
-0.002433697925880551
-0.002432212000712752
-0.002430726541206241
-0.002429241314530373
-0.002427755622193217
-0.002426269231364131
-0.002424781443551183
-0.002423292491585016
-0.002421802375465631
-0.002420311328023672
-0.002418819582089782
-0.002417327603325248
-0.002415835857391357
-0.002414344577118754
-0.002412854693830013
-0.002411366673186421
-0.002409880748018622
-0.00240839715115726
-0.002406916581094265
-0.002405439270660281
-0.002403964754194021
-0.002402493031695485
-0.002401024103164673
-0.002399557270109653
-0.002398092765361071
-0.00239662965759635
-0.002395167713984847
-0.002393706701695919
-0.002392246155068278
-0.002390785841271281
-0.002389325760304928
-0.002387865446507931
-0.002386405132710934
-0.002384945284575224
-0.002383485203608871
-0.002382025821134448
-0.002380566671490669
-0.002379108453169465
-0.002377650933340192
-0.002376194810494781
-0.002374740084633231
-0.002373286988586187
-0.002371835988014936
-0.002370386850088835
-0.002368939341977239
-0.002367493696510792
-0.002366050379350781
-0.002364609157666564
-0.002363169798627496
-0.002361732302233577
-0.002360296435654163
-0.002358861966058612
-0.002357429126277566
-0.002355997217819095
-0.002354566240683198
-0.002353136194869876
-0.002351706847548485
-0.002350277965888381
-0.002348849317058921
-0.002347421133890748
-0.002345993649214506
-0.002344566630199552
-0.002343140775337815
-0.002341715851798654
-0.00234029209241271
-0.002338869730010629
-0.002337448531761765
-0.002336028963327408
-0.002334611024707556
-0.002333194715902209
-0.002331779804080725
-0.002330366289243102
-0.002328954404219985
-0.002327543683350086
-0.002326134359464049
-0.002324726199731231
-0.002323318738490343
-0.002321911742910743
-0.002320505911484361
-0.002319101477041841
-0.002317697973921895
-0.002316295867785811
-0.002314894925802946
-0.002313494915142655
-0.002312096068635583
-0.002310698386281729
-0.002309302100911736
-0.002307907212525606
-0.00230651325546205
-0.002305120695382357
-0.002303729299455881
-0.002302339067682624
-0.002300950465723872
-0.002299563260748982
-0.002298177452757955
-0.002296793041750789
-0.002295409794896841
-0.002294027712196112
-0.002292647259309888
-0.002291268203407526
-0.002289890544489026
-0.002288513816893101
-0.002287138719111681
