0
0
0
0
0
0
0
0
0
0
0
0
0
0
0
0
0
0
0
0
0
0
0
0
0
0
0
0
0
0
0
0
0
0
0
0
0
0
0
0
0
0
0
0
0
0
0
0
0
0
0
0
0
0
0
0
0
0
0
0
0
0
0
0
0
0
0
0
0
0
0
0
0
0
0
0
0
0
0
0
0
0
0
0
0
0
0
0
0
0
0
0
0
0
0
0
0
0
0
0
0
0
0
0
0
0
0
0
0
0
0
0
0
0
0
0
0
0
0
0
0
0
0
0
0
0
0
0
0
0
0
0
0
0
0
0
0
0
0
0
0
0
0
0
0
0
0
0
0
0
0
0
0
0
0
0
0
0
0
0
0
0
0
0
0
0
0
0
0
0
0
0
0
0
0
0
0
0
0
0
0
0
0
0
0
0
0
0
0
0
0
0
0
0
0
0
0
0
0
0
0
0
0
0
0
0
0
0
0
0
0
0
0
0
0
0
0
0
0
0
0
0
0
0
0
0
0
0
0
0
0
0
0
0
0
0
0
0
0
0
0
0
0
0
0
0
0
0
0
0
0
0
0
0
0
0
0
0
0
0
0
0
0
0
0
0
0
0
0
0
0
0
0
0
0
0
0
0
0
0
0
0
0
0
0
0
0
0
0
0
0
0
0
0
0
0
0
0
0
0
0
0
0
0
0
0
0
0
0
0
0
0
0
0
0
0
0
0
0
0
0
0
0
0
0
0
0
0
0
0
0
0
0
0
0
0
0
0
0
0
0
0
0
0
0
0
0
0
0
0
0
0
0
0
0
0
0
0
0
0
0
0
0
0
0
0
0
0
0
0
0
0
0
0
0
0
0
0
0
0
0
0
0
0
0
0
0
0
0
0
0
0
0
0
0
0
0
0
0
0
0
0
0
0
0
0
0
0
0
0
0
0
0
0
0
0
0
0
0
0
0
0
0
0
0
0
0
0
0
0
0
0
0
0
0
0
0
0
0
0
0
0
0
0
0
0
0
0
0
0
0
0
0
0
0
0
0
0
0
0
0
0
0
0
0
0
0
0
0
0
0
0
0
0
0
0
0
0
0
0
0
0
0
0
0
0
0
0
0
0
0
0
0
0
0
0
0
0
0
0
0
0
0
0
0
0
0
0
0
0
0
0
0
0
0
0
0
0
0
0
0
0
0
0
0
0
0
0
0
0
0
0
0
0
0
0
0
0
0
0
0
0
0
0
0
0
0
0
0
0
0
0
0
0
0
0
0
0
0
0
0
0
0
0
0
0
0
0
0
0
0
0
0
0
0
0
0
0
0
0
0
0
0
0
0
0
0
0
0
0
0
0
0
0
0
0
0
0
0
0
0
0
0
0
0
0
0
0
0
0
0
0
0
0
0
0
0
0
0
0
0
0
0
0
0
0
0
0
0
0
0
0
0
0
0
0
0
0
0
0
0
0
0
0
0
0
0
0
0
0
0
0
0
0
0
0
0
0
0
0
0
0
0
0
0
0
0
0
0
0
0
0
0
0
0
0
0
0
0
0
0
0
0
0
0
0
0
0
0
0
0
0
0
0
0
0
0
0
0
0
0
0
0
0
0
0
0
0
0
0
0
0
0
0
0
0
0
0
0
0
0
0
0
0
0
0
0
0
0
0
0
0
0
0
0
0
0
0
0
0
0
0
0
0
0
0
0
0
0
0
0
0
0
0
0
0
0
0
0
0
0
0
0
0
0
0
0
0
0
0
0
0
0
0
0
0
0
0
0
0
0
0
0
0
0
0
0
0
0
0
0
0
0
0
0
0
0
0
0
0
0
0
0
0
0
0
0
0
0
0
0
0
0
0
0
0
0
0
0
0
0
0
0
0
0
0
0
0
0
0
0
0
0
0
0
0
0
0
0
0
0
0
0
0
0
0
0
0
0
0
0
0
0
0
0
0
0
0
0
0
0
0
0
0
0
0
0
0
0
0
0
0
0
0
0
0
0
0
0
0
0
0
0
0
0
0
0
0
0
0
0
0
0
0
0
0
0
0
0
0
0
0
0
0
0
0
0
0
0
0
0
0
0
0
0
0
0
0
0
0
0
0
0
0
0
0
0
0
0
0
0
0
0
0
0
0
0
0
0
0
0
0
0
0
0
0
0
0
0
0
0
0
0
0
0
0
0
0
0
0
0
0
0
0
0
0
0
0
0
0
0
0
0
0
0
0
0
0
0
0
0
0
0
0
0
0
0
0
0
0
0
0
0
0
0
0
0
0
0
0
0
0
0
0
0
0
0
0
0
0
0
0
0
0
0
0
0
0
0
0
0
0
0
0
0
0
0
0
0
0
0
0
0
0
0
0
0
0
0
0
0
0
0
0
0
0
0
0
0
0
0
0
0
0
0
0
0
0
0
0
0
0
0
0
0
0
0
0
0
0
0
0
0
0
0
0
0
0
0
0
0
0
0
0
0
0
0
0
0
0
0
0
0
0
0
0
0
0
0
0
0
0
0
0
0
0
0
0
0
0
0
0
0
0
0
0
0
0
0
0
0
0
0
0
0
0
0
0
0
0
0
0
0
0
0
0
0
0
0
0
0
0
0
0
0
0
0
0
0
0
0
0
0
0
0
0
0
0
0
0
0
0
0
0
0
0
0
0
0
0
0
0
0
0
0
0
0
0
0
0
0
0
0
0
0
0
0
0
0
0
0
0
0
0
0
0
0
0
0
0
0
0
0
0
0
0
0
0
0
0
0
0
0
0
0
0
0
0
0
0
0
0
0
0
0
0
0
0
0
0
1.121038771459854e-44
4.203895392974451e-44
1.191103694676095e-43
2.802596928649634e-43
6.095648319812954e-43
1.268175110213959e-42
2.561573592785766e-42
5.114739394785582e-42
1.014540088171168e-41
2.003576544291623e-41
3.94129206075998e-41
7.730122848601421e-41
1.511916965098618e-40
2.949298864879799e-40
5.73820510753298e-40
1.11357545583886e-39
2.155550165344579e-39
4.161926503967923e-39
8.015430018534882e-39
1.539778982464788e-38
2.950463624163346e-38
5.639292493610763e-38
1.075135821092641e-37
2.044598940263408e-37
3.87847218691593e-37
7.33875745151258e-37
1.385145192459098e-36
2.607838235102202e-36
4.897563333766818e-36
9.174767846479013e-36
1.714459802110971e-35
3.195789170520446e-35
5.942225536424288e-35
1.102152686880593e-34
2.039189054677704e-34
3.763549727725245e-34
6.92889129867199e-34
1.272497981362066e-33
2.331197601209551e-33
4.26021119788678e-33
7.766306035522599e-33
1.412311793727647e-32
2.562008451653201e-32
4.636238763340177e-32
8.369269397557962e-32
1.507117176362991e-31
2.707356271017263e-31
4.851587741493446e-31
8.672888538728461e-31
1.546628762348649e-30
2.751389160924489e-30
4.882730066310007e-30
8.6440896794497e-30
1.526591229220804e-29
2.689516630206811e-29
4.726882084882507e-29
8.287535347534553e-29
1.449529505931179e-28
2.529186332713976e-28
4.402380704105244e-28
7.64448587617937e-28
1.324231296347765e-27
2.288417693312113e-27
3.945149238978667e-27
6.784988023574056e-27
1.164107708915861e-26
1.992491624009214e-26
3.402199928334762e-26
5.795407932144171e-26
9.848492679293714e-26
1.669620654633811e-25
2.823767546321939e-25
4.764352061137852e-25
8.019425363084853e-25
1.346628065093536e-24
2.255889753442423e-24
3.770113388610039e-24
6.285762021936805e-24
1.045511909797056e-23
1.734874893447809e-23
2.871944050943168e-23
4.742997793648746e-23
7.814468748893826e-23
1.284446928599136e-22
2.106218227261754e-22
3.445574040049852e-22
5.623297901422204e-22
9.155718080289944e-22
1.487187942529732e-21
2.409970115937289e-21
3.896101060584672e-21
6.283792633842365e-21
1.011082896004026e-20
1.623024973939647e-20
2.59918630780973e-20
4.152632790654023e-20
6.618867909571754e-20
1.052490652739636e-19
1.669656311620044e-19
2.642472152276747e-19
4.17222973334117e-19
6.572046643467897e-19
1.03277945573038e-18
1.619157452211564e-18
2.532474656696423e-18
3.951624179490881e-18
6.151493234192488e-18
9.553438112258713e-18
1.480174524331374e-17
2.287916227053283e-17
3.528101667445259e-17
5.427696467010421e-17
8.33034933707535e-17
1.275509989927707e-16
1.948396007251177e-16
2.969223439320911e-16
4.514195388547197e-16
6.84682777528779e-16
1.036023467841272e-15
1.563940881503132e-15
2.355272730387753e-15
3.538601898141007e-15
5.303849265163307e-15
7.930838094810742e-15
1.183081664726067e-14
1.760668264557796e-14
2.614007372104404e-14
3.871700526912429e-14
5.720863236260976e-14
8.433066121501034e-14
1.240145681459526e-13
1.819375271099044e-13
2.662768280609767e-13
3.887809128452768e-13
5.662863298942777e-13
8.228594671963463e-13
1.192813859837716e-12
1.724947767088592e-12
2.488481426130007e-12
3.581350060261057e-12
5.141761148796942e-12
7.364247232855003e-12
1.052191840600347e-11
1.499720139741534e-11
2.132420108547084e-11
3.024691955233472e-11
4.279902474091379e-11
6.041284139612912e-11
8.506791798756907e-11
1.194928184178323e-10
1.674385907701748e-10
2.340481419782492e-10
3.263541104026046e-10
4.539470466191631e-10
6.298709886998211e-10
8.718190613876686e-10
1.203725341625272e-09
1.657878279104352e-09
2.277717348064812e-09
3.121524816407373e-09
4.267281195069472e-09
5.819033255249906e-09
7.915222255405752e-09
1.07395372594965e-08
1.453501852211048e-08
1.962233397989621e-08
2.642335772407023e-08
3.549154214965711e-08
4.755084859198178e-08
6.354559189958309e-08
8.470386347880776e-08
1.126182027633149e-07
1.493476560199269e-07
1.975464840597851e-07
2.606261375603935e-07
3.429580317515502e-07
4.501266062106879e-07
5.892445074096031e-07
7.693427050980972e-07
1.001852410809079e-06
1.301197812608734e-06
1.685521851868543e-06
2.177574060624465e-06
2.80578683486965e-06
3.605581014198833e-06
4.620937943400349e-06
5.906289970880607e-06
7.528774858656107e-06
9.570925612933934e-06
1.213385348819429e-05
1.534099283162504e-05
1.934251667989884e-05
2.432045766909141e-05
3.049468978133518e-05
3.812981594819576e-05
4.754308611154556e-05
5.911343032494187e-05
7.329171785386279e-05
9.061230230145156e-05
0.0001117060164688155
0.0001373144623357803
0.0001683059090282768
0.0002056926750810817
0.0002506497839931399
0.0003045351477339864
0.0003689108125399798
0.0004455652378965169
0.0005365361575968564
0.0006441338919103146
0.0007709640776738524
0.0009199499036185443
0.001094352221116424
0.001297787646763027
0.001534242881461978
0.001808084431104362
0.002124062506482005
0.002487306948751211
0.002903315937146544
0.00337793305516243
0.00391731271520257
0.00452787522226572
0.005216240417212248
0.005989155732095242
0.006853397469967604
0.007815663702785969
0.008882438763976097
0.01005985587835312
0.01135352905839682
0.01276837475597858
0.01430843118578196
0.01597665436565876
0.01777472160756588
0.01970282010734081
0.02175946161150932
0.02394129894673824
0.02624295838177204
0.02865692414343357
0.03117342852056026
0.03378040343523026
0.03646349161863327
0.03920609503984451
0.0419895350933075
0.04479323327541351
0.04759500548243523
0.05037141218781471
0.0530981756746769
0.05575070902705193
0.05830464884638786
0.06073645502328873
0.06302407383918762
0.06514757126569748
0.06708978116512299
0.06883692741394043
0.07037918269634247
0.07171113044023514
0.0728321447968483
0.07374664396047592
0.07446413487195969
0.07499920576810837
0.07537122815847397
0.0756039023399353
0.07572471350431442
0.07576406002044678
0.07575438171625137
0.0757291167974472
0.07572147250175476
0.07576335966587067
0.0758841335773468
0.07610948383808136
0.07646041363477707
0.07695234566926956
0.07759448140859604
0.07838932424783707
0.07933260500431061
0.08041334897279739
0.08161434531211853
0.08291288465261459
0.08428172767162323
0.08569040149450302
0.08710658550262451
0.08849766850471497
0.08983231335878372
0.09108199179172516
0.0922224223613739
0.09323478490114212
0.09410670399665833
0.09483285248279572
0.09541522711515427
0.0958629846572876
0.09619193524122238
0.09642359614372253
0.09658402949571609
0.09670230001211166
0.09680876880884171
0.09693337976932526
0.09710390865802765
0.09734436869621277
0.09767360240221024
0.09810424596071243
0.09864204376935959
0.09928564727306366
0.1000267192721367
0.1008506938815117
0.101737767457962
0.1026643216609955
0.1036044880747795
0.1045319736003876
0.1054217889904976
0.1062519401311874
0.1070048436522484
0.1076684519648552
0.1082369908690453
0.1087111607193947
0.1090979799628258
0.1094101071357727
0.1096648275852203
0.1098826378583908
0.110085666179657
0.1102960035204887
0.1105340570211411
0.1108170747756958
0.1111579313874245
0.1115643158555031
0.1120382249355316
0.1125760897994041
0.1131691485643387
0.113804392516613
0.1144656985998154
0.1151352450251579
0.1157950535416603
0.1164283901453018
0.1170211583375931
0.117562934756279
0.1180477291345596
0.1184742823243141
0.118846021592617
0.1191706135869026
0.1194590851664543
0.1197248175740242
0.1199822202324867
0.1202454790472984
0.1205273270606995
0.1208379492163658
0.1211842224001884
0.1215692311525345
0.1219921857118607
0.12244863063097
0.1229310557246208
0.1234297156333923
0.1239336207509041
0.1244316622614861
0.1249136030673981
0.1253710389137268
0.1257980912923813
0.1261918544769287
0.126552477478981
0.1268830746412277
0.1271892189979553
0.1274783611297607
0.1277588307857513
0.1280391812324524
0.1283272206783295
0.1286293119192123
0.128949835896492
0.1292908191680908
0.1296518743038177
0.1300304085016251
0.1304219961166382
0.1308209449052811
0.1312209218740463
0.1316157132387161
0.1319997608661652
0.1323688328266144
0.1327202469110489
0.1330531984567642
0.1333686262369156
0.1336690485477448
0.1339582353830338
0.1342407017946243
0.1345211267471313
0.1348039507865906
0.1350927799940109
0.1353901922702789
0.1356974095106125
0.1360143423080444
0.1363395899534225
0.1366707533597946
0.1370047777891159
0.137338250875473
0.1376679390668869
0.1379910558462143
0.1383055746555328
0.138610377907753
0.1389053463935852
0.1391913294792175
0.1394699364900589
0.13974329829216
0.1400138437747955
0.1402839422225952
0.1405556499958038
0.1408305019140244
0.1411093473434448
0.1413923650979996
0.141679048538208
0.1419682949781418
0.1422585994005203
0.1425483077764511
0.1428357809782028
0.143119603395462
0.1433987617492676
0.1436727046966553
0.1439413577318192
0.144205167889595
0.1444649547338486
0.1447217911481857
0.1449768245220184
0.1452312469482422
0.145485982298851
0.1457417011260986
0.1459987163543701
0.1462570130825043
0.1465162932872772
0.1467759311199188
0.1470352113246918
0.1472933143377304
0.1475495100021362
0.1478032320737839
0.1480540782213211
0.1483019590377808
0.1485469788312912
0.1487894058227539
0.1490297615528107
0.1492685228586197
0.1495062410831451
0.1497434079647064
0.1499803513288498
0.1502172350883484
0.150454118847847
0.1506908535957336
0.1509271562099457
0.1511626988649368
0.1513970792293549
0.1516299545764923
0.1518609970808029
0.1520899832248688
0.1523167639970779
0.1525413542985916
0.1527637541294098
0.1529840230941772
0.1532022655010223
0.153418555855751
0.1536328345537186
0.1538449972867966
0.1540548056364059
0.1542618423700333
0.1544656008481979
0.154665395617485
0.1548604220151901
0.1550497710704803
0.1552324295043945
0.1554072797298431
0.1555730402469635
0.1557283401489258
0.155871644616127
0.1560012102127075
0.1561150848865509
0.1562110483646393
0.1562865972518921
0.1563388556241989
0.1563646644353867
0.1563604474067688
0.1563222855329514
0.1562458574771881
0.1561265140771866
0.1559592187404633
0.1557386517524719
0.1554591804742813
0.1551150232553482
0.1547001451253891
0.1542085111141205
0.1536339819431305
0.1529705822467804
0.1522125452756882
0.1513544023036957
0.1503912359476089
0.149318739771843
0.1481334567070007
0.1468329876661301
0.1454160660505295
0.1438829153776169
0.1422353237867355
0.1404768526554108
0.1386130005121231
0.1366512924432755
0.134601429104805
0.1324752569198608
0.13028684258461
0.1280522495508194
0.125789538025856
0.1235184669494629
0.1212602034211159
0.1190369576215744
0.1168715730309486
0.1147869974374771
0.1128056943416595
0.1109490767121315
0.1092368140816689
0.1076862141489983
0.1063115671277046
0.1051235347986221
0.1041285991668701
0.1033286154270172
0.1027204841375351
0.1022959500551224
0.102041594684124
0.1019390299916267
0.1019651815295219
0.1020929366350174
0.1022918522357941
0.1025291308760643
0.102770708501339
0.1029825508594513
0.1031318828463554
0.1031885519623756
0.1031263470649719
0.1029241979122162
0.1025672405958176
0.1020475700497627
0.1013648360967636
0.1005264669656754
0.09954743832349777
0.09844980388879776
0.09726180136203766
0.0960165411233902
0.09475047886371613
0.09350161254405975
0.09230751544237137
0.09120333939790726
0.09021984785795212
0.0893816351890564
0.0887056440114975
0.08819999545812607
0.08786337822675705
0.08768488466739655
0.08764447271823883
0.08771395683288574
0.08785858750343323
0.08803898096084595
0.08821343630552292
0.08834053575992584
0.08838165551424026
0.08830346912145615
0.08808010816574097
0.08769486844539642
0.08714133501052856
0.08642379939556122
0.08555695414543152
0.08456482738256454
0.08347900211811066
0.08233623206615448
0.08117568492889404
0.08003582805395126
0.0789513885974884
0.07795049995183945
0.07705224305391312
0.076264888048172
0.07558491826057434
0.07499689608812332
0.07447434961795807
0.07398151606321335
0.07347582280635834
0.07291103899478912
0.07224069535732269
0.07142158597707748
0.0704171434044838
0.06920021027326584
0.0677550882101059
0.06607871502637863
0.06418068706989288
0.06208226084709167
0.05981440097093582
0.05741492658853531
0.0549251101911068
0.05238603055477142
0.04983494430780411
0.04730210080742836
0.04480826854705811
0.04236322268843651
0.03996535390615463
0.03760247305035591
0.03525372594594955
0.03289246559143066
0.03048978000879288
0.02801835164427757
0.02545627392828465
0.02279039286077023
0.02001885138452053
0.01715254224836826
0.01421530172228813
0.01124276872724295
0.008280031383037567
0.005378239788115025
0.002590541960671544
-3.229090361855924e-05
-0.002446092432364821
-0.004616959951817989
-0.006523963529616594
-0.008160634897649288
-0.009535081684589386
-0.0106687294319272
-0.01159382052719593
-0.01234997063875198
-0.01298015099018812
-0.013526551425457
-0.01402677968144417
-0.01451081689447165
-0.01499905530363321
-0.01550163421779871
-0.01601909846067429
-0.01654428988695145
-0.01706518977880478
-0.01756835356354713
-0.01804246008396149
-0.01848153211176395
-0.01888735964894295
-0.01927083171904087
-0.01965192705392838
-0.02005837485194206
-0.0205230712890625
-0.02108060196042061
-0.02176325209438801
-0.02259699441492558
-0.02359798178076744
-0.02476997300982475
-0.0261030588299036
-0.02757387980818748
-0.02914729900658131
-0.03077942319214344
-0.03242157399654388
-0.03402481228113174
-0.03554440289735794
-0.03694380074739456
-0.0381976030766964
-0.03929324448108673
-0.04023114964365959
-0.04102354496717453
-0.04169192165136337
-0.04226371645927429
-0.04276855662465096
-0.04323462024331093
-0.04368557408452034
-0.04413845762610435
-0.04460276663303375
-0.04508079215884209
-0.04556909203529358
-0.04606077075004578
-0.04654824361205101
-0.04702594876289368
-0.04749258235096931
-0.04795251786708832
-0.04841610416769981
-0.04889883473515511
-0.04941945523023605
-0.04999730363488197
-0.05064927786588669
-0.05138690397143364
-0.05221396684646606
-0.05312504991889
-0.05410529300570488
-0.05513143166899681
-0.05617399141192436
-0.05720039084553719
-0.05817854031920433
-0.05908044055104256
-0.05988528952002525
-0.06058170646429062
-0.06116876751184464
-0.06165570765733719
-0.06206042319536209
-0.06240692362189293
-0.06272218376398087
-0.06303279101848602
-0.06336195766925812
-0.06372712552547455
-0.06413863599300385
-0.06459948420524597
-0.0651060938835144
-0.06565003097057343
-0.06622020155191422
-0.06680519878864288
-0.06739535182714462
-0.06798425316810608
-0.0685693770647049
-0.06915199011564255
-0.06973610073328018
-0.07032693922519684
-0.07092918455600739
-0.07154527306556702
-0.07217416167259216
-0.07281073182821274
-0.07344608753919601
-0.07406856864690781
-0.0746653750538826
-0.07522458583116531
-0.07573719322681427
-0.07619871944189072
-0.07661027461290359
-0.07697874307632446
-0.07731610536575317
-0.07763798534870148
-0.07796160131692886
-0.0783035084605217
-0.07867739349603653
-0.07909230887889862
-0.07955167442560196
-0.08005303144454956
-0.08058871328830719
-0.08114718645811081
-0.0817149430513382
-0.08227848261594772
-0.08282613754272461
-0.08334958553314209
-0.08384457975625992
-0.08431105315685272
-0.08475254476070404
-0.08517500758171082
-0.08558546006679535
-0.08599060028791428
-0.08639559149742126
-0.08680335432291031
-0.08721435070037842
-0.08762694150209427
-0.0880381315946579
-0.08844460546970367
-0.08884374052286148
-0.08923444151878357
-0.08961758017539978
-0.08999601751565933
-0.09037415683269501
-0.09075711667537689
-0.09114970266819
-0.0915553867816925
-0.09197556227445602
-0.09240902960300446
-0.09285210072994232
-0.0932990089058876
-0.09374286234378815
-0.09417665749788284
-0.09459444880485535
-0.09499227255582809
-0.09536878019571304
-0.09572534263134003
-0.09606575220823288
-0.09639555960893631
-0.09672107547521591
-0.09704829752445221
-0.09738200157880783
-0.09772500395774841
-0.09807785600423813
-0.09843887388706207
-0.09880465269088745
-0.09917068481445312
-0.09953218698501587
-0.09988489747047424
-0.1002256125211716
-0.1005524545907974
-0.1008649170398712
-0.1011634767055511
-0.1014491394162178
-0.1017227917909622
-0.1019847020506859
-0.1022340878844261
-0.1024689674377441
-0.1026861965656281
-0.1028818339109421
-0.103051520884037
-0.1031909435987473
-0.1032962575554848
-0.1033643335103989
-0.1033927649259567
-0.1033796668052673
-0.1033233553171158
-0.1032219156622887
-0.1030727550387383
-0.1028723046183586
-0.1026158332824707
-0.1022975519299507
-0.1019108444452286
-0.1014487966895103
-0.1009046360850334
-0.1002722978591919
-0.09954685717821121
-0.09872481226921082
-0.09780418872833252
-0.09678440541028976
-0.09566615521907806
-0.09445107728242874
-0.09314156323671341
-0.09174050390720367
-0.09025133401155472
-0.08867806196212769
-0.08702554553747177
-0.08529983460903168
-0.08350838720798492
-0.0816604346036911
-0.07976708561182022
-0.07784134894609451
-0.0758979469537735
-0.07395300269126892
-0.07202361524105072
-0.07012741267681122
-0.06828204542398453
-0.06650478392839432
-0.06481210142374039
-0.06321945041418076
-0.0617409348487854
-0.06038914248347282
-0.05917491018772125
-0.05810705944895744
-0.05719207972288132
-0.05643380805850029
-0.05583308264613152
-0.05538740009069443
-0.05509071424603462
-0.05493329837918282
-0.05490181595087051
-0.05497954040765762
-0.05514682084321976
-0.05538162216544151
-0.05566024407744408
-0.0559581033885479
-0.05625053495168686
-0.05651356652379036
-0.05672468245029449
-0.05686350911855698
-0.05691240727901459
-0.05685704946517944
-0.05668685212731361
-0.05639539286494255
-0.05598067864775658
-0.05544533580541611
-0.05479664355516434
-0.05404640361666679
-0.05321063101291656
-0.05230899155139923
-0.05136410146951675
-0.05040059611201286
-0.04944407939910889
-0.04851998761296272
-0.04765240475535393
-0.04686297103762627
-0.04616984724998474
-0.04558686539530754
-0.0451228953897953
-0.04478145763278008
-0.04456053674221039
-0.0444527342915535
-0.04444558173418045
-0.04452217742800713
-0.04466196149587631
-0.0448416993021965
-0.04503661766648293
-0.04522162675857544
-0.04537259787321091
-0.04546761512756348
-0.0454881377518177
-0.04542001336812973
-0.04525428637862206
-0.04498769342899323
-0.04462284594774246
-0.04416807740926743
-0.04363694041967392
-0.04304739832878113
-0.04242070391774178
-0.04178011417388916
-0.04114946722984314
-0.04055173695087433
-0.04000762477517128
-0.03953433036804199
-0.03914453089237213
-0.03884564712643623
-0.03863943740725517
-0.03852195665240288
-0.0384838655591011
-0.03851108253002167
-0.03858574479818344
-0.03868741542100906
-0.03879443556070328
-0.03888539224863052
-0.03894054144620895
-0.03894313424825668
-0.03888054192066193
-0.03874506428837776
-0.03853441402316093
-0.03825181722640991
-0.03790565952658653
-0.03750885277986526
-0.03707777336239815
-0.036631029099226
-0.03618804737925529
-0.03576760366559029
-0.03538643941283226
-0.03505803644657135
-0.03479167073965073
-0.03459179028868675
-0.03445779159665108
-0.03438415005803108
-0.03436098620295525
-0.03437490016222
-0.03441010415554047
-0.03444973006844521
-0.03447718545794487
-0.03447745740413666
-0.03443829342722893
-0.03435112908482552
-0.03421168774366379
-0.03402025252580643
-0.0337815098464489
-0.03350406512618065
-0.03319959715008736
-0.03288182616233826
-0.03256525844335556
-0.03226394206285477
-0.03199025616049767
-0.03175389021635056
-0.03156105801463127
-0.03141406551003456
-0.03131122514605522
-0.0312471017241478
-0.03121313638985157
-0.03119849227368832
-0.03119110129773617
-0.0311787985265255
-0.03115043602883816
-0.03109684586524963
-0.03101163730025291
-0.03089168108999729
-0.03073728270828724
-0.03055205009877682
-0.03034243360161781
-0.03011702187359333
-0.02988565899431705
-0.02965845912694931
-0.02944481931626797
-0.02925256080925465
-0.02908720634877682
-0.02895153686404228
-0.02884541265666485
-0.02876590751111507
-0.02870768681168556
-0.02866363152861595
-0.028625613078475
-0.02858535014092922
-0.02853523939847946
-0.02846910245716572
-0.02838275209069252
-0.02827433496713638
-0.02814442291855812
-0.02799585834145546
-0.0278333555907011
-0.02766293659806252
-0.0274912528693676
-0.0273248478770256
-0.0271694865077734
-0.02702957764267921
-0.02690776623785496
-0.0268047321587801
-0.02671920135617256
-0.02664817869663239
-0.02658733911812305
-0.02653155848383904
-0.02647550776600838
-0.02641422487795353
-0.02634366229176521
-0.02626107260584831
-0.02616524882614613
-0.02605658583343029
-0.02593695744872093
-0.02580943331122398
-0.0256778784096241
-0.0255464743822813
-0.02541923150420189
-0.02529955469071865
-0.02518987096846104
-0.02509141340851784
-0.02500413358211517
-0.02492677792906761
-0.02485709823668003
-0.0247921496629715
-0.02472868748009205
-0.02466354705393314
-0.02459401078522205
-0.02451810427010059
-0.02443478442728519
-0.02434400841593742
-0.02424668520689011
-0.02414451353251934
-0.0240397322922945
-0.02393482252955437
-0.02383219450712204
-0.02373390644788742
-0.0236414335668087
-0.02355551719665527
-0.02347612753510475
-0.0234025027602911
-0.02333329245448112
-0.02326675690710545
-0.02320099249482155
-0.02313418872654438
-0.02306483872234821
-0.02299191616475582
-0.02291495725512505
-0.02283409424126148
-0.02275000512599945
-0.02266377583146095
-0.02257676050066948
-0.02249037101864815
-0.02240591496229172
-0.02232441306114197
-0.02224650606513023
-0.02217238955199718
-0.02210181578993797
-0.02203415893018246
-0.02196851745247841
-0.02190385200083256
-0.02183911949396133
-0.02177341654896736
-0.02170608378946781
-0.02163678035140038
-0.02156549133360386
-0.02149252593517303
-0.02141844667494297
-0.02134397067129612
-0.02126986533403397
-0.02119685336947441
-0.02112550660967827
-0.02105618640780449
-0.02098901011049747
-0.02092384733259678
-0.02086036279797554
-0.02079807221889496
-0.02073641307651997
-0.02067483402788639
-0.02061286196112633
-0.02055016532540321
-0.02048658765852451
-0.02042214944958687
-0.0203570369631052
-0.02029156126081944
-0.02022611536085606
-0.0201610904186964
-0.02009684965014458
-0.02003365568816662
-0.01997166313230991
-0.01991088502109051
-0.01985121704638004
-0.01979244686663151
-0.01973430626094341
-0.01967650279402733
-0.01961876638233662
-0.01956088840961456
-0.01950273662805557
-0.01944427937269211
-0.0193855706602335
-0.01932674273848534
-0.0192679725587368
-0.01920946128666401
-0.01915140077471733
-0.01909394189715385
-0.01903718151152134
-0.01898114755749702
-0.01892580464482307
-0.01887106336653233
-0.01881679520010948
-0.0187628548592329
-0.01870911195874214
-0.01865544728934765
-0.0186017882078886
-0.01854810677468777
-0.01849442720413208
-0.01844080165028572
-0.01838731579482555
-0.01833406090736389
-0.01828113198280334
-0.01822860352694988
-0.01817652583122253
-0.01812491379678249
-0.01807375065982342
-0.01802299171686172
-0.01797257736325264
-0.01792244054377079
-0.01787251234054565
-0.01782273687422276
-0.01777308434247971
-0.01772354170680046
-0.01767411828041077
-0.01762483641505241
-0.01757573895156384
-0.01752686686813831
-0.01747826300561428
-0.01742996089160442
-0.01738197728991508
-0.01733431778848171
-0.01728696934878826
-0.01723991148173809
-0.01719311065971851
-0.01714653708040714
-0.01710016094148159
-0.01705395989120007
-0.01700792461633682
-0.01696204766631126
-0.01691633835434914
-0.01687080785632133
-0.0168254729360342
-0.01678035780787468
-0.01673547364771366
-0.01669083349406719
-0.01664644293487072
-0.0166022963821888
-0.01655838824808598
-0.01651470363140106
-0.01647122949361801
-0.01642795279622078
-0.01638486236333847
-0.01634194888174534
-0.01629920490086079
-0.01625663600862026
-0.01621424220502377
-0.01617203280329704
-0.01613001152873039
-0.01608818769454956
-0.01604656688868999
-0.0160051453858614
-0.01596393063664436
-0.0159229189157486
-0.01588210463523865
-0.01584147848188877
-0.01580103486776352
-0.015760762616992
-0.0157206654548645
-0.01568073593080044
-0.01564097218215466
-0.0156013760715723
-0.01556194946169853
-0.01552269421517849
-0.01548361219465733
-0.01544470712542534
-0.01540597714483738
-0.01536742318421602
-0.01532904617488384
-0.01529084239155054
-0.01525280810892582
-0.01521494146436453
-0.01517723686993122
-0.0151396906003356
-0.01510230265557766
-0.01506507210433483
-0.01502799615263939
-0.01499107480049133
-0.01495430991053581
-0.0149177024140954
-0.01488125137984753
-0.01484495867043734
-0.01480882428586483
-0.01477284543216228
-0.01473702304065228
-0.01470135524868965
-0.01466583739966154
-0.01463047042489052
-0.01459525246173143
-0.01456017885357141
-0.01452525053173304
-0.01449046656489372
-0.01445582695305347
-0.01442133262753487
-0.01438698172569275
-0.01435277238488197
-0.01431870460510254
-0.01428477838635445
-0.01425099279731512
-0.01421734690666199
-0.01418383978307247
-0.01415046863257885
-0.01411723252385855
-0.01408412959426641
-0.0140511617064476
-0.01401832792907953
-0.01398562733083963
-0.01395306084305048
-0.01392062660306692
-0.01388832554221153
-0.01385615486651659
-0.01382411364465952
-0.01379220280796289
-0.01376042049378157
-0.01372876483947039
-0.01369723584502935
-0.01366583071649075
-0.01363454945385456
-0.01360339298844337
-0.01357235852628946
-0.0135414469987154
-0.01351065747439861
-0.0134799899533391
-0.01344944350421429
-0.01341901812702417
-0.01338871289044619
-0.01335852593183517
-0.01332845631986856
-0.01329850312322378
-0.01326866634190083
-0.0132389459758997
-0.01320934109389782
-0.0131798516958952
-0.0131504749879241
-0.01312121190130711
-0.01309206243604422
-0.01306302566081285
-0.01303410157561302
-0.01300528924912214
-0.01297658868134022
-0.01294799707829952
-0.01291951444000006
-0.01289114076644182
-0.01286287512630224
-0.01283471658825874
-0.01280666422098875
-0.01277871802449226
-0.01275087427347898
-0.01272313389927149
-0.01269549690186977
-0.01266796421259642
-0.01264053490012884
-0.01261320896446705
-0.01258598361164331
-0.01255886256694794
-0.01253184489905834
-0.01250492688268423
-0.0124781085178256
-0.01245138980448246
-0.0124247707426548
-0.01239824946969748
-0.01237182598561049
-0.01234550029039383
-0.01231927145272493
-0.01229313667863607
-0.0122670978307724
-0.01224115211516619
-0.01221530046314001
-0.01218954287469387
-0.01216387841850519
-0.0121383061632514
-0.01211282704025507
-0.01208743918687105
-0.0120621444657445
-0.01203694101423025
-0.01201182976365089
-0.01198680978268385
-0.01196188014000654
-0.01193703897297382
-0.01191228721290827
-0.0118876239284873
-0.0118630500510335
-0.01183856185525656
-0.01181416213512421
-0.01178984902799129
-0.01176562253385782
-0.01174148265272379
-0.01171742845326662
-0.01169345900416374
-0.01166957244277
-0.01164576970040798
-0.01162205077707767
-0.01159841474145651
-0.01157486159354448
-0.0115513913333416
-0.01152800209820271
-0.01150469668209553
-0.01148147322237492
-0.01145832892507315
-0.01143526472151279
-0.01141228061169386
-0.01138937380164862
-0.01136654522269964
-0.01134379394352436
-0.01132112182676792
-0.01129852700978518
-0.0112760104238987
-0.01125357020646334
-0.0112312063574791
-0.01120891980826855
-0.01118671055883169
-0.01116457767784595
-0.01114252209663391
-0.01112054195255041
-0.01109863631427288
-0.01107680425047874
-0.01105504669249058
-0.01103336364030838
-0.01101175416260958
-0.01099021639674902
-0.01096875034272671
-0.01094735693186522
-0.01092603337019682
-0.01090478058904409
-0.01088359858840704
-0.01086248643696308
-0.01084144320338964
-0.01082046795636415
-0.01079956069588661
-0.01077872049063444
-0.01075794920325279
-0.01073724590241909
-0.01071661245077848
-0.01069604605436325
-0.01067554857581854
-0.01065512001514435
-0.0106347594410181
-0.01061446592211723
-0.01059424038976431
-0.01057408191263676
-0.010553989559412
-0.01053396426141262
-0.01051400694996119
-0.0104941138997674
-0.01047428604215384
-0.01045452244579792
-0.0104348212480545
-0.01041518617421389
-0.01039561349898577
-0.01037610229104757
-0.01035665441304445
-0.01033726707100868
-0.01031794026494026
-0.01029867306351662
-0.01027946546673775
-0.01026031747460365
-0.01024123001843691
-0.01022220123559237
-0.01020323298871517
-0.01018432434648275
-0.01016547624021769
-0.01014668960124254
-0.01012796442955732
-0.01010929979383945
-0.01009069569408894
-0.01007215119898319
-0.0100536672398448
-0.01003524288535118
-0.01001687720417976
-0.009998570196330547
-0.009980319067835808
-0.00996212475001812
-0.009943986311554909
-0.009925904683768749
-0.009907878004014492
-0.009889905340969563
-0.009871986694633961
-0.009854123927652836
-0.009836315177381039
-0.009818561375141144
-0.0098008643835783
-0.00978322047740221
-0.009765630587935448
-0.009748095646500587
-0.00973061379045248
-0.009713185019791126
-0.009695809334516525
-0.009678486734628677
-0.009661217220127583
-0.009643999859690666
-0.009626834653317928
-0.009609722532331944
-0.009592662565410137
-0.009575654752552509
-0.009558697231113911
-0.009541791863739491
-0.009524937719106674
-0.009508133865892887
-0.009491380304098129
-0.009474677033722401
-0.009458024054765701
-0.009441420435905457
-0.009424867108464241
-0.009408362209796906
-0.009391907602548599
-0.009375502355396748
-0.009359147399663925
-0.009342839941382408
-0.009326581843197346
-0.009310373105108738
-0.00929421279579401
-0.009278101846575737
-0.009262038394808769
-0.009246023371815681
-0.00923005398362875
-0.009214130230247974
-0.00919825304299593
-0.009182421490550041
-0.009166635572910309
-0.009150894358754158
-0.009135198779404163
-0.00911954790353775
-0.009103942662477493
-0.009088381193578243
-0.009072864428162575
-0.009057393297553062
-0.009041966870427132
-0.009026585146784782
-0.009011249057948589
-0.008995958603918552
-0.008980711922049522
-0.008965510874986649
-0.008950355462729931
-0.008935242891311646
-0.008920174092054367
-0.008905150927603245
-0.008890173397958279
-0.008875239640474319
-0.008860348723828793
-0.008845500648021698
-0.008830693550407887
-0.008815927430987358
-0.008801202289760113
-0.008786516264081001
-0.008771870285272598
-0.008757265284657478
-0.008742701262235641
-0.008728175424039364
-0.00871368870139122
-0.008699243888258934
-0.008684840984642506
-0.008670478127896786
-0.008656157180666924
-0.008641878142952919
-0.008627641014754772
-0.008613445796072483
-0.008599291555583477
-0.008585177361965179
-0.00857110321521759
-0.00855706725269556
-0.008543070405721664
-0.008529111742973328
-0.00851519126445055
-0.008501307107508183
-0.0084874602034688
-0.008473650552332401
-0.008459878154098988
-0.008446143940091133
-0.008432446978986263
-0.008418787270784378
-0.008405165746808052
-0.00839158333837986
-0.008378039114177227
-0.008364533074200153
-0.008351065218448639
-0.008337634615600109
-0.008324241265654564
-0.008310884237289429
-0.008297564461827278
-0.008284280076622963
-0.008271031081676483
-0.008257819339632988
-0.008244642056524754
-0.00823149923235178
-0.008218390867114067
-0.00820531602948904
-0.008192276582121849
-0.008179270662367344
-0.008166298270225525
-0.008153360337018967
-0.008140455931425095
-0.008127586916089058
-0.008114754222333431
-0.008101955987513065
-0.008089195005595684
-0.008076469413936138
-0.008063781075179577
-0.008051127195358276
-0.008038509637117386
-0.008025927469134331
-0.008013377897441387
-0.00800086185336113
-0.007988377474248409
-0.0079759256914258
-0.007963504642248154
-0.007951114326715469
-0.007938753813505173
-0.007926424033939838
-0.007914124988019466
-0.007901858538389206
-0.007889623753726482
-0.007877420634031296
-0.007865249179303646
-0.007853110320866108
-0.007841002196073532
-0.007828925736248493
-0.007816880010068417
-0.007804865948855877
-0.007792883086949587
-0.007780930958688259
-0.007769010495394468
-0.007757122162729502
-0.007745264563709497
-0.007733439095318317
-0.007721644826233387
-0.007709882222115993
-0.007698150351643562
-0.007686450146138668
-0.007674780208617449
-0.007663140539079905
-0.007651531603187323
-0.007639952003955841
-0.00762840174138546
-0.007616880349814892
-0.007605387829244137
-0.007593924179673195
-0.007582488935440779
-0.007571083027869463
-0.007559706456959248
-0.007548359222710133
-0.007537041325122118
-0.007525752298533916
-0.007514492142945528
-0.007503260392695665
-0.007492057513445616
-0.007480883039534092
-0.007469736970961094
-0.007458618842065334
-0.007447528187185526
-0.007436464540660381
-0.007425427902489901
-0.007414419203996658
-0.00740343751385808
-0.007392482366412878
-0.00738155422732234
-0.007370653562247753
-0.00735977990552783
-0.007348932791501284
-0.007338111754506826
-0.00732731819152832
-0.007316551171243191
-0.007305810693651438
-0.007295097224414349
-0.007284410297870636
-0.007273749448359013
-0.007263115141540766
-0.007252507843077183
-0.007241926621645689
-0.007231371477246284
-0.007220842875540257
-0.00721033988520503
-0.007199862971901894
-0.007189412135630846
-0.007178986445069313
-0.007168587762862444
-0.007158214692026377
-0.007147867698222399
-0.00713754678145051
-0.007127251941710711
-0.007116983179003
-0.00710673863068223
-0.007096518762409687
-0.007086323574185371
-0.007076152600347996
-0.007066005375236273
-0.007055881898850203
-0.007045782171189785
-0.007035705260932446
-0.007025651168078184
-0.007015620823949575
-0.007005615159869194
-0.006995632778853178
-0.006985674146562815
-0.006975739728659391
-0.006965829525142908
-0.006955944001674652
-0.006946082692593336
-0.00693624559789896
-0.006926432717591524
-0.006916643586009741
-0.006906876340508461
-0.006897131912410259
-0.006887408904731274
-0.006877708714455366
-0.006868031341582537
-0.006858376320451498
-0.00684874365106225
-0.006839133333414793
-0.006829546298831701
-0.006819982081651688
-0.006810441147536039
-0.006800923496484756
-0.006791429594159126
-0.006781958974897861
-0.006772511638700962
-0.006763086654245853
-0.006753684021532536
-0.006744303740561008
-0.006734945811331272
-0.006725609302520752
-0.006716295145452023
-0.006707001477479935
-0.006697729229927063
-0.006688478402793407
-0.006679249461740255
-0.006670041009783745
-0.00666085397824645
-0.006651687435805798
-0.006642541382461786
-0.006633416283875704
-0.006624312605708838
-0.006615229416638613
-0.006606167182326317
-0.006597126368433237
-0.006588106043636799
-0.006579106207937002
-0.006570127326995134
-0.006561169400811195
-0.006552232429385185
-0.006543315481394529
-0.00653441995382309
-0.006525544449687004
-0.006516688968986273
-0.006507853511720896
-0.00649903854355216
-0.006490243133157492
-0.006481467746198177
-0.006472712382674217
-0.006463977042585611
-0.006455261260271072
-0.006446565967053175
-0.006437890231609344
-0.006429234053939581
-0.00642059650272131
-0.006411978509277105
-0.006403379607945681
-0.006394800264388323
-0.006386239547282457
-0.006377698387950659
-0.006369175389409065
-0.006360671482980251
-0.006352185737341642
-0.006343719083815813
-0.006335272453725338
-0.006326844915747643
-0.006318437401205301
-0.006310049444437027
-0.00630168104544282
-0.006293332204222679
-0.006285002455115318
-0.006276691798120737
-0.006268398836255074
-0.006260124035179615
-0.0062518659979105
-0.006243624724447727
-0.006235401146113873
-0.006227195262908936
-0.006219006143510342
-0.00621083565056324
-0.006202681921422482
-0.006194546818733215
-0.006186429411172867
-0.006178330164402723
-0.006170249544084072
-0.006162187084555626
-0.006154143717139959
-0.00614611804485321
-0.006138110999017954
-0.006130121648311615
-0.006122149992734194
-0.006114195566624403
-0.006106258369982243
-0.006098338402807713
-0.006090435665100813
-0.006082550156861544
-0.006074681878089905
-0.006066829897463322
-0.006058994680643082
-0.006051177158951759
-0.00604337640106678
-0.006035592872649431
-0.006027825642377138
-0.006020075641572475
-0.006012342870235443
-0.006004625931382179
-0.005996925290673971
-0.005989240948110819
-0.005981572438031435
-0.005973920691758394
-0.005966284312307835
-0.005958663299679756
-0.005951058119535446
-0.005943468306213617
-0.005935894325375557
-0.005928336642682552
-0.005920794792473316
-0.005913268774747849
-0.005905759055167437
-0.005898266099393368
-0.005890789907425642
-0.005883330013602972
-0.005875886417925358
-0.005868458654731512
-0.005861046258360147
-0.005853650625795126
-0.005846270360052586
-0.005838906392455101
-0.005831558257341385
-0.005824225954711437
-0.005816908553242683
-0.005809606052935123
-0.005802319385111332
-0.005795048549771309
-0.00578779261559248
-0.005780551582574844
-0.005773325450718403
-0.005766114685684443
-0.005758918356150389
-0.005751736927777529
-0.005744570400565863
-0.00573741877451539
-0.005730282515287399
-0.005723161157220602
-0.005716054700314999
-0.005708963610231876
-0.005701887421309948
-0.005694826133549213
-0.005687779746949673
-0.005680747330188751
-0.005673729814589024
-0.005666726734489202
-0.005659738089889288
-0.005652763415127993
-0.005645803641527891
-0.005638857372105122
-0.005631925072520971
-0.005625006277114153
-0.005618100985884666
-0.005611209198832512
-0.005604330450296402
-0.005597465671598911
-0.005590613931417465
-0.005583776626735926
-0.005576953291893005
-0.005570143926888704
-0.005563349463045597
-0.005556568503379822
-0.005549801979213953
-0.005543050356209278
-0.00553631316870451
-0.005529589485377073
-0.005522880237549543
-0.005516184493899345
-0.005509502254426479
-0.005502833519130945
-0.005496177822351456
-0.005489536095410585
-0.00548290740698576
-0.005476291291415691
-0.005469688680022955
-0.00546309957280755
-0.005456523969769478
-0.005449960939586163
-0.005443411413580179
-0.005436874460428953
-0.005430350545793772
-0.005423839669674635
-0.005417341832071543
-0.005410857032984495
-0.00540438573807478
-0.005397927481681108
-0.005391483195126057
-0.005385051481425762
-0.005378632806241512
-0.00537222670391202
-0.005365834105759859
-0.005359453149139881
-0.005353085231035948
-0.005346730351448059
-0.00534038757905364
-0.005334056913852692
-0.005327738355845213
-0.005321431905031204
-0.005315137095749378
-0.005308853462338448
-0.005302581936120987
-0.005296323448419571
-0.005290076602250338
-0.005283841863274574
-0.005277619697153568
-0.00527141010388732
-0.005265212152153254
-0.005259027238935232
-0.005252854898571968
-0.005246695131063461
-0.005240547936409712
-0.005234414711594582
-0.005228293593972921
-0.005222184583544731
-0.005216088145971298
-0.005210004281252623
-0.005203931126743555
-0.005197869148105383
-0.005191817879676819
-0.005185778252780437
-0.005179749336093664
-0.005173731129616499
-0.005167724099010229
-0.005161728244274855
-0.00515574449673295
-0.005149773322045803
-0.005143813323229551
-0.005137865897268057
-0.00513193104416132
-0.005126007832586765
-0.005120097193866968
-0.005114198196679354
-0.005108309909701347
-0.005102431867271662
-0.005096565466374159
-0.005090709775686264
-0.005084865260869265
-0.005079031456261873
-0.005073208827525377
-0.005067397374659777
-0.00506159570068121
-0.005055805668234825
-0.005050026811659336
-0.005044259130954742
-0.005038502160459757
-0.005032756365835667
-0.005027021281421185
-0.005021295975893736
-0.005015581846237183
-0.005009878426790237
-0.005004185251891613
-0.004998503252863884
-0.004992830567061901
-0.004987169057130814
-0.004981518257409334
-0.004975878167897463
-0.004970248322933912
-0.00496462918817997
-0.004959019832313061
-0.004953421652317047
-0.004947833716869354
-0.004942256491631269
-0.004936689976602793
-0.004931133240461349
-0.004925587214529514
-0.004920052364468575
-0.004914527758955956
-0.004909013863652945
-0.004903511144220829
-0.004898019600659609
-0.004892538767307997
-0.004887068644165993
-0.004881609696894884
-0.004876160994172096
-0.004870722070336342
-0.004865293391048908
-0.004859874956309795
-0.004854466766119003
-0.004849068820476532
-0.004843680188059807
-0.004838301334530115
-0.004832931328564882
-0.004827570635825396
-0.004822219721972942
-0.004816878121346235
-0.004811546765267849
-0.004806223791092634
-0.004800909664481878
-0.004795604851096869
-0.004790309350937605
-0.004785023629665375
-0.004779747221618891
-0.004774479661136866
-0.004769222345203161
-0.004763974342495203
-0.004758735653012991
-0.0047535072080791
-0.004748288076370955
-0.00474307918921113
-0.004737880080938339
-0.004732691217213869
-0.004727511666715145
-0.004722341895103455
-0.004717183299362659
-0.004712034482508898
-0.00470689544454217
-0.004701766651123762
-0.004696647170931101
-0.004691537003964186
-0.004686436615884304
-0.004681344609707594
-0.004676262382417917
-0.004671188537031412
-0.004666124004870653
-0.004661068320274353
-0.004656021017581224
-0.004650982096791267
-0.004645951557904482
-0.004640929866582155
-0.004635917022824287
-0.004630913026630878
-0.004625917878001928
-0.00462093111127615
-0.00461595319211483
-0.004610984120517969
-0.004606022965162992
-0.0046010697260499
-0.004596124868839979
-0.00459118839353323
-0.004586260765790939
-0.004581341985613108
-0.004576431587338448
-0.004571530502289534
-0.004566638264805079
-0.00456175534054637
-0.004556880798190832
-0.004552015569061041
-0.00454716058447957
-0.004542315378785133
-0.004537479020655155
-0.00453265244141221
-0.004527834709733725
-0.00452302535995841
-0.004518224392086267
-0.004513431806117296
-0.004508646670728922
-0.004503869451582432
-0.004499100148677826
-0.004494339693337679
-0.004489587619900703
-0.004484843462705612
-0.004480107221752405
-0.00447537936270237
-0.004470659419894218
-0.004465947858989239
-0.004461244214326143
-0.004456548485904932
-0.004451861139386892
-0.004447182174772024
-0.00444251112639904
-0.004437848459929228
-0.004433193244040012
-0.004428545944392681
-0.004423907026648521
-0.004419276490807533
-0.004414654802531004
-0.004410041030496359
-0.004405435640364885
-0.004400838166475296
-0.004396249074488878
-0.00439166696742177
-0.004387092776596546
-0.004382526036351919
-0.004377967212349176
-0.004373416304588318
-0.004368872381746769
-0.004364335909485817
-0.004359807353466749
-0.004355286248028278
-0.004350773058831692
-0.004346267320215702
-0.004341769497841597
-0.004337280057370663
-0.004332798533141613
-0.004328324925154448
-0.004323859233409166
-0.004319401457905769
-0.004314952529966831
-0.004310511518269777
-0.00430607795715332
-0.004301652777940035
-0.004297234583646059
-0.004292824305593967
-0.004288421012461185
-0.004284023772925138
-0.004279634449630976
-0.004275252111256123
-0.004270876757800579
-0.004266508854925632
-0.004262147936969995
-0.004257793538272381
-0.004253446124494076
-0.00424910569563508
-0.004244772251695395
-0.004240446258336306
-0.004236128181219101
-0.004231818020343781
-0.004227514378726482
-0.004223218187689781
-0.004218929447233677
-0.00421464815735817
-0.004210373386740685
-0.004206106066703796
-0.004201845265924931
-0.004197590984404087
-0.004193343687802553
-0.004189103376120329
-0.004184870515018702
-0.004180644638836384
-0.004176426213234663
-0.004172214306890965
-0.004168009851127863
-0.004163813311606646
-0.004159623757004738
-0.004155442584306002
-0.004151268862187862
-0.004147102124989033
-0.004142942372709513
-0.004138789605349302
-0.004134643822908401
-0.00413050502538681
-0.004126371815800667
-0.004122245125472546
-0.004118124954402447
-0.00411401130259037
-0.004109903704375029
-0.004105802625417709
-0.004101707600057125
-0.004097619093954563
-0.004093536175787449
-0.004089461173862219
-0.004085393622517586
-0.004081333056092262
-0.004077279474586248
-0.004073233343660831
-0.004069193731993437
-0.004065162036567926
-0.004061136860400438
-0.004057119134813547
-0.004053108859807253
-0.004049105104058981
-0.004045108333230019
-0.004041118081659079
-0.004037133418023586
-0.004033154807984829
-0.004029182717204094
-0.004025216680020094
-0.004021256230771542
-0.004017301369458437
-0.004013353493064642
-0.004009411204606295
-0.004005475901067257
-0.004001546651124954
-0.003997623920440674
-0.003993707709014416
-0.00398979801684618
-0.003985894843935966
-0.003981998190283775
-0.003978106658905745
-0.003974221181124449
-0.003970341756939888
-0.00396646885201335
-0.003962602000683546
-0.003958741668611765
-0.003954886924475431
-0.003951039165258408
-0.003947197925299406
-0.00394336273893714
-0.003939533606171608
-0.003935709595680237
-0.003931892104446888
-0.003928081132471561
-0.003924275748431683
-0.003920476417988539
-0.00391668314114213
-0.003912895452231169
-0.003909113816916943
-0.003905338002368808
-0.003901568008586764
-0.003897804068401456
-0.003894046414643526
-0.003890295047312975
-0.003886550199240446
-0.003882811637595296
-0.003879079595208168
-0.003875353839248419
-0.003871633904054761
-0.003867919556796551
-0.003864211030304432
-0.003860507858917117
-0.00385681027546525
-0.003853118047118187
-0.003849431173875928
-0.003845749655738473
-0.003842073725536466
-0.003838402684777975
-0.003834737464785576
-0.003831078298389912
-0.003827424952760339
-0.003823777893558145
-0.003820136422291398
-0.003816501470282674
-0.003812872571870685
-0.00380924972705543
-0.003805632935836911
-0.003802022431045771
-0.003798417747020721
-0.00379481865093112
-0.003791225142776966
-0.00378763722255826
-0.003784054657444358
-0.00378047744743526
-0.003776905825361609
-0.003773339791223407
-0.003769779112190008
-0.003766224253922701
-0.003762674517929554
-0.003759130602702498
-0.003755592042580247
-0.003752059070393443
-0.003748531453311443
-0.003745009424164891
-0.003741492982953787
-0.003737981431186199
-0.003734475467354059
-0.003730974392965436
-0.003727478440850973
-0.003723987611010671
-0.003720502136275172
-0.003717021783813834
-0.003713546553626657
-0.003710076445713639
-0.003706611460074782
-0.003703151596710086
-0.003699697088450193
-0.003696247702464461
-0.003692803205922246
-0.003689364530146122
-0.003685930976644158
-0.003682503243908286
-0.003679080633446574
-0.003675664076581597
-0.003672252874821424
-0.003668847028166056
-0.003665446536615491
-0.00366205140016973
-0.00365866138599813
-0.00365527649410069
-0.003651896491646767
-0.003648521844297647
-0.003645152086392045
-0.003641787217929959
-0.003638427704572678
-0.0036350735463202
-0.003631724743172526
-0.003628381993621588
-0.00362504436634481
-0.003621712792664766
-0.003618386574089527
-0.003615065477788448
-0.003611749969422817
-0.003608439350500703
-0.003605133388191462
-0.00360183184966445
-0.00359853426925838
-0.003595240879803896
-0.003591951448470354
-0.003588665975257754
-0.003585384925827384
-0.003582107834517956
-0.003578835399821401
-0.003575568087399006
-0.003572305664420128
-0.00356904836371541
-0.003565796883776784
-0.003562550758942962
-0.003559310454875231
-0.003556075971573591
-0.003552846843376756
-0.003549623303115368
-0.003546404652297497
-0.003543191123753786
-0.003539982018992305
-0.003536777105182409
-0.003533576149493456
-0.003530379617586732
-0.003527187276631594
-0.003523998660966754
-0.003520814469084144
-0.003517634468153119
-0.003514458425343037
-0.003511287504807115
-0.003508120775222778
-0.003504958935081959
-0.0035018022172153
-0.003498650621622801
-0.003495504381135106
-0.003492363262921572
-0.003489227266982198
-0.003486096393316984
-0.003482970409095287
-0.003479849081486464
-0.003476732410490513
-0.003473620396107435
-0.003470513038337231
-0.003467410104349256
-0.00346431159414351
-0.003461217507719994
-0.003458127612248063
-0.003455041674897075
-0.003451960161328316
-0.003448882140219212
-0.003445808310061693
-0.003442738670855761
-0.00343967298977077
-0.003436611965298653
-0.003433555364608765
-0.003430503653362393
-0.003427456133067608
-0.003424413735046983
-0.003421375993639231
-0.003418343141674995
-0.003415315644815564
-0.003412292804569006
-0.003409274620935321
-0.003406261093914509
-0.003403252456337214
-0.003400248242542148
-0.003397248685359955
-0.003394254017621279
-0.003391263540834188
-0.003388277487829328
-0.003385295625776052
-0.003382317721843719
-0.003379343543201685
-0.003376373089849949
-0.003373406361788511
-0.003370443359017372
-0.003367484081536531
-0.003364528296515346
-0.003361576236784458
-0.003358627902343869
-0.003355683758854866
-0.003352743806317449
-0.003349808044731617
-0.003346876706928015
-0.003343949792906642
-0.003341027535498142
-0.003338109701871872
-0.003335196524858475
-0.003332287771627307
-0.003329383675009012
-0.003326484002172947
-0.003323588520288467
-0.003320697695016861
-0.00331781106069684
-0.003314928384497762
-0.003312049200758338
-0.0033091742079705
-0.00330630294047296
-0.003303435863927007
-0.003300572512671351
-0.003297713119536638
-0.003294857917353511
-0.003292006673291326
-0.003289159154519439
-0.00328631536103785
-0.003283475525677204
-0.0032806396484375
-0.003277808194980025
-0.003274980932474136
-0.00327215762808919
-0.003269338514655828
-0.00326652335934341
-0.003263712162151933
-0.003260905155912042
-0.00325810257345438
-0.003255304181948304
-0.003252509981393814
-0.00324971997179091
-0.003246934153139591
-0.003244151826947927
-0.003241373226046562
-0.003238598583266139
-0.003235827665776014
-0.003233060939237475
-0.003230298403650522
-0.003227539360523224
-0.003224784741178155
-0.003222034312784672
-0.003219287609681487
-0.003216545097529888
-0.003213806776329875
-0.003211072413250804
-0.003208342008292675
-0.003205615328624845
-0.003202891908586025
-0.003200171748176217
-0.00319745484739542
-0.003194740740582347
-0.003192029660567641
-0.003189321374520659
-0.003186615882441401
-0.003183913649991155
-0.003181214910000563
-0.003178519662469625
-0.00317582837305963
-0.003173141041770577
-0.003170457668602467
-0.003167778020724654
-0.00316510209813714
-0.003162430599331856
-0.003159763058647513
-0.003157099708914757
-0.003154440084472299
-0.003151784650981426
-0.003149133641272783
-0.003146487288177013
-0.003143844660371542
-0.003141206223517656
-0.003138571511954069
-0.003135940758511424
-0.003133313730359077
-0.003130690194666386
-0.003128070384263992
-0.003125453600659966
-0.003122840076684952
-0.003120229812338948
-0.003117622807621956
-0.003115019062533975
-0.003112418344244361
-0.003109820652753115
-0.00310722622089088
-0.003104635048657656
-0.003102047136053443
-0.003099462715908885
-0.003096881788223982
-0.003094304818660021
-0.003091731574386358
-0.003089162055402994
-0.003086596261709929
-0.003084033960476518
-0.003081475151702762
-0.003078920068219304
-0.003076368477195501
-0.003073820378631353
-0.003071275306865573
-0.003068733494728804
-0.003066195175051689
-0.003063660347834229
-0.003061128314584494
-0.003058599540963769
-0.003056074259802699
-0.003053552005439997
-0.003051033476367593
-0.003048518439754844
-0.003046007128432393
-0.003043499309569597
-0.003040995681658387
-0.003038495313376188
-0.003035998670384288
-0.003033505752682686
-0.003031016094610095
-0.003028530394658446
-0.003026047721505165
-0.003023568075150251
-0.003021091222763062
-0.003018617164343596
-0.00301614566706121
-0.003013676963746548
-0.00301121105439961
-0.003008748637512326
-0.00300628924742341
-0.003003832884132862
-0.003001380013301969
-0.002998930402100086
-0.002996484050527215
-0.002994041424244642
-0.002991602057591081
-0.002989166183397174
-0.002986734034493566
-0.002984305145218968
-0.002981879515573382
-0.002979457145556808
-0.0029770378023386
-0.00297462148591876
-0.002972208196297288
-0.002969798166304827
-0.002967391395941377
-0.002964988350868225
-0.002962588565424085
-0.002960192272439599
-0.002957799704745412
-0.002955410396680236
-0.002953024813905358
-0.002950642490759492
-0.002948263427242637
-0.002945887623354793
-0.00294351507909596
-0.002941145328804851
-0.002938778372481465
-0.002936414210125804
-0.002934052841737866
-0.002931694034487009
-0.002929338486865163
-0.002926985267549753
-0.002924634842202067
-0.002922287210822105
-0.002919942606240511
-0.00291760079562664
-0.002915261778980494
-0.002912925556302071
-0.002910592360422015
-0.002908262191340327
-0.00290593528188765
-0.002903611399233341
-0.002901291009038687
-0.002898973878473043
-0.002896660007536411
-0.00289434939622879
-0.00289204204455018
-0.002889738185331225
-0.002887437585741282
-0.002885140245780349
-0.002882845466956496
-0.002880553714931011
-0.002878264989703894
-0.002875978592783213
-0.002873694989830256
-0.002871413715183735
-0.002869135234504938
-0.002866859082132578
-0.002864585258066654
-0.002862313995137811
-0.002860045759007335
-0.002857780316844583
-0.002855518367141485
-0.002853259444236755
-0.00285100401379168
-0.002848752308636904
-0.002846504794433713
-0.002844261005520821
-0.002842020709067583
-0.002839783672243357
-0.002837549895048141
-0.002835319377481937
-0.002833092119544744
-0.002830867422744632
-0.002828645054250956
-0.002826425014063716
-0.002824207302182913
-0.002821991918608546
-0.002819778397679329
-0.002817566972225904
-0.002815357409417629
-0.002813150174915791
-0.002810945268720388
-0.002808743389323354
-0.00280654476955533
-0.002804349176585674
-0.002802156843245029
-0.002799968002364039
-0.002797782421112061
-0.002795600099489093
-0.002793420571833849
-0.002791243838146329
-0.002789069898426533
-0.00278689875267446
-0.002784730168059468
-0.002782564144581556
-0.002780400449410081
-0.002778239082545042
-0.00277608004398644
-0.002773923566564918
-0.002771769650280476
-0.002769618295133114
-0.002767469733953476
-0.002765323733910918
-0.002763180062174797
-0.002761038718745112
-0.002758900402113795
-0.002756764879450202
-0.002754631685093045
-0.0027525017503649
-0.002750374609604478
-0.00274825026281178
-0.002746128244325519
-0.002744008786976337
-0.00274189212359488
-0.002739778021350503
-0.002737666247412562
-0.002735557267442346
-0.002733451081439853
-0.002731347689405084
-0.002729247324168682
-0.002727149752900004
-0.002725054975599051
-0.002722962992265821
-0.002720873802900314
-0.002718787873163819
-0.002716704970225692
-0.002714624861255288
-0.002712547546252608
-0.002710472559556365
-0.002708399901166558
-0.002706329571083188
-0.002704261802136898
-0.002702196361497045
-0.002700133481994271
-0.002698072697967291
-0.002696014707908034
-0.002693959046155214
-0.002691905945539474
-0.002689855406060815
-0.002687807194888592
-0.002685762010514736
-0.002683719387277961
-0.002681679092347622
-0.002679640892893076
-0.002677604788914323
-0.00267557124607265
-0.002673540264368057
-0.002671511378139257
-0.00266948458738625
-0.002667459193617105
-0.002665436128154397
-0.002663414692506194
-0.002661395585164428
-0.002659378806129098
-0.002657363656908274
-0.002655350370332599
-0.002653339179232717
-0.002651330083608627
-0.0026493223849684
-0.002647316548973322
-0.002645311644300818
-0.002643308136612177
-0.002641305327415466
-0.002639302983880043
-0.00263730064034462
-0.002635297831147909
-0.002633294789120555
-0.00263129104860127
-0.00262928637675941
-0.002627280075103045
-0.002625272143632174
-0.00262326211668551
-0.002621249761432409
-0.002619234379380941
-0.002617215504869819
-0.00261519243940711
-0.002613163786008954
-0.002611128613352776
-0.002609085757285357
-0.002607034053653479
-0.002604972338303924
-0.002602898515760899
-0.002600810723379254
-0.002598706865683198
-0.00259658508002758
-0.002594443270936608
-0.002592278644442558
-0.002590088872238994
-0.002587870927527547
-0.002585621317848563
-0.002583337249234319
-0.002581014763563871
-0.00257865060120821
-0.002576240105554461
-0.00257377908565104
-0.002571262419223785
-0.002568684983998537
-0.002566041192039847
-0.002563324989750981
-0.002560529857873917
-0.0025576485786587
-0.002554673468694091
-0.002551596146076918
-0.002548408694565296
-0.002545102033764124
-0.002541666151955724
-0.002538091270253062
-0.002534366911277175
-0.002530481899157166
-0.002526425290852785
-0.002522184513509274
-0.002517747925594449
-0.002513102954253554
-0.002508235862478614
-0.002503133146092296
-0.002497781300917268
-0.002492165425792336
-0.002486271550878882
-0.002480085007846355
-0.002473591128364205
-0.002466775011271238
-0.002459621522575617
-0.002452116459608078
-0.002444245852530003
-0.002435995498672128
-0.002427352126687765
-0.002418303163722157
-0.002408836968243122
-0.00239894213154912
-0.002388609107583761
-0.0023778285831213
-0.002366592874750495
-0.002354896161705256
-0.002342734253033996
-0.002330103889107704
-0.002317005302757025
-0.002303440123796463
-0.002289412077516317
-0.00227492768317461
-0.0022599957883358
-0.00224462803453207
-0.002228838857263327
-0.002212646417319775
-0.002196070039644837
-0.002179133240133524
-0.002161862095817924
-0.002144285710528493
-0.002126435982063413
-0.002108348067849874
-0.002090059453621507
-0.002071610186249018
-0.002053043339401484
-0.002034403849393129
-0.00201573851518333
-0.001997096464037895
-0.001978527521714568
-0.001960082678124309
-0.00194181373808533
-0.001923772972077131
-0.00190601241774857
-0.001888583414256573
-0.001871536136604846
-0.001854919595643878
-0.001838780706748366
-0.001823163358494639
-0.001808108878321946
-0.001793654984794557
-0.00177983520552516
-0.001766678295098245
-0.001754208467900753
-0.001742444466799498
-0.001731399330310524
-0.001721079577691853
-0.001711486256681383
-0.001702613895758986
-0.001694450154900551
-0.00168697617482394
-0.001680166693404317
-0.001673990045674145
-0.001668408513069153
-0.001663378439843655
-0.001658850815147161
-0.001654771622270346
-0.001651082653552294
-0.00164772174321115
-0.001644623349420726
-0.001641719834879041
-0.001638942281715572
-0.001636221073567867
-0.00163348694331944
-0.001630672020837665
-0.001627710182219744
-0.0016245391452685
-0.001621100236661732
-0.001617339439690113
-0.00161320879124105
-0.00160866673104465
-0.001603678800165653
-0.001598217873834074
-0.001592265209183097
-0.001585810212418437
-0.001578851253725588
-0.001571394619531929
-0.001563455909490585
-0.001555058406665921
-0.001546233310364187
-0.001537019619718194
-0.001527462853118777
-0.001517614116892219
-0.001507529872469604
-0.001497270888648927
-0.001486901077441871
-0.001476485980674624
-0.001466091489419341
-0.001455783843994141
-0.00144562718924135
-0.001435682643204927
-0.001426007831469178
-0.001416655257344246
-0.001407670904882252
-0.001399094122461975
-0.00139095657505095
-0.001383281429298222
-0.001376083237119019
-0.001369367819279432
-0.001363131799735129
-0.001357363536953926
-0.001352042541839182
-0.001347140758298337
-0.001342622796073556
-0.001338447211310267
-0.001334567321464419
-0.00133093202020973
-0.001327487407252192
-0.001324178301729262
-0.001320948940701783
-0.001317744608968496
-0.001314513152465224
-0.001311205793172121
-0.001307779108174145
-0.001304195495322347
-0.001300424453802407
-0.001296442933380604
-0.001292236964218318
-0.001287801773287356
-0.001283141551539302
-0.001278269570320845
-0.001273208297789097
-0.001267989398911595
-0.00126265233848244
-0.001257244031876326
-0.00125181779731065
-0.001246432191692293
-0.001241149613633752
-0.001236035604961216
-0.001231156871654093
-0.001226580236107111
-0.001222371472977102
-0.00121859391219914
-0.001215306692756712
-0.001212564529851079
-0.001210416434332728
-0.001208904781378806
-0.001208064612001181
-0.001207923982292414
-0.001208502799272537
-0.001209813635796309
-0.001211861264891922
-0.001214643707498908
-0.001218152581714094
-0.001222373684868217
-0.001227288041263819
-0.001232872833497822
-0.001239102566614747
-0.001245949883013964
-0.001253386493772268
-0.001261384226381779
-0.001269916072487831
-0.001278956886380911
-0.001288484199903905
-0.00129847798962146
-0.001308921375311911
-0.001319801085628569
-0.001331106526777148
-0.00134283013176173
-0.001354966429062188
-0.001367511926218867
-0.001380463945679367
-0.001393819227814674
-0.001407573814503849
-0.00142172141931951
-0.001436252263374627
-0.001451152376830578
-0.001466402667574584
-0.001481977640651166
-0.001497845165431499
-0.001513965544290841
-0.001530291861854494
-0.001546768704429269
-0.001563333556987345
-0.001579916453920305
-0.001596440677531064
-0.001612824155017734
-0.001628979691304266
-0.001644817064516246
-0.001660243957303464
-0.001675167819485068
-0.001689497265033424
-0.001703144051134586
-0.001716025173664093
-0.00172806391492486
-0.001739191473461688
-0.001749349175952375
-0.001758488826453686
-0.001766574569046497
-0.001773583353497088
-0.00177950575016439
-0.001784346648491919
-0.001788123976439238
-0.001790870213881135
-0.001792631228454411
-0.001793464878574014
-0.001793440897017717
-0.001792639261111617
-0.001791149144992232
-0.001789066474884748
-0.001786493696272373
-0.001783536863513291
-0.001780304475687444
-0.001776905730366707
-0.001773448544554412
-0.001770037808455527
-0.001766774337738752
-0.001763753243722022
-0.001761062070727348
-0.001758780214004219
-0.001756978221237659
-0.00175571592990309
-0.001755042700096965
-0.001754996832460165
-0.001755605102516711
-0.001756882760673761
-0.001758833648636937
-0.001761450199410319
-0.001764714368619025
-0.00176859728526324
-0.001773060881532729
-0.001778057892806828
-0.001783532788977027
-0.001789423171430826
-0.001795660122297704
-0.001802169717848301
-0.001808874192647636
-0.001815693103708327
-0.001822544611059129
-0.001829346758313477
-0.001836018753238022
-0.001842482597567141
-0.001848664018325508
-0.001854493864811957
-0.00185990973841399
-0.001864857040345669
-0.00186929025221616
-0.00187317340169102
-0.00187648122664541
-0.001879199873656034
-0.001881326781585813
-0.001882871729321778
-0.001883855904452503
-0.001884312136098742
-0.001884284312836826
-0.001883825869299471
-0.001882999553345144
-0.001881875563412905
-0.001880529802292585
-0.001879042480140924
-0.001877496484667063
-0.001875974470749497
-0.001874557579867542
-0.001873323344625533
-0.001872343476861715
-0.001871681772172451
-0.001871392829343677
-0.001871520653367043
-0.001872096909210086
-0.00187314092181623
-0.0018746581627056
-0.001876641064882278
-0.001879068673588336
-0.001881907577626407
-0.001885112840682268
-0.001888629165478051
-0.001892392989248037
-0.001896334113553166
-0.001900378381833434
-0.001904448843561113
-0.001908469130285084
-0.001912364852614701
-0.001916066859848797
-0.001919512404128909
-0.001922647352330387
-0.001925427699461579
-0.001927820732817054
-0.001929805730469525
-0.001931375009007752
-0.00193253334145993
-0.001933298073709011
-0.001933697960339487
-0.001933772815391421
-0.00193357071839273
-0.001933147665113211
-0.001932564890012145
-0.001931886537931859
-0.001931178034283221
-0.001930503756739199
-0.001929924474097788
-0.001929495949298143
-0.001929266843944788
-0.001929277088493109
-0.001929557300172746
-0.001930127618834376
-0.001930997241288424
-0.00193216442130506
-0.001933616818860173
-0.001935332547873259
-0.001937280292622745
-0.001939421752467752
-0.001941712689585984
-0.001944103976711631
-0.001946544740349054
-0.001948983059264719
-0.001951368525624275
-0.001953654456883669
-0.00195579812861979
-0.001957764150574803
-0.001959523186087608
-0.00196105451323092
-0.001962346723303199
-0.001963397022336721
-0.001964211463928223
-0.001964804250746965
-0.001965197501704097
-0.001965419156476855
-0.001965503441169858
-0.001965488074347377
-0.001965412404388189
-0.001965316710993648
-0.001965240808203816
-0.001965222181752324
-0.001965294126421213
-0.001965485280379653
-0.001965818461030722
-0.001966309966519475
-0.001966968644410372
-0.001967797055840492
-0.001968791009858251
-0.001969938864931464
-0.001971224090084434
-0.001972624799236655
-0.001974115148186684
-0.001975666964426637
-0.001977250911295414
-0.001978837186470628
-0.001980397151783109
-0.001981904963031411
-0.001983338035643101
-0.001984678441658616
-0.0019859136082232
-0.001987035386264324
-0.001988042378798127
-0.001988938776776195
-0.001989734126254916
-0.001990443328395486
-0.001991085475310683
-0.001991682685911655
-0.001992260105907917
-0.001992844045162201
-0.001993462443351746
-0.001994140911847353
-0.001994904596358538
-0.001995776314288378
-0.001996775157749653
-0.001997917192056775
-0.001999214058741927
-0.002000673674046993
-0.002002299297600985
-0.002004090929403901
-0.002006045542657375
-0.002008156618103385
-0.002010415541008115
-0.002012812998145819
-0.00201533897779882
-0.002017983933910728
-0.002020739717409015
-0.002023599809035659
-0.002026561181992292
-0.002029622904956341
-0.002032788237556815
-0.002036064630374312
-0.00203946209512651
-0.002042995067313313
-0.002046681009232998
-0.002050539711490273
-0.002054593758657575
-0.002058866200968623
-0.002063381718471646
-0.002068164525553584
-0.002073238603770733
-0.002078625839203596
-0.002084346022456884
-0.002090416848659515
-0.002096852520480752
-0.00210366421379149
-0.002110860077664256
-0.002118444070219994
-0.002126418286934495
-0.002134780399501324
-0.002143526915460825
-0.002152650849893689
-0.002162144286558032
-0.002171997679397464
-0.002182200783863664
-0.002192742889747024
-0.002203612588346004
-0.002214798936620355
-0.00222629145719111
-0.002238078974187374
-0.00225015077739954
-0.002262496389448643
-0.002275104634463787
-0.002287963405251503
-0.00230105989612639
-0.002314379205927253
-0.002327905269339681
-0.002341619459912181
-0.002355500822886825
-0.002369525376707315
-0.002383666811510921
-0.002397895790636539
-0.002412179484963417
-0.002426482504233718
-0.00244076712988317
-0.002454993082210422
-0.002469119383022189
-0.002483102958649397
-0.002496900502592325
-0.002510468242689967
-0.002523763105273247
-0.002536743879318237
-0.002549370750784874
-0.002561606932431459
-0.002573417034000158
-0.002584770787507296
-0.002595640486106277
-0.002606002613902092
-0.002615838311612606
-0.002625132445245981
-0.002633874304592609
-0.002642057603225112
-0.002649680944159627
-0.002656745724380016
-0.002663257997483015
-0.002669228008016944
-0.002674669260159135
-0.002679599449038506
-0.002684039296582341
-0.002688013715669513
-0.002691550413146615
-0.002694681053981185
-0.002697439398616552
-0.002699862932786345
-0.002701991470530629
-0.002703867387026548
-0.002705535152927041
-0.002707041567191482
-0.002708434127271175
-0.002709761960431933
-0.002711074659600854
-0.002712421352043748
-0.002713850466534495
-0.002715409733355045
-0.002717144088819623
-0.00271909567527473
-0.002721303142607212
-0.002723801648244262
-0.002726620528846979
-0.002729784930124879
-0.002733314642682672
-0.002737222472205758
-0.002741515869274735
-0.002746195532381535
-0.002751255640760064
-0.002756684087216854
-0.002762462478131056
-0.00276856729760766
-0.002774967812001705
-0.002781629795208573
-0.002788514131680131
-0.002795577747747302
-0.00280277500860393
-0.002810057485476136
-0.002817375818267465
-0.002824679482728243
-0.002831918420270085
-0.00283904280513525
-0.002846005139872432
-0.002852759091183543
-0.002859262516722083
-0.002865476300939918
-0.002871365286409855
-0.002876899437978864
-0.002882052678614855
-0.002886805683374405
-0.002891143783926964
-0.002895058132708073
-0.002898545237258077
-0.002901606960222125
-0.002904251450672746
-0.002906491048634052
-0.002908343682065606
-0.00290983053855598
-0.002910977229475975
-0.002911811694502831
-0.002912364900112152
-0.002912668045610189
-0.002912754425778985
-0.002912656171247363
-0.002912404714152217
-0.00291202892549336
-0.002911555347964168
-0.002911007031798363
-0.00291040213778615
-0.002909754635766149
-0.002909071743488312
-0.002908355323597789
-0.002907601185142994
-0.002906798152253032
-0.002905929228290915
-0.002904970897361636
-0.002903893822804093
-0.002902662847191095
-0.00290123769082129
-0.002899575512856245
-0.002897628117352724
-0.002895346377044916
-0.002892680000513792
-0.002889577532187104
-0.002885989379137754
-0.002881866646930575
-0.002877164632081985
-0.002871842123568058
-0.002865862799808383
-0.002859196159988642
-0.002851817756891251
-0.002843710128217936
-0.002834864193573594
-0.002825278090313077
-0.002814958337694407
-0.002803918672725558
-0.002792182378470898
-0.002779779490083456
-0.002766747260466218
-0.002753130160272121
-0.00273897941224277
-0.002724350662901998
-0.002709306078031659
-0.002693910384550691
-0.002678231801837683
-0.002662340644747019
-0.002646308159455657
-0.002630205592140555
-0.002614104654639959
-0.002598074730485678
-0.00258218334056437
-0.002566494746133685
-0.002551070647314191
-0.002535967854782939
-0.002521239686757326
-0.002506934572011232
-0.002493096748366952
-0.002479764865711331
-0.002466973848640919
-0.002454753965139389
-0.002443130593746901
-0.002432125387713313
-0.002421756274998188
-0.002412036759778857
-0.002402977785095572
-0.002394586103037
-0.002386865904554725
-0.002379818120971322
-0.002373440889641643
-0.002367729321122169
-0.002362675732001662
-0.0023582698777318
-0.002354498021304607
-0.00235134270042181
-0.00234878296032548
-0.002346794586628675
-0.002345348475500941
-0.002344412729144096
-0.002343949861824512
-0.002343918429687619
-0.002344271866604686
-0.002344959881156683
-0.002345927525311708
-0.002347116125747561
-0.002348463283851743
-0.002349903807044029
-0.002351370174437761
-0.00235279300250113
-0.002354102209210396
-0.00235522841103375
-0.002356103854253888
-0.002356662880629301
-0.002356844022870064
-0.002356590935960412
-0.00235585356131196
-0.002354588592424989
-0.00235276110470295
-0.002350346650928259
-0.002347330097109079
-0.002343706088140607
-0.002339481608942151
-0.002334673423320055
-0.002329309936612844
-0.002323430497199297
-0.00231708399951458
-0.00231032888405025
-0.002303231274709105
-0.002295864745974541
-0.002288307761773467
-0.002280643209815025
-0.002272955141961575
-0.002265329239889979
-0.002257848856970668
-0.002250595251098275
-0.00224364479072392
-0.00223706616088748
-0.00223092082887888
-0.002225260948762298
-0.002220128662884235
-0.002215554006397724
-0.002211556304246187
-0.002208141842857003
-0.002205305267125368
-0.002203028649091721
-0.002201283583417535
-0.00220003048889339
-0.002199220471084118
-0.002198796253651381
-0.002198694506660104
-0.002198845846578479
-0.002199178328737617
-0.002199617680162191
-0.002200090093538165
-0.002200524089857936
-0.002200852148234844
-0.002201011404395103
-0.002200945513322949
-0.002200606977567077
-0.002199955750256777
-0.002198962261900306
-0.002197607653215528
-0.002195882378146052
-0.002193787833675742
-0.002191335195675492
-0.002188545418903232
-0.002185448538511992
-0.0021820820402354
-0.002178490161895752
-0.002174722962081432
-0.002170833526179194
-0.00216687866486609
-0.00216291518881917
-0.002158999210223556
-0.002155186142772436
-0.002151526277884841
-0.00214806548319757
-0.002144844038411975
-0.002141894772648811
-0.002139243530109525
-0.002136907074600458
-0.002134894020855427
-0.002133203903213143
-0.002131828106939793
-0.002130749402567744
-0.002129942644387484
-0.002129376167431474
-0.002129012951627374
-0.002128809923306108
-0.002128720982000232
-0.002128698164597154
-0.002128691412508488
-0.002128651831299067
-0.002128531690686941
-0.002128285821527243
-0.002127873012796044
-0.002127258107066154
-0.002126410836353898
